protein_name	r2_male	rmse_male	mae_male	r2_female	rmse_female	mae_female	r2_all	rmse_all	mae_all	r2_all_sex_adjust	rmse_all_sex_adjust	mae_all_sex_adjust
MMP7 MMP8	-0.02676610485959	16.3208664740967	12.107629930607	-1.69273407821551	18.4699770795002	13.2842573564846	-0.812441855010753	17.9921300250222	13.9990934139647	-0.70937245976141	17.7300037702345	13.1113259459456
MMP7 MMP9	-0.25780004973821	15.7132991664026	12.0972722344986	-2.10022443667863	18.481039643368	13.8563408219406	-0.628102259531177	17.4615615428698	13.3832371341612	-0.927778018811062	17.4810028114235	13.4432694497335
MMP7 MPL	-1.46861822502238	18.3323769078907	13.9985525654632	-1.71704263582835	18.8989847615229	13.4771152979428	-2.27939664893055	19.1284508092035	14.576584800795	-2.10672864975026	18.9093018957429	14.2676460401601
MMP7 MPO	-1.09261453451425	18.0383570962584	13.0661285742911	-2.60899270862898	18.8455145279823	14.0116091597974	-1.74416356744106	19.2930498602032	14.0916087888421	-1.90202645865406	18.7902039592121	13.9414853894788
MMP7 MRC1	-0.48911705626584	16.8715653271618	12.594223313484	-0.246648462852763	15.8184238770856	11.3258317773936	-0.567663947593785	16.8476822671855	12.4260224945618	-0.486085562269896	16.7724818358614	12.3463865837233
MMP7 MRC2	-2.32387685782121	19.5786287067673	14.6275883770492	-1.09121928248273	17.6029720376741	13.1581824771445	-1.93557635862678	19.0884418813458	14.3694340161313	-1.7586742255874	18.7781513761342	14.3074761091925
MMP7 MSLN	-2.30748129946643	19.2063123223012	14.2251089949235	-2.24728856789729	18.882238366569	14.253235872652	-2.18011869981208	19.2543538360239	14.5244402823079	-2.51850143827056	19.3244336088489	14.6277106970598
MMP7 MSN	-0.862253351398656	18.1893156398747	13.5816798001736	-2.01625728968539	18.4316399892547	13.7796234078017	-1.65975975691996	19.1361761407669	14.7172441401559	-1.5790991752275	18.6175908044139	14.1509922061432
MMP7 MSR1	-0.895761240219986	17.5686382676504	13.2307000861285	-0.542193859493015	16.1539763438015	12.5359779823798	-0.729821506951278	17.7742107993981	13.7784728590854	-0.856134972642157	17.4777260255285	13.5802174756417
MMP7 MST1	-1.96807036826684	19.0670439251991	14.5852209239853	-3.11047255153155	19.2366337086338	14.4555272299694	-2.77384798613414	19.6543502211382	14.9579196429277	-2.75641409036215	19.4452508343229	14.8988225525321
MMP7 MST1R	-1.88117221507049	19.078721769419	14.8974312116324	-2.325723805973	18.6864112001405	13.5796354792526	-2.55775166798177	19.6480862595474	14.9929934586474	-2.46618119926215	19.4082568501963	14.8512614049214
MMP7 MSTN	0.18739502477491	13.9288602194866	10.398900514492	-0.176836757642328	15.7287484209771	11.5422412340477	-0.240145630023743	15.5898809907413	11.85994733971	-0.0692435681423551	15.1457960628726	11.2947467798378
MMP7 MUC1	-1.6804857212091	19.401157777958	14.4518335929372	-1.2721119017562	17.986025479682	12.9476204076683	-2.44915142760277	19.6186300581912	14.8384996607054	-1.84116842209253	18.9604405316543	14.1085114780007
MMP7 MYBPC1	-3.14053072285818	19.8089894043202	14.9476105700115	-2.06126183103116	18.6755356240609	13.8531593703646	-2.96353908035493	19.3459450127743	14.8789204857604	-2.66728344950788	19.3934582637677	14.7543303741297
MMP7 MYC	-1.44305042633746	18.6241392613201	13.4825181224887	-1.19979637142997	18.3994324368512	13.3837332486726	-1.19600414879123	18.704710114587	13.9237429613191	-1.49410245124946	18.763967014612	13.8183635861282
MMP7 N6AMT1	-1.9452295076472	18.9540908521766	14.5775435296793	-1.23989049481388	18.0315074094676	12.9929229095645	-2.60697006258424	19.1815148191244	14.4272569429506	-1.8948793723838	18.7656674729239	14.2323701581646
MMP7 NAAA	-1.05902197680875	18.3167170060463	13.7334257849503	-3.83328918485436	19.5395917597557	14.4829336546608	-2.92728489915523	19.7003526581348	14.8396775076114	-2.42273361814484	19.1759152576903	14.5179851921721
MMP7 NACA	-3.00665888968581	19.2485481952658	14.557015236558	-1.04977963191123	17.9614182220646	12.8873130986696	-1.82755699010275	19.1884569227251	14.2342616088801	-1.89859369486252	18.8245633123846	14.0955612262473
MMP7 NAGK	-1.79508425866023	18.3297175723862	13.8868441523126	-1.13460661423777	18.2157916370593	13.1041540816935	-2.38487571144601	19.0964812294616	14.5384792743633	-1.72836736642806	18.6980539413591	14.008397710527
MMP7 NAMPT	-0.270159963157569	16.7575675579927	12.9719887177023	-1.4408348813858	18.230828011751	13.4825888510199	-0.964618040415808	18.0532559327582	13.7471697329123	-0.94664647563159	17.7980083675455	13.5651705786301
MMP7 NANOG	-1.34799563977011	18.8892210280863	14.2471704696868	-2.04369110130899	18.6366737955326	13.7368060258652	-2.48431857982936	19.4399944013512	14.821086922277	-2.30448647965925	19.2025149438545	14.5929682402389
MMP7 NAPA	-2.92199118609119	19.0254785080137	14.3286359095899	-1.66756768063195	18.5974043840332	13.6235594818087	-2.84299714763374	19.4585119090862	14.5079466743	-2.44219109383091	19.0504342154535	14.3437292033943
MMP7 NBL1	-0.668418418793968	17.6301955468307	12.8194507873153	-1.30087463253337	17.9126316020056	12.7512367750262	-1.16164845988832	18.2108689546536	13.1427560329818	-1.12327288740871	18.0365168610359	13.0405909044258
MMP7 NCAM1	-2.16003095535711	19.1433737889006	14.8346973287163	-1.31840097629321	17.7359426562735	12.8189374720759	-2.22193594577018	19.0621757865587	14.2906785337853	-1.82483767439588	18.7111853812927	14.2317904974023
MMP7 NCK1	-1.94224789698311	19.3832253083158	14.7501827629923	-1.31823881959843	17.9141718600659	13.3153141385095	-1.81415847779688	19.1601943945693	14.4727337134284	-2.04346867032411	19.1509427656237	14.5484476943601
MMP7 NCR1	-1.6002024153359	18.3998511572781	13.9081569214899	-2.52487538953807	19.1836083258905	14.1867117071345	-2.17705690951669	19.4501616929603	14.6283886607477	-2.19078834542666	19.0723028940602	14.4636598958443
MMP7 NCR2	-0.338335348930938	16.7711535423962	12.4549991652503	-0.624675256636231	16.5525645553154	11.9723701773981	-0.810142417668527	17.7683928785	13.2943314013262	-0.560755751308347	17.1302348505723	12.9288522697567
MMP7 NCR3	-1.05533218453506	17.926993264991	13.269346882489	-2.24880800907068	18.8844320269511	13.4881014589006	-1.63105231847112	18.8888750917799	14.095756225601	-1.66844203358531	18.5761247431537	13.759018433836
MMP7 NEGR1	-0.0899523381508487	16.0958577317989	12.4333809692401	-2.72599635850323	18.9223645987235	13.9168570393194	-1.73102099010199	18.741265686769	14.0995732427206	-0.957542223163656	17.8311715579422	13.4764745622376
MMP7 NGF	-2.27377783081915	18.6458676391826	14.2817617878606	-2.27531825224476	18.7073641238506	14.0380318697506	-2.68250281030376	19.4428031125678	14.9258517803591	-2.27468348356749	19.0844295611477	14.5419178456906
MMP7 NID1	-2.72065231392074	19.6039767569183	15.2065938997182	-1.2502597854793	18.03175435919	12.4514518522609	-2.65954135159711	19.2717316398783	14.6253238143769	-2.1340427326341	18.9710424782822	14.2126042796519
MMP7 NID2	-2.26433955529715	19.0967965199945	14.7840517904081	-0.978999595881829	17.4797437588145	12.5604126903961	-1.94938402754983	18.9519963343904	14.5309465907144	-1.78231177259424	18.5845133737835	14.0548587760767
MMP7 NLGN4X	0.0629996996388787	15.8209846443154	11.8453066276791	-1.04805138457381	16.9214060781854	12.611014812947	-0.728195913216185	17.0264072448999	13.1078733443193	-0.400550394959556	16.7844922124198	12.6612234685055
MMP7 NME1	-2.70375251173448	19.5307167107377	14.983874000958	-2.03040914022901	19.2223584422154	13.8614093051729	-2.27170038571009	19.3229531428645	14.6116415010106	-2.54334689905549	19.5511930419052	14.7450253884282
MMP7 NME2	-0.849608693773734	18.1554973609002	13.8787008342732	-1.87467285952128	18.3414857223018	13.2694925932542	-2.38816365722265	19.2247554806549	14.2400056644066	-1.64607900756136	18.6976812507964	14.1249796323188
MMP7 NMT1	-1.77354501135297	18.4137344247414	13.7103527609898	-1.40407623635173	18.2551685542936	12.9764132435052	-1.78397491775176	18.7153663494989	13.8998440492882	-1.88181108406464	18.6690587236745	13.8962387198053
MMP7 NOG	-1.75133803567019	19.0497285259223	14.3770469967321	-1.93855721744657	18.9905542507489	13.7106429957569	-2.21279703911683	19.3581651016071	14.5355377892541	-2.50933900032456	19.2236869197777	14.4836065734663
MMP7 NOTCH1	-1.17767660372143	18.3829067442957	13.5837232539449	-0.567461163883738	16.9205359455698	11.7392068959983	-0.824288411222314	17.6846404798737	12.88460508733	-1.05510786855953	17.8245616320919	12.903527521421
MMP7 NOTCH2	-1.22587375418332	18.4170766351571	13.7381121726262	-2.89804883327749	19.5124198722965	14.2964818162022	-2.80657315767392	19.6411585187578	14.546198197892	-2.56763324745532	19.1717217934332	14.4097542437583
MMP7 NOTCH3	0.118655956320818	14.9367616011183	11.1843039457274	-0.996293943930176	17.2324924431439	13.0665645605443	-0.483808318174964	16.918407249632	12.6508840956699	-0.487932783747635	16.5007978749722	12.5597291996318
MMP7 NOV	-0.630845532633278	17.1717101410595	12.8455365477207	-1.3833142924797	17.1922859686557	13.169018362918	-1.34021632384725	18.09705926691	14.226168477717	-1.58815122468205	17.7635326261768	13.6969402145141
MMP7 NPPA	-0.475307553456102	17.3489045089586	12.8174556651517	-1.60834309554908	18.0649359277202	13.1505840929615	-0.956625249258322	17.7473219396022	13.3005937258202	-0.867766129047493	17.7872330281277	13.2721098330454
MMP7 NPPB	-0.065682186126544	15.5830850186186	10.964470390992	-1.34305997688196	17.9939592544808	13.0414567010519	-0.403997294509855	16.9657356587862	12.4443052108846	-0.547110657364118	17.0269970000988	12.3422286592933
MMP7 NPPB.1	0.3848289970791	13.7469122466449	10.2750992084744	-0.0314994820861141	15.1523344731493	11.1441595195699	0.00784865236741494	14.9292129835391	11.403941254178	0.131890660723333	14.6403225900756	10.9756470337543
MMP7 NR1D1	-0.304655128253714	16.5370285201235	11.9806159751216	-0.255249906737048	15.1184259527473	11.6247940052628	-0.448848235449614	16.7784491524635	12.8392562950404	-0.541507117027542	16.414772857602	12.451963079063
MMP7 NR3C1	-1.20585561892882	18.4236496834498	13.4736049094712	-2.27486204632555	19.0453434130658	14.3599206747165	-1.60907972393295	19.0086436824113	14.3237869037266	-1.91017554786883	19.0733867964447	14.3758705879412
MMP7 NRCAM	-1.02519399866406	17.8946117901527	13.8573609731882	-0.985115706878909	17.2105295536475	12.9653482735113	-1.04760742894202	17.8668068392081	13.6777440702377	-1.03541810564259	17.8167989916752	13.6338106196211
MMP7 NRG1	-0.586989971314256	17.4072624243163	13.0739621255107	-3.17013100994452	19.4346629955016	14.2121445251045	-2.10503256436523	19.2448615840761	14.4542492511698	-1.85974006869511	18.8282775287677	14.2774978548121
MMP7 NRG4	-1.01606003037339	18.2205348647655	13.8428802750324	-3.0400085023609	19.2947021898713	14.1097714036011	-2.4138983757012	19.2450983368478	14.673282741191	-2.02552695089644	19.0412723161925	14.3213023698448
MMP7 NRP1	-1.70830016213032	18.5977459716436	14.2169190290563	-0.711432960428928	16.5480490320637	12.7374504195069	-1.75513848101927	18.5981350320232	14.2937875367722	-1.58689142863917	18.2475335392246	14.2120381175611
MMP7 NRXN1	-1.5723477848044	18.9579749090596	14.5638328391989	-2.70594935968168	18.4922338785577	13.5954014421634	-2.28479720773182	19.1471387216006	14.2667798248109	-1.95202459552529	18.8859365432632	14.3222982210333
MMP7 NRXN3	-0.56490044530645	17.1829983816132	13.5491230955836	-2.39302468507586	18.8701652025643	13.7431467546103	-1.92250559711587	18.7114283473213	14.0839429235007	-1.12321087369831	18.2037091652734	13.8984029132582
MMP7 NSFL1C	-0.442326075299443	16.842934334003	12.4629593108362	-2.26559029738267	18.356318783126	13.8024343545582	-1.55232574800448	18.571271516535	14.0091357773467	-1.24618739724418	17.8485659604338	13.4598696460527
MMP7 NTF3	-1.64981200796357	19.037384016502	14.3868467768433	-1.14644987948239	17.9143251324817	13.0424399890494	-1.72103362972848	18.7409551792028	14.0622290511312	-1.76444450165166	18.7002561621817	14.1357277451181
MMP7 NTF4	-2.31813912772504	19.7815331493383	14.8268053717249	-3.18241708775961	19.0137490534454	13.8929794305769	-2.60685121972986	19.7038442353951	14.9360209679915	-2.75806400201953	19.5059236306271	14.686029399714
MMP7 NTN1	0.389521861200716	13.7894130699615	10.7628288132137	-0.73284434970967	16.9692366754531	12.4708411007302	-0.181519508802649	16.1342156966886	12.1750567287464	-0.108519081150349	15.8406743361974	11.8796654364923
MMP7 NTN4	-1.3180468142563	17.8766268910491	13.9602245829249	-1.29795569018799	18.1980508846943	13.0259351968553	-2.05260547468359	19.0460539402457	14.266985427696	-1.29163890264896	18.2231975305435	13.7724004993011
MMP7 NTRK1	-0.807289373068471	17.9113464311459	13.2949173482755	-1.69095305492143	18.4845888269716	13.5286941447171	-1.71168502372168	18.6555486173205	14.3633134557215	-1.58975034671829	18.4547443552286	13.9398776807416
MMP7 NTRK2	-1.24750572338893	18.4738990888018	13.8786028366365	-0.981390930619015	17.4997771820543	12.321070099537	-1.51704605691547	18.6388647453021	13.7057909617185	-1.5124027743509	18.3010308866399	13.5881835000246
MMP7 NTRK3	-0.824062887221805	17.0749690645674	12.8016875314436	-0.94629029216643	17.4305063545109	13.2164604551265	-1.07972313671113	18.0930110477136	13.5779328304022	-1.06801870904843	17.6549986579013	13.4164677947028
MMP7 NUDCD3	-1.4328981754006	18.9352983801094	13.7203228302972	-1.65288257745316	18.4675283213964	13.5241613682423	-1.90677946923336	19.2037834562355	14.2596894465108	-1.5542871266488	18.9028708365369	14.0759448434494
MMP7 NXPH1	-0.18919807352285	15.8105411162087	12.0511215134655	-0.877771288127292	17.3965741219983	13.5559944826309	-0.536582793260959	17.0700603555177	13.3065380092441	-0.514955894492507	16.8215776614365	13.0897134880267
MMP7 OAS1	-1.03482420773705	17.5973332272502	13.4179465313361	-1.05460463092989	18.1103827852194	13.1419199873388	-1.10274703400807	18.2192578095036	14.0049749178119	-1.19953130010324	18.135901392858	13.6908600425799
MMP7 OCIAD1	-1.28369721891508	18.4815665281152	13.9889109975666	-1.245948738229	17.9552190286475	13.1199635503192	-1.89713209795616	18.9171192318184	14.4615428293897	-1.57989760292445	18.3763523896715	14.0249644832513
MMP7 OLFM4	-0.452326673677162	17.0950700648844	12.871321094682	-2.95063424791865	19.4013630108348	14.5405759957062	-1.39389225250976	18.390434282676	14.0784760836559	-1.47186009035307	18.3199984369221	13.9336344464115
MMP7 OLR1	-0.195488083778847	15.7863480369596	11.9876150075816	-1.65369930660645	18.089618324635	13.6978274224785	-0.757477748011063	17.6587693210496	13.4333579829155	-0.812984834487154	17.2460647595202	13.2027911990203
MMP7 OMD	-1.01555620254839	18.3635174076396	13.12937670139	-2.57452962013197	19.1621517006055	14.1505831460325	-1.81464361937845	19.37421243157	14.1943409444367	-1.86242211350497	19.0028842681732	14.0974183078794
MMP7 OPCML	-2.03717843875993	18.8784529247418	14.2588161525906	-2.33096246404554	19.2163291677438	13.9107813191288	-2.37487608057646	19.7124611517964	14.6952299409685	-2.43803572805669	19.4842857198931	14.5903449463012
MMP7 OSM	-1.01210607692683	18.2729299848759	13.8926768206102	-2.26098472994104	18.3577508603174	13.7843347537591	-2.11858741364012	19.1311780309517	14.5660734352155	-1.79599286522784	18.6810108131704	14.2107387705802
MMP7 P4HB	-1.54872220290335	18.3821974176794	13.8385437357607	-2.30351436914809	18.7668218474684	13.714031677261	-2.1052891771145	19.0552898766014	14.2319016547738	-1.99426334658623	18.8386518612702	14.1422122178289
MMP7 PA2G4	-1.78415723016554	18.2515766494198	13.2138390768597	-1.29761555682021	18.0677282447397	13.1787506353124	-1.59510163885175	18.6638100077242	13.547891299115	-1.79612104398964	18.449653444873	13.4672554581627
MMP7 PAFAH1B2	0.181125432897535	14.7978173359754	10.7281146866955	-0.922989266569253	18.0543076992139	12.6697637918983	-0.693084521364959	17.4773480724115	12.9230656394681	-0.376484824236216	16.8863598343965	12.235137446584
MMP7 PAK3	-0.789767050845539	18.3192425433004	13.3023062605979	-2.04589992650601	18.4221286883923	13.9806488557905	-2.15495376155553	19.4348728484697	14.8396857156142	-1.76620205391217	19.1477027150141	14.478493686335
MMP7 PAK6	-0.997294064435003	17.8795000445022	13.5045595227522	-1.12873467291711	17.9061018850011	12.6965058829118	-1.62070241419913	18.4870560891445	13.7876123391345	-1.15688569949807	18.108639221849	13.3280580775696
MMP7 PAK7	-2.21678136191634	18.5917530941342	14.1266401308191	-0.400235014468395	16.2169182770394	12.30491225391	-1.79280296665431	18.555118218514	14.2733882368851	-1.11487462089736	17.7949577015892	13.7222357185583
MMP7 PAPPA	-1.27673391396916	18.2587852809953	13.8953728403122	-0.8886485872678	17.0333824378522	12.2745629088241	-1.30781593761751	18.3702779316995	13.6155617519962	-1.43292523848084	18.1587748978658	13.5466234949664
MMP7 PARK7	-2.3269674456523	18.8949283412615	14.4742046178183	-1.32030267033954	18.2813823818575	13.015418940653	-1.81020475734197	18.7249663007755	14.1055857864923	-2.24577397810058	18.8220770782649	14.319135411314
MMP7 PCNA	-0.605711050998759	16.7835066478823	12.9170737255651	-1.6719821804262	18.4811767892217	13.4936233414079	-1.3368187036766	18.5027337246868	13.8742367639667	-1.12212338144386	18.1309221043976	13.6214299204035
MMP7 PCSK7	0.0949513946293857	15.4638800291706	11.7833204915147	-0.64714346361312	17.0667427459077	13.1819505807432	-0.297115874891068	16.5610716965709	13.2277362325852	-0.428787622224224	16.6826050232817	12.8844002780656
MMP7 PCSK9	-1.80002972732777	19.4815507876566	14.4428808697562	-3.24068597443045	19.6077792572943	14.1754538529577	-3.22106680201867	19.8396780624826	14.9835471853816	-3.22218776512397	19.6421412253456	14.5896553207821
MMP7 PDCD1LG2	-1.28550723074929	19.3099547423629	13.8821568984925	-1.23329575417438	18.2868377213613	12.8947260298884	-3.20976394861084	19.7191556772111	14.75579313536	-1.63135835315213	18.9041532971677	13.7854262834022
MMP7 PDE11A	-0.257304633918628	16.8762080596476	12.3966747587224	-1.05376315242563	17.5693199076926	12.7794378335148	-1.18553235291318	18.0068067145187	13.5542659601631	-0.701782746619155	17.491191881911	13.1222189222354
MMP7 PDE1A	-1.58372247542931	19.1216214719458	13.9673433713012	-1.06155828561895	17.1873415415365	13.1410135995863	-1.71948481392138	18.6535426957312	14.1489926662284	-1.6977938603612	18.3882271011037	13.9494520122834
MMP7 PDE2A	-0.709110197733109	17.6223376976269	13.0406841261936	-0.607031268798276	16.7394897803486	12.5968034738007	-1.25430319098271	18.284494293583	14.0864125291806	-0.905788658276812	17.6697149400096	13.4676247368984
MMP7 PDE3A	-0.275516352090306	16.6523396462608	11.999014437827	-0.510053514302472	16.3937848025054	12.1072516505245	-0.588754030028021	17.1748795949986	13.1120211915367	-0.434014311382085	16.9006225363275	12.5258152544144
MMP7 PDE4D	-0.256484010722221	16.7662951370194	12.2507705847871	-0.564528961555418	16.4767115543305	12.3055341455058	-0.606515073076511	17.1387541077406	13.1143793464345	-0.487554699569381	16.7912421490413	12.719736249347
MMP7 PDE5A	-1.4270821492333	18.0386910009953	14.0124827925559	-0.853272182456037	17.6514986194824	12.2942136011725	-1.54151931530888	18.5286568729521	13.812887536665	-1.24303005934014	18.143010648502	13.5545331335288
MMP7 PDE7A	-0.28356992758517	16.6247609886876	12.561501532478	-2.78080413875017	18.7332150298632	14.3289114550942	-1.70038160508324	18.670047143427	14.4972292536558	-2.1478929417918	18.7848883673838	14.5077629174493
MMP7 PDE9A	0.0369291376342384	15.9101068587867	11.6826353565493	-2.03584910559709	18.3039220992334	13.3988495638464	-1.14385635094776	18.4813502842996	13.8249189607407	-0.749730638854082	17.5055685533707	12.9095250520951
MMP7 PDGFA	-0.535234508947046	17.8116104648501	12.4901941893505	-0.489352374821205	16.4985056427083	11.8707874760851	-0.780934250745839	18.0205945241972	13.290013866846	-0.704418904039583	17.3994095349721	12.6583563825161
MMP7 PDGFB	-1.01929259900947	18.3850168986149	13.1162475678568	-0.700562809502049	16.8851584750541	12.2003940290386	-1.26193600401321	18.4416580672078	13.7823924076669	-1.03286586816937	17.8503919632817	13.1554133294226
MMP7 PDGFC	-0.977881212088473	18.0035572947816	13.8157243399615	-2.58352559221379	18.9602189470672	13.9248522726454	-1.9185558073981	19.0888917456182	14.4647755594638	-1.85582874261373	18.6993686872123	14.2463492260334
MMP7 PDGFRA	-1.90217004174483	19.2902948012684	14.3197973381686	-1.68529139593621	18.8202346828534	13.6702281020723	-1.83649550128047	19.325435253584	14.368744814599	-2.53473008505426	19.3115393758272	14.45433744994
MMP7 PDGFRB	-1.32403199556374	18.1945308568908	13.6298953492829	-2.30138372501697	18.7193873289098	13.671618538266	-1.99909684567171	18.7027609858553	14.1133589560918	-2.59581752986591	18.812478283394	14.1805936349757
MMP7 PDIA3	-1.69459538256779	19.5215785812788	14.7745618579154	-1.29761018531839	18.3255551144958	13.1662122385104	-2.21754009927281	19.1494845543112	14.6435714812763	-1.8041288008307	18.999635286618	14.410318642204
MMP7 PDK1	-1.69725312938743	19.4245052033785	14.5519303662179	-1.76261925129659	18.0190358999334	13.1498312588146	-2.246709579806	18.8944148837006	14.1498046234595	-2.10484486397487	19.0695850864447	14.2194008043759
MMP7 PDPK1	-0.655798675104711	18.1173637671439	13.7227014805665	-2.16944081260879	18.7650520535908	13.9272426310406	-1.88407653736054	18.9738239300213	14.4764158786178	-1.28139596363702	18.7490885447884	14.2303258282165
MMP7 PDXK	-1.14354467871007	18.3690565671061	13.7560588590957	-1.53579781944774	18.2401056407623	13.1193805608365	-1.74677412629488	19.0901646199883	14.4854815008501	-1.50890940002845	18.3743488519535	13.8749632190133
MMP7 PDXP	-1.70632019206489	18.0836843902728	13.39648010112	-1.07577554841483	17.8345455502885	12.9295066825336	-1.7321641608306	18.7123123581094	13.8539182222083	-1.62113250689579	18.2798608973232	13.5691659142811
MMP7 PEBP1	-0.326696601634916	16.7299018621054	11.6220858237956	-0.735973973963105	17.2484793699616	13.0661591441383	-0.684783463121507	17.6290537813374	13.1112158008484	-0.633553764615814	17.1352703086051	12.5709030004307
MMP7 PECAM1	-1.24423083508322	18.5992851889036	13.9627525830277	-1.52732872879883	17.3048834580599	13.2148595754708	-1.58727017583011	18.6492492874191	14.193503798538	-1.74298076042586	18.3623582282965	14.1947614620541
MMP7 PES1	-0.456972645524786	17.6020492625916	13.002258980584	-1.91069447454215	18.6942919421849	13.7356656364211	-0.881740687499903	18.3277723112532	13.8572596311064	-1.07818864253769	18.2045196282711	13.699637527983
MMP7 PEX5	-1.30175842794305	18.2835789975205	13.6901559790473	-1.88223501372607	18.4103360787215	13.5906852404055	-1.46159573012367	18.6502784139711	14.0791232908727	-1.49361042221308	18.6460911126555	14.0469522160011
MMP7 PF4	-0.776298198063965	18.4484342214729	12.7984325186625	-0.600074645422042	16.9341218988923	12.2101579240449	-0.917227203120861	18.2679250124567	13.5148112378314	-0.856969432426378	17.7398868000265	12.8885309597351
MMP7 PFDN5	-1.33242540090807	18.0612779808594	13.902322343681	-2.74808712023864	18.9206206551777	13.9815895247889	-1.8981684656581	18.8816635176329	14.4254046574239	-2.09302196042463	18.9464440988716	14.4203671030301
MMP7 PGAM1	-0.430780127735088	16.4508936799903	12.3816198198665	-0.665872046118162	17.3136987402102	13.0563615750514	-0.78903660450949	17.1797546151922	13.3178080872909	-0.694316385064509	16.9744800104283	13.0083657949871
MMP7 PGD	-0.540216576879056	17.4308228882088	13.1746090547562	-1.41638117803144	18.3213503268425	13.0934792346126	-1.66269790726081	18.5787095676546	13.9769924302439	-1.10648514218874	18.0748526307599	13.4637449130637
MMP7 PGF	-0.455566544998151	16.6748680492444	12.889844579898	-1.49407193164378	18.8517622028068	13.8838902619135	-1.30500678487612	18.4822015719269	14.2844169209389	-1.23474763230509	18.1295640385779	13.9696673441108
MMP7 PGK1	-1.5673289856511	18.6644405793521	14.3388663242391	-1.45707700193686	18.2600715001784	12.8539077257184	-2.36783281163446	19.2020019448335	14.4570136084636	-2.07949930537201	18.6394413072656	13.9863680350914
MMP7 PGLYRP1	-0.761186791875241	17.0975611517005	13.6767104680985	-2.79613625574151	19.5623686044222	14.3685430334032	-1.72403818556105	18.7114017098511	14.5200344345563	-1.54930333062854	18.5905902401719	14.2640420273338
MMP7 PGM1	-0.463483516609185	17.3180645195359	12.8350878193705	-2.53135846577169	18.4794932618706	13.8712572992704	-1.20631706439979	18.7286661666606	14.2304096958247	-1.34774977191419	18.4800321242062	13.8556448205635
MMP7 PI3	0.142510216928061	14.3256678715231	10.8129748472187	-1.22359912792944	17.6760273628989	12.236535785489	-0.679715457102791	17.2703842583902	12.4215776287513	-0.556110123138809	16.8122298591461	12.0889894564192
MMP7 PIANP	-0.906833257291527	18.2124355250086	13.0624737203098	-2.0812759259212	18.6036833545941	13.6164842269741	-1.71475843148869	19.366467461315	14.0815256399017	-1.66190239984932	18.7401288544091	13.6728078081233
MMP7 PIAS4	-0.842984983565769	18.1003966413481	13.8028395003981	-2.35194166968574	18.2550616047343	14.0979710407602	-1.29407808864791	18.3368054870282	14.2875877490631	-1.58516952159252	18.4267603145661	14.1852047640744
MMP7 PIGR	-1.13021819227075	17.5796223356028	12.9893880441614	-1.29804130345061	18.1129970305796	12.9617225699812	-1.68982412454822	18.5978730473643	13.7507937790757	-1.42300303752087	18.0599060816282	13.4288135668222
MMP7 PIK3CA.PIK3R1	-0.894369173131306	17.3195320244939	13.2078685130196	-1.26002282207281	17.8647270056665	12.9537645337892	-2.27130423668629	19.0892377518091	14.3892572618483	-1.41315271623004	18.085210264014	13.6347468486055
MMP7 PIK3CG	-2.57456667313314	19.1714084402455	14.6576310044504	-0.598190923509272	17.062787885292	12.6570731955014	-1.61364880357828	18.8866019880923	14.0746750988247	-1.34837293253092	18.4892373533481	14.014235905676
MMP7 PIM1	-1.09167096212371	18.7637630056701	13.9805307422074	-2.70304126939815	19.6114803073533	14.5105687632406	-2.07368827992533	19.3100103740958	14.7063832500151	-2.32854718100029	19.3687231657559	14.5846578226555
MMP7 PKM2	-1.35286643269371	18.041876007754	13.8062308661273	-0.964831421897286	18.0274516433886	12.6835619637385	-1.87372253073994	18.6219156765232	14.0005889505678	-1.15229933764642	18.1232393422531	13.5405525450283
MMP7 PLA2G10	-1.16109251993566	18.4614101707071	13.6612640555569	-0.615945554034289	16.4993164606052	12.48297168472	-1.04079941438296	18.0932099088115	13.7036493800958	-0.835152266195032	17.7578860648335	13.5162690426082
MMP7 PLA2G1B	-1.39975406691224	18.2404574097396	13.6145454710169	-1.40546754896976	17.6194257951949	13.4570832441304	-1.42114915105333	18.3297745557634	14.1240369288511	-1.46819735209539	18.2262815719151	13.9336978028961
MMP7 PLA2G2A	-0.0244020533595775	15.8457797543535	11.5472636980977	-0.50878925364399	17.0458743776405	12.2931368948804	-0.322736153828973	17.4008806507101	12.7331979616484	-0.301034354792948	16.931110073779	12.3243920847315
MMP7 PLA2G2E	-0.967562216958365	18.038179587705	13.4191656859939	-0.750437552287892	16.4368389375281	12.8999980550045	-1.40230246471176	18.6832586770934	14.3542296243583	-1.21914290801198	17.9233792637273	14.0239971733664
MMP7 PLA2G5	-0.865251950544134	17.4464303198215	12.837394379651	-1.05777566550962	17.6437229303945	13.4450833948073	-1.57953460760349	18.8082952367328	14.2137068040347	-1.31983740258369	18.183241984822	13.9382422163861
MMP7 PLA2G7	-2.26069828941093	19.2586109202226	14.6533663444679	-2.39121335426482	18.9993316338962	13.9386003560744	-2.80598183578459	19.6008267534799	14.9124851262764	-2.69476813718435	19.3675486631107	14.6866305693015
MMP7 PLAT	0.0312608784663153	15.4684356142437	11.8065296773206	-0.663641183842359	16.8188967487665	12.5634414578424	-0.477259735124941	16.6737249882645	12.7687001392818	-0.400331494695915	16.4548935910254	12.3979333055125
MMP7 PLAU	-0.7213556560711	16.9970588243032	13.3268613629334	-2.09547901215491	18.2228371143356	13.6642381198544	-1.64450943310383	18.3058636367168	14.0570197021248	-1.60456410651062	18.037791896823	13.8687476318094
MMP7 PLAUR	0.325757457599425	14.185114904064	10.693466513883	-0.966197068028628	16.9655022697092	12.577474793729	-0.242989338821902	16.3766392439096	12.3653962157894	-0.147241473825794	15.8149235618787	11.8865338494026
MMP7 PLCG1	-0.45125810184039	18.2841799023307	12.6692822405243	-2.69294428358113	19.1618372261837	14.3863839773191	-2.34315593890061	19.4767718719432	14.5292586420831	-1.48627884694734	19.2258552772552	14.2014695258161
MMP7 PLG	-1.51660528137437	18.037571068681	13.3953314844889	-0.758226566381351	16.9319306857138	11.8897037936893	-1.33693281342771	17.7133291989132	12.8817530242571	-1.23968186024934	17.9082183268186	13.0338893793745
MMP7 PLG.1	-1.00594768892015	18.0755371872554	13.8341861451098	-0.832357179839802	16.8898755937913	12.9927864327582	-1.07300237270821	18.1864562086986	13.975897702469	-1.12011716007251	17.7399258010001	13.7773700438492
MMP7 PLG.2	-1.93762152766202	18.3885119331042	13.9003899964989	-0.470269245377694	16.4131318768426	11.8163000343586	-0.671836735891777	17.6207853640886	13.1095075415853	-0.921730672749981	17.579254714856	13.1438942935652
MMP7 PLK1	-1.22038424406405	18.453936276421	14.0281163244444	-2.09011016944687	18.1325798129667	12.9349892639273	-1.86753215057558	18.9225509560592	14.1161267760703	-1.6550443696556	18.7095589610878	13.9507062776519
MMP7 PLXNB2	-1.68155850211433	18.6614246550767	14.2919904110435	-1.45682253622367	17.8333014480041	12.7076624616281	-2.35207659417768	18.7428893600396	14.2323363870076	-2.19630591977048	18.6474795153916	14.0873109094705
MMP7 PLXNC1	-2.46722651647293	19.0145871828131	14.4753539968728	-2.32935676076634	18.6006012250071	13.7334381035748	-3.02794402035522	19.5754825783779	14.7369068907023	-3.72708599314982	19.2353854594361	14.5932975811135
MMP7 POMC	-1.41916865227903	18.616942524262	14.2060014382145	-1.09427373414095	17.7586636035291	12.9162515822718	-1.62524446606607	18.9457584586407	14.1732820050719	-1.40817137831219	18.2896859608819	13.9343122117044
MMP7 POMC.1	-0.760525215971614	17.8923121909623	13.5931462376192	-2.56389866530141	19.5157551144051	14.3125187486222	-1.54753119767589	18.9030794266178	14.2455822990912	-1.53541028472594	18.784081713729	14.1420844494689
MMP7 POMC.2	-0.590019360340035	17.154490272089	12.9086689363271	-2.58970784720252	19.0736772602502	14.1296054927282	-1.76485272615073	18.8483875823019	14.2578694253558	-1.37602425980614	18.5018826721714	14.0300575783116
MMP7 PON1	-2.26294650671457	19.3188018745366	14.7265646262998	-1.94629746236188	18.5030645209252	13.506904068896	-2.31469270987156	19.0220521410084	14.2967728987767	-2.19730421584747	19.1381837546816	14.401926709622
MMP7 POR	-0.31877721787144	16.5448412856043	12.3015696106211	-1.79156156349241	18.7976282519492	13.535595059621	-1.16815398284332	18.4097956619411	13.3467696772136	-1.00711017457312	18.0223308147966	13.2947488071148
MMP7 POSTN	0.115985395525321	15.3123261314231	11.4582666502424	-0.862563016120239	16.9341756821066	12.6237929132286	-0.309364591033857	16.5504628460225	12.3752361866331	-0.211699890732879	16.3889804932219	12.2898968021682
MMP7 PPA1	-1.42334242969768	17.9133697500624	13.3821302906849	-1.2547366103966	17.9083283379786	13.486639693684	-1.44100207974777	18.5824582127677	13.9695370519781	-1.79391192763702	18.3233492857734	13.9286884359254
MMP7 PPBP	-1.05819883810771	18.9934980602187	13.5584112946776	-0.586653402902342	16.7247423687842	11.9757483144819	-1.3030582413461	18.4422967768141	13.8301698443958	-1.06229661221169	17.9347113662116	13.1101883652249
MMP7 PPBP.1	-1.20307377873583	18.9523732672608	13.5637396862737	-0.553298749238311	16.6006607649258	11.9537094425432	-1.25994274132125	18.348842863558	13.7802797745191	-1.09062337164807	17.8793666477973	13.1057559752437
MMP7 PPIA	-2.42167847987589	19.2223472089712	14.7671031538727	-2.49660132877199	18.9102570541994	13.7183124552359	-3.05215280916832	19.6228641640605	14.6833997813665	-3.16103239063562	19.3556248445044	14.5978308099143
MMP7 PPIB	-0.538319862368178	16.475504899706	12.7275684898949	-1.69864799088887	18.243263073012	13.3079761255493	-1.07604804232348	17.7735736961249	13.557667461029	-1.23133259900744	17.70945846719	13.4782953253511
MMP7 PPID	-1.68651889526111	18.4427588879263	13.9865537452957	-1.42024528580099	18.1090622879125	13.0998959945798	-1.82840646004494	18.6158714465705	14.0560002501785	-1.62275143640621	18.5561322727336	14.0030281481401
MMP7 PPIE	-2.22280465998628	18.8569906447155	14.1583819083636	-1.35489641497453	18.0876816030783	12.9179620535823	-2.09713657065067	18.8078243000169	13.9772994321094	-2.19468120824672	18.8144443181896	14.1121602761244
MMP7 PPIF	-0.849870290608532	18.6144086410575	14.1283714672936	-2.27943884682432	18.6740859552561	13.7656797036645	-1.53124696990063	19.0667552072081	14.5890855538644	-1.63153454401777	18.7987049699081	14.4728025428975
MMP7 PPP3CA.PPP3R1	-0.805911931431779	17.6285204438466	13.4904339811209	-1.18255598084851	18.3558204462191	13.5346583855578	-2.04624938346808	18.8267509286922	14.3863673573142	-1.29353029673899	18.3979334288895	14.0987654580181
MMP7 PPP3R1	-1.03380401885995	18.3901468608465	13.6724839373934	-1.54019421812252	18.3739101786049	13.6440974212731	-1.80531607817645	19.1865314902092	14.5117613710702	-1.77028681802214	18.8985626688848	14.350625092609
MMP7 PPY	-0.0352405783167773	15.382718717643	11.8035785273207	-0.66622744220074	17.0370157578244	12.9502914682859	-0.542802240964315	16.9773743046457	13.1338841982834	-0.426102305544376	16.7387374468256	13.0704505813714
MMP7 PRDX1	-0.426925025254718	17.469237035704	11.9593854909324	-0.789697615170914	17.5045520617949	13.2882724690806	-0.862800033857877	17.9654475529126	13.5545374787064	-0.70265367026277	17.5542808460115	12.9277432155419
MMP7 PRDX5	-1.63996426484355	19.0110386806131	14.5009824710029	-1.98751622479021	18.8827178074777	13.8602886248342	-1.91120042735451	19.0739775285169	14.5647586301686	-2.12383039395987	19.1421098760614	14.5393397929591
MMP7 PRDX6	-2.72697724435808	19.2013118127911	14.4838677477214	-1.62842833736043	18.5568815668081	13.9775969073211	-2.88903860818837	19.6431374999325	14.876935249574	-2.40942714011136	19.1296084099203	14.5292923193689
MMP7 PRKAA1.PRKAB1..PRKAG1	-0.482555801040884	16.9072597195336	12.6125134872889	-1.76721569076656	18.8333345859072	13.924172608126	-0.9265695135879	18.276222555565	13.898777548473	-1.25270041188595	18.3850689829366	13.8703989640644
MMP7 PRKAA2.PRKAB2.PRKAG1	-1.24442338705946	18.5047436910856	14.3422893854808	-1.82902909838564	18.2385651626813	13.323859679652	-2.45680712461596	19.4589580080465	14.6082984710309	-1.76785589660523	18.7665745980993	14.2034336126757
MMP7 PRKACA	-0.639446394707768	17.9072556229593	13.5157899020603	-1.85732690547183	18.1651117495911	13.4414446466027	-1.61210201383865	18.6258410816183	14.0074386826338	-1.27999480875533	18.4198136603884	13.9615858212918
MMP7 PRKCA	-1.14794758467961	18.740483904437	14.2678720445544	-2.43917515086586	18.6705209991464	13.7609374373705	-2.35752639273334	19.2918092647375	14.6217451610958	-1.91685278240964	18.9051375960381	14.452580040608
MMP7 PRKCB	-1.62588639762377	18.6954857448754	14.3284028419901	-1.36921340381165	18.0131198308333	13.039135334275	-1.78115054311365	18.6442012630193	14.1209907170099	-1.58104805449675	18.411045371183	14.0465129827706
MMP7 PRKCD	-2.14702864690253	19.1418304444952	14.4357863208461	-0.661200452181491	16.8817253168363	12.01136719064	-1.66793299172342	18.6066381064135	13.9496937529056	-1.3113646220158	18.207746821722	13.5555683294219
MMP7 PRKCG	-1.03020768110403	17.9939792953067	13.6849814401364	-2.38036584440576	18.8010055420645	14.055723466767	-1.73260095380792	19.009321778416	14.5117016811371	-1.58081386720522	18.7932765372585	14.2602563934514
MMP7 PRKCI	-1.98729487038909	18.4038417851591	13.882344630756	-1.30784996824077	18.2187824960469	13.150221611323	-1.6895283097891	18.4531867741189	13.7664087786474	-1.85274333891689	18.5264840510207	13.8621211735998
MMP7 PRKCQ	-1.88304797215316	19.256280167242	14.6808917953517	-1.91704463674094	18.635583132152	13.7536178145958	-2.5374227767674	19.6088715680089	14.6912237157959	-2.51773510862902	19.2688534203375	14.6960077836813
MMP7 PRKCZ	-0.451786931665986	16.469796133668	12.2913020807517	-0.579356228635802	16.9967889689453	12.5659840758036	-0.745034149512779	17.5273982767334	13.2178289537548	-0.604032330202549	17.2359987754502	13.0302601432529
MMP7 PRL	-0.321936085014127	17.1925643557172	12.8680788967653	-2.4795397327927	19.088463535158	14.1385366293381	-2.01591434060855	19.3274027064186	14.4543469795579	-1.34525048291021	18.3731279738768	13.8161591978034
MMP7 PRLR	-0.394957825202618	17.7220505303134	13.217138590016	-2.10124039029169	18.6207218731404	13.8829135369087	-1.13237234780916	18.5586507952319	13.8386011755042	-1.03573865058421	18.5120284804417	13.7917309459296
MMP7 PROC	-1.36304646212963	18.3196498030577	12.6464602695157	-1.48932177647722	19.1350544890464	13.479780629216	-1.36779939523996	19.1070820984307	13.4630001649172	-1.60582850166922	19.0211289047172	13.5164885257569
MMP7 PROC.1	-2.05710975132247	19.2893352455671	14.2984975975425	-2.02455961355834	18.1875613525854	13.6792107774746	-2.92709054075439	19.267257370894	14.7509328598707	-2.50936516970203	19.0023378430233	14.4973014403612
MMP7 PROK1	-1.26026842494054	17.7935468239836	13.4500346615212	-0.921867957705094	17.9294773001482	12.9592610268375	-1.72315745485997	18.7801198872992	14.325964153934	-1.52664114056998	18.3761727118655	13.8923306354881
MMP7 PROS1	-1.4864622424417	18.1159762513357	13.5252433926861	-2.42688405673431	18.8232556278145	13.993440685521	-1.70792951651824	18.8343639257044	14.0966730133325	-2.17817186464345	18.8563717349327	14.2889210326433
MMP7 PRSS1	-1.57722217065226	18.3898564862866	13.7493260093349	-0.716218813474744	16.6563937751121	12.3047206477005	-1.19576295629608	18.2049431602044	13.410681696044	-1.13558412788481	17.7565594421124	13.3043638120517
MMP7 PRSS2	-0.416710453938396	16.7392424707447	12.6503850129486	-1.87566006257786	18.1475016973267	13.2648270706773	-1.18129443859539	18.2853077501662	13.8537700357378	-1.10765593324973	17.7822944606786	13.3787045443328
MMP7 PRSS22	-0.74495949395143	17.1060910260913	12.8050878868266	-2.62500000819672	19.1429624615576	14.0808943995103	-1.55771669464114	18.6409484557394	14.0335382175204	-1.43809800195011	18.4382119461042	13.8172931499716
MMP7 PRSS27	-1.70978281260997	18.7158398129072	13.8732479049019	-2.58796500436919	18.8440417483499	13.7636586965199	-2.44076210411409	19.3629019253223	14.5925474428844	-2.04726718630079	19.1797828837978	14.168509474573
MMP7 PRSS3	-1.8520570303903	18.3358036786701	13.8918625906906	-2.70469081411966	18.8687200993498	14.0021472495195	-2.9353348944073	19.5858119328594	14.9553641613361	-2.91929402595796	19.1894077206508	14.5229998454681
MMP7 PRTN3	-1.28403542737751	17.9185843340379	13.8020808165137	-1.31485861100678	17.4883155240801	12.7162913520218	-1.39520112861786	18.357790490122	13.8543933341476	-1.42481735041608	18.031384336061	13.8124529974535
MMP7 PSMA1	-0.937134448115387	19.0986801969986	13.7933770944439	-1.14656571961368	17.4176953779655	13.0261995063323	-1.58351737226438	18.7509912232728	14.1633249470351	-1.17360158174713	18.4953657608951	13.7032279364186
MMP7 PSMA2	-0.729816436748161	18.1783457208624	13.6959572901143	-2.60835222590898	19.2443442748875	13.7316600208775	-2.05676293179149	19.3138446400494	14.5090320172271	-1.4979970520652	19.0092275301777	14.0711692832699
MMP7 PSMA6	-1.2960497544912	18.1947835350643	13.1883183418667	-0.917821198098173	17.0134869565628	12.5551895816314	-1.01867541798585	17.9219822657538	13.356764198532	-1.31677239279496	17.8626048092019	13.2451644223686
MMP7 PSMD7	-2.00566781809718	19.0448443856157	14.6280885668132	-2.65073963757222	19.3919754995172	14.2759048983803	-2.29997628667773	19.7776413822261	14.8056140244887	-2.65036228704734	19.4728680067953	14.7796496240567
MMP7 PSME1	-0.372013952689395	16.7332790659229	12.1662896976044	-0.898535850146727	17.7706525065797	13.0774615510953	-0.665493767802791	17.8528664632762	13.0925128665432	-0.712950278123183	17.4817690790639	13.0270460102993
MMP7 PSME3	-0.0241418732886776	15.7144826520526	11.6718990064476	-0.42410198853613	16.6239623099457	12.5527742561543	-0.373485868538804	16.7529464098658	12.8727612163733	-0.265480076103996	16.6070658243618	12.6578347496573
MMP7 PSPN	-1.04221411307108	18.4278654796375	13.9407809027599	-1.52710288274287	18.0569096609545	13.7883326868928	-1.67560448576493	18.7428638417386	14.4584470523312	-1.55612380020034	18.6642776734655	14.4306887161418
MMP7 PTEN	-0.541230753977239	17.9489096609017	13.0335121819452	-0.926971716479173	17.8472894758969	12.9213856803164	-1.21882557611482	18.3699071513664	13.8999847057845	-0.958323431539311	18.0809378608262	13.5262367646569
MMP7 PTGS2	-1.7094413169896	18.7016024778988	14.5163809103348	-0.915467343129388	17.1116915379541	12.9975537877159	-1.48691698908155	18.5740215006408	14.4313761789032	-1.40300733095718	18.2355827294178	14.1585169820532
MMP7 PTH	-2.13388121084757	18.6144213266213	14.0223813009643	-1.82882648227326	18.3879619614188	13.4283577621488	-2.32560600917115	18.9080555194113	14.071431569362	-2.14168467505509	18.8057212072934	14.0750712863344
MMP7 PTHLH	0.00333317101893937	15.0144468890961	10.9465327165549	-0.157357684800204	15.2427328999094	11.0113411976796	-0.196474089457154	15.9400883212104	11.9526656420386	-0.127907485346221	15.4731131017449	11.4008647486998
MMP7 PTK2	-0.575071125582584	17.5272199443618	12.9125672593138	-1.39812362992582	18.3790045367067	13.6395481685514	-0.977778639612782	18.3648656446709	13.6951866351884	-1.13975128521768	18.3962299256254	13.6773630958912
MMP7 PTK6	-0.763924769249806	16.4574383937545	12.8257152934655	-1.36334069378789	18.382111282419	13.1940634096572	-1.25239327865504	18.3251568192208	13.7975511073068	-1.31479195029258	17.8621987928302	13.4376370138879
MMP7 PTN	0.72266603728855	9.92785636717318	7.11171004248558	0.671882263480482	10.2887689266408	7.90271600358587	0.645846746766654	10.890126422111	8.21143708096688	0.689757924791435	10.2968118433146	7.81385658989714
MMP7 PTPN1	-0.651577414716615	17.982834476968	13.1185779571597	-1.79714468487647	18.6363723533186	13.6754014805141	-2.20700347119914	19.0365015448493	14.2545453632938	-1.40144440897787	18.5441954784345	13.8862850492894
MMP7 PTPN11	-0.734970892638838	18.4690268181163	13.8652263125208	-2.29822326177603	18.6267138533717	13.6044004821984	-1.86523729623369	19.2156390766851	14.5164017569243	-1.69300093611655	18.9085829372147	14.2347000634609
MMP7 PTPN2	-1.84337745523134	18.5373382301691	14.2199714021708	-2.59394747999338	19.2828051423559	14.0804512542182	-2.73897329255731	19.4796036440899	14.6752412270485	-2.34215844672482	19.1041280199333	14.4086408989135
MMP7 PTPN6	-0.731827912355344	17.5540081564175	13.4969402765691	-1.66005086951008	17.8871277165343	12.9991906374093	-1.68339176130632	18.5623832519147	14.0039780008191	-1.36881828703135	18.2648257570197	13.7453450333699
MMP7 PYY	-1.36418811360607	18.6455953846277	14.1177946478683	-1.81131771727701	18.646399101236	13.6100273388645	-3.31710262749652	19.7325031146308	15.0094142594716	-1.86635017680175	18.9878436326003	14.2970730648891
MMP7 RAC1	-1.4994428115635	18.5212510083288	14.3417481099829	-1.32960934455464	17.807733557909	13.0320232950353	-2.05300231792886	18.7399616917731	14.2328063886888	-1.80925697891288	18.4622488866812	14.0972052258417
MMP7 RAC3	-1.04426790919834	19.0154055439225	14.6589898274231	-0.969994109100659	17.5229723801173	12.4828207349143	-3.00210293874059	19.517322990974	14.8536188022304	-1.35143025167879	18.6276955417354	14.0890495946753
MMP7 RAD51	-1.51787474814407	18.9872241962491	13.9474585801015	-1.74361564246708	18.0795905042999	13.2472104836821	-2.22904726434135	19.0134089263735	14.3075496187128	-1.98417985205866	18.9617373744549	14.1402025970295
MMP7 RAN	-1.05814087513674	18.1710956766655	14.2879407641106	-1.65651509094688	18.3677474142826	13.4368787733594	-2.50692462191823	19.2854788922437	14.5205613058007	-1.86374677334874	18.645963036228	14.3777530295288
MMP7 RARRES2	-0.610807251052698	17.186683667403	13.1810246775425	-0.65183819379497	16.9383401348216	13.0051012583137	-0.973403456806026	17.6996579588104	13.4801503180257	-0.709368827500508	17.3830627095769	13.4452243029009
MMP7 RASA1	-1.51372031747508	18.2584111876353	13.7932835253574	-2.53212426181212	18.7379300988277	13.9801519521706	-1.82360611842153	18.9533184129033	14.2974639233887	-2.19852356965774	18.8670649989333	14.3152921651513
MMP7 RB1	-1.71074716166004	18.6491410164011	14.0708795446941	-2.27039905680149	18.8530452602238	13.9707215949394	-2.43590022459299	19.4914081387418	14.5331689904169	-2.29607474451169	18.9948877943428	14.343404206236
MMP7 RBM39	-0.877741580642907	17.609460856748	13.5750047655488	-1.36548671212919	17.9947149412648	13.4952906391021	-1.54048702113802	18.1928606435252	14.0258500504279	-1.28380337008756	18.2046563584606	13.8814116734132
MMP7 RBP4	-2.93329922753035	18.556714006023	14.1366811566638	-1.9008827631848	18.6007267316977	13.9538102626871	-2.12356502917535	19.129440312393	14.3965163812049	-3.05147346829354	19.2254665620346	14.6729328351682
MMP7 REG1A	-0.310139658009452	16.7674488485123	12.5252018362842	-1.31400163556335	17.507655662299	13.368500632182	-0.767806725371662	17.3821610920238	13.2731673520112	-0.603506294926558	17.420224450171	13.2559229061506
MMP7 REG4	0.0259307177189897	15.9531368721807	11.9935380824993	-1.40880626154832	17.7242723653521	13.086924506264	-0.596671820754668	17.0930579513533	13.1220985118052	-0.521061285281534	17.0977801676308	12.8233793368649
MMP7 RELT	-0.013276307610032	15.3452152841973	11.1184562377822	-0.701405002683306	16.5791264303258	11.7038896702774	-0.457902458933809	16.336622639004	11.7229638976349	-0.318474455982275	16.2081148491837	11.7696719947751
MMP7 REN	-0.726356926621594	17.3252895946468	13.0094592020493	-1.04794379921123	17.7661652261945	12.8147104011691	-0.9910682183969	17.8860108102259	13.7045728210553	-0.98308172661054	17.7010724244902	13.3509652481958
MMP7 RET	0.56043177315792	12.215582906503	9.22872693211429	-0.192836913468468	15.4620946154029	11.2553026085841	-0.0194787876163118	14.9118802780475	11.3049598991374	0.221151122007718	14.1787762385198	10.5649924786168
MMP7 RETN	-1.2750667276794	19.1151534847191	13.7353568777404	-1.63669126451159	18.4804638302889	13.4085195927818	-2.6034388661005	19.6171981409336	14.8186889760642	-1.41724688868251	18.8520023964242	13.8484789556354
MMP7 RGMA	0.0959187697350437	14.5554599074198	10.353887735863	-0.860992749223842	17.4455391624138	12.2071496375835	-0.37872685088883	16.7734867726184	12.2953498035579	-0.433868472421804	16.4907789468398	11.7665832748749
MMP7 RGMB	-1.14231804612821	17.9979620463034	13.447502468849	-2.60667623549187	19.2577278148502	14.0499337474128	-1.6658075141926	18.9062221824194	14.026917448646	-1.86519699920701	18.7937710418629	14.0594315725126
MMP7 RNASEH1	-0.955359274841676	18.135353022451	13.8626969403726	-1.36071153383664	18.3182496142921	13.2048406243019	-1.87671881828619	18.851708494467	14.0467784037058	-1.431662831659	18.4030444473577	13.7813087912048
MMP7 RNF43	-0.66728919845105	17.9970655768021	13.7653847391807	-2.28858234618292	18.8252051981139	13.7518044681679	-2.6619173557908	19.4246552266893	14.7184442555931	-1.70350348949572	18.7415912288171	14.0828288114264
MMP7 ROBO2	-1.97095490301713	19.2425217537081	14.5687435589589	-0.931246688382639	17.2627361789995	12.3951082123942	-1.90807035353419	18.6834954807926	13.8457375413856	-1.60593913337887	18.3746526992501	13.7627042808332
MMP7 ROBO3	-1.04046403129739	18.2188219638975	13.727133687183	-1.26470690346304	18.2495127738643	13.3744038661213	-1.72061552239362	19.0137205726513	14.3169230539809	-1.51749887736416	18.6847771012824	14.0959601515949
MMP7 ROR1	-0.0993414561901851	15.4145525749468	11.9911520839648	-1.81834670466365	18.6729538967808	13.3781496965575	-0.882694456086054	17.8891149704199	13.1542805164092	-0.848108570737568	17.3805239427215	13.0348700795646
MMP7 RPS27A	0.0603590572853951	14.4863248342836	10.8994372300302	-0.523226292914919	16.9426724109981	12.79678543818	-0.465600911292659	16.7213821326595	12.8425029317195	-0.316510450876411	16.0677241076412	12.1946300861838
MMP7 RPS27A.1	-0.1047000444702	14.8706818503728	11.1367102267399	-0.46574648057932	15.9833465764958	12.4719628101293	-0.361337306122826	16.0962503941676	12.4828378720712	-0.381583117361152	15.9811838722797	12.2884326506709
MMP7 RPS3	-1.49593135621608	18.2541437697508	13.5760659446559	-1.46289435649143	18.4084311100299	13.2906479602461	-2.04476259144516	19.1290127313302	14.367120603784	-2.12846529666189	18.8165619839094	14.0654622360028
MMP7 RPS3A	-0.919185470534106	17.761090913745	13.9248164816189	-2.25487872085306	19.0512028558553	14.0535796893725	-2.31957037841483	19.1051282117822	14.4774187839869	-2.09273831972717	19.0737488324727	14.6117368058218
MMP7 RPS6KA3	-0.704153919060721	17.8877589725248	13.3550916214342	-1.02383431140892	17.6477483580078	12.7494956653546	-1.60610884925084	19.0383360511458	14.3892764222525	-1.00901950326517	18.047309782784	13.4424821843488
MMP7 RPS6KA5	-0.319930189356055	16.8301998677525	12.1029295869885	-0.74751767312099	17.3252327855161	12.8288402417006	-1.14124621581632	17.7097790017393	13.5441614777272	-0.653442623350341	17.3127804369039	12.9118189385071
MMP7 RPS7	-0.899371926323799	17.6187054615871	13.4356860284088	-1.5256030486757	18.0702448534463	13.6835948965922	-1.32468285974556	18.3719522807968	14.2065733055216	-1.29935583948265	18.1151789485635	13.9639432364562
MMP7 RPSA	-1.76553228709226	18.6557729978615	14.1912207579509	-2.70826578718242	19.1243586882378	14.0195131073182	-2.27155645397795	19.3293302288281	14.5358722243575	-2.32393706597668	19.0369606139919	14.3592031767782
MMP7 RSPO2	-0.687927064510775	16.897621358253	12.5181066567747	-0.7981002094368	16.5806313599148	12.6866523991765	-0.800759590896156	17.6195501660893	13.5826804165869	-0.851390813414575	17.0718997707466	13.0690965039873
MMP7 RSPO3	0.553897489560637	12.4031460078832	8.88238662828309	0.129827804532424	13.7547078584461	10.1643037781333	0.413287414972955	13.4044235830942	9.83379048615794	0.389785047950757	13.3834963662431	9.81894695207997
MMP7 RSPO4	0.388047686739421	13.795190082177	9.76744502663892	0.292775869139249	13.788599831012	10.4964239839152	0.317238759592112	14.1513419955679	10.6089874495477	0.336749131553395	13.9102620748331	10.3156615355444
MMP7 RTN4R	-2.74145725021257	19.5602042149076	14.8690640380705	-1.87266711150616	18.6969549650957	13.6656364110087	-2.29374377159903	19.4218683708777	14.6329471926307	-2.90792576448079	19.3524378654607	14.7176889643691
MMP7 RXFP1	-0.717939718941757	17.6630126355744	13.1215287344683	-1.58160256338005	17.8670092708372	13.4854273019399	-0.938013206996033	18.2357381320169	13.8252203129503	-1.2569781754647	18.177636922732	13.8517721366884
MMP7 S100A12	-0.274427265128769	16.1665068298872	12.0164428264775	-1.70238514915704	17.9630275753039	13.5589853020506	-0.903554088148855	17.7298849857016	13.6930041350479	-0.959487469912034	17.6364852041105	13.5551393027172
MMP7 S100A4	-0.966471403184618	18.5077334888244	13.9085576447618	-0.94720510401886	17.7571554154192	13.0620570052311	-1.25464915576713	18.5847540058965	14.1907868105773	-1.15516850052785	18.3073076501348	13.8297297971153
MMP7 S100A6	-1.11697456982905	18.8029672686135	13.6887730208753	-2.04467796625379	18.5944508216696	13.7352559076664	-2.1100645999708	19.0482094054877	14.1112905691006	-1.83007045960122	18.9970543785251	14.1483587218255
MMP7 S100A7	-1.36672563870382	18.2312464701593	13.8534554903557	-1.78464194688101	18.9424234202473	13.8313542002697	-1.97631056395057	19.5084014649311	14.7011775510767	-1.68966494710309	18.9105905715395	14.1974904926746
MMP7 S100A9	0.271255497239984	14.2681340246044	10.7502033362588	-0.664206814991279	17.0497461118848	12.6211724202349	-0.413003888865108	16.559432062763	12.7306154682524	-0.178590758495371	16.1828203862026	12.2172858544641
MMP7 SAA1	-1.15362350149894	17.603137068996	13.8115019255001	-1.92854051641152	18.5207388689292	13.8136975523559	-1.43839391346719	18.6944919908858	14.2616061008018	-1.62091093845934	18.4221195441981	14.2295985628689
MMP7 SBDS	-1.66350109252489	18.8413532194531	14.6383387177214	-0.870726862688967	17.9654646062694	12.6919699691783	-1.79453401062176	18.8089768395996	14.2305425196469	-1.45356987253467	18.4355807677548	13.973464322582
MMP7 SCARB2	-0.755832404544796	17.5395054540856	13.2380021701694	-1.59813512617889	18.151344091984	13.4741801364469	-1.29699685983217	18.5146163534821	14.0174168211272	-1.19751062502614	18.4889274309261	13.9101820905494
MMP7 SCARF1	-0.155390518045662	16.1810297770389	11.9660396548874	-0.678896341314816	17.0194158183677	12.2653319309968	-0.554970256769554	16.8603926848624	12.5674295719787	-0.452610095022302	16.9459358814451	12.6001946237407
MMP7 SCARF2	-1.28093319405829	18.2648926471671	14.2528315646205	-1.04826244708091	17.954353593222	13.3535089712611	-1.25338048804412	18.3332423924832	13.9614603273324	-1.54655630406584	18.4545990526704	14.2639358798286
MMP7 SCGB2A1	-0.430911229675682	17.2989283680827	12.9080453655725	-2.03973258549821	18.8596736091226	14.0945082006692	-0.933086115861559	17.9385371240106	13.6466965155973	-0.941528516807203	18.2016693084767	13.6805968468697
MMP7 SCT	-0.97517885888735	17.8357634269533	13.0500120523716	-1.96366888526842	18.6249528594157	13.5281499071041	-1.51669917575827	18.5968162310484	13.9709362628558	-1.57121569337264	18.5495448062989	13.6619798036272
MMP7 SECTM1	-0.608862138654916	17.8877380296143	13.6463347828178	-1.28303942423807	17.5510231975217	13.4695212885157	-1.37271746584033	18.283412104762	14.1512952316077	-1.02476466698136	17.9539131660996	14.0712608755047
MMP7 SELE	-1.9601945121362	19.0957766846807	14.6195488284556	-1.36012465497128	18.4475727350504	13.1171637670521	-1.97239288277314	19.2947859288327	14.3263369189851	-1.77404440032514	18.9212110796125	14.1493689952593
MMP7 SELL	-0.330851295627272	16.6481691175811	12.3223861038009	-0.416199772056252	16.8804021924075	12.5181532271098	-0.773077355242979	17.5119103779795	13.2515245240168	-0.494968636283311	17.0287193623693	12.9223951806885
MMP7 SELP	-1.70007141297934	18.9833108173177	14.2224557423751	-0.947613491646011	17.2837486196817	12.7314707727983	-2.16285651996833	18.7629647817011	14.2745715538674	-1.56905593323221	18.4500021604987	13.929860339868
MMP7 SEMA3A	-0.59451165848828	17.8691804107025	13.0348861881513	-1.7545370445137	18.0749734317808	13.66836653013	-0.911388631181814	18.217981601715	13.8757091190422	-1.10235215042354	18.3441356327983	13.671361583667
MMP7 SEMA3E	-0.783565928455784	17.5897820474409	13.1241246507696	-1.48079827692179	18.3130426818469	13.4808666048282	-1.01184548236913	18.0197636605517	13.7587985923519	-1.41793886430693	18.3702528069394	13.8068439711215
MMP7 SEMA5A	-2.21358777195978	19.1270032075223	14.3555794384243	-2.67641924998108	18.6722868310507	13.8166833293198	-2.49099027569584	19.3251495448363	14.6328973324022	-2.79496668277021	19.1994179784845	14.5303409114628
MMP7 SEMA6A	-0.147339664770437	15.929912739997	12.0213772085219	-0.636401396890192	17.0765309308219	12.9677299255363	-0.571751393270701	17.315949304041	13.4375483630343	-0.519915386966516	16.9087174516113	12.8945624718773
MMP7 SEMA6B	-1.80343283362727	18.9029841988228	14.1004137612844	-1.43065616808839	18.2487873771681	13.3335365573101	-1.60537343674217	19.1773426021157	14.4080695400412	-1.55819022915967	18.6821340573093	13.9592834029583
MMP7 SERPINA1	0.104072247359988	14.8743515256286	11.4752033759115	-0.491658667640459	16.6496121391695	12.3110587052358	-0.156210992266962	16.4694131053347	12.7938645994797	-0.273758891400465	16.0121404857808	12.2034292477334
MMP7 SERPINA10	-1.28418905270976	18.4902980125886	13.1100581116077	-2.19704762395748	19.0388108927269	13.5351741986163	-1.62199285240847	18.9511756649013	13.8700678400693	-2.01169095850751	19.0494388791052	13.7519962529789
MMP7 SERPINA3	-0.67657060653667	16.8720388438547	11.9799524005404	-2.50002353273668	18.7299982257844	13.8463680367772	-2.07662046103561	18.7543458771054	14.0863764936391	-2.10842651604857	18.4367090167388	13.8243455175732
MMP7 SERPINA3.1	-0.387109621484184	16.1955273751423	12.111029715691	-0.583332853270579	16.8487632060862	12.2639514912612	-0.751412006647982	17.2090051080977	12.8659309161906	-0.763958393257124	17.0915314378213	12.7131867711223
MMP7 SERPINA4	-2.41823920914374	19.2293329991103	14.3629289503979	-3.17883548109244	19.3727162969165	14.3612239560334	-2.62356337499837	19.5941164404595	14.8038703868692	-2.98408043550855	19.4704104165774	14.6996834285031
MMP7 SERPINA5	-0.875803557090504	18.0236297729153	13.5480560607511	-2.01257503013686	18.9309715943943	14.199057394913	-1.8286291052561	19.0253252899366	14.5312037448225	-2.00570064107179	18.8064523272501	14.3034643209866
MMP7 SERPINA6	-0.290305133191993	16.3679098643652	12.0987164924402	-1.22272875124909	17.593730764754	13.3432927127093	-0.614197020444903	17.4708398243829	13.4717488897012	-0.537795919738719	17.3421588293396	13.0849917759609
MMP7 SERPINA7	-2.13581294372878	19.2669534741239	14.6395949972038	-2.04049340108223	18.4791078888349	13.5239037161634	-2.25600912497783	19.3885851221881	14.6285572664907	-2.36765053606999	19.119937944317	14.5281980290087
MMP7 SERPINC1	-0.453132586081883	16.3919685627295	12.6130639153107	-0.760194060351405	16.7672068085924	12.7519534463129	-0.669531454409946	16.9669970475792	13.1478708054026	-0.613811192860472	16.9086217315997	13.0214400084698
MMP7 SERPIND1	-1.54671361672884	18.8692087725994	13.9222349398119	-1.45131073821255	19.2907423569527	13.5015734461506	-2.66354642029117	19.3766928269226	14.5228527877366	-2.18645604606704	19.3236154287644	14.2819642652133
MMP7 SERPINE1	-1.4589017779712	18.4627435127433	13.5280984339803	-1.0592958481141	17.7626834983824	13.2399151995554	-1.49319579442447	18.9848537722121	14.1800559493858	-1.32913532704361	18.4160045218315	13.7063973817589
MMP7 SERPINE2	-1.06328680716649	18.3405304135734	13.1288407246636	-0.415265994097676	15.7204210789076	12.2127973314503	-1.10647995972962	17.9822469955107	13.7769245433636	-0.855595449845767	17.4199568174824	13.1269158125895
MMP7 SERPINF1	-2.23319257801952	19.8844447838903	14.3754899590329	-1.4221785868334	18.562326218231	13.2867873241001	-2.32195421145339	19.7642442301594	14.7194423769728	-2.18918239288561	19.3338019638168	14.4236437025559
MMP7 SERPINF2	0.0861190681836383	14.2596559920609	10.5545522627653	-0.477161488284736	16.2512608725172	11.9713503316524	-0.0993852897167742	15.2462174650543	11.434700596295	-0.25133125026358	15.5913392682266	11.5994033819189
MMP7 SERPING1	-1.24167092002532	18.8967855425994	14.2828076521238	-1.456805380902	18.296128399626	13.8780822594612	-1.87032088710936	19.1989049982983	14.6729905796057	-1.57651775795394	18.9743682018426	14.7269819738307
MMP7 SET	-1.47910726014635	17.6813850109494	13.7610079037235	-1.60137376649295	18.1667007360053	13.3942913317819	-2.21625566879787	18.6879674362304	14.1567579880206	-1.86891322907879	18.3752949604969	14.0789192079224
MMP7 SEZ6L2	-0.858358852057889	18.3697348825658	13.3977148122433	-0.954010369229341	17.6520118744989	13.0597926080812	-1.43761611356767	18.4879917873024	13.9645154132345	-1.13038687388512	18.3282351332729	13.6444368489746
MMP7 SFN	-0.352184768359062	17.3641917797804	12.7336740484222	-0.66199541603345	18.056557440975	12.6324950633335	-1.0062153101484	18.1069939608424	13.5703380892679	-0.703768137108791	17.9108113898741	13.0877050120408
MMP7 SFRP1	-0.537408836024925	17.2991250472223	12.5525869221388	-1.08043264216451	17.5415793179884	12.6727169407644	-0.746100119972874	17.7698221035406	13.0789379009057	-0.881265495133141	17.8022932806948	13.0326863120223
MMP7 SFTPD	-0.0983928764838815	16.050892734018	11.3689464692646	-0.551086399316803	16.4951562895944	12.5618979332838	-0.599869665690814	17.0013704663308	12.8013860478486	-0.528785259306843	16.4780295290829	12.4310270095829
MMP7 SGTA	-1.71793397117602	18.3196152283869	13.763330228041	-1.20998105648865	17.8838655313632	12.8741949274142	-2.2566571431583	18.9684544824918	14.1463813900066	-1.66718221090919	18.3595585509678	13.8440668548039
MMP7 SH2D1A	-0.422767801425099	16.8172159190871	13.4811507424364	-1.83628849489462	18.0749133099646	13.9445901579883	-1.2753966090684	17.9578739535073	14.3149902641251	-1.37116859882746	17.948107117635	14.16473654272
MMP7 SHBG	-0.0775629236135904	15.7151223997236	11.462840498193	-2.30862776366961	18.8525378892521	13.7837762944315	-1.86865768376636	18.7098752694505	14.1329023998364	-0.934189324311277	17.8754422221215	13.1556764600088
MMP7 SHC1	-2.14542336638131	18.9373852448215	14.2998114804414	-1.41940214363731	17.9284667436987	13.0494462252016	-2.29344738201827	19.2621718059839	14.4323197328545	-2.20051036412536	18.8507968574712	14.3560294108977
MMP7 SHH	0.148666710552189	15.1547433604094	11.9062382671329	-0.0674045612634038	15.8838134437853	11.9441263918133	-0.0792579833013984	15.8877668458591	12.3646795667784	-0.0346142522703221	15.7341361009183	12.2791264298937
MMP7 SIGLEC1	-1.72660535298075	18.3046120714571	14.0999994645955	-2.76580661156199	19.321054982757	14.3615768455986	-2.24442633211275	18.9240845884971	14.6851816243643	-2.10969629101299	18.8477653682693	14.46768015956
MMP7 SIGLEC14	-1.97508272327156	18.9642916497877	14.4816289073198	-1.38478039176396	18.1677678382918	13.0429573251335	-1.86515078734007	18.9438931568605	14.1332853995635	-2.00185137880651	18.8368934350426	14.033122681315
MMP7 SIGLEC6	-1.34613502774926	18.5496097568328	13.6886165409564	-2.83764041059594	19.0542820184169	14.4288816225515	-2.17057488804797	19.1398454404316	14.5669493264302	-1.68379577158744	19.0206901271788	14.32230783371
MMP7 SIGLEC7	-2.71423831336094	19.4100653156265	14.8222666239832	-2.00906704730724	17.9818653867377	13.3103085976938	-2.91083674871044	19.4971920682661	14.7359468084474	-3.02163997861172	19.0633281833719	14.5769741373029
MMP7 SIGLEC9	-1.6920549533547	19.4131260215417	14.5863783225743	-2.09674148481034	18.984656185417	14.2039031645789	-2.86430670469127	19.6951917133539	15.0491399740931	-2.0960598285454	19.3822941592726	14.6631659422279
MMP7 SIRPA	-1.02032686263667	18.6827388963031	13.8412466559729	-2.09261907890978	18.7099864808205	13.6406094566307	-1.96940077271544	18.8993430498046	13.9913693787627	-1.70046991380607	18.9105172924906	14.0776607844186
MMP7 SIRT2	-1.41885274384596	18.7788927956751	13.7292704212309	-2.26261571694457	18.8526412771336	14.0346312493197	-1.81417789040425	19.0034580072752	14.219043664214	-2.204847757134	19.1974203495451	14.367349744527
MMP7 SKP1	-0.136772402288965	16.6037375626435	11.7481102605943	-0.103748898490549	15.8185408497063	12.2405867077361	-0.301951986098952	16.8394933667625	12.9062567106781	-0.144413798278753	16.5077964938927	12.3584585355851
MMP7 SLAMF6	-2.1415828441363	18.8166027166072	14.3634106843344	-1.63553243229925	18.6237602019877	13.5675181835543	-2.20652943770693	19.1345522096354	14.4506835572932	-2.29429727197377	19.0411728192699	14.381896035085
MMP7 SLAMF7	-1.19390483085905	18.3506806930169	13.8350878501813	-2.02281832217431	18.7789335310838	13.8120644726486	-1.99663753134422	19.0350946449905	14.323640563912	-1.79957580363393	18.6660503216592	14.3145060904664
MMP7 SLC25A18	-1.90269762681736	18.9874710856408	14.4859800926738	-2.5151909780222	18.7993668143736	14.0769982535214	-2.19109606192439	19.193788467186	14.631784495021	-2.81380906399855	19.1143373781276	14.6658014146927
MMP7 SLITRK1	-0.592297108492336	16.9477469602071	13.0123414682932	-1.09596083445922	17.2619836963616	12.6579472666256	-1.19383486066934	18.3806810993488	13.819185232572	-0.984064364919547	17.5244313683087	13.365698554003
MMP7 SLITRK5	-1.95545251759529	18.7051741079231	14.4348973654625	-1.8583890384673	18.8788341805797	13.9622318350093	-2.38191246672824	19.4447901026277	14.563779551149	-2.18996146451792	19.0364525196329	14.6308672219048
MMP7 SLPI	0.275064158443476	14.1954613457213	10.7240970787749	-1.56332073820125	18.3618015622992	13.4794810746459	-0.430005676642832	16.7253483886469	12.5555119391022	-0.358437174216528	16.7272022013321	12.4108175096108
MMP7 SMAD2	-2.31712562002803	18.9194777800059	14.7448220232418	-1.02880521926384	18.1341582140882	12.9366307329573	-2.37982318178735	19.0089286324662	14.4189910034072	-1.53125077605434	18.6312969986986	14.2109350975837
MMP7 SMAD3	-1.46044619745235	18.389611810582	14.1615780708093	-1.19126103727748	18.0575242687498	13.0080932748504	-2.61947336229868	19.2819825164146	14.5327626506882	-1.61744464091322	18.4642280290701	14.0847415651778
MMP7 SMOC1	0.369987433153946	13.1650417449294	9.38002216822866	0.259536654489033	14.0623933092031	9.48765080477826	0.329436426374908	13.8654534015756	9.7096165002564	0.333502473210133	13.7342819212949	9.62496445401294
MMP7 SMPDL3A	-0.275577448007777	16.4365632251524	12.3264922902145	-1.21825070914813	17.4052331336461	13.2441606790989	-0.500939092050708	16.9796848603821	13.2886111721847	-0.658159731859013	17.0676691389927	13.1546014981331
MMP7 SNAP25	-1.32987226472202	18.0864560002812	13.8864788100516	-2.24948015690683	19.2808330706087	14.0855194562877	-2.33306940653849	19.2357047274188	14.7427923740552	-2.2588766626398	19.018143518011	14.5160778005518
MMP7 SNCA	-0.74997964630738	17.6796832168724	12.6714573053428	-2.26969595726253	18.6003962042034	13.7883372167525	-1.69637305004532	18.6130478858977	13.8950137092106	-1.62737342774472	18.5521371958789	13.7380788066839
MMP7 SNRPF	-0.532485933951008	18.3081099522463	13.3720650796719	-1.53881969048396	17.9917983908933	13.5294697589174	-1.34211351330252	18.7914519938323	14.2744848432237	-1.33445663570698	18.4099860895834	13.9599510825853
MMP7 SNX4	-1.69600629464244	18.8264962245535	14.5915666743944	-1.49870054527498	17.7505417993794	12.9531277920863	-2.33164917803896	19.1195802635434	14.4447731134351	-1.96421866321964	18.6374140871908	14.3374805027222
MMP7 SOD1	-0.17779318369378	15.793336707318	10.7814737012236	-0.531638871643757	16.2939038607435	12.5330546137688	-0.393057109828269	16.5387084796031	12.4261078351144	-0.359965630853975	16.3284024681132	12.0335041063838
MMP7 SOD2	-0.651252239082386	16.3856397336377	12.9049476639367	-0.0943985807349572	15.0235826907559	11.5606602168005	-0.465129920877215	16.6465254905448	12.9539263364941	-0.392687818059988	16.2012272931022	12.609855920687
MMP7 SOD3	-0.0292670360710696	16.1194429238772	12.6957876287134	-1.65766760269158	17.9466684822051	13.1643870577856	-0.70984332953224	17.5009621649279	13.563090669558	-0.883329698816889	17.5648557116022	13.4142842302388
MMP7 SORCS2	-1.89191770681507	18.5793346049855	14.2554840253661	-1.31123059785493	17.7216860852145	12.8309312473084	-2.36283790778133	19.4275480231486	14.465311361302	-2.02661805852862	18.6665166953235	14.1622174991934
MMP7 SOST	0.387862003345169	13.5401351211932	10.0303294791182	0.164398933753858	15.1334888323478	10.8527373930574	0.140839679448408	15.1033475854503	11.197754872875	0.211072290651463	14.6635361623715	10.8260208912278
MMP7 SPARC	-0.843683151382988	18.9172453336351	12.8255022810185	-0.60749929780154	16.6850323665377	12.307853538484	-1.1629831627468	18.4695847651731	13.4753458582167	-1.00464356920097	17.9146771606883	13.0643948272839
MMP7 SPARCL1	-0.822440431991172	17.7669563784866	13.2632957330943	-1.64396724817302	17.7444635510447	13.2241630581476	-2.12759190567489	18.8950692052991	14.329298258686	-1.71020379323439	18.1822308320488	13.8161503395125
MMP7 SPHK1	-1.00794240744774	18.6828832989093	14.3997596780727	-1.2491856547894	17.9661045863032	12.9194632964114	-2.49469691476522	19.0982361926107	14.4446314207683	-1.08290098594687	18.4610742616166	13.8575202368958
MMP7 SPHK2	-1.4062300482382	18.8766944021755	14.3521677933387	-2.25842907992875	18.874191133763	13.9079392594466	-2.12844582540472	19.2080776204904	14.5294125959898	-2.06506683375548	19.0705080505359	14.3954861475384
MMP7 SPINT1	0.0761347869369636	15.8227274494535	11.6152362813556	-0.692326407079513	17.1124867607599	13.0888966889837	-0.164498135540498	16.853928227371	12.7417430381499	-0.340102646105698	16.7227283587742	12.6311423071904
MMP7 SPINT2	-2.77743994580611	19.2788033577312	14.4242742871814	-0.68605827094243	16.8000205044408	12.1078415859484	-1.3343216750058	18.6415546883267	13.8973321023018	-1.60458809505216	18.3087281021946	13.6486562073745
MMP7 SPOCK1	-1.44009316149394	18.268993924551	14.2639844163059	-1.58422140283709	18.5860159759287	13.4615588488288	-2.09225611187621	18.8031089909791	14.3114419424387	-2.09643308027547	18.7059809218502	14.2530583469335
MMP7 SPOCK2	-2.48066167820954	19.2409091102055	14.1179621856664	-0.695362890219766	16.9754769766972	12.4932505808007	-2.08068858426782	19.0528902442603	14.0861631224164	-1.62297702193327	18.4570953334402	13.8037561393174
MMP7 SPON1	0.346423906218712	14.4442117085241	10.9987648134843	-0.442363702826118	16.4669846587544	12.2965169142358	-0.00363072133070963	16.0916005851068	11.9693314337689	0.0235477881130071	15.8509390833283	11.9402798613075
MMP7 SPP1	-0.543644106071697	18.3238125762219	12.9056067206116	-1.26365062402394	18.3607567312208	13.3453174868667	-0.793645766336797	18.6319253107266	13.2832251143082	-1.01551671864431	18.7509086961141	13.4797904604769
MMP7 SPTAN1	-1.25098815287121	18.4118891348693	13.5343031147049	-1.63198124615705	18.7188904009601	13.9234536676924	-1.97066896394226	19.327347457414	14.29598446921	-1.69049272357689	18.8535013303131	14.0884636753638
MMP7 SRC	-0.575648500090417	17.8488302808243	13.445520598084	-2.31805896975184	18.5614973008744	13.6967259865795	-1.79977160552866	18.9005262451056	14.2406515645316	-1.28885833771674	18.395080327251	13.9371684000204
MMP7 SSRP1	-0.472437346715707	17.0540536024824	12.6159961532523	-1.83232107200713	18.1130592694609	13.4245402542728	-0.953939453827656	17.9571704735719	13.6574066439971	-1.1695899593315	18.0730687556914	13.5698858167484
MMP7 SST	0.188343786370709	14.280150390838	10.6202941643902	-0.79407594176307	18.0956040746913	13.1397338379841	-0.564049991202331	17.6741916320465	13.1692424227071	-0.356557517657457	16.6848604530855	12.3140035750179
MMP7 STAB2	-1.75698498839528	18.6268325504556	14.0220580160826	-0.698094514835879	17.1635659470028	12.715342339492	-1.92104007714114	18.9907951230709	14.5860291699776	-1.40963598342974	18.2228989251035	13.8827319955993
MMP7 STAT1	-1.25310601690165	18.2142726245186	13.8922702403721	-0.615305903408638	17.1826923245452	12.1010768391107	-1.18077288067635	18.2970887340863	13.6255708475793	-1.11868461649861	18.0023637693698	13.4593137671973
MMP7 STAT3	-2.14118848414065	18.8438441658198	14.1584656934161	-1.27929615722324	17.9689569182135	13.0170899203257	-2.10435064442634	18.8005034907908	13.9745844133051	-1.85808944626253	18.4830800793631	13.9698597902168
MMP7 STAT6	-1.35968337097492	19.0112477664245	14.4078501460354	-2.13600130612459	18.7258030155553	13.7327257048183	-2.15190945446675	19.0275935451381	14.4440900541348	-1.77414285455233	19.1121658101824	14.4929870742392
MMP7 STC1	-0.325957210154554	15.9661776047579	12.0445892679709	-1.17069120023977	17.8233699467921	12.9848178626383	-0.659583697876885	17.1073215545856	12.6477135761632	-0.715344609143112	17.0714246236523	12.8125804166103
MMP7 STIP1	-3.32590785784416	19.2601745627444	14.2885275817858	-1.58978772662883	18.4429201101602	13.2762154045642	-2.32625340585596	19.1333674668607	14.0943206953596	-2.1936261622113	18.907418628075	13.9288409095954
MMP7 STK16	-2.23387721611477	19.2279305187583	14.7902148038739	-2.96056486269933	19.2043262944681	14.4296105712468	-2.6677381306759	19.7184153330019	14.9024706509196	-3.11217136753753	19.5455739202925	14.9386220630837
MMP7 STK17B	-1.29982994139799	19.0810020874839	14.531172608196	-1.64649934413671	18.1653284329745	13.5245972575652	-1.94531098498121	19.2335818640048	14.7189415459605	-1.76057857854762	18.7970852473277	14.3999456504128
MMP7 STUB1	-0.922771672786175	17.5294826501606	13.9479302832193	-1.2225943246572	17.7123160949244	13.3119610102972	-1.41587062877476	18.1886762778606	13.9766863059025	-1.16771494156696	17.998793746482	14.1354211369457
MMP7 STX1A	-1.07758361109073	17.8624639530217	13.2614938899086	-1.60183790482202	18.4786892750041	13.2730956149375	-1.63552144353319	18.69853140865	14.036360194449	-2.17434960559266	18.7077618329116	14.1158593047185
MMP7 SUMO3	-2.22512130005772	18.7446334870829	14.3190416592644	-1.25211998718382	17.7481847360634	12.8424397436249	-1.65749547585354	18.4622404683814	13.8697877235932	-1.82055206479461	18.4537990875948	13.8891214530327
MMP7 SYNCRIP	-1.62012622953633	18.3067227541666	13.7786199937853	-1.56777131066634	17.7970312518421	13.0634952256481	-1.5649962143371	18.7495927734975	14.0566080002	-1.64039728556148	18.3493891126805	13.8159164289652
MMP7 TACSTD2	-0.727965479703614	17.7355496115733	13.252036695236	-1.13697503792231	18.5187004046464	13.7069363806099	-1.07546960906846	18.3941897316271	14.0296940412929	-1.10833798450084	18.3613188055272	13.9264605649173
MMP7 TAGLN2	-2.06853046984055	18.6684677028422	14.5536701615158	-1.79402258640045	18.6739261990508	13.857413787104	-2.20633868657652	19.0463943345953	14.2614714002086	-2.34543189821433	18.9540869768042	14.6311910536299
MMP7 TBK1	-1.36759629314222	18.7116016404476	13.8182245443208	-0.706911877055932	16.9767839053992	12.7852460391826	-1.26315286356569	18.2738442130447	13.9609504951045	-1.27888801072698	18.1236205490726	13.7206146250181
MMP7 TBP	-0.805058801607428	17.486519499811	13.4363711154121	-2.4897649340848	18.7055361534452	13.9667484946618	-1.94038416917798	18.7346526607359	14.4592550108379	-1.62435632583213	18.4340362702231	14.102119191923
MMP7 TDGF1	-3.03097742196596	19.1787175855602	14.7308997278103	-1.92468341276007	18.8040257224931	14.0667892472148	-2.74137002345983	19.5438308590249	14.9354604916519	-2.59254528628321	19.2858550360227	14.8159176385718
MMP7 TEC	-1.68053421312739	18.8590346957081	14.4895585195197	-1.40037432799336	17.957225034352	13.0826107559101	-1.88210032028022	18.9491841535409	14.4221079656238	-1.89153985212626	18.6437656089108	14.3147065423831
MMP7 TEK	-2.3651838756394	19.3858242347672	14.6166599910408	-1.93025925298713	18.8928355356606	13.5597137046471	-3.43882992597549	19.6807109380103	14.8463304841046	-2.41486543040215	19.328097242465	14.4707604361681
MMP7 TF	-0.497816973041013	17.1399130225316	12.3186761451514	-1.21747402077852	17.9686259928126	13.4412105658491	-0.902567672042701	18.0432724295828	13.5991487438439	-0.953591715087842	17.9222517392716	13.3001049458235
MMP7 TFF1	-1.33691713202446	17.9493453253999	13.8901209894267	-0.984387551684446	17.5569672145483	12.6051661400546	-1.17679484520537	18.1153301004286	13.8729242427204	-1.17941966848109	17.953077377099	13.5966311338683
MMP7 TFF2	-0.749592971237302	17.8821995597388	12.8972099241768	-0.85356841180314	17.4196588559476	12.1947573419511	-1.19112205078659	18.5128499721119	13.512318294183	-0.906583196395437	17.8363850979196	12.9154763343826
MMP7 TFF3	0.225174398754623	14.2186543859136	10.3199402674826	-0.596768554807384	16.417942466897	12.2525938167038	-0.0520513525930539	15.7307789744888	11.5620923703224	-0.12353362532136	15.5975176057133	11.5550167199518
MMP7 TFPI	-1.10131795713541	18.2674002258305	13.8149864377402	-0.689007245856271	17.1040867688823	12.7740796595359	-1.22953734547042	18.2498950263763	14.0953639311419	-1.09320960325579	17.9813208574858	13.7632376890119
MMP7 TG	-0.76871576300262	18.0389470332749	13.5485731297702	-1.98414497622674	19.2870250577983	13.8635888461724	-1.87415539366679	19.3079307620534	14.4429408858343	-1.51881217070402	19.0441506336326	14.1291541389753
MMP7 TGFB1	-0.166928951403999	15.8515803488962	12.1224651916272	-0.721553402251545	16.7484883451467	12.8217984830603	-0.821748953474204	17.4362008870845	13.6034721302499	-0.701298738464794	16.8103845594083	12.9873578014429
MMP7 TGFB2	-0.479185471918161	16.7277072196595	12.6173261971221	-2.58246974766974	19.3164099423112	14.2436466663545	-1.40202228944023	18.4527353613524	14.2229844100917	-1.51828990288875	18.2036727179621	13.8064284607143
MMP7 TGFB3	-0.901081403104302	17.8901214178394	13.9606987787468	-0.453374978460334	16.5928494214702	12.3635872794192	-0.963739363586723	17.9478410369575	14.0414478812626	-0.899486739124636	17.6054028358803	13.6645442967039
MMP7 TGFBI	-0.91439398171886	18.2114413795069	13.6926423565621	-1.13537859818596	17.5256801616313	13.2160517282871	-1.24458857251662	18.3985878776826	14.0045841138044	-1.14018348653123	18.1297129853884	13.9115828544585
MMP7 TGFBR2	-0.937681341518107	17.2960349621653	13.6210814579255	-2.57172054172986	19.1089154494121	14.2930088643829	-2.62920705039005	19.4836560654158	14.8919175577098	-1.65140420263124	18.5979084791632	14.4038255101915
MMP7 TGFBR3	-2.05884923579411	18.6343995927339	14.3955611169609	-2.34085313728082	19.5053471653056	13.7780545859885	-2.41904207244786	19.6589754492044	14.4470024003804	-2.67707294356223	19.3555287533843	14.4663604566937
MMP7 TGM3	-1.23724614636059	18.634844709438	14.0237920035494	-2.13922758353675	19.1330674431738	13.8640330811885	-2.02775231714918	19.1133126178591	14.4188763580389	-1.91718127684375	18.9828389637319	14.2185157923353
MMP7 THBS1	-0.652847530589747	17.8870208124843	12.4523099465695	-0.200573591352834	15.7985026129039	11.4940497048554	-0.59223872350848	17.4792365248721	13.1276528834685	-0.415492549111992	17.0161985089423	12.3558702936048
MMP7 THBS2	-0.737165076980243	17.2752148603521	13.452356097086	-1.80871543566184	18.117005981972	13.3788167110914	-1.60541401736637	18.4040239443152	14.1473047118021	-1.31490525001538	17.9105210250143	13.816724245835
MMP7 THBS4	0.131203865807169	14.2075512889126	10.975934885106	-0.571659709193244	16.9515094556339	12.1698443562687	-0.233639673423296	16.1707859071232	12.0618052707436	-0.196727650126967	15.9722856155745	11.9344426757946
MMP7 THPO	-1.04085745148193	17.7948503426663	13.8173224026102	-1.55846420575099	18.5399384642768	13.8044316750795	-1.18549029222336	18.5313119475143	14.2547381607927	-1.398451693924	18.547550647493	14.2462055438535
MMP7 TIE1	-2.54951623567445	19.8064524742468	14.6254134154794	-2.01951155157442	18.220852263885	13.0595115318686	-2.932311600216	19.0655250600392	14.3139480002492	-2.38958526352566	19.218589487216	14.1304263801433
MMP7 TIMP1	0.432619414950253	12.927535181588	10.1204810020573	-0.511452012032298	17.6550166828278	12.037951009178	0.0459946819338624	15.8777280222272	11.374885221109	0.0433588198539138	15.7080445384292	11.410282096699
MMP7 TIMP2	-0.202065518673001	15.7224447635523	12.328272617759	-1.13811240232133	17.6251276617299	13.1406180669415	-0.713954009217727	17.168324651333	13.0856481845352	-0.738334491353116	17.030867807231	13.0290544301775
MMP7 TIMP3	-0.901871202353312	18.3287968418961	13.478670732771	-0.995103459632712	17.0767749423233	12.2887754394493	-1.15148197261493	18.0276690330565	13.7946964534424	-0.948473111211384	17.7719039946537	13.1599301839436
MMP7 TK1	-1.48019866620325	18.1937228771147	13.763616781373	-1.87523279709805	18.5296475428411	13.812431994286	-2.30702496332605	19.2477066222417	14.6182153815231	-2.16539446655779	18.9355347971045	14.3586328992015
MMP7 TKT	-2.46927048369217	18.380506491776	13.7874776661022	-1.41079526182842	18.3656511518947	13.3981379127939	-2.17482784018355	19.1018940587642	13.9916205404468	-1.98200726380821	18.6561115195832	13.9157463401953
MMP7 TLR2	-1.5497669566298	19.0871040818935	14.2755938511557	-1.85284199507489	18.625756059709	13.7444222047044	-1.69115234153431	19.1527766597763	14.3944970387602	-1.87002339305712	18.9949801697112	14.2991688361073
MMP7 TLR4	-2.23935135835815	19.0304267252369	14.1151512834926	-2.32022521796536	19.17956812581	14.0211000348663	-2.48847689976903	19.8030941369215	14.7965122697324	-2.58988910061098	19.4969916504129	14.4684838821694
MMP7 TLR4.LY96	-2.57555771323643	19.264819302659	14.7087000366866	-1.45788201891651	17.8268244652683	13.064805374499	-2.29788235909529	18.8364107666881	14.1801274275713	-2.21130497093955	18.761803026152	14.2346014907036
MMP7 TMPRSS15	-0.119016944946717	15.7766453424799	12.1378658761732	-1.29173057457639	17.6378986009405	13.3097329954033	-0.882771338644185	17.6801851826725	13.7577925035697	-0.803288166164264	17.2477432147013	13.3556670630783
MMP7 TNC	-1.8271062379284	18.6025273717475	14.0086677653734	-1.58686324857285	18.3766409027796	13.2319647326018	-1.75192795506662	19.334450827934	14.4127675576156	-1.81513413426253	18.8062405377579	14.0291431533161
MMP7 TNF	0.272663613086541	13.9230963788251	10.4388786069413	-1.31996774430503	17.8984986955257	13.5787754031903	-0.447804600381544	17.1678730174912	12.8541182407306	-0.445179030427894	16.3752943096815	12.4410036537454
MMP7 TNFAIP6	-0.172087783300748	15.9910908760871	12.4634535071507	-1.38150759469139	17.8642794228414	12.8098796737176	-1.01906339110259	18.3022763593467	13.6095555295756	-0.728299504124943	17.3368404484671	12.9875962317369
MMP7 TNFRSF10A	-1.05683928402707	17.3792217966344	12.7613613758797	-1.73998513083399	17.9181066324033	13.269311965254	-1.71558321826767	18.5415887752798	14.016314698	-2.00912696702158	18.2851779296538	13.8397066833589
MMP7 TNFRSF10B	-0.182303540385063	16.4233986779193	12.3598197203835	-0.824126320793266	17.0155037946018	12.6503038224737	-0.695374440757622	17.4880667742178	13.517121807986	-0.572082510120448	16.9310350481673	12.9414389697326
MMP7 TNFRSF10D	-0.609004391623274	16.8932802735388	12.5534430648386	-1.00092467465744	17.5921622794338	13.4199573913675	-0.669544990544468	17.8849326785358	13.2462876543268	-0.909182912902354	17.5921324184322	13.3812252321312
MMP7 TNFRSF11A	-0.200580705155823	16.8107604632563	12.1998442651901	-1.67665614020761	18.3073256113691	13.7682570242518	-0.760029502195007	17.7471293898121	13.6557314262313	-0.80151557663113	17.7908282021911	13.3696229355687
MMP7 TNFRSF11B	-2.6642018267285	19.6152639479585	15.0894284607159	-2.59808398136872	18.7234888025206	13.8871563305607	-2.7358203297175	19.3111813000216	14.6151627617153	-2.95551902111068	19.3383974647121	14.7336837012493
MMP7 TNFRSF12A	-0.739084603183218	18.3046656651516	13.619672694274	-2.45529311571149	19.6413432566566	14.298830041407	-2.1401722568637	19.4443089735957	14.6625519296872	-1.68064382241558	19.233586338316	14.3045670486255
MMP7 TNFRSF13B	0.173214810814415	15.3354227754032	11.7404402423774	-2.07449620618922	18.103833182776	13.6554729537954	-0.460703468679522	16.942041698483	13.2154958848166	-0.512045563482615	17.1802029101032	13.084817534103
MMP7 TNFRSF13C	-1.03279628556299	17.989280393622	12.9885386167365	-1.56837749359486	18.3536757240525	13.3592716587043	-1.23726167130283	18.5893776691775	13.8011811176928	-1.42861935708275	18.3733688556066	13.6093699926264
MMP7 TNFRSF14	-0.265687647048738	16.861195503491	12.4871097868455	-1.63301823736682	18.7732882488408	13.5129670260909	-1.10255896669727	18.6366013602848	13.9379476590324	-1.00774666537074	18.265941455843	13.5952334776822
MMP7 TNFRSF17	-0.714262584187076	17.1457308604568	13.0205353565048	-2.78980825036781	19.3365604283365	13.9722955757104	-1.45970324122206	18.6880667509914	13.9342367328344	-1.20765360760202	18.5559964903483	13.9724485877116
MMP7 TNFRSF18	-0.929903753635829	17.1637242642991	13.7388475898853	-1.54501270756015	18.3612687087204	13.6187010012109	-1.22163643516971	18.1493624024569	14.0168902424746	-1.7683045628153	18.2136233968864	14.1238707171377
MMP7 TNFRSF19	0.288055680334961	14.0710735707796	10.0116301691678	-0.7315437276116	16.8333240169284	12.2944373709976	-0.160463994947082	15.9072315606207	11.5115873960257	-0.196081615999968	15.8017711334631	11.4515505785081
MMP7 TNFRSF1A	0.525072132285294	12.2664674214204	9.15620835833539	-0.163692348638967	15.2871458390065	10.8684426751597	0.170334644049708	14.3270187115273	10.5259155484411	0.286722230817507	13.9513031148072	10.2976384834845
MMP7 TNFRSF1B	0.0117086988304621	15.626576057092	11.0907531137703	-0.434967926883501	16.1700370627894	11.4695720388092	-0.159831189973709	16.003426127727	11.5258656897377	-0.174345681673324	15.974888054281	11.5192516195148
MMP7 TNFRSF21	-0.757444191623372	18.0994835771808	13.5998757018426	-1.85470187257554	18.7767451993244	13.4103721546563	-1.91206508997893	19.4214549908489	14.415933306609	-1.4322517460012	18.7631967320423	13.9402985651658
MMP7 TNFRSF4	0.174884611565153	15.0522344983807	10.9494697588155	0.0306092759143506	15.035758452448	11.3489874365122	0.153195991331978	15.1536509479336	11.3215606549981	0.0821964727053636	15.3702954647451	11.377710145964
MMP7 TNFRSF6B	-0.105159649148378	16.3268551526895	12.7005661933697	-1.65471418827594	18.2944811300379	13.3900985405529	-0.925469130117448	17.8889225030842	13.4868704482601	-0.718036158662353	17.4850286470043	13.2532804324002
MMP7 TNFRSF8	-1.60516190215681	18.9722264672485	14.0711306278015	-0.830305746882082	17.2642688668808	13.0490873356689	-1.57565727084699	18.7649018211748	13.8200793962916	-1.32217356043486	18.3620775604637	13.8130568474758
MMP7 TNFRSF9	-1.13809608252413	17.415846534055	13.7658427514851	-0.801596977056469	16.9587438840294	12.658776381506	-0.979379823707223	17.4567284605505	13.3086054123821	-1.04445432907295	17.5229011309494	13.5537301407438
MMP7 TNFSF11	-2.29037674736328	19.1533505055169	14.4473598210517	-1.86126832774703	18.5713333918422	13.4380080496188	-1.88491288724578	19.179144626794	14.4261720375813	-2.14441309276001	19.2286834309865	14.3604836170515
MMP7 TNFSF12	-1.29022973655824	18.2940650957368	13.4166447623339	-2.2347408526807	19.1396660681037	14.1743201942129	-1.50696306362917	19.0290536108597	14.1528894670354	-1.70461035041378	18.8978102602274	14.0795012546843
MMP7 TNFSF13B	-2.39049221988648	19.3062937065799	14.5902734225688	-2.49578680664542	19.003469380483	14.0765510667244	-2.35542098857468	19.4610990344325	14.5732324886567	-2.559748270564	19.3383616578121	14.5285096252494
MMP7 TNFSF14	-0.616366244426238	17.3219284152164	12.8096259020308	-1.68297129029187	18.7435788257306	13.6897258327791	-1.16022799146768	18.3069118302676	13.9588604390436	-1.33714263009181	18.2993082782909	13.7687359622894
MMP7 TNFSF15	-1.33301029368044	18.3920611992592	13.9144962437706	-1.36138484857534	18.0202078959189	13.1033154626994	-1.45268102801967	18.5846565014683	13.9231953697243	-1.83686406337811	18.5998002919933	13.9836867583194
MMP7 TNFSF18	-1.50815837613079	19.1335328339485	14.3375623896547	-2.65525224559481	19.2855215227078	14.0917338832085	-2.53884768173586	19.4125262607046	14.6028519574963	-2.7917260974167	19.495091733947	14.6874023695089
MMP7 TNFSF4	-2.0960778428607	19.3419146111181	14.2757515628402	-2.72099653568196	19.3385989420256	14.1692579353984	-2.91967785754875	19.7745875078784	15.0667381992948	-2.71912994372459	19.5407998694062	14.6176675150204
MMP7 TNFSF8	-2.50952065022972	19.5593129972195	14.920933006056	-2.77118117126357	19.2643462661763	14.1445955442899	-2.70869990099092	19.7531333315622	14.6217701871387	-2.65852838473362	19.5556219250195	14.8180965791835
MMP7 TNFSF9	-2.61641953058663	18.9181100068201	14.5488215797365	-1.25144754827557	17.7144865126534	12.4574197180339	-2.47041733192271	18.8944883314681	14.1611238786638	-2.76920304394688	19.0006510181593	14.294372228216
MMP7 TNNI2	-1.60652266367112	18.7469921022477	13.6584413231484	-1.95449998877832	18.0846745483399	13.3828335077927	-2.38103677772387	18.9760072973064	14.1614710610183	-1.96928357685967	18.6829252118551	13.9041955134979
MMP7 TNNI3	-0.628871113446252	16.9153438633151	13.2519124472453	-1.9948733182477	18.3159008296377	13.3877784579107	-1.07220764130649	17.7322507265728	13.4495942783001	-1.09202335968178	17.912563246211	13.5237682177422
MMP7 TNNT2	-0.259455007561977	15.8983768872743	11.1504462526037	-0.475192072488469	15.9505368899855	11.6374620339466	-0.452554835909579	16.5277334871263	11.9891583325807	-0.383156106947916	16.1062347215015	11.7708089494129
MMP7 TOP1	-0.731931303749187	17.6266347034823	12.2497800367793	-1.671411397961	18.812396120386	13.9213792356695	-1.43176917085109	18.9124765437319	14.1081019225789	-1.56498092568843	18.6056716522715	13.5707809127809
MMP7 TP53	-0.510018262274021	17.4862448130733	13.3105827293529	-2.50928653983403	19.0775264217023	14.069581536647	-2.62108844372391	19.2708144164421	14.8139909501087	-1.73089490277654	18.7112101491527	14.2526704558309
MMP7 TPI1	-2.34824652214663	18.3050585874008	13.7622129298948	-0.996079538734888	18.0188951762473	12.9485134937705	-1.86560378815915	18.6535113814047	13.8221824823035	-1.72729544375024	18.4452410488975	13.7281353063264
MMP7 TPM1	-1.6349039059967	19.4147242553253	14.5478392917529	-1.57497249658593	18.49722362604	13.2533060879072	-2.41263213857026	19.386758854707	14.4829795621055	-1.83661051359481	18.9700481788259	14.214187064236
MMP7 TPM2	-2.45996445339195	19.4100532656179	14.8395821330953	-2.94009654673221	18.735819995555	14.1841395176153	-2.43758189036078	19.3358004707386	14.7445221491449	-2.95543399462768	19.4106677219807	14.8946581244384
MMP7 TPM4	-1.36588903609423	18.6054146141548	14.3000343228887	-2.85585968345986	19.1406378663259	13.9881392331559	-2.43688907119973	19.1393015746078	14.4809806720174	-2.16049431820944	19.0559304397732	14.5608473534944
MMP7 TPO	-1.11095119152832	18.8551691658343	14.1081909355711	-1.64665117986785	18.336619989269	13.9497021694347	-1.72742052666603	19.0016985950774	14.6574002025247	-1.78750370425164	18.8403942614051	14.5079259461476
MMP7 TPSB2	-1.20949993194201	18.3745129812981	14.0007568175596	-1.80776594126343	18.8432528503986	13.5590875941981	-1.95050916527644	19.2585675762327	14.6158785263464	-1.6240642493294	18.8639017414228	14.1370130497637
MMP7 TPSG1	-1.68060623880874	18.7681486480982	14.3250271731178	-2.36827721795224	18.963058714244	13.884897339307	-2.5196351837727	19.3411608339492	14.755677540265	-2.63005928471716	19.2993511523893	14.644987093501
MMP7 TPT1	-2.69691166094107	18.9196853360105	14.3883418096915	-1.38480381067916	18.1286214234898	13.009472568253	-1.968175078901	18.8328372422831	14.0767910828643	-2.05560766573518	18.605014639642	14.095737564169
MMP7 TSLP	-0.839408843062275	17.6306058170744	12.6392263231232	-0.517623853914823	16.7341077558559	12.2968297253889	-0.878346848699234	17.5037666735439	13.2029872570451	-0.794408195982943	17.3225460673298	12.7554941219817
MMP7 TXNDC12	-2.51827907288231	19.6021292447679	15.0181742000505	-1.95324603647475	18.4534864496851	13.2426490913374	-2.45158883278224	19.3228541855246	14.6396372793091	-2.47282272389348	19.1878306392283	14.5013383634167
MMP7 TYK2	-2.75355716159767	18.9652701563096	14.7101302028668	-1.66285862047219	18.0006149481251	13.1055379403909	-2.31159217261416	19.1329426506891	14.2442545601156	-2.55078565899714	18.9452665696321	14.3279652338971
MMP7 TYMS	-1.63343067438788	19.1561883270208	14.1668114650539	-2.69016045774483	19.2677657988624	14.2531623478602	-2.49132361947667	19.5958491129432	14.6255537754158	-2.47825765306444	19.3907401195474	14.4760984273918
MMP7 TYRO3	-1.18141122098672	17.8046443185911	13.7673405527668	-1.55937289286958	17.5850446462647	13.3123421051587	-1.22501891358121	17.9314836103874	13.8871296383671	-1.41436394390611	18.0154926069545	13.9172481026157
MMP7 UBB	-1.06737247949058	18.51828127921	13.4233142173754	-1.31594864004378	18.9286629997696	13.2705208698697	-1.41948592665685	19.3374815054194	14.4770378254363	-1.5262681457002	18.9399343439615	13.8884080646519
MMP7 UBC	-0.667088642278811	17.2246828196244	12.8408410623536	-0.712902448902329	17.3041961953198	12.4111023723362	-1.05254441901429	17.6651682669815	13.2701672848881	-0.878743448362677	17.4819269001458	13.1867129743014
MMP7 UBE2G2	-2.29677856692893	18.7194872114608	14.4891271376568	-1.9717628034322	18.4525908632202	13.4249938479159	-2.10120972307511	19.1514962792632	14.1508982965469	-2.32350488351244	18.895473770024	14.2717098674435
MMP7 UBE2I	-0.958533540911558	18.1317966111544	13.2002105163915	-0.862973765507021	17.1454588913073	12.3063613298751	-1.20175586318589	17.915074785207	13.4445139952994	-0.970766971373002	17.7597877063799	13.0553763781876
MMP7 UBE2L3	-1.80921493752131	18.5252070672579	13.7693299985998	-0.895365511584983	17.0472596764584	12.7743881574087	-1.64967391366179	18.6135937624639	14.1645243546189	-1.41558731251647	18.0131048117101	13.5955338856035
MMP7 UBE2N	-1.64689600061858	18.5010390689042	13.4831621314886	-1.2886389263545	18.0654625333925	13.2250501342219	-1.82043487561829	18.8232843561763	13.7801321738999	-1.70972616482511	18.4906583290528	13.6799536239686
MMP7 UCHL1	-1.74751616600586	18.2667817303858	14.344366874656	-2.59204723013387	19.1183043711027	14.2393813988872	-2.46134481359754	19.0772496868628	14.633541059706	-2.40228420037758	19.0598433745173	14.6733503062731
MMP7 UFC1	-0.853838204168762	18.3474404585141	14.027384939781	-1.29936814303993	17.9910300462125	12.9747262958309	-2.19054179378855	19.0249240672731	14.4000386077721	-1.39720120463338	18.4421514580611	13.966320954122
MMP7 UFM1	-1.02768026187424	17.9938438868273	14.111084870964	-1.23558239595315	17.7172388493927	12.9058483920081	-2.13502698591462	19.0168473549586	14.3830218359478	-1.35347833479523	18.1297436359299	13.8877131013126
MMP7 ULBP1	-0.999356095770913	17.5131363528733	13.5407299815932	-2.1642604728626	18.9338467477673	14.097644705669	-1.7122815217331	18.6192419152186	14.2921795255593	-1.78769341920287	18.4999997059081	14.2429225427182
MMP7 ULBP2	-2.19608639427299	19.2379633615443	14.9286125224485	-2.31805344106662	18.8701738974639	13.9074341352055	-2.47099529275271	19.376763292135	14.7865765595308	-2.93328565243045	19.351894546778	14.7664057476885
MMP7 ULBP3	-0.741755819570588	18.1802506944492	13.4146910142904	-0.513186132536504	16.8896180303953	12.5394802766181	-1.017600900464	17.8660011582419	13.5345885037959	-0.787762104871817	17.6868602431539	13.2334556593297
MMP7 UNC5C	0.0559145227219824	15.5551662491412	11.7038494735479	-0.381942611273826	16.4049200744455	11.5697625436704	-0.291825351745745	16.6372174717658	12.3117738561741	-0.239058920386061	16.2753084793173	11.9706841793257
MMP7 UNC5D	-1.3758863427514	18.2806078154926	13.9309554695955	-2.56371981526392	18.7132901438654	13.6809695201638	-2.22817002887823	19.3919559431232	14.4053564179672	-2.13002153860863	18.877612306495	14.1778585318512
MMP7 USP25	-1.44804318960281	18.275414574006	13.7577897740605	-2.06562134379873	18.8841347362653	13.8479526227217	-1.57532964813564	19.1905238067802	14.1843151532239	-1.96947442443582	18.8342125628666	14.1321080840006
MMP7 VAV1	-0.87638673254882	18.2647188639045	14.0562466469303	-1.55882097383831	18.2526324476973	13.5982710049228	-2.55637720973172	19.346455179265	14.6831609730811	-1.46953261262361	18.4953906509905	14.2825686837248
MMP7 VCAM1	-0.735220773084411	17.4924080489352	13.1467624294789	-1.67364730358108	18.2443535219748	13.2350000261105	-1.09705450990841	18.0396067403863	13.611779238961	-1.16919517002291	18.1262951026012	13.6862341076811
MMP7 VEGFA	-0.0290205670954955	16.2927677040602	12.3101137989905	-0.089297483364045	15.0927316484237	11.4935491283527	-0.149857088526818	16.1342258005586	12.3971766859014	-0.106635793059468	15.8182485435377	12.1128340095647
MMP7 VEGFA.1	-0.768972658418059	17.4925019700618	12.9569771980608	-0.928814628673421	17.6970269498669	13.0751312546138	-1.11671393715246	18.1789811006149	13.9681355409556	-0.951848536149795	18.0049456121371	13.5896709844487
MMP7 VEGFC	-0.583225381195805	16.6832504169937	12.0791215155104	-0.613237149589591	16.7211012179578	12.1833441177034	-0.608267338949075	17.0791790404272	12.8310229124049	-0.661765949467295	17.031123045002	12.5989629900627
MMP7 VIP	-0.988201242257136	18.2250017177525	13.3506155579965	-0.840926600434089	16.767499795257	12.7193712767498	-1.1269522441047	18.0208823569601	13.5484811063489	-0.93715860449415	17.7037078719496	13.275193113753
MMP7 VTA1	-2.85621811500638	19.1282925468028	14.6934733870586	-1.64109490235269	18.354924805593	13.4199667350344	-2.60979893432301	19.3633960232296	14.5604549895313	-2.34680650157771	18.973918622886	14.3484882607595
MMP7 VTN	-1.90382381934494	18.3821094119938	13.2974728683148	-1.7720653985718	18.2030285534219	13.3735967417863	-1.8694859852137	18.2953718302409	13.7438069864832	-1.97786759273973	18.6244564966127	13.6935909765513
MMP7 VWF	-1.1798215533266	18.5727028817702	13.7782465917623	-2.07076700058074	18.6787359917944	13.919164234975	-3.23931323609678	19.7345615360739	15.0255092682358	-2.27810398742912	19.0551273060758	14.5134393844959
MMP7 WFIKKN1	-0.931849402073559	18.0282981828597	13.2939682834187	-1.09868950291421	18.0383462806097	13.2042701590496	-1.61735215276505	18.9834086309595	14.091271004134	-1.34447720722551	18.4883342280445	13.7259598027911
MMP7 WFIKKN2	-2.69456631478606	19.725167907244	14.6278334187435	-2.63254641198323	19.0534791641292	13.9258263982373	-3.36068008454351	19.7104348059739	14.8711506546193	-3.28198517575681	19.6346635394767	14.7043343013875
MMP7 WIF1	-2.03171383222371	19.1818491261626	14.447202584862	-1.69462991359735	18.2455124054655	13.3526633948948	-2.03218567454698	19.282988399316	14.3747247705198	-2.06246618590823	18.9074083134676	14.3607951217296
MMP7 WISP1	-1.92242847186098	19.3497601810185	14.3072231457811	-2.03576182170104	18.3672001571309	13.594878009116	-2.18957770374659	18.7723737766821	14.3258866423271	-2.07395476263309	19.0016805904921	14.3503956204767
MMP7 WISP3	-0.3747581075014	16.4115506897597	12.3560387910038	-2.21476290323439	18.8296866891407	13.5207114629131	-1.0991034213608	17.9029991845313	13.4805441549501	-1.08090187227798	17.7416982572771	13.2544248634333
MMP7 WNK3	-2.0475507458538	18.4479317345976	13.9550689575962	-1.58460956633462	18.1909195533238	13.6125517301063	-1.74754785814017	19.1394286755634	14.2620079496489	-1.97210861054093	18.7056177270763	14.0798515227042
MMP7 WNT7A	-1.41417040367513	18.5599961774438	14.056355871804	-2.12479720400133	19.2174941560372	14.0766943078306	-1.90150699814314	19.2619470289593	14.5542810522087	-2.21664595930396	19.2638953274296	14.6179437477891
MMP7 XCL1	-0.706604934382443	17.2835091455691	12.9680712201266	-1.52291533825301	17.8508882524278	13.4119793763089	-1.29439651439577	18.2697915510211	14.1227557918567	-1.37028009462707	17.9025608626849	13.6744500409336
MMP7 XPNPEP1	-0.378609781834977	17.5622394157393	13.2366810228088	-1.24154169155429	17.545040878871	12.8910080532512	-1.12905571768243	18.7493834972551	14.1152857724406	-0.82232755532604	17.8799574685575	13.4781482135109
MMP7 XRCC6	-2.15805198987943	19.2933555139953	14.498702309788	-2.55914965384784	18.8516424640973	13.8853121772152	-2.92046581671238	19.6743284296343	14.9428198723534	-2.86425211200509	19.4363029403061	14.6909135342464
MMP7 YES1	-1.37713448097666	18.5985455624232	13.7190563763728	-0.436104433511097	16.1319227917963	11.5584528325654	-1.23682515907431	17.8600414949495	13.2954581425063	-1.03156403960644	17.7143751699332	13.0567536398233
MMP7 YWHAB	-2.66211868324345	19.2794799241243	14.6402385708424	-1.53700269611255	18.3757343995989	13.4303298999396	-2.6794000890284	19.2589364654055	14.5462255361469	-2.41628936770708	19.0703442417403	14.5054563352976
MMP7 YWHAB.YWHAE.YWHAG.YWHAH.YWHAQ.YWHAZ.SFN	-2.34579591528108	18.8494808825888	14.059787625849	-1.42155580378781	18.1989310819155	13.1225188018599	-2.14412037399692	18.844811377308	14.1518332259743	-2.17006826580388	18.7681985111451	14.1723477073705
MMP7 YWHAE	-1.08925976229903	18.5809928323017	13.6046387152557	-0.80525617463373	16.6289529076845	12.3424998963216	-1.16900032952053	18.2104267119157	13.6931487955171	-1.03539611502576	17.8326854117925	13.3582442761684
MMP7 YWHAQ	-0.772526586513788	18.0255716734206	13.754633283037	-1.29036236208853	18.5683161421037	13.4261114847423	-1.39235619118185	18.6058054462342	13.9692928121924	-1.14894789725876	18.4760773105099	13.8967454388371
MMP7 YWHAZ	-2.30354260122597	19.0477928069872	14.8524312604654	-2.96327444698199	19.1885093478484	13.9974075231016	-2.98762000675505	19.6613417461849	14.7143546751328	-2.92018916677305	19.346440340737	14.8508645896026
MMP7 ZAP70	-1.35328455899409	18.7845158047309	14.316589373648	-2.0200082848137	18.3577334795883	13.4297286576604	-2.18149498498634	19.1789764057453	14.578461244812	-2.33273553973976	19.0054354004602	14.3988407539538
MMP7 ZNRF3	-0.804695705507257	17.8098381450212	13.5705492810834	-3.04902791334811	18.6858240855306	13.5400877208204	-2.08619057134597	19.0638954686651	14.5602314391186	-1.70543012195508	18.569627595194	13.9683438597697
