protein_name	r2_male	rmse_male	mae_male	r2_female	rmse_female	mae_female	r2_all	rmse_all	mae_all	r2_all_sex_adjust	rmse_all_sex_adjust	mae_all_sex_adjust
MUC1 MYBPC1	-34.1971934269309	21.9216111473473	17.2628696093048	-4.32753475167832	20.9919657239328	15.3246388709354	-15.3583236499832	21.6248423479543	16.9332885539214	-10.0960841678655	21.6738054514111	16.6345520308696
MUC1 MYC	-16.8236603820787	21.2375555960544	16.9906825340157	-8.72078130005324	21.0935547129212	16.0581579094226	-12.6471800913223	21.6030482116637	17.0000032397105	-12.412624295072	21.3811257123518	16.8336675952588
MUC1 N6AMT1	-26.0248866138487	21.8368968815779	17.0879096523414	-4.7345333757988	20.6723425932547	15.0748179454592	-16.6897269207157	22.0247185743469	16.935409240216	-12.0140234671181	21.3713042220385	16.4581096194255
MUC1 NAAA	-5.971217701586	20.8435875898467	15.9785621555531	-10.2222321578592	20.6951000300444	15.8316497060637	-18.0734945676928	21.5626382843264	16.8597069487313	-8.04316531979352	21.1253275242388	16.2120183822231
MUC1 NACA	-14.5212462581973	21.4689190835259	16.5304084023842	-3.61603466593501	20.7806984453276	14.9375426529777	-6.48065459351186	21.6383938588728	16.0771782131834	-6.98888888891553	21.5476250661682	16.0746369686542
MUC1 NAGK	-7.00554095128102	20.4627047718731	16.0826734357674	-3.80339045780753	20.1405811629114	14.6826398865634	-10.2460088753096	21.3259956347234	16.555052321443	-6.19298470382753	20.6112791260331	15.8013650675352
MUC1 NAMPT	-2.5039782024375	19.1672411980125	15.3738368930506	-1.66517460577544	18.363991020024	13.2264720086789	-2.83276856037904	19.8286780331581	15.4585369962546	-2.60887606468023	19.0360469916754	14.6706389392183
MUC1 NANOG	-8.96837220957043	21.034028091639	16.6382805764523	-6.21343392958312	20.5009934873962	15.3049784369779	-20.8740831500352	21.4062036592188	16.6489051360987	-13.0049606866004	21.0980117420728	16.5227798932982
MUC1 NAPA	-8.59589050001226	21.0238992901978	16.1192309309761	-4.56550357883834	20.9056284363664	15.4897450981021	-19.6485179608699	21.7623117329391	16.88828012116	-8.7710001018602	21.2151702723162	16.2983836586699
MUC1 NBL1	-2.14596164324089	19.122111082789	14.4400852088885	-1.23304092477378	18.3848702712351	12.4769304767286	-1.94059180499399	19.5875700604665	14.1353793265385	-1.85122999433444	18.9293791682564	13.6859631946041
MUC1 NCAM1	-16.3451686701427	21.4586018038901	16.494876092504	-5.47170340565954	20.7807064003772	15.804396089897	-25.3377162501257	21.8154927737348	17.0901091730492	-10.3543372964536	21.4232992383122	16.5747847472736
MUC1 NCK1	-41.3858976488817	21.8098422401573	17.3334417673062	-3.02907032684882	19.5392275499676	14.6210131842854	-30.0064692471179	21.778104043148	17.2765276968423	-13.561997239063	21.3825004180086	16.7432460953957
MUC1 NCR1	-7.94837414242481	20.8233348149796	16.1362333364958	-4.25414080192604	20.0177506653263	14.8135903461899	-10.4875503654081	21.3008762942298	16.2495453587847	-7.45648190500729	20.8522486077188	15.9549964019114
MUC1 NCR2	-2.467243516992	19.2040822043948	15.4022081227776	-1.42875971332443	18.9555939583941	13.3752311414726	-3.18377359738683	19.8944451075549	15.5510886197435	-2.40052789026397	19.7629967813903	15.2232116070984
MUC1 NCR3	-2.89063537141765	19.5576514198404	15.406816056203	-2.69810138427597	19.7142529109658	14.4568092474086	-5.81786135500012	20.4898328013511	15.9914046526178	-3.23014424379823	19.8415238426809	15.3517652017806
MUC1 NEGR1	-1.06171483565916	17.9897221318608	14.1127015481296	-3.61562050185393	19.7851303115417	14.7712257968069	-4.71160814092173	20.1258291154763	15.8302259959373	-2.34461824678316	19.1173048730172	14.6435589216959
MUC1 NGF	-6.63020213607495	21.4497439677555	16.0767659036054	-5.99363562338057	19.9314795089181	15.1702033329973	-16.6295671308844	21.3681771339724	16.6699955905311	-8.41993713063023	21.0040347329792	16.0435351408881
MUC1 NID1	-19.0445631110234	21.5552606617696	16.9974137488674	-3.68095661456471	20.1005438656561	14.6889672918962	-8.67185842948103	21.285814070287	16.2178542362532	-9.01351199413355	21.0745303939694	16.1827274529324
MUC1 NID2	-11.9991739631399	21.5870690745394	16.9160583114034	-4.92218446930616	20.6054528054168	15.0872939912843	-9.29707499255777	21.5544886037755	16.4741718471004	-8.73009898704425	21.4489452540263	16.4062364131008
MUC1 NLGN4X	-0.0723175576264661	16.5538105833206	11.98732598856	-1.11731869619441	17.3829459954768	13.0231884154171	-0.847081417988845	18.0521587264716	13.9121288139118	-0.564607990212592	17.1465449871211	12.936793334595
MUC1 NME1	-14.6901671225912	21.8937926938855	16.8805394982173	-5.6321686285792	21.0162822544621	15.5253205179731	-20.829008192968	22.0562718311419	16.9701095372652	-11.0690735422955	21.5991206330884	16.5505241201619
MUC1 NME2	-3.47091482109751	19.9858312351148	15.1863894457296	-4.5054850958146	19.9117448769082	15.0569871437544	-8.73089746410153	20.9358742593856	16.481021527539	-5.72562449436155	20.3306730897748	15.7209241067484
MUC1 NMT1	-6.39908487472496	21.3544755392625	16.3147943024265	-5.6622205304317	20.432620608203	15.0026604998785	-8.83419231303434	21.8436087682878	16.7040168576126	-7.68997323288911	21.1800064760658	16.1499204314133
MUC1 NOG	-7.53174414071937	20.9516096494849	16.5098101288392	-7.50613394451184	20.3087451049334	15.1347204086578	-15.2695918724397	21.2734989759122	16.5959465218128	-12.8621177542571	21.1069063733128	16.3972925094936
MUC1 NOTCH1	-5.39028414461299	20.3306719479089	15.3739809146962	-2.20383072931085	19.4166533029655	13.5440647243757	-3.24870443482893	20.3767902681777	15.0035336928442	-3.53453551218355	20.2796516044258	14.9080296981425
MUC1 NOTCH2	-3.68042639178384	20.6322834264947	15.7113746596193	-10.7949949053341	20.6756324406669	15.4767551788586	-8.37593908200987	21.4406785688727	16.5680470823116	-6.67224441833349	21.043254356742	16.0823670020065
MUC1 NOTCH3	-0.780977823950418	17.2413741086846	13.4790693816255	-0.943751708500861	18.3435767468218	13.4070878929057	-1.06260329115975	18.1416434380306	13.8374901298589	-0.888241174292412	18.0798228389023	13.7742505430515
MUC1 NOV	-14.231830702957	21.0410953953478	16.7763851507083	-2.45995903264883	19.0132475154905	13.9985751468052	-9.44171114913167	20.8280856901571	16.2558448740038	-6.72180363127827	20.3491543902782	15.7483372825743
MUC1 NPPA	-0.802831151084167	18.366580796267	13.6725812166174	-2.01084314875448	18.6951605646143	13.9537511948019	-1.48244396748432	19.1275800386047	14.5711257465745	-1.33086863567719	18.7390641208398	14.0819147365815
MUC1 NPPB	-0.369093140498246	17.8878262357419	13.5779057222975	-1.39246142304645	19.1610617268284	13.9151516882021	-1.0489423509691	18.5162707835248	13.9238803503142	-0.83900554678752	18.7256357814708	14.019973757008
MUC1 NPPB.1	0.294860974824409	13.807710098083	10.5947046663127	0.126327072261324	14.5177237343848	10.7559674625651	0.0575816039450332	14.9473402134546	11.3426122809902	0.204007138170603	14.2750561050512	10.8179994010515
MUC1 NR1D1	-3.41872715490578	19.6470301598634	15.6970017232824	-2.19615702878758	18.9904909916283	14.0001767362896	-3.24606191041059	19.5520766099599	15.3948679022736	-3.23974292583981	19.7009535028449	15.341586104106
MUC1 NR3C1	-11.0732986599159	21.4221687586919	16.9782555743558	-4.2611669415426	20.5598079622315	15.4403190532219	-8.17046093124984	21.4580804910648	16.643674135935	-7.36537887997269	21.2479321717969	16.4777250914206
MUC1 NRCAM	-4.76002260030641	20.419668440903	16.1362667213944	-3.91275460183111	20.0482256568664	15.1656031597566	-5.1149442856035	20.5907893768772	16.1652694918114	-4.83396837141605	20.4689256475314	15.9396913347105
MUC1 NRG1	-4.1503970552359	19.999009770359	15.4827630474316	-7.93202803256992	20.6957934368217	15.5990450296596	-8.45118636656764	21.2788836118343	16.6919260468951	-6.92377677165063	20.7724930330535	16.1208773038327
MUC1 NRG4	-10.7169592836461	21.0801588383406	16.8829942063159	-8.45413091738168	21.1861167141242	15.984115714841	-22.8097348792172	21.791143990933	17.0937137376402	-10.9151410067013	21.2814215982099	16.5984102355963
MUC1 NRP1	-13.2700774694134	21.3709017340219	16.4603634354009	-2.63037671803473	18.6708403531206	14.0377215597485	-16.8996717231943	21.2667091987523	16.6750609471685	-8.37096376575744	20.4349447297787	15.8231921924441
MUC1 NRXN1	-5.15376782512681	20.0115600679487	15.6329874306074	-6.03417402571595	20.5419899622197	15.0887983665835	-8.88878948719754	21.2287678624837	16.0463871095544	-6.30449034961307	20.6169939741603	15.7976787511438
MUC1 NRXN3	-2.22760203723356	18.5417804423161	14.8076737359484	-2.83056519199491	19.7229365258598	14.3880869025964	-3.36750738317506	19.7657955780516	15.3864858488975	-2.4963840917961	19.2947279085486	14.809185987404
MUC1 NSFL1C	-2.62187405082547	18.6075090402936	14.3138061200487	-3.60137321270698	20.3467833688457	14.9268651110905	-5.73942577375982	20.3427721668956	15.8192322585921	-3.50837179696862	19.5673381892998	14.9916937513843
MUC1 NTF3	-5.37363289742223	20.8520110990298	16.0545779706686	-3.02134891630196	18.9002878773044	14.2816705116858	-3.08982994952146	19.7864292250256	15.3069673958217	-4.82489005400462	20.0062029778285	15.546717335405
MUC1 NTF4	-14.2285521690338	21.1298056291036	16.5221069362508	-3.76693442820737	20.5213769736909	14.9310899650192	-18.7858874000086	21.7184252749218	17.0204500140056	-8.68380115703259	21.0863117921557	16.1419070207361
MUC1 NTN1	0.256863269233929	14.6145513904678	11.5754041155085	-0.710228539320368	17.1723273158753	12.3048888544151	-0.190692036766655	16.4996834677335	12.3653468102548	-0.144125455426086	16.2567714377605	12.1696068865577
MUC1 NTN4	-2.34451130484423	19.2788432190839	14.7414174677745	-5.02214547246524	20.4865745849248	14.938358457177	-10.3055395245475	21.2586046285468	16.434619868326	-5.16696485891898	20.1901520403138	15.3360178550047
MUC1 NTRK1	-7.71308949420096	20.4575615611353	16.4216783860513	-5.34608307587836	20.5684047321212	15.3718335814418	-8.10905765322175	20.9492001057903	16.4017451387664	-7.66038442089651	20.7644166552884	16.2653557563619
MUC1 NTRK2	-7.60465825913984	20.9594265707974	15.9566530185688	-3.75740278512213	20.0556683846405	14.3163158613581	-7.65483803512823	21.3203445332255	16.2301629066379	-6.42756067634274	20.8393749811934	15.5810807271407
MUC1 NTRK3	-5.09321931282116	21.2557405186673	16.1701985261807	-4.4285156118	20.4132568921292	15.3617774122651	-7.11338461405939	21.2453391128678	16.4238380097685	-5.27860113359599	20.9492487264659	15.9860451455566
MUC1 NUDCD3	-10.2310393133091	21.2253172023579	15.9424016112624	-4.49848544928477	20.1966432012546	15.3016472628982	-15.7492341422448	21.6823329872032	16.80210722263	-9.11309712252894	21.2208763756223	16.2097996972314
MUC1 NXPH1	-5.56138944111134	20.3850694070151	16.402704133415	-2.25825721531042	18.4528282654035	14.4684947892952	-3.48591244028759	19.5007670138653	15.6457490332561	-3.68747869751151	19.5400617012347	15.7622985089391
MUC1 OAS1	-8.1020036120729	20.2476967781081	16.1373014525683	-5.33589679005545	20.118803048458	15.3776393897434	-5.12807546639246	20.2949674302651	16.0957057507736	-8.51076393352026	20.4506943770265	16.1981858027816
MUC1 OCIAD1	-15.0078925249281	21.1814074776377	16.7996262567844	-2.50278543883923	19.474863512794	13.9739893113215	-6.48065026330887	20.7849795597024	16.0109679905269	-5.13299187307219	20.4415526989774	15.6567938914356
MUC1 OLFM4	-4.30717259444496	20.2427794873171	16.3058681644999	-7.24697426527843	20.5304913525579	15.9129619245168	-5.27284393062074	20.4925275057157	16.2399752513265	-6.16075427886109	20.4739511514579	16.249289688924
MUC1 OLR1	-1.18288562596283	18.0581010589506	14.2057449810412	-2.16419185130627	18.6119296812235	14.1135984132089	-1.37303829065608	18.7250779200921	14.4035346817118	-1.40001585973441	18.5020689591272	14.4642011847617
MUC1 OMD	-7.09499081840016	20.9855340626284	15.6483503519292	-3.38171918439056	21.1730607749067	15.4372535711184	-6.01358346795561	21.5467165228964	16.0310283162495	-5.33206139933299	21.2486615173359	15.7372502517529
MUC1 OPCML	-9.35608324527573	21.6434900505913	16.1857537153154	-9.25727389004642	20.4694966046427	15.5023435852434	-14.5519656569108	21.8428938474466	16.7826043632523	-11.7346433418401	21.5501102322067	16.3315701178123
MUC1 OSM	-15.561090327525	21.1331785874358	16.7491851725272	-2.95405997394324	19.6266090106575	14.2762549342269	-11.3403569787557	21.1434256691422	16.4014583412239	-8.91147947506674	20.6917397771619	15.9676920347355
MUC1 P4HB	-8.42904361740104	20.8180525148582	16.2270290333492	-5.70130425617419	21.2666313998237	15.1776183809263	-16.105762286989	21.700361740662	16.6858126600751	-7.80140793614008	21.131003612178	16.001639964847
MUC1 PA2G4	-6.64137139876026	20.8932614776377	15.8458452785994	-3.6079630343735	20.6129926675746	15.356702000532	-9.74802697382814	21.15483526583	16.5707604388781	-6.81321849841118	20.8517447505808	16.0144498927752
MUC1 PAFAH1B2	-1.83328920302836	18.5914601146011	14.664735914924	-1.61631831273686	19.0493535771098	13.8622766045149	-1.99365564807013	19.4679979659499	14.8471615274921	-1.73567316398695	19.2968628914153	14.6735326146666
MUC1 PAK3	-14.6267396843471	20.8368833243694	16.5560902307021	-1.93103788438369	19.1367915193846	13.9043824588552	-6.72487577882393	21.0133257668201	16.3505075292123	-6.72272077310333	20.4940083922026	15.8336882077067
MUC1 PAK6	-6.5331273569993	20.5470384180656	16.2847598899366	-3.80882711260139	20.4679543336092	14.9259775546646	-6.26973810139345	21.1018024851133	16.0982387815091	-5.66152233268378	20.8160318666044	15.9537783142675
MUC1 PAK7	-17.2264435211489	21.3269256052323	16.9434229270061	-2.49054612891577	18.9738675250201	14.0958293305506	-7.2072677313781	21.1665595421813	16.5452095089002	-5.54693998996157	20.418732364747	15.8363814692745
MUC1 PAPPA	-1.47945229683524	19.4287784405713	14.3371923900366	-1.84124280691005	19.047317583891	13.821335706832	-1.91889696416741	20.0689380982727	14.6501091214279	-1.95972486386613	19.712506288512	14.5451220668155
MUC1 PARK7	-7.06968384278631	20.9506660893929	16.0304939138089	-1.87342424121476	19.1078389284161	13.5721665271338	-3.14037094508897	20.358453950705	15.2814153026266	-3.84194172920051	20.211469224581	15.1462957764949
MUC1 PCNA	-7.36297619138493	20.2645680456866	16.1296733296892	-3.70791326443899	20.2607605164593	15.2593590604111	-6.71315310413511	20.9114385507052	16.2490218643179	-5.86825101914328	20.6080963556217	16.0667229067085
MUC1 PCSK7	-4.9076779879604	19.7664567039607	16.2875095192582	-2.75533570717546	19.1630021786545	14.7540044876324	-3.32518518333129	19.6878891596452	15.7407701579202	-3.81484992092376	19.6473451525881	15.8289141240133
MUC1 PCSK9	-12.548809998258	21.6329647638551	16.8661417298652	-9.505553323638	20.7150628563645	15.6952936966175	-21.4790915810643	21.7610557988277	16.9241117797165	-13.6752711079367	21.5212617964795	16.6109738802337
MUC1 PDCD1LG2	-6.16713662798594	20.948370237974	16.2447487635271	-2.27769951361917	19.3234412762597	13.3966423413108	-5.42776836153176	21.5800807211576	16.1774681302913	-4.78774258022599	20.4641515897416	15.3284221964755
MUC1 PDE11A	-2.03546402544162	19.3943547454037	15.025191166148	-4.15173332140821	19.9478316313764	14.4672506232053	-4.7708216223504	20.5953611971081	15.6819626208583	-3.33009485147666	19.9207344704927	15.0480597061942
MUC1 PDE1A	-18.5766884722895	21.5717167579129	16.7779278073973	-2.91256979502464	19.9183097862298	14.4733934629165	-6.0607891032147	21.1011388580423	16.032711832145	-6.21110903042508	20.8653056495848	15.8394226413956
MUC1 PDE2A	-29.0757912099551	22.1582007353925	17.0773678102387	-3.65396882006478	20.1140173546145	14.9144752082376	-19.4209589214666	21.501561065715	16.9616074982719	-9.07115101582759	21.282663725882	16.3640106846731
MUC1 PDE3A	-4.85649945886192	19.9599612518949	16.5789666753049	-1.92905197189553	18.0563177013826	14.4749448603883	-3.33954837525577	19.6830017417107	16.0216168778058	-2.84247449569656	19.2854670736159	15.8317779705053
MUC1 PDE4D	-2.50166463489614	19.3172637126376	15.2787979865068	-1.09102828766187	17.6312415237523	13.0978062895783	-1.58048542016522	18.7866114349719	14.6151631419991	-1.50462011876713	18.5128335001998	14.3914466141757
MUC1 PDE5A	-16.3547110077264	21.3378945702401	16.7080274434753	-3.60330876919016	19.9392927037442	14.3269907594066	-6.76478666141686	21.6185618163697	16.1666337267858	-7.89658697194148	20.9326934629899	15.8575422960477
MUC1 PDE7A	-2.30095262434889	19.8773093948633	15.7695280896388	-5.38421683952499	20.5165240238932	15.7802571479812	-11.5281963693734	21.2983486317212	16.8654179775813	-16.08610020943	21.2369543392634	16.8094117367125
MUC1 PDE9A	-0.742893007238679	17.9151830239563	13.6237816932603	-6.97479961145948	20.4032129341465	15.1361852523213	-4.07660895162328	20.4164085359953	15.6411748236668	-2.33845127850568	19.4052643857117	14.844758603611
MUC1 PDGFA	-8.8678235359651	20.7262076224841	16.3029103206434	-3.04407955632094	20.0550565811694	15.0493830587367	-9.34764381182029	21.0267698633076	16.7265371188593	-6.45170237394314	20.6047133512627	16.0155055021141
MUC1 PDGFB	-14.096321880839	21.3973036430586	17.0721886522937	-5.35637095654007	20.2155203668348	15.3201941311196	-11.6467296398132	21.4267601392266	16.818630060888	-8.89065992010246	21.0898844633992	16.4746106635646
MUC1 PDGFC	-6.29666388540311	20.2067019520724	16.479947016692	-8.28661563189946	21.0226967309551	15.9195274516999	-14.8869655673576	21.5794370733115	16.9465136768671	-9.27900749241256	20.8182950934469	16.370468438034
MUC1 PDGFRA	-18.1309026993419	21.4839577262221	16.7311169884514	-5.84692375459977	20.6734333490168	15.4294854143115	-24.5626424540303	21.6935014791853	16.9586448373682	-11.0972844900499	21.3500193739773	16.4242022660381
MUC1 PDGFRB	-5.70499336774393	20.3452689979479	15.8771511901167	-9.77934686066995	20.9252143381367	15.8343143811767	-11.7320941060084	20.8246562970223	16.2506556904703	-11.930083755525	21.0038079987627	16.3084011089942
MUC1 PDIA3	-16.2740932003823	21.3130570930884	17.0433657078143	-5.47503162000007	20.7800581004586	15.246126446427	-15.8167675111907	21.6714150776205	16.8154470286795	-10.1736685284457	21.2231462166866	16.3343093578201
MUC1 PDK1	-10.412151628499	21.1084876221167	16.4181333388511	-5.83172377832237	19.5456129433528	14.4863909632336	-10.3777651411809	20.9050976464771	15.9424721365384	-8.76498769107744	20.7058942893347	15.9104070755956
MUC1 PDPK1	-4.01326119461158	20.4876473937211	15.6246720682935	-3.67317604879732	20.0906824212153	15.0651153447249	-7.46635311237734	20.8888606555509	16.5859684491069	-5.53380124466862	20.4251101460639	15.7400754564638
MUC1 PDXK	-3.66191676562855	20.0813877017104	15.6870439994682	-2.80462130986327	19.4409453723622	14.1414262442804	-7.10536257917224	20.8003620471373	16.3760912060039	-3.77097098477529	19.9830974298811	15.2244669016253
MUC1 PDXP	-5.21331087131708	20.8163031484375	15.7066206727892	-2.82135862802186	20.1991179930314	14.6264874250559	-8.93308126127882	21.0502384936663	16.4082535200981	-5.20631061591767	20.7893453042759	15.6008070144396
MUC1 PEBP1	-4.19019536172518	20.2853539716237	15.802330472336	-2.12705440117477	18.8422964469673	14.6724291218815	-3.16059477960951	20.009844988247	15.8813411201231	-3.60485631589288	19.7178225639169	15.6293789084217
MUC1 PECAM1	-16.8795922875992	21.1538274193521	16.9048718458569	-2.74929270349712	19.2336867493162	14.2345768142458	-7.25480799282308	21.0498099322523	16.469586092511	-6.73101457097882	20.5818384256563	16.0164527269215
MUC1 PES1	-13.0547683655445	20.8702987900656	16.7771527817569	-3.72524119089894	19.7121844282608	14.7905868526636	-6.37265313470601	20.5594251805522	16.2769020432975	-6.84795875996796	20.4894282678483	16.0062638852533
MUC1 PEX5	-6.5010208830263	20.4772396261491	16.1868477312215	-5.4457647631834	20.7150703629007	15.5697509585078	-7.13245428786354	20.7132615199156	16.2454449548265	-7.93844416172604	20.918224275993	16.2755485180088
MUC1 PF4	-7.59459173080923	20.7284388482519	16.4161523662359	-2.99548752716106	20.233876641424	14.8618265012886	-9.63987063482698	21.1063135781213	16.8902339194251	-5.60707758812632	20.7070036083284	16.0449241897369
MUC1 PFDN5	-31.037037974288	21.462782993802	17.075530586615	-5.38187627940414	20.1181603071451	15.2782486163242	-10.3806917383269	21.2508760028702	16.4759470690745	-12.1388812603071	21.0553176049543	16.5155781011037
MUC1 PGAM1	-4.13129937573052	20.6930572547619	16.191738459329	-3.5661127810476	19.6582686258584	14.8257667974691	-5.56902315431932	20.6237733491812	16.2194711415163	-5.34906259221649	20.3616816559499	15.9487297974823
MUC1 PGD	-7.68443439988653	20.6158844277575	16.2499227359999	-3.31239966639274	19.8598942563873	14.530828470331	-9.67768049445341	21.0588662521485	16.5011338824744	-5.45172615451142	20.5252210053048	15.7858351554525
MUC1 PGF	-1.23801021962816	18.8080318196091	14.6645496157615	-2.79317661132945	19.5497194401035	15.0674863121307	-1.66986319654797	19.3493049188503	15.2741515837742	-1.83595678563892	19.3005311290006	15.0833454127441
MUC1 PGK1	-27.7498016813973	21.9202134423947	17.3116316023284	-2.28567508492396	19.3954767303606	13.9079441938947	-7.65057310049319	21.7209502703077	16.615837373809	-6.76877964138981	20.8138002812651	15.8232500393481
MUC1 PGLYRP1	-9.11329761559549	20.4103943207651	16.0509136857427	-7.94568710534248	20.4607665905738	15.1157288429305	-10.3561650295407	21.1320749867883	16.2329983348604	-8.70023465504085	20.5700565346576	16.0348958140288
MUC1 PGM1	-2.36129596147799	18.7919705290706	14.487648728618	-4.67952450632623	19.704821322633	15.2080743932989	-5.64110539515902	20.2118340624975	16.2266920853335	-4.37423217053924	19.664743317238	15.2495264252961
MUC1 PI3	-0.1629942708193	15.9553956204917	11.6094420156129	-0.956485458947552	17.4556105802243	11.7596687376536	-0.897064819693116	18.066244504623	12.7662117927761	-0.634851925314427	17.5119139764983	12.213738261103
MUC1 PIANP	-2.2133278114282	19.6939816610551	14.5741826116564	-6.42910919533117	20.4243594845024	15.1326185730097	-3.6382507433443	20.9743105708556	15.3479912803963	-4.16687977722614	20.2877843909131	15.0736172124749
MUC1 PIAS4	-3.2731514628827	19.8867414545973	15.4925200125428	-2.688228513936	19.8868158214647	14.8954420436457	-3.39277470842719	20.1274184223308	15.7526007293215	-3.13961309249698	19.9914701179048	15.3796611396282
MUC1 PIGR	-4.13086676874291	20.1161412418826	15.3736179723846	-3.6602296041676	19.9843930791984	14.5448134128406	-5.76323440202372	20.6713036868267	15.5622037719508	-4.68559487799042	20.5461876231872	15.4939537290444
MUC1 PIK3CA.PIK3R1	-5.91703048208406	20.2017729935269	15.7780883272197	-6.38347356248715	20.214826166258	15.1235204132483	-21.1360236866625	21.4851073013597	16.7309511326561	-7.76834887928658	20.5908291550758	15.8942211612461
MUC1 PIK3CG	-31.4033784338863	21.757544481791	16.8925639584306	-1.71080002784762	20.1226824442472	14.5872472560079	-6.34782553405069	21.6617927035287	16.4765029984731	-5.01441936897945	21.1557470811613	16.1596062185861
MUC1 PIM1	-20.5183264527639	21.3005490600874	16.9041134742859	-5.75494357082634	20.6605863228106	15.3590943023293	-11.5236014130186	21.2877461654769	16.6426650075665	-11.7196249460308	21.0695828413692	16.3700048250227
MUC1 PKM2	-8.75674092115407	20.7639574336896	16.311870747111	-2.59017373607013	19.9475256023299	14.2705937928794	-5.92108172795102	21.4323044087128	16.4288618891847	-5.45778266049936	20.7070796130521	15.783717836689
MUC1 PLA2G10	-11.3305215242514	20.9341796219103	16.4349175176319	-1.16900700344828	17.7840734064642	13.3378971308161	-3.71509984742124	19.4517229258116	15.4338989428077	-3.37553126724817	19.6470257803877	15.2563928958681
MUC1 PLA2G1B	-10.4303971372003	21.3145645205089	17.0026635975346	-6.50966150099911	20.5619364300882	15.5084954649713	-16.9605508304669	21.5181464312194	16.868304863668	-9.9098534018141	21.0969833699516	16.5824297424554
MUC1 PLA2G2A	-0.833364939115685	18.4089407898908	13.4686949228723	-0.985940743884992	17.8800910898574	12.5260619294846	-0.714309582914386	18.6812092368087	13.3324348675621	-0.906050236337256	18.4662623111761	13.4051034467273
MUC1 PLA2G2E	-19.5632703064637	21.333369167857	17.1485850275502	-1.3343106060738	18.0963912456335	13.4525580182101	-4.40071319919423	20.4655150968431	16.1428617067783	-4.46623437756318	20.0505959161639	15.7061726277842
MUC1 PLA2G5	-6.46578865386663	20.0703100397151	15.8534115251687	-2.95617079421779	20.276639567586	14.8967503663946	-10.9471773025391	21.4127353232289	16.8418556173982	-8.35482194863026	21.0085277687754	16.3140974027963
MUC1 PLA2G7	-7.10870318757989	21.0427063949684	16.3269542955525	-5.8609811109345	20.6007967897089	15.2253240999914	-16.2234873059505	21.5501125931293	16.7667965797601	-8.54459038126547	21.2108407609906	16.3087054747919
MUC1 PLAT	-0.809102529044889	17.2310361213604	13.6861345703071	-2.99125969120908	18.8961864548955	13.8833302181718	-1.99996829433714	18.3317217653222	14.2269124599503	-1.33197437331552	18.1519454006453	13.9820411320008
MUC1 PLAU	-12.1547412010923	20.8372952403014	16.5146346062993	-6.28759509957522	20.6550519033529	15.4456530177798	-14.6811812779383	21.2671405667725	16.6478964964021	-12.9937989162723	21.1290356077331	16.4274463107898
MUC1 PLAUR	0.0141120217750382	14.8359006628991	11.3063434021738	-0.697637110226735	17.7530527098066	12.8631457305963	-0.505320493386254	17.0267716222522	12.5558780082859	-0.273882775734293	16.4608227290296	12.2264001147592
MUC1 PLCG1	-15.6148050388384	21.2122649551752	16.7476072428743	-5.09608161077623	20.1021850161349	14.9689142630371	-8.86967015223679	21.1064193677554	16.3356768370053	-11.8697813379323	21.0635597272384	16.2691840460148
MUC1 PLG	-2.92741459684967	20.3555663187449	15.0095111489744	-0.95444610315222	18.8672513641052	12.616323359227	-1.98725335002033	20.5731071625238	14.5826128827221	-1.84889686333443	19.9520673853508	14.1779010474242
MUC1 PLG.1	-8.88709474307121	21.0666386499394	16.767520326293	-2.23150471969045	18.5404367675935	13.6534467914083	-5.35012043053536	19.8812226947875	15.4167917400425	-5.24442048235468	20.0557170608732	15.5965981643078
MUC1 PLG.2	-2.33063566230035	18.8738229719721	14.2496238730122	-1.25258982249962	17.8181244092454	13.0618837558086	-2.10347477290393	18.9865846503769	14.1985040427819	-1.89766782826039	18.6836477274877	13.8935624066592
MUC1 PLK1	-4.46030695843064	21.0690940604428	15.8146362493131	-7.46245120592668	20.698082984656	15.499405303631	-7.32222087525268	20.9211856794574	16.3661830224499	-6.25228201276342	21.0854080728421	15.9287959975723
MUC1 PLXNB2	-6.77372497984998	20.4418291925901	15.838128789719	-7.67759598175454	19.9823265702143	15.3992713325468	-8.03811752273515	20.605690920888	16.3026547618342	-8.40659745136218	20.4220997252116	16.0670141429035
MUC1 PLXNC1	-9.33780454774328	20.9717486544161	15.8767789370093	-6.90595749880046	20.7358889192138	15.3562637836709	-16.0535430807482	21.6874047758736	16.6261266421005	-12.3799858480633	21.3509103542848	16.2124959190263
MUC1 POMC	-13.0053974223473	20.6749435474628	16.1660003313763	-4.44128042179011	19.9074153163207	15.2843444329064	-8.93379553866384	21.2129255083848	16.3792681141517	-8.67057657330777	20.7087777687742	16.1579722885591
MUC1 POMC.1	-3.17928831162158	19.8799413496101	16.2621255171365	-3.43025477298812	20.7765692270717	15.3779328390585	-4.06398626017488	20.9697259934429	16.4087758408045	-4.61265101466976	20.5789346205029	16.1680499221441
MUC1 POMC.2	-1.21050362563547	18.1801359991279	13.650151925974	-2.24699194755092	19.6938833271327	13.8274037912793	-2.05205661148657	20.0205122195607	14.7566842013117	-1.82809849681315	19.3511584578611	14.1463296279117
MUC1 PON1	-19.8428084399397	21.6202228371897	16.7252794543832	-5.32199579727609	20.474188426576	15.4401118741189	-11.0007817461706	21.3024019182869	16.5423833784359	-9.68492371228736	21.2708552138234	16.3524061649041
MUC1 POR	-1.4799744251802	19.1309799513104	13.9251813977891	-2.92811937124591	19.4542700602391	14.052388358513	-1.76749407794708	19.7372584318299	14.2893304658093	-2.23964577327346	19.4458477263838	14.2245881813381
MUC1 POSTN	-0.247521402416604	16.3634894771805	12.5517054436221	-1.57123736174314	17.6538403204172	13.2281159258667	-0.730757508000397	17.4846858131943	13.3420019254696	-0.712460249234646	17.0903821303312	13.0453040243519
MUC1 PPA1	-8.55982104361496	20.5938759654584	15.9503476923411	-4.84993336549646	20.3685990614449	15.0727211680065	-6.64585567310934	20.7804816171653	16.0229412551891	-6.8595687199785	20.7343674429583	15.9484249243686
MUC1 PPBP	-10.6204097409943	21.3531302788951	16.6252231836163	-3.45055563726034	20.3422905031875	14.7425140061179	-9.16020403666122	21.3947609189883	16.7858107344097	-7.24976741872684	21.0567537490968	16.1195334084152
MUC1 PPBP.1	-8.75152371753563	21.2932365572711	16.5463233018739	-3.759739854513	20.3154952021076	14.8908440313138	-7.97662591201852	21.3452324245862	16.7508719375553	-6.07386615213443	21.0402659564972	16.1006589049142
MUC1 PPIA	-17.1358732266129	21.2751974232162	16.9030813063885	-4.86960475290066	20.6913158526944	15.5789598706925	-19.4212267420096	21.6561792603203	16.9118824195985	-9.90783417757988	21.4024138664609	16.6273442195418
MUC1 PPIB	-1.66702835325379	19.5793044374449	15.3696456189484	-3.76634436571111	19.9114182103273	14.9697883259067	-4.33106946283737	20.0003195747115	15.8011752505973	-2.69549590589705	19.9165469111477	15.4841649171456
MUC1 PPID	-15.9601937829627	20.9987710015526	16.8080850105836	-3.89270849307517	19.9761905682459	14.6192931738312	-7.98054663908808	21.3459366027146	16.4854830991493	-9.09609927924416	20.9141078386222	16.2091465614737
MUC1 PPIE	-8.5105911059499	21.2085954478431	16.2636401512858	-3.70860619924888	20.0725541218934	14.4417377479764	-6.80897930452185	21.7580544710272	16.5153713681994	-6.58324876665974	21.0273597807305	15.9030499812844
MUC1 PPIF	-2.78132045311652	19.7221093593304	15.120660794604	-2.4008078379315	19.5186680981487	14.3704882624179	-4.65044027475255	20.3907134705702	15.9800317568777	-3.78982479805952	19.9718256358953	15.3624128223073
MUC1 PPP3CA.PPP3R1	-12.5562049686564	20.9387955682948	16.7793042485632	-4.4849618682034	20.7106960196943	15.1862955592456	-18.2600978749394	21.6254205942566	16.9369904049536	-8.86689298945972	21.1600229591919	16.3770000788747
MUC1 PPP3R1	-18.450064394053	21.8737223720501	16.6898595105313	-9.07572425160448	20.7885589268057	15.8001364713118	-27.3250074379248	21.8204200650042	16.9440317887005	-18.9622957571813	21.6573240067325	16.6992680113739
MUC1 PPY	-0.38145518640577	16.9811803111333	13.1983483027706	-1.18634327735852	18.2468643752374	13.6619618096419	-0.789841180912695	17.7902128284468	13.6941435933852	-0.716015283310687	17.8438494228856	13.6276840981643
MUC1 PRDX1	-6.62799177803147	20.4774622680055	16.2532143762594	-4.11390064494947	20.0463350136863	15.2946700291067	-5.25459871597418	20.496670401269	16.1529071422466	-6.43480641348849	20.5469081379812	16.0993971180904
MUC1 PRDX5	-10.6124163355976	20.9158221257339	16.4599368882999	-5.65051342329755	20.4334288110134	15.1509599217591	-24.0745976647122	21.7485699334207	17.0051621119943	-12.0559462248751	21.0204068682832	16.3106651642061
MUC1 PRDX6	-46.5484701340858	21.9149177706936	17.3157719345216	-7.41852250423162	20.7166937053282	15.6722629927605	-33.069268917375	21.7832658112856	16.9770550189358	-13.2415507713853	21.5940569969347	16.7668338994447
MUC1 PRKAA1.PRKAB1..PRKAG1	-5.36568190855644	20.2320851302999	16.4846544321035	-7.96898342151132	20.8547503442718	16.084164815356	-7.64328588007672	21.007204658516	16.7515270384158	-12.7274141420205	21.0297187842895	16.7421630665109
MUC1 PRKAA2.PRKAB2.PRKAG1	-10.2749535749191	21.3764595519224	16.6285598059407	-3.54270739460336	20.3588602863746	14.8630853837144	-16.6059026522852	21.8305787152974	17.0000645923494	-7.08487913347004	20.9929494964045	16.1210506112923
MUC1 PRKACA	-3.39853077929646	20.0289345149362	15.6056391338327	-2.7222898505477	19.34483061945	14.251968343039	-3.72280304540002	19.8866714492069	15.3426727553558	-3.32214921503743	19.8984216743101	15.3694292915152
MUC1 PRKCA	-4.88949993062754	20.8788269154597	15.9697941276443	-5.78135081132975	20.3397562734013	15.3501275080557	-10.7073145600353	21.2931369391905	16.8443098254583	-6.76229988869726	20.9245534896604	16.1247195986821
MUC1 PRKCB	-5.90273393304186	20.8970349007995	16.0895237353422	-3.82176940086716	20.3252549528349	14.8208192079363	-7.03384136957288	21.3986357739745	16.4953405135212	-6.01704763833518	20.8664234386305	15.8947171606328
MUC1 PRKCD	-20.0098536352771	21.1003882521033	16.4877130956786	-3.33970780357328	20.0814963987297	14.3217098384337	-9.81870192815107	21.4727895464504	16.363202069836	-7.8419121005392	21.0882127216635	15.9406600528961
MUC1 PRKCG	-4.58962766315808	20.5482697347095	16.1312070152959	-5.67677492124813	20.1084267207776	15.1715176560631	-6.17058553915225	20.8005876255568	16.1458428890109	-5.4844474503807	20.5039698620977	15.8834076686197
MUC1 PRKCI	-7.10186695794139	20.5244002127602	16.1713658139379	-4.4789310377601	20.4639951357577	15.327158045526	-5.08338005701455	21.0552359971413	16.2197081807491	-5.6820633808647	20.7566401211001	16.0920217742359
MUC1 PRKCQ	-23.2870158887127	22.0919152608989	17.1273193676483	-4.20461688883681	20.5290843563896	15.120081704767	-23.8611308606547	21.8595252517792	17.0030227351187	-10.1663560465128	21.4526245015413	16.4151615516152
MUC1 PRKCZ	-3.68098928818077	19.6860487740628	14.672482209401	-1.90847715531758	19.8417159261991	14.4268560756281	-3.02647506270455	20.6183193128167	15.27499927826	-2.89201818399681	20.0864583095506	14.9306172191207
MUC1 PRL	-5.91750390887863	20.7746500545519	16.3087391479748	-4.58424327626658	20.4491229360079	15.0522537584612	-7.59838893131386	21.4709465427124	16.4489519783434	-5.62180795513033	20.7389151666686	15.8897501322115
MUC1 PRLR	-3.14125316712269	19.8586739431628	15.8287060431201	-2.7916698997511	20.5672785194036	14.9258039214199	-3.11237314652931	20.4904065160208	15.5665490939428	-2.95470501954297	20.323126319169	15.4773051499859
MUC1 PROC	-1.82654609060266	20.0859120533362	13.9367342188406	-5.5476639048318	20.518337040621	15.1058726214045	-4.33103979013346	21.4125651113894	15.500988338541	-3.31348880969295	20.6461835706046	14.8552779206649
MUC1 PROC.1	-13.8272828501318	21.5651858795368	16.7523716787625	-4.30472205425887	20.6461929017098	15.2721495761225	-15.1521859423358	21.7091790356002	16.8787911439473	-10.5116044727672	21.2419956451862	16.340046988972
MUC1 PROK1	-5.21222450872664	20.6329779252229	16.1173313687034	-2.1092638194471	19.8133394350636	14.5274784844452	-11.0032915707678	20.9986808251116	16.6555554177168	-4.83435963221423	20.5582523931789	15.8867096177777
MUC1 PROS1	-2.05896074448384	19.434230994367	14.1084417216437	-7.9967787812456	20.5097807192903	15.8748364744573	-6.28213498066192	20.8826150219565	16.0642327146779	-4.39970397791366	20.3505880034581	15.4454842407041
MUC1 PRSS1	-7.86232150796667	21.1512304203643	15.7069648303723	-2.91898601766764	19.6807020148221	14.6166008247485	-5.0626465247211	21.10754596048	15.8645776519363	-5.13689459369372	20.6979806371375	15.5464714811107
MUC1 PRSS2	-4.2294993674868	20.2837932558763	15.7333901613256	-2.07152900160632	18.3600459310685	13.6116505707765	-3.01229379932385	20.1332591042981	15.4456296782467	-3.09523879426714	19.6970355473505	15.0930650170681
MUC1 PRSS22	-2.42186527623106	19.3515255506112	14.5020243115666	-2.72057140528754	19.6535969321108	14.4171539861479	-2.77892091160477	19.9991809594763	15.318713202074	-2.51950612952141	19.7238451231492	14.7088673627986
MUC1 PRSS27	-5.00651902762515	20.902147483964	15.58935810002	-6.9992672114151	20.2984071994238	15.210011956415	-7.5837732195286	21.4966414353967	16.4433732354623	-6.5409855842057	20.8839078553495	15.7307536151238
MUC1 PRSS3	-9.18260866747854	21.8796598402651	16.5420771759702	-3.74595414189715	20.3291200737187	14.9701932099678	-17.0046025731558	21.4731260015647	16.672217482378	-10.2754205545895	21.2294581755774	16.2663114110566
MUC1 PRTN3	-10.9158715013737	20.9644163113584	16.6769755351062	-3.95933940585799	20.0485574446282	14.8584290520319	-5.99291783645999	20.8236380267755	15.9576537896213	-6.24372882406477	20.5815721899012	16.0069810280804
MUC1 PSMA1	-10.2697987789361	20.9249831891825	16.2419507381237	-2.33843681807375	19.4845608100124	14.4689055487127	-5.58708823246072	20.670084324093	15.9269758973272	-4.8374492551401	20.4402243374705	15.7186101361087
MUC1 PSMA2	-30.0625049391452	21.6167013196708	16.9978846225108	-3.52548171408298	20.205450770176	14.5643156355133	-15.4290905334013	21.7843204191894	16.759855057567	-10.8804512926125	21.1850672528256	16.2321655184013
MUC1 PSMA6	-10.288157559134	21.1410943361644	16.4747452876634	-2.87435021011211	19.8810887814414	14.4547466840642	-5.41892218604531	21.0929378435967	16.2828692142814	-5.34740800908737	20.6694071921093	15.8181881218653
MUC1 PSMD7	-20.5398148324835	21.6343046089275	16.9525040038777	-5.67648907092652	21.1250024854479	15.5773480453971	-14.7400329880033	22.2167654095719	16.8992147532141	-13.3745790674884	21.7441042617568	16.7273241618854
MUC1 PSME1	-5.53518731118163	20.3072750237415	16.0950548128905	-3.48619404929553	20.3687025274045	15.4693269274769	-6.1568035460818	20.7274402956523	16.2247509433575	-5.83129267565053	20.4059597817292	16.2729297282785
MUC1 PSME3	-1.36396916038596	18.5671827734873	14.4976838313515	-1.46748492520103	18.5075176163848	14.1557819249656	-1.48296724353897	18.8008254200387	14.7596383797734	-1.54801438176443	18.6594814964386	14.679886300739
MUC1 PSPN	-9.16950127540422	21.2360672583012	16.6018014859858	-1.87868578084299	18.8163774148148	14.2417538695674	-5.50738475809046	20.8360044360688	16.1074905416058	-5.05527331626324	20.3966489538264	15.8818709445105
MUC1 PTEN	-7.13762036165563	20.189829265138	16.0272082297498	-1.90716945689677	19.0725790913301	13.8375393434558	-3.94853263793035	20.115639617666	15.5117365709459	-4.03809745006414	19.9867794331032	15.3970874676901
MUC1 PTGS2	-16.2965396408068	20.8865418610575	16.9243458219716	-2.79478372528504	19.6932454899833	14.3662648640467	-6.38917512168301	20.7256385568522	16.1009402408944	-6.13342658491286	20.4547394017265	15.9962192438152
MUC1 PTH	-5.16983045038823	20.638566885226	15.483469149595	-2.87748362688362	19.3690311022793	14.3831539858025	-5.01138007970087	20.4469391529534	15.4305877735417	-4.61757494979454	20.2551969950652	15.2136754650683
MUC1 PTHLH	-0.382894254908646	16.5386810139789	11.9729965826164	-0.335461311781653	15.7855574556729	11.6142491845601	-0.480060767460825	17.0932636179338	12.9146270150966	-0.429906722006869	16.4991830726091	12.1635178608439
MUC1 PTK2	-9.68478440742051	20.7901550809381	16.7325294358763	-3.15775737492887	20.3383184335883	14.8925749287722	-7.59626495664488	21.04993019599	16.4329982209802	-6.0978837826695	20.7351890999765	16.1528906841426
MUC1 PTK6	-4.0802337419348	19.6353377528795	15.5934804223517	-3.57352588660803	19.4386603352778	14.1720368031237	-4.93465598938082	20.0573071624381	15.6557256585119	-5.67460517695374	19.9533880120942	15.3467169099122
MUC1 PTN	0.734399101177809	9.66740890152954	7.10970879631315	0.59242308944856	10.9437291894462	8.08630401028095	0.660565890458769	10.6499838801483	8.14818776639094	0.688525593839777	10.3227603989893	7.67070846083148
MUC1 PTPN1	-3.1622258036009	19.9820032978308	15.4979422907197	-6.65476572104864	20.3741956853699	15.2802254133658	-13.7081523318197	21.2601225955684	16.4954766369481	-8.10922648232331	20.614284613966	15.9977697711194
MUC1 PTPN11	-7.56511631798278	20.3523315694573	15.9721222415748	-4.58374481082531	19.9405249211797	14.684627853914	-10.0419074258011	20.788285788195	16.3660753955311	-7.57821177557475	20.4353818731587	15.84889662389
MUC1 PTPN2	-9.62072703966772	21.083314785107	16.4424472892936	-4.73518528994285	21.0575791202358	15.390260716363	-19.4054346247216	21.6710628304181	16.8000357013167	-8.3419095080549	21.2057957269619	16.2349270400154
MUC1 PTPN6	-9.76464459101651	21.1288913817731	16.4367736426571	-3.64075452061222	19.7886929878599	14.3930784590403	-10.1694594202233	21.0910623461325	16.5069324961138	-8.43656511687995	20.8240302314613	15.8728680890587
MUC1 PYY	-9.49297835006886	20.9345478615808	16.446586664388	-7.00049502990306	19.8431625261418	14.9694903552111	-31.4932679710701	21.6059728444897	16.8681235113137	-11.6506877834903	20.978592608712	16.4141774874348
MUC1 RAC1	-5.45988607893397	20.3587643301453	15.8734324341499	-4.34520426825138	20.2682094595432	15.2506655966233	-10.2263744273806	21.0682871583753	16.6323851393417	-6.19980454271007	20.6996499597748	15.9752361003022
MUC1 RAC3	-6.84721267204858	20.2656339173264	15.8094197240489	-5.1724468199784	20.3256568589213	15.2275074777337	-19.4742710174317	21.4028639360025	16.8383171942564	-8.63357642275809	20.6900365037009	16.0624791604573
MUC1 RAD51	-17.0695703386219	21.6212531423138	16.6984893089475	-3.20786716887811	19.4147488019995	14.2807016527194	-14.7336491540495	21.3944557472156	16.6823557418476	-9.12948251872499	20.8779211562217	15.9937688283382
MUC1 RAN	-20.621017812356	21.1939912396716	17.0105416458938	-3.51589655633132	20.1741112761618	15.0400550282876	-14.0646146804635	21.4850895373339	16.8593026446264	-9.54591043599553	20.9305093949386	16.4051040544255
MUC1 RARRES2	-0.944148235783746	19.2309438684493	14.5933602006533	-0.438287174707881	17.3457202179706	12.6356479334037	-0.988475763301237	18.2851031236118	14.0962680271153	-0.886840977794209	18.324896995142	13.8883341602535
MUC1 RASA1	-5.48873684454545	20.631773716928	15.9783894407197	-5.58989610201323	20.3192979024775	15.172672678207	-10.6554019974851	21.0076597713492	16.2234337610582	-6.92854278027837	20.6675337444648	15.9334695373009
MUC1 RB1	-6.6986670353076	21.3569660617269	16.5523653223263	-8.4533532497735	20.9684341021793	15.8514107080615	-28.1656110797047	22.0067125165943	17.1547263615585	-10.1024842375092	21.3222561412772	16.5137459831279
MUC1 RBM39	-2.57531182300975	19.8192456513916	14.9902180254741	-2.64665809646761	19.3615993913587	14.5883596384972	-3.56991724201582	19.7508310892965	15.3987139390905	-2.48241215980886	19.9230792648894	15.0327721120268
MUC1 RBP4	-24.2518109891634	21.3930409249034	16.8872247086615	-5.60186902676079	19.751373685087	15.3350522338547	-23.0169059131479	21.8274620678498	17.0030031267377	-13.2834954856702	21.1837273933432	16.6402330592959
MUC1 REG1A	-0.956949768718114	18.3525794006684	13.8798865189278	-1.3905733140182	18.151025481171	13.7117180526103	-1.33054679522895	18.6292271503863	14.1647176568071	-1.25192424559519	18.3314540901306	13.9828597077624
MUC1 REG4	-0.591252462201046	17.0810431195233	13.1963374899828	-0.917378055654287	17.7103774068166	13.484482317218	-0.713546779884112	17.6099727109226	13.6966251501414	-0.739506787994497	17.4440075512563	13.5164083491063
MUC1 RELT	-0.203562811296527	16.0862860875162	12.3715476598319	-0.523639634067275	16.1591145814417	11.4226025472683	-0.611525669636594	17.0763483331421	12.2946781261852	-0.467363335997043	16.5169106924847	12.1956884842305
MUC1 REN	-1.78610252573371	19.0152810296727	15.2341875113961	-2.85800842099047	19.696773459897	14.375297078914	-3.44715987990806	19.9992860598992	15.5606279086047	-2.63350121795262	19.5899907875382	15.2358697365711
MUC1 RET	0.302724341879404	14.09516699171	10.5027975774815	-1.13178241265047	17.6711966772172	12.48247931206	-0.331712161280852	16.7402605798122	12.1558088926158	-0.199995893500285	16.2074206937735	11.7577080238487
MUC1 RETN	-2.96815115069571	20.0409228106402	15.5519028066891	-4.37954354307279	20.093748768417	14.8576282398461	-8.11490782412494	21.4767055405723	16.1789687794503	-4.21090480445734	20.4297522869837	15.6274166773733
MUC1 RGMA	-1.3023517627915	18.0725098032774	13.9338714654944	-4.37629504307787	20.316147631858	15.164508415366	-2.27004214568403	19.8985495631745	15.1601034949922	-2.50841933687766	19.3747642377326	14.7998173830715
MUC1 RGMB	-4.70141410503693	20.2133194707672	15.615266422336	-3.9898468316241	20.2034107589395	14.910006519256	-4.87619342122775	20.680307678323	15.6599767432803	-4.54467973977947	20.4193063208731	15.466598894228
MUC1 RNASEH1	-9.84464795564794	21.304407195028	16.7023372228307	-6.49669464002984	20.193636318543	15.226239938518	-12.1129425027426	21.6397489736299	16.4992471428402	-8.72087972792089	20.9355949758364	16.1514989501112
MUC1 RNF43	-2.98064187732035	20.3777291498818	15.8648636470104	-8.74448135643322	20.9547462382637	16.0406706477925	-11.8481383615422	21.4199505773387	16.91025071683	-6.7961949241985	20.7677737651328	16.2985884893694
MUC1 ROBO2	-9.87269687561279	21.2840424626983	16.2028210231786	-2.54205600328752	19.32411075076	13.7080452561667	-7.01076187928743	21.4245828940987	15.9133745565275	-6.02255143446325	20.5293587250648	15.3712318229496
MUC1 ROBO3	-17.1864873957086	20.8810745925299	16.8156926286609	-5.01510158295845	20.2896621764507	15.212857473594	-12.9391683664945	20.9139281291445	16.5631348289905	-12.2642183553478	20.8751936905604	16.4992269221169
MUC1 ROR1	-0.517462698180752	16.7222240515096	13.0814870695981	-1.68666919849413	19.4516104383767	13.7710152433067	-1.44398926737503	18.6873368305151	14.0041490395152	-1.12489980449408	18.0781759094731	13.6769568064698
MUC1 RPS27A	-1.76421913645838	19.1983847011519	15.1761639769637	-2.20598457155776	18.4464465586499	14.4818105653862	-2.19603587762725	19.0640401937184	15.356049423755	-2.25954019483263	18.9177578277709	15.150277185055
MUC1 RPS27A.1	-2.29947155902611	19.1979174300355	15.4835587556765	-2.34437601421082	18.1060048194135	14.2694647558345	-1.96204095781058	18.5152741045881	14.850452146109	-2.52829284417786	18.9325685477251	15.2147847599367
MUC1 RPS3	-19.6376067955298	21.461420958035	17.0535561322629	-5.31840213519368	20.4066438069675	14.6841762212153	-13.6338492044186	21.2337476583536	16.3946548963671	-10.4053479494869	21.1697821784188	16.1434897983459
MUC1 RPS3A	-7.7311460606056	21.0332671243852	16.8304410521028	-8.97306863353068	20.9095337048694	15.6915423018045	-14.539630693612	21.8307873634305	16.8794269885043	-15.7074459432141	21.376222371797	16.6216486580236
MUC1 RPS6KA3	-2.80744369575445	18.8706874193804	14.5542814985567	-3.56830282598977	20.1723658109844	14.9875995533067	-9.24818180580617	20.8613787277884	16.5245455011006	-4.18435987426279	19.673120842901	15.1606185945526
MUC1 RPS6KA5	-3.5373294595391	19.4649187924298	15.4021043191727	-2.37696257120293	19.7419965645388	14.6988751321094	-3.64511865485717	20.3028614625961	15.9511990250307	-3.78878246001779	19.9164837925212	15.658221763688
MUC1 RPS7	-26.4456527135501	21.4118263779507	16.9165171548989	-5.42592074111358	19.6185525081595	14.9135551946443	-10.6883517983717	21.0032622998443	16.6371777378857	-10.5326079443916	20.6564079468762	16.227174363094
MUC1 RPSA	-7.12662138811683	20.7145836840009	15.6259800644108	-8.75557486524904	20.8811727316294	15.8678017834357	-27.0183839661097	21.6122981378035	16.8804710143026	-9.86789358200095	21.1038593691686	16.0710159834417
MUC1 RSPO2	-3.40420503913528	19.6305200896953	15.2556193878695	-1.79274770574574	18.7020869223816	13.8038923542414	-3.11489541299051	19.4657339416907	15.2924424435257	-3.30497952048837	19.3892576898285	14.9791208451169
MUC1 RSPO3	0.489334354056229	12.9111989043043	9.2355710891105	0.215231981947427	13.6455654614192	9.84230415860333	0.378591972468175	13.3962811409259	9.85307617518698	0.364742964783744	13.4861692101465	9.78992678467605
MUC1 RSPO4	0.390741318136302	14.0321553011396	9.99095061643044	0.30881541416082	14.0553998262317	10.9211698543557	0.360964191964532	14.3297870341407	10.8152836940156	0.355344356574707	14.2962903962802	10.7640408678585
MUC1 RTN4R	-26.6400364472517	20.985580615323	16.8215814336303	-3.70553166835279	19.7815201493405	14.864237851979	-10.6644405527783	21.1645448576925	16.5320545555999	-10.8107133448095	20.819076163181	16.3817716893822
MUC1 RXFP1	-5.14565035056027	20.1926892361729	15.8949858817911	-2.7754536475823	19.7955352170577	15.1871361686466	-4.82000175394361	20.1971604300626	15.7747259868365	-4.41089467540928	20.2835703059793	15.9141656908655
MUC1 S100A12	-9.83038122953142	20.6577351283879	16.6056896532297	-3.60906881356203	19.8729199104696	14.8483073331405	-4.53294958568556	20.7080331974162	15.926739823813	-5.85982823142621	20.559719951974	16.0007684590647
MUC1 S100A4	-28.2593795323982	21.8315970319133	17.1914186827659	-5.51454431821583	20.1293421908242	15.1436484271837	-25.7406939986235	21.6711212292404	17.1362014119484	-12.7647563832019	21.2142060974701	16.5790496405664
MUC1 S100A6	-11.196576793877	21.0745858795332	16.384403886764	-4.7325855185651	20.2104258279819	15.1163308331547	-7.61921153791344	21.2348389950382	16.3410091262502	-8.62503876454208	20.807502060363	16.0805842177248
MUC1 S100A7	-8.22997880271587	20.5984093866747	16.4304697478125	-5.27375711714074	20.0121062159163	14.7412455182968	-11.0703496095572	21.3331411509784	16.401312519829	-9.93912963101413	20.6315465839039	16.0193361740518
MUC1 S100A9	-0.40911294139092	17.051847027971	12.9645866822208	-1.40895980947418	18.863550017944	13.955747747311	-0.96797278085308	18.438633492179	14.2873265301778	-0.972362226604321	18.2138157395714	13.8592130148848
MUC1 SAA1	-4.48423851181018	20.113206768268	15.6928732475039	-3.17502900918466	19.7140470954604	14.8249775224017	-3.01028169062832	20.4165276369127	15.6449630403297	-3.52935499056157	20.0634782015308	15.4933380399721
MUC1 SBDS	-8.6740873574931	20.899278444326	16.41396045352	-3.97336158088841	20.238685767174	14.8385449658181	-7.93956171130944	21.465345789507	16.5171210741526	-7.36349131142228	20.973384120989	16.1105491804941
MUC1 SCARB2	-9.52066338405694	20.6322760190517	16.7962776711229	-4.4654438888857	20.3511599394433	15.1296159733846	-12.5388215753556	21.1747164567464	16.8549253902278	-7.33922153662765	20.7946648450121	16.4280201059187
MUC1 SCARF1	-1.24686207874251	18.2339477205518	13.5826353250616	-1.20820733071647	18.042148617007	13.0871188279849	-1.50826994104996	18.5557420666225	13.8294556818153	-1.35201267055103	18.4068529159682	13.7329775649623
MUC1 SCARF2	-3.34430562878073	19.4913766932435	15.8425877646974	-3.57003561115852	19.3785610150108	15.0485825602778	-3.95509425311357	20.0521323462283	15.909982585881	-4.34888851948136	19.9330935797337	15.8607721674453
MUC1 SCGB2A1	-26.0227481702423	21.4376291459736	16.9245028688838	-8.86412305479845	20.1595115572534	15.3636484815568	-12.3843211057708	21.0134631865221	16.6416743132353	-14.2797587886418	21.0046926254836	16.5047742140342
MUC1 SCT	-5.0333994294533	20.6101324423205	16.1745290524217	-3.87389099987137	20.5537060295831	15.6232369471893	-5.52988906361295	20.9023396373398	16.3339288947035	-5.42443457910499	20.7311231032759	16.1529714470445
MUC1 SECTM1	-2.2517499500032	20.3957601613841	15.1995616985081	-0.919797534802576	17.0949235129718	13.0031509579169	-2.08222657199479	18.7651595485761	14.7482868465332	-1.54505968671025	18.9806330406092	14.4198222758805
MUC1 SELE	-7.29070491416768	20.9783845571956	16.0928986005144	-6.38386462434081	20.4417667621296	14.9465297113215	-11.6259808955825	21.2456118627128	16.3271661829476	-6.41177453560138	20.9309308668771	15.7448829609228
MUC1 SELL	-2.95847218764897	19.6450592935692	15.5673150391986	-1.99064233932516	18.8096461412789	14.0713853718492	-3.46522374241068	19.7916089679098	15.3338971958225	-2.78662748435985	19.4474823610196	15.1621712021177
MUC1 SELP	-6.90679735759357	20.5473082477064	16.0287588456978	-3.58589867365173	20.088958374873	14.7736909401708	-13.5174225649604	21.400691706177	16.6228277115792	-6.94974567603455	20.780969570144	15.9437227581935
MUC1 SEMA3A	-9.90980622758042	20.2316511197839	16.1015975289388	-5.7399351044629	20.0956884338483	15.2416456931213	-9.84879663280844	20.8369393574153	16.5054345346073	-8.47159819835882	20.4556663201449	16.0869123225814
MUC1 SEMA3E	-1.12583558877213	18.4739112344831	13.5985081156713	-1.96012168654072	18.9995229102603	13.9663918210379	-3.26016245345542	19.4197337203808	14.9345937957946	-1.92300173183281	19.0886742860795	14.2803913807625
MUC1 SEMA5A	-9.41896674120572	21.5337001556718	16.268207227141	-5.97669696618269	20.5164632567022	15.3870409426888	-13.7838594690158	21.5581364402855	16.64263032785	-10.0445300897645	21.2398030366956	16.125409204746
MUC1 SEMA6A	-3.13003749297249	20.1988315522249	15.8753087186772	-4.35744850684668	19.6464626821475	14.8873874102212	-4.18558629428053	20.102301664423	15.7361120856388	-3.93410649596209	20.0694767862735	15.6734286174071
MUC1 SEMA6B	-10.0213165828481	21.9624962146374	16.7298597347032	-7.74305162040043	20.8917116392912	15.9968422173371	-25.5979681603589	22.0535665468183	17.1560697218069	-14.2543643812435	21.5711042314347	16.6636934597736
MUC1 SERPINA1	-0.684458151133587	17.9046154038617	14.6433306569325	-0.862193285950502	18.0071632761399	13.4262531710638	-0.823801140502467	18.3011100825688	14.3677562713202	-0.778264930114071	18.1006294803835	14.2836655333229
MUC1 SERPINA10	-3.84949649862084	20.3066420744904	14.9450485484622	-2.89876010370607	20.6846677043995	14.7619768990394	-5.02798957990064	21.1222452898656	15.6285224448428	-3.64931206266734	20.7884201940463	15.1744659343517
MUC1 SERPINA3	-8.51135244655423	21.8080715108082	16.9752231314141	-10.3776077676752	20.9440407450925	15.7071436716703	-9.69620460519066	21.7617546153368	16.919976480569	-9.80551941152337	21.5252854251052	16.649563637586
MUC1 SERPINA3.1	-1.50953174673183	19.0938860736265	14.2388871420359	-1.54175814049442	18.9028080002684	13.5231540913504	-1.71181041892947	19.4632838889269	14.3600812024531	-1.51733932871039	19.2890737997241	14.1650106799701
MUC1 SERPINA4	-3.203839915225	20.7006224800336	15.3109453298651	-6.30449666958636	21.1555589341661	15.6306470242015	-8.86202889992824	21.8830150551075	16.4941087379643	-5.3972601631755	21.2312809150658	15.9041500281435
MUC1 SERPINA5	-12.0129643882443	21.1594449443559	16.8037012139221	-6.29730178381201	20.5631615128171	15.7251468889989	-14.3908138013205	21.2725197006657	16.8100667644983	-11.4989079679993	21.192012360672	16.6288615158904
MUC1 SERPINA6	-3.57803390128443	19.8920712081357	15.9278632057485	-3.49039436267764	19.5939109122598	14.6557320593937	-4.65818103583644	20.0721880227038	15.9140442708799	-4.53458171449346	20.0858493986054	15.7845055516257
MUC1 SERPINA7	-6.04669074713745	20.8033023663735	16.1455857736266	-5.66581016584295	20.2976903677288	15.0625680988729	-8.28734973662982	20.9527203916167	16.0584620674048	-7.68475084746855	20.8344864007752	15.9377606472627
MUC1 SERPINC1	-1.22702151776554	18.1436947934344	13.586465607205	-2.05710278422083	18.8730468654009	14.2842504359466	-1.84627956252672	18.8927648430828	14.4489159997654	-1.67862040165811	18.7341285849975	14.2462168168855
MUC1 SERPIND1	-16.2240384072526	21.7543329942869	16.7025478412797	-3.56861354599756	20.700460526515	14.7167843588907	-11.8040512000581	21.752344526694	16.6534889078367	-7.41915039836919	21.4788414544891	16.1533578088807
MUC1 SERPINE1	-8.63296881762599	21.1329794759097	16.2346969478357	-6.1489234925008	20.509652059745	15.4362697222957	-12.3511594480763	21.7018203996063	16.5444598853629	-9.54912842994466	21.1006118050001	16.1822608242138
MUC1 SERPINE2	-18.0189776417462	21.3196246556689	16.8929129753772	-2.28346362492887	19.582132466519	14.7206779801762	-5.52578055546695	21.1494224817449	16.5372530716066	-5.21260385751762	20.7619756388903	16.1291918101056
MUC1 SERPINF1	-22.8159858199223	21.8260802506999	17.1270432793407	-2.42716575572628	19.9388349424448	14.4358340004179	-20.2788415170127	21.706593685782	16.9745247801498	-6.7823114377813	21.2054889783629	16.2431082576106
MUC1 SERPINF2	0.0554952878985727	14.452468666259	10.7527180409086	-0.305369647926616	16.2832884444554	11.3784133743209	-0.403241895777778	16.2857079356566	12.0190135317606	-0.264975582041143	15.8376944091535	11.4728333108231
MUC1 SERPING1	-18.732977091765	21.4428202132209	16.9420361710762	-3.96955802693147	19.374895683199	15.087509967778	-12.1782468900177	21.224997975964	16.7212011890049	-12.8489826751419	20.8838593728642	16.4937176762456
MUC1 SET	-5.4368344433158	20.0858141382902	15.7399631449883	-7.13939754895497	20.0287509126342	15.3693889965114	-7.29676862272219	20.6464685718585	16.1375049734226	-8.92384645418026	20.395572469902	15.9489534213683
MUC1 SEZ6L2	-6.8476814073961	19.9898405109287	15.7177208339903	-2.79093127142176	20.02272724353	14.7051304804244	-5.71249373846242	20.9032745581536	16.0858558166226	-5.26017408363741	20.6085450302197	15.7889373945729
MUC1 SFN	-1.84344340049775	19.3078657294089	14.8559777100718	-0.720965544337715	18.3373516190853	12.9347527936207	-1.94686091801137	19.0840752300354	14.604021397901	-1.33336136180288	18.8035562996971	14.1686660446735
MUC1 SFRP1	-2.97760171858115	19.3959617590273	14.8062437912021	-1.10029870372882	17.624673643725	13.5098478194712	-2.03015095948459	19.297991495829	14.8150976426139	-1.94317533747713	18.8614654391898	14.515322681655
MUC1 SFTPD	-2.77031098137087	20.4125075562255	16.0874545644166	-1.2131775544367	18.1252271490993	14.0618372628744	-1.73482527550234	19.438977101783	15.2122398866848	-2.34295491738923	19.3947796347114	15.4314247472051
MUC1 SGTA	-7.05201745635013	20.7268003080937	15.8198071137001	-3.61738062086592	20.30049816928	14.8546997492961	-9.16237747483685	21.7356260264221	16.6117287728683	-6.94612460786096	20.6979473709139	15.7613229117431
MUC1 SH2D1A	-2.25612523610329	19.8793727761921	15.6211258161	-4.03215993535808	19.7538836712976	14.9395568089409	-5.4244238669859	20.0981280738277	15.9484205966608	-3.7498946711239	20.0454764814816	15.5962895690415
MUC1 SHBG	-0.70354290424788	17.3024393232977	13.5800942914649	-4.0512334088887	19.9542032845094	14.4872877297258	-3.1617892047811	19.9094573591456	14.8979106423728	-2.06925658919397	18.9826412112342	14.3671698278421
MUC1 SHC1	-8.84590882869413	22.1560771903195	16.4890585795137	-3.89074712573565	20.480102175384	14.9225870478333	-15.4739278044861	21.9139794814885	16.950473389406	-7.39963821140047	21.4806691382961	16.0916528161466
MUC1 SHH	-1.22674689304452	18.8992232014999	15.2036791615238	-1.01735099244858	18.2549881337584	14.1061944090313	-0.935834602453365	18.6554195396412	14.9101733762386	-1.04369319360644	18.9577962627517	15.1029441176224
MUC1 SIGLEC1	-3.70900250630538	20.6496295457023	16.1563403568926	-4.84317179173902	20.2348353555321	15.333600074634	-7.36406972350595	20.9525817479513	16.3290606876061	-5.44878918687466	20.614353620218	16.0704961048504
MUC1 SIGLEC14	-5.98206979387197	21.434183267107	16.5901720938349	-1.7674498254833	18.6595523079298	13.7667325095004	-3.3190444984113	20.4690467331729	15.4458098303183	-3.39923333945974	20.1252976617164	15.3076033613807
MUC1 SIGLEC6	-8.4928086247102	20.8161478240795	16.4451986880964	-2.82631986032299	19.1791686846626	14.0203666349283	-5.02660742929658	20.9107161639204	16.1542702871048	-5.21387960179445	20.3728402490759	15.644031412569
MUC1 SIGLEC7	-8.88329282253634	20.9179443605564	16.209378063102	-2.98118679645658	19.9385180954412	14.5918572997234	-21.7663769376541	21.5331301766323	16.9190655554637	-7.75325265166847	20.8549017808636	16.0177504257863
MUC1 SIGLEC9	-24.462877253367	21.9380750267366	17.1228126595897	-3.708430503755	20.3786109382817	15.4650237860514	-23.6751152053574	22.119777525212	17.1798065975489	-12.0782153963205	21.4431302928037	16.6925315477976
MUC1 SIRPA	-10.9213012348114	20.8082647504587	16.5350862456547	-5.39652483499488	19.8381033068256	15.1647938587916	-7.04337435486807	20.658459050059	16.0274387790485	-9.09225288401082	20.5696099615428	16.1294890515642
MUC1 SIRT2	-15.9560605628671	20.8624199604194	16.5939239342756	-2.64140090088471	19.5095117982874	14.6622874241328	-10.3801359804107	20.86194794505	16.3208824356282	-8.50875450300857	20.6616172260431	16.1174083704746
MUC1 SKP1	-4.36803294309418	20.7257127255595	16.3158975809802	-1.36771579098333	18.3642237769087	13.6586548874484	-3.0403648329191	20.091494434119	15.695703527865	-3.18658220362593	19.6841980387493	15.4353473009261
MUC1 SLAMF6	-13.0534259165622	21.2694041943281	16.4525093977004	-3.09480904654117	20.3573059026963	15.1520844149116	-9.13746124827963	21.4371536054769	16.3929724988865	-7.60484606661084	21.0656334092803	16.1314802500628
MUC1 SLAMF7	-4.51427906519498	19.7515430508282	15.4611360217224	-7.47406424229322	20.9566139733289	15.7967885683334	-9.95626367571422	21.0215366634577	16.2299975333088	-6.76795865483697	20.7014605259445	16.0040755458011
MUC1 SLC25A18	-12.8486505295761	21.2227593707902	16.6368382642013	-3.70862273756165	19.9229248382228	14.6595285419251	-9.84314891310887	21.261763259067	16.5674603026558	-6.74001001369205	20.7669509861191	15.9557130382898
MUC1 SLITRK1	-4.35908892738709	20.3722281737467	16.1477988347524	-2.70971901058987	20.1367414262019	14.8742402386333	-6.49824463554819	21.0264539056596	16.3388119739882	-4.51678536254973	20.3717556162054	15.8668472583907
MUC1 SLITRK5	-7.10073060072375	20.623458219222	16.3579650163546	-3.61324984266611	19.9459365746321	14.8734088936123	-9.17548510546626	21.4943939864552	16.3353865640179	-7.22470607732937	20.5404398509108	15.9742221524654
MUC1 SLPI	0.132965584956171	15.3227836051827	11.3485935403411	-0.987095545664525	17.6723376136319	12.803140914629	-0.41817674363381	17.1948502628373	12.8521475837566	-0.33892074411219	16.7198577057222	12.2704084046307
MUC1 SMAD2	-9.15657610322539	20.9497122146672	16.3269595244012	-3.57251458294334	20.2227521770926	14.5621605023016	-8.23139489002098	21.5439322251686	16.6339688819126	-8.07048498167934	20.9413838452163	15.9571698591896
MUC1 SMAD3	-8.96605426298458	20.8178690485018	16.2366115971244	-4.68190667230186	20.5545733453296	14.987736917111	-10.8610848455294	21.6283963322023	16.5964703456539	-7.43770335378681	20.9777347178424	16.0170423243811
MUC1 SMOC1	0.229764636488279	13.8292786829367	9.85805418178845	0.261633367822577	13.9606300280332	9.23628547983682	0.270448666381187	14.2626880841181	9.90419047630906	0.265066594483463	13.9545004620038	9.70409667204261
MUC1 SMPDL3A	-6.04056913504131	20.8339999997781	17.1466857147331	-2.30028278116069	19.3169960382577	14.5686282230142	-3.9079588018373	20.2335019591294	16.2999662115919	-5.75214225038626	20.139315270794	16.1966102794254
MUC1 SNAP25	-12.0066937877606	20.5821269211907	16.5163653225921	-9.31961666631127	21.0942225840655	16.0363629489219	-15.8635988697058	21.0904139386965	16.8724881548708	-14.3069805254418	21.2508414985629	16.7139282631729
MUC1 SNCA	-7.19824461497406	20.9725577928285	15.9912948823978	-5.17668742190467	20.7075393655494	15.4331732364082	-5.67152520064673	21.2704441095704	16.3551188519753	-6.14318885651082	21.1412459216597	16.159561051773
MUC1 SNRPF	-9.60944352245087	20.5733492597528	16.3670891092486	-1.74101478578604	18.1262989680688	13.8939460679593	-4.24167763555354	20.1259367413041	15.9122994824408	-4.58293334863933	19.5855582041759	15.4766035735061
MUC1 SNX4	-10.5576053739164	20.9311387342733	16.7302263207371	-4.64427044877395	20.5475623772123	15.4799115473536	-18.2787839730208	21.7298990207735	17.2030416662659	-10.252538292551	21.1393280349566	16.5204152672373
MUC1 SOD1	-3.23244383379433	20.4117422176018	15.6954690340444	-0.929727781548679	17.7234972650838	13.7972525338595	-1.81435391192819	19.4398898981876	15.1119022563862	-1.60572515646052	19.4113556255332	15.089213273637
MUC1 SOD2	-1.46557596456707	18.4165783595747	13.9164315244509	-1.1187859044597	17.9740782610345	13.5090860194108	-1.50823596306693	18.9668523670473	14.4530951758386	-1.47516888999157	18.6450183635829	14.0812705514889
MUC1 SOD3	-1.47490525559187	18.5896067477856	14.6730175953013	-1.39228383008372	18.6266167034677	13.5568121198211	-1.3239655436944	18.9951905878689	14.5923541675317	-1.58627993464796	18.7837103850286	14.2646026564755
MUC1 SORCS2	-4.19918886959994	20.5515542851702	16.4055635110596	-3.59638890245479	19.756301572531	14.6949315620717	-7.82980434620886	21.2996879380701	16.3554394858823	-6.36685228328776	20.472466585912	15.854339996637
MUC1 SOST	0.418996504502855	13.6150504187906	9.88385581436044	-0.285365165980512	17.1556464353688	12.471634689057	-0.286774683270856	17.1159630580351	12.9492825890662	0.0631083333943909	15.739104405541	11.5294386215929
MUC1 SPARC	-12.1787734311266	20.9912691924642	16.3471670484618	-3.90190092368655	19.868765847652	14.9232636353108	-11.2739536072369	21.2729332371982	16.8684474816954	-8.08268677927849	20.9728599039727	16.1261581098092
MUC1 SPARCL1	-2.60631865688205	20.4329215841902	15.6376732827811	-5.22245898489204	20.2046856800124	15.2118565091704	-8.00083855098159	20.7965995900745	16.4306863178232	-4.04630578026644	20.4369006846178	15.6944974577878
MUC1 SPHK1	-9.38324179243055	21.0374714717433	16.5272063540316	-3.79938969430714	20.0817424348506	14.6027676339931	-8.11035877272549	21.4182108840933	16.5457508611041	-7.51561249495831	20.73657102073	16.0213844580085
MUC1 SPHK2	-27.0807256164662	21.6913542901313	17.2536291209852	-5.17070849256391	20.5058063478328	15.557672140968	-12.5519128031097	21.6035142071542	16.8780535735681	-12.6700751243723	21.4115666759805	16.7958892392434
MUC1 SPINT1	-4.33362895484512	19.1647048711768	15.3232597196634	-1.93594224051997	18.3986337759302	14.1731456313527	-2.04409870718194	19.0326615099547	15.2219611918583	-3.16359832412115	18.9713854763398	15.0260542240396
MUC1 SPINT2	-12.2647535615789	21.2752250990234	16.598769084804	-4.37876821248482	20.4024016504606	15.335988003808	-9.23975784891853	21.3593383833987	16.5497423505176	-9.04692435137444	21.1762000871169	16.4562228435073
MUC1 SPOCK1	-15.0331312931662	21.0544601777543	16.2857655074831	-4.65101160951309	20.9194959093767	15.4188853561436	-16.5308411690372	21.6804074014074	16.8102245696186	-10.7897460968481	21.2556785958618	16.3050540901799
MUC1 SPOCK2	-4.86523417292354	20.8102314416409	15.1008849597587	-4.50081205721661	20.3362103687533	15.0217231719495	-6.38196992029954	21.9133146837842	16.0771192845708	-5.49011718384962	21.0503685778985	15.4928753688962
MUC1 SPON1	0.12819042260065	14.7938358561687	11.4014616021938	-0.429236431648768	16.1000020047909	12.1352787062115	-0.13429628480319	16.2042738666591	12.0664346945163	-0.116586271599769	15.6965011066197	12.0243489588179
MUC1 SPP1	-4.51474257834153	20.1657710388883	15.4657493104216	-2.96474621425535	19.76766438719	14.2823557362697	-5.28847411072993	21.0230606317467	16.0184669918571	-5.89511133677142	20.3183361027466	15.4037503597278
MUC1 SPTAN1	-4.96268103549707	20.5368357456486	16.3696112728645	-3.32397694746565	20.2185909806229	14.8900515503014	-7.14994141807273	21.3056193161511	16.4433829951468	-5.33452162250303	20.836512374208	16.1113701265961
MUC1 SRC	-5.45367149969724	20.5193762903045	15.9380318886156	-3.43752349335835	20.0109861346795	14.8900638500494	-7.52163894369501	21.0907749636896	16.6087785805289	-5.84930548606091	20.5246711548403	15.8679287224338
MUC1 SSRP1	-2.18463615016974	18.9449230702611	15.2303919537391	-2.80002660437644	19.4156869765778	14.7781832129804	-3.15226080470786	19.6257956123916	15.5548962564935	-3.52327904825666	19.6380263529581	15.5266595098779
MUC1 SST	-0.262379991365854	17.1385876725038	13.0236975802758	-3.43239912897145	19.4126977660369	14.9479880768146	-1.79201283642417	19.1654715871693	14.8783107897417	-1.10907071825177	18.4147553527553	14.239770584053
MUC1 STAB2	-14.1831366745379	20.8961948507129	16.4463865203078	-3.20839703711348	20.4595094891994	14.7313176728046	-10.5583606841054	21.1038722961471	16.2710181042403	-7.42711888499832	20.9585548781317	16.0157661053636
MUC1 STAT1	-6.63512097916776	20.9649947178761	16.1812008185165	-2.00467151144436	19.2837917234279	13.7264252838658	-3.53966758684242	20.757434752221	15.5218105203581	-3.4001197192768	20.4155640259889	15.3067458909448
MUC1 STAT3	-24.1442612186552	22.0698555924169	17.1691396510451	-3.58718448141083	20.2535866528894	14.6627094540207	-9.34652460128215	21.8124832600199	16.6913763153006	-8.79096510335852	21.5255176725526	16.3167115570813
MUC1 STAT6	-7.96955912567969	20.9909584757524	16.5290483899634	-4.82219673151707	20.9044089699877	15.3795921769647	-17.6930709291245	21.3413642662327	16.6828076607318	-7.05807076548861	21.0080369239517	16.213865357186
MUC1 STC1	-0.674839345117856	16.5913084135377	12.9792434786397	-1.62288425910658	18.4419146557572	13.3681537318746	-1.21333280878188	18.2524184839768	13.7473534628575	-1.17495641652773	17.8491676000351	13.5156963518168
MUC1 STIP1	-8.44517606021499	21.4144078736527	16.2298916319004	-5.9890640574528	20.8513048001444	15.2866322690565	-14.8755929576944	21.6901712759043	16.7742781500693	-7.95748862695449	21.2647752627095	16.0211626964506
MUC1 STK16	-14.2462215911216	21.5459769650391	16.7065781312466	-6.31276276819488	20.5396928809901	15.4719096900834	-29.8249946102339	21.8956636690659	17.170842969134	-15.1611379008793	21.343312722608	16.5786413425966
MUC1 STK17B	-17.9328675182838	21.7188163340823	16.6625228339121	-3.09566395411746	20.2218656076153	14.5509155743583	-12.8563265111372	21.3454049014737	16.5679781009345	-8.40882281495374	21.1782496553939	16.0187986414287
MUC1 STUB1	-7.01350627573927	20.222138524804	16.1401485891599	-4.73450320817999	20.3658158542486	15.3801577790826	-8.97536289456628	20.7859065144753	16.4024774702098	-7.36668544310488	20.578045781704	16.226032521102
MUC1 STX1A	-37.1360572550886	21.9026311263282	17.2756527387392	-4.87890820938013	20.5505137801851	15.1376661794575	-20.8335429387899	21.9218021872812	17.0307190678726	-13.5363596026784	21.4710812676938	16.5533338891468
MUC1 SUMO3	-7.06608617806844	21.2292412321666	15.9976359635393	-2.54793816789228	20.0566498540972	14.5187911953264	-5.3061715674481	21.3920153708067	16.3064956088824	-4.66408763612351	21.0017961342505	15.8284716714556
MUC1 SYNCRIP	-21.3209032218976	21.6356215762982	16.8927533164202	-2.8367609367319	19.6491401039307	14.3788184211892	-11.048497694304	21.3463100859365	16.5975867143572	-5.97647701073856	20.8960213430558	15.9481525778688
MUC1 TACSTD2	-9.26742591228595	20.5623625892871	16.3521797493714	-2.68500797518418	20.2775816296429	14.7702640292942	-7.31475332859628	20.7744455678826	16.5071742346315	-4.64237923734153	20.6182989060998	15.9032891632195
MUC1 TAGLN2	-16.3654233834434	21.6219523129525	16.6470325524844	-6.14208089452554	20.7009268661393	15.4104961380347	-19.2640667696016	21.8341599687979	17.0489230878951	-11.879577113535	21.3711921411711	16.4344112535106
MUC1 TBK1	-14.1174766167666	21.6126548866828	17.0626027540609	-2.64785815407314	19.8428434508885	14.7604067311271	-5.18966386483037	21.0443005303771	16.1783402094725	-5.44319825192822	20.8508901366844	16.0914528674506
MUC1 TBP	-10.3339254776247	20.6389509840797	16.5218454617662	-4.96828484830863	20.3829678518034	15.3678979559271	-13.9244486635315	21.0011680332263	16.5760381941344	-8.68484212103884	20.7237668998007	16.325180115505
MUC1 TDGF1	-18.8403465499582	21.5721949058457	16.4624894911755	-5.12397069260401	20.3164228757177	15.3734213224627	-10.0716042233484	21.7023342438501	16.6360078030934	-9.78914253342219	21.210474185063	16.3059460954079
MUC1 TEC	-10.1269315987579	21.2536145149294	16.4564352947838	-4.36132517042031	20.4051645271269	14.8421046166616	-13.9540986440261	21.8333887338209	16.888861091286	-9.81661275690304	21.0297496252547	16.1519259801377
MUC1 TEK	-13.5248070452654	21.1916262300078	16.5988266512711	-4.3698813850363	20.4192876593845	15.1386372844733	-14.7835238827382	21.4506596763341	16.5789222116322	-9.41105590265323	21.2224847287512	16.2954987291881
MUC1 TF	-2.27982605776549	19.284475951157	14.7771496324284	-2.92452255146175	18.9869697553192	14.2175220486308	-2.82733187261834	19.4178866933935	15.155929315434	-2.89420113966694	19.1591656336855	14.8175399588017
MUC1 TFF1	-7.9529396370455	20.2933619678394	16.3390689678177	-3.47821442554673	19.9342212405784	14.8166307080941	-5.93310281237172	20.292399843743	15.8813264297157	-5.69161836525138	20.4089681411218	15.9396005173209
MUC1 TFF2	-3.49023057119911	19.7301721407654	15.1884351996893	-1.85496630970166	18.4230256824826	12.9619722998667	-3.16516939403935	19.8754872999921	14.8751843758999	-3.19608684175477	19.4135959359251	14.5876870784605
MUC1 TFF3	0.0483857234098696	14.9900791891951	10.6227894430119	-0.474633155008934	17.2481446549994	12.7331049050542	-0.00701526272230679	16.2055327301773	11.8618811513011	-0.11567759158121	16.1830710935656	11.79485062254
MUC1 TFPI	-5.55739337402195	20.6149415730631	16.4252379295291	-1.92334941236958	17.987253078744	14.2509917398356	-3.11708554303358	19.5889230844161	15.6916441231627	-3.78280934892962	19.6474163642354	15.6916846498245
MUC1 TG	-5.42819321388678	20.7796202856335	16.263753696329	-7.33528757103187	21.11285063186	15.7042597479082	-10.5341123329793	21.4018066463254	16.6941126296682	-7.21890255979022	21.1945616706895	16.1863144962249
MUC1 TGFB1	-2.33538851408533	20.8396919357103	16.2030807111727	-3.50345688478837	19.5166460117823	14.7468305456918	-2.96293309244793	20.1161486335363	15.8073527572651	-3.83755389059434	20.2457037459174	15.8259941811582
MUC1 TGFB2	-4.51649146310217	19.8052289552061	15.9648658416562	-6.0746500988075	20.9715143329713	15.9354524296387	-7.47443434788002	20.8885574228715	16.5889454234689	-5.96860704769774	20.5192966551291	16.1119315884149
MUC1 TGFB3	-3.95333586342016	19.6504898456089	15.513149890362	-1.33286857418753	17.689924141804	13.6822347349841	-2.10960897071054	18.9737821588546	15.2525449945956	-2.69225196253441	18.9453957748068	15.0328391290629
MUC1 TGFBI	-7.60488184080266	21.2705820540807	16.428394983322	-3.82622960771954	20.3069119625981	15.0722411760589	-11.9527621966085	21.3626925769729	16.7660644577433	-6.90558707333689	21.1297719637023	16.1968570890708
MUC1 TGFBR2	-3.37727419325675	20.3373581533415	15.9613399194187	-5.4080903684287	20.6140198825993	15.4375211850802	-26.9271322690473	21.8184489850111	17.1384848846002	-4.95107209459392	20.5545568898692	15.8889714848007
MUC1 TGFBR3	-8.35409516193203	20.8547437593176	16.2678613932861	-5.66261549944856	20.8985122591521	15.2400482528791	-7.51937337775626	21.3247422987104	16.4392950160923	-7.98559415560855	20.9780090315666	15.9683264976273
MUC1 TGM3	-3.04070003015043	20.8159103184372	16.0622558066273	-6.77558579437349	20.6427775486995	15.2394164128207	-10.5724607788304	21.5707686180357	16.8957878176587	-4.77693331797967	20.8623780104095	15.8787092390699
MUC1 THBS1	-10.8388413959904	21.0085490108759	16.815085678592	-2.38367474476388	19.575658825863	14.5815598111794	-5.37211926475559	20.5221428339254	16.3278986530516	-4.79989152442475	20.5856066236445	16.0943841470169
MUC1 THBS2	-1.58455877592789	18.3294047858975	14.5352647790154	-1.50586317708783	18.3626077225505	13.3335763013224	-1.95378931476883	19.5121870551179	14.9474731069975	-1.67770372281257	18.5563158157342	14.22880154692
MUC1 THBS4	-0.188405670967356	15.6183876319752	12.0027760984549	-0.891934460197349	17.5779149618475	12.853377845372	-0.492439800810064	17.1188973347488	12.8008018837287	-0.541404976778001	16.8694964444072	12.7000670443213
MUC1 THPO	-12.2442840321376	20.9865586203189	16.9258270247183	-5.16458398664162	19.9374489444571	14.9467864431056	-7.325842873239	20.6074394458706	16.0576695579097	-8.69715699910919	20.6467500389009	16.225596878675
MUC1 TIE1	-31.8524416722692	21.8263778711845	17.1528799537591	-5.00723973946846	20.3600055689623	14.8847116230319	-15.001415575409	21.4619361216027	16.6823153607493	-11.7491989732528	21.3971948284655	16.3734297435929
MUC1 TIMP1	-0.0733168836162965	16.1160038357688	12.6505855307295	-0.426688928053128	18.3764454793699	12.2373426573049	-0.395358272990005	17.5475069390882	12.6564284497504	-0.309638111978559	17.4841856854608	12.606704488256
MUC1 TIMP2	-0.906109281057398	17.4978463249442	13.6282960140546	-1.96922650561404	18.9539481377782	13.7240250897352	-1.3037251016306	18.6379366668063	14.029944076601	-1.24807776787898	18.4678662303298	13.8862285893086
MUC1 TIMP3	-25.6682551486963	21.8772039565951	17.1059757308271	-3.35292430700723	19.8915112310229	15.0330151570577	-10.6751158117838	21.5585242080588	16.800155890436	-9.15569474701627	21.1002424260531	16.4212622049746
MUC1 TK1	-14.6289825520426	21.4599514226907	16.9799297623861	-2.77679892574023	20.335005253805	14.955647989432	-23.8213581065876	21.7876799280825	17.1768748603765	-7.91060638927188	21.1480000932185	16.3545771612262
MUC1 TKT	-7.51749646763159	20.5343679161837	15.9256319656803	-4.00605027744232	20.604329771232	15.3692953358109	-15.9735158603057	21.5314011605593	16.6396834940537	-7.14234707708034	20.9618922970359	16.1013543212388
MUC1 TLR2	-5.86862381206208	21.5759040369906	16.8312072927134	-10.7117543485727	21.2358142634329	16.033715223102	-25.0318314470666	21.6624996327364	17.0298496358672	-8.92753662364566	21.5020250905706	16.6149509682343
MUC1 TLR4	-43.7222959909816	21.691001677629	17.135015311458	-7.45131982583857	20.6177983185898	15.773561792119	-20.8922888525602	21.6916263744645	16.8186470681855	-14.9486261258383	21.3948011600417	16.705086704061
MUC1 TLR4.LY96	-14.0016024361746	22.1519105019601	16.769277681479	-4.52203350757857	19.7421803020198	14.6833694235146	-18.9851136276929	21.6232054053182	16.7669171552946	-9.4970765515902	21.1181717390941	16.1103451993352
MUC1 TMPRSS15	-3.83421949893507	19.5837714266829	15.8748124625358	-1.71243700460991	18.1532106993122	13.6209230619599	-2.4665070163276	19.271106288491	15.1880365832853	-2.85063329086111	19.0893056973961	15.1555863771554
MUC1 TNC	-9.10521343646771	22.0168157016897	16.581142579803	-5.27157951531481	20.3004995183285	15.368525648287	-13.537299733416	21.6676179776551	16.9390529975535	-8.04704372273351	21.304256871884	16.2702738318613
MUC1 TNF	0.000758657735687618	15.8681392530537	12.6260296367975	-2.07436423174943	18.4569855444881	13.7539290296427	-0.611053440635157	18.6780620031013	14.1539974745979	-0.555260716337637	17.533499479501	13.4257824165576
MUC1 TNFAIP6	-1.04555579298541	18.1214864775066	13.887049374641	-4.22801052400174	20.2683885849751	14.4446214135269	-3.07991064223415	20.0520055070997	15.0664405030205	-2.51999363550591	19.501802241631	14.5043105019293
MUC1 TNFRSF10A	-12.1401888628268	21.4153090800432	16.7475814476557	-2.53828405975427	18.9380709155015	14.0766519093589	-5.23540664574041	20.6911421488848	15.6837449528746	-6.80113359802268	20.4758740311025	15.778648578928
MUC1 TNFRSF10B	-1.74595485953078	19.4564894914452	15.2732615579226	-3.40893144809736	19.7115911739012	15.025264689503	-2.69964365272733	19.7423621924423	15.6208682015807	-2.49481000418526	19.6857082025097	15.3207628125172
MUC1 TNFRSF10D	-0.836156414709853	19.0116926630879	14.3049378971713	-1.28053395325067	17.4622702370128	13.9306202206392	-1.28486413175311	18.5558746236018	14.8326267827366	-1.20093793922256	18.5970860354633	14.4810151424957
MUC1 TNFRSF11A	-1.49623012310639	19.157183656761	15.0048103851244	-2.23890928788448	18.9517895599113	14.502701316092	-2.73050926937437	19.441505893775	15.4924777915072	-1.98419604016555	19.2730722879853	15.1326153856088
MUC1 TNFRSF11B	-33.2876248148447	22.0010970898122	17.2356023830039	-3.20689953829447	20.0176177762901	14.7316192091076	-18.4131426607572	21.542171798767	16.7920964345677	-11.5027483131123	21.2308567720612	16.3680281659647
MUC1 TNFRSF12A	-16.0688458805568	21.2853662822025	17.0063193560279	-4.53480657881835	21.0344588434165	15.1252758948203	-8.94073116789165	21.525613211312	16.5792621038228	-10.0155139071006	21.2519839152242	16.4354009069322
MUC1 TNFRSF13B	-0.658651144567249	17.9909556838823	13.8209717044045	-1.69811004662712	18.5220205554858	13.8869168511946	-1.80126930429369	18.4276301269408	14.4210996944517	-1.0092852199789	18.2705981601072	14.2474886708141
MUC1 TNFRSF13C	-1.57293351013953	18.8245335995692	13.8281742288147	-3.29288553235046	19.631503732151	14.769343731197	-3.44479704688509	20.3089913271721	15.3148182098184	-2.8182522045413	19.4493793387911	14.66943601748
MUC1 TNFRSF14	-3.68854995671382	19.2815312716503	15.1578445155922	-2.21531336688945	18.7301693559713	14.0024168601339	-2.70614118003731	19.436742442045	15.0757055625805	-2.98097368393229	19.2781350335275	14.9130978404815
MUC1 TNFRSF17	-2.40739810470028	19.6949272455188	15.8277900687215	-4.44312503084394	20.2230434302835	14.9757806214509	-4.95304113055717	20.4122459474137	15.7989094639018	-3.00276326175357	20.0843654794936	15.5246106461159
MUC1 TNFRSF18	-4.53949900396794	19.4571716302383	15.3081709911838	-7.38828404582529	20.6837748696532	15.5266131449687	-9.75323471065188	20.914355839432	16.4628725381973	-7.39764919501068	20.6076419071121	15.9500061342918
MUC1 TNFRSF19	0.0341488037805929	15.0957461034633	10.9411165659056	-0.522933603671926	17.1579906989672	12.487405747741	-0.251412543233936	16.403233855926	12.0972316266509	-0.233172322212365	16.349820068379	12.0593508573056
MUC1 TNFRSF1A	0.290740872185824	13.6781815295577	10.2735294978052	-0.210805164494888	15.7218612263577	11.2797397337962	0.0276809879306096	15.1160850141821	11.1574628425071	0.0912303440617062	14.8456082497382	11.056166295553
MUC1 TNFRSF1B	-0.197370417631175	16.0303417728752	11.692575445601	-0.245379115310635	16.1612020290748	11.5777296394907	-0.299273595300617	16.7478323975146	12.0401019143862	-0.299836989344282	16.3421256360834	11.8859249318145
MUC1 TNFRSF21	-1.72322996184785	19.3050895075607	14.4818606981414	-4.53931883060166	20.4070520625005	15.1923082042617	-5.6957803711344	20.4677796443162	16.0292086670032	-2.63870992124613	19.8846817708179	15.1560260422082
MUC1 TNFRSF4	-0.111907904600486	16.6168008916029	12.5528502132414	-0.147473821829678	15.5856518209541	12.1755345583894	-0.136362040985304	16.6077729757656	12.9454288438714	-0.122629073046385	16.2469740810295	12.5051414946588
MUC1 TNFRSF6B	-1.24089410930099	18.7437364426716	14.7950787539819	-4.0937587390005	19.8450848873405	15.6003037393328	-2.62811448749623	19.9469219828378	15.7850711635324	-1.98822570724386	19.6541891482565	15.5328578671043
MUC1 TNFRSF8	-3.35989389355435	21.4261478689028	15.5537004324314	-0.393857663492313	16.3397030167054	11.9758966647641	-2.34994996624708	19.8910051908056	14.8037288817434	-1.59482487500004	19.3007719585551	14.1791899541959
MUC1 TNFRSF9	-1.50882409168984	19.3315223839072	14.6062085844151	-0.416266717058558	16.5092389439589	11.9677019287858	-0.845940933765397	18.2446275496822	13.6603373206368	-0.984788485531337	18.2812381790219	13.6400284056441
MUC1 TNFSF11	-17.2825906007776	21.4713573908248	16.7697121800342	-5.86663947690396	20.2991234869438	14.8708614072009	-20.2765597600809	21.4041571738516	16.6650393700164	-13.5304070624335	21.3037572021119	16.4704227014651
MUC1 TNFSF12	-7.4072094377017	20.5559044554253	15.9744686068702	-4.6771095795921	20.3135365441966	15.1471162979232	-10.3445924951004	20.8311737818188	16.2343671685101	-6.9757257854862	20.6650479487898	15.8513968022818
MUC1 TNFSF13B	-12.1427919700197	21.8979495552342	16.8556826980767	-3.36443914844362	20.1648211320104	14.8359700119444	-14.5007795407399	21.6524715151574	16.8663775338894	-9.72701251661259	21.1736567450399	16.3197347956131
MUC1 TNFSF14	-15.0738356215254	20.9540266098983	16.9962481469378	-6.10666162887253	20.3725020969894	15.4951840969973	-13.1525638280568	21.2072657541731	16.6790698921886	-12.5458576381503	20.8632657739232	16.5030226867678
MUC1 TNFSF15	-2.75113125535824	19.2719734634826	14.3639165788268	-1.6946266408188	18.868264128285	13.2555591207318	-4.50409006832861	20.3650452051154	15.4264237098118	-2.94354686210904	19.4220057571821	14.5009474448039
MUC1 TNFSF18	-11.0993442480666	21.4715306169958	16.4455554719477	-4.10529533261198	20.6120019579856	14.8059672944225	-15.0174227036619	21.9062557114812	16.7061266761679	-7.91643419764872	21.2516444861521	16.0159617897562
MUC1 TNFSF4	-32.3891450739727	21.8561912494201	17.233300280596	-4.34111940846789	20.2298282011093	14.8790324377882	-12.937458602912	21.5384371509129	16.5749252980134	-13.4196359223865	21.3293487913645	16.4486765905328
MUC1 TNFSF8	-2.66124889058268	20.5080919917322	15.9405073676754	-4.97182312826361	20.3109837909689	14.6966193353267	-9.58203521264953	21.7315906990281	16.5620449766545	-4.52927720803814	20.7355086299326	15.7607774513058
MUC1 TNFSF9	-6.62646815429806	20.8655598763376	16.1350157738706	-3.19807210614126	19.6185258379758	14.2380817252069	-6.93785096002478	20.8884014726707	15.7813294086269	-6.34899951984367	20.6988498595077	15.768496597994
MUC1 TNNI2	-11.9970465390202	21.057839802823	16.5118882042648	-5.93569026979937	20.3837230031022	15.1636451999491	-9.54255369989933	21.2738761720261	16.400063746034	-9.57847963083402	21.0961455604313	16.2271229749019
MUC1 TNNI3	-0.741086466019101	17.8860585624958	13.4140288571345	-2.4139809007443	19.3821487324702	14.3355518506424	-1.58286466170254	19.1676385154068	14.5093953182889	-1.76622080560798	18.9197300775284	14.3040046569758
MUC1 TNNT2	-0.47099535657749	17.0919000439901	12.3772760811998	-0.224326180735126	15.3452550093213	11.2736257151679	-0.528827802732732	17.2403982655523	12.5034567919352	-0.25183246386732	16.4126136734811	12.0358866836314
MUC1 TOP1	-6.70419044436778	20.6664288839212	15.6357497148462	-4.02312497326876	20.1411612895864	14.9327546041467	-7.00981884549541	20.7365421956974	15.9857957716371	-6.53484374422547	20.7204171144782	15.6900083032467
MUC1 TP53	-6.39852392958739	20.5005730164417	16.1469277323619	-4.33161044253277	20.2700435259091	14.9169843381956	-20.6364567487749	21.6988613993377	17.0291522376278	-7.78037610124038	20.632182069427	16.0677614522891
MUC1 TPI1	-10.6904192534094	20.9592912808556	16.1284899115972	-3.87222153958919	20.4991838762115	15.2168129007646	-12.1200957664332	21.338176730167	16.6908444153234	-6.63925203546943	21.0348165403621	16.1597448032891
MUC1 TPM1	-14.5579474812375	21.3163514743457	16.8559954342799	-8.27821367969847	20.7366015263658	15.7046419104382	-16.9157647659448	21.6684364974623	16.8120428820734	-12.6358449984188	21.2625531553447	16.5382858010505
MUC1 TPM2	-37.4096537926314	21.8588076839864	17.1865833868769	-3.52706982448978	20.0876206580878	14.6195425520853	-29.766926002576	21.665953272245	17.0358376595761	-9.73525581633151	21.2806969066447	16.3696670259041
MUC1 TPM4	-7.64956979668956	20.8521906438798	16.2653126497627	-5.36453124879464	20.6336350829134	15.7598226390785	-12.9454121344435	21.5246170132227	17.0228357253177	-8.38352815523448	21.0809896871781	16.4039569838491
MUC1 TPO	-31.7983982464361	22.0371624498658	17.3379251274402	-2.79899586527871	20.1384851062402	15.0747453348935	-11.3025998148235	21.4295916297499	16.9953684722791	-8.8883857991042	21.3000737051462	16.5063030909552
MUC1 TPSB2	-7.7564312591492	20.4094469173841	16.2101642897918	-2.91653776730936	19.419961727872	14.2072779982613	-9.70818695713629	21.3913098254252	16.6068027776158	-8.2527329638141	20.4196202450476	15.9256366368
MUC1 TPSG1	-4.87542631361989	20.3608881661714	15.9580330996186	-8.41433127351319	21.3390830060387	15.7728269709361	-11.9494254437261	21.4647453119398	16.7611956330429	-7.41150175226241	20.9825679606069	16.2679572366714
MUC1 TPT1	-16.1661450286938	21.5354089937505	16.8974904931732	-4.03328716339014	20.6242244404494	15.2725807731951	-13.8826121256522	21.8677799864877	17.0609149524247	-9.59748364189748	21.3421130428998	16.540360190414
MUC1 TSLP	-11.873685958978	21.0125403898921	16.6010355562984	-1.74028417833843	19.2229200820549	14.7845092386857	-5.90505595675034	20.5985112027411	16.2360870762287	-4.9714226694773	20.3085733992945	16.0383142904923
MUC1 TXNDC12	-13.8424518736955	21.3746228987684	16.5334094570036	-4.75539998256452	19.8023312695843	15.0113526969001	-12.124634975521	21.2324265988459	16.4742996689919	-9.33680148724562	20.8019721649917	16.1251375453709
MUC1 TYK2	-8.06042251382957	20.6709717029336	16.0927717229396	-3.40051981351652	18.9762196546512	14.3636047936379	-10.5929878038931	20.957809665525	16.1751123449802	-6.57163068568318	20.1049025197796	15.4990062402177
MUC1 TYMS	-9.2492893623393	21.5211001589773	16.3326563466131	-8.44256260436287	20.8216684585827	15.7236812269039	-15.8783128084787	21.9187190365579	16.8754928089633	-11.8773923432274	21.3006263217747	16.3951451733346
MUC1 TYRO3	-6.7567068624664	20.6679810613127	16.2193011325791	-3.6872007160968	20.1316362824609	15.0452424519084	-6.37597492340434	21.0730808760236	16.2485170524176	-5.76016428674161	20.5713242147448	15.9393042495831
MUC1 UBB	-12.23608410584	21.1531981189318	16.370375024841	-4.52629602762491	20.7682009920427	15.3634325018658	-13.1554882660954	21.4315563168494	16.6073222093488	-11.3538828722588	21.204815526292	16.3142492594236
MUC1 UBC	-2.65757832648635	19.4357834709233	14.8291511750187	-2.55650381526124	19.3241875210206	13.4780949380238	-2.59144386169488	19.7072996424915	14.6926009546046	-2.80693956852215	19.5603901671471	14.4341013031814
MUC1 UBE2G2	-6.11522656614317	20.4666692819723	16.1064231786232	-2.756800758489	19.0129246091758	14.3117044527669	-7.41023753099572	20.7754382202051	16.1901704612576	-5.48329827250853	20.0241336845636	15.6185456907589
MUC1 UBE2I	-10.8633823539054	21.2963482603049	16.4949786469822	-2.64174522741065	19.6901343612032	14.6239387283574	-7.84448832281826	21.095726018811	16.4033380110663	-5.29924179400682	20.76134397702	15.9287664987391
MUC1 UBE2L3	-9.08996370397069	20.8765383755104	16.2246834898007	-2.93356540287358	19.9169297550117	14.8184091230594	-12.0989445888376	21.3756589748655	16.6801944904559	-5.94592314242865	20.7514625737659	15.9478037880269
MUC1 UBE2N	-8.26666054914844	20.5926517775859	15.823945046357	-3.5096870200679	20.4455531102616	15.1384537901459	-8.80817017201832	21.1505616071181	16.4535321569625	-6.00217434070774	20.765525547852	15.8936862928142
MUC1 UCHL1	-18.7541516962381	21.5084917161888	16.7380357591552	-6.42655507148084	20.5917184975868	15.2932829785366	-23.9190723526992	21.9077433047688	17.1807708957781	-10.8001254862946	21.3487103192434	16.386261280389
MUC1 UFC1	-7.87932395298037	21.052031908488	16.4281266552247	-3.99182373752347	20.5068451988475	15.0431415303468	-10.3120465218311	21.5192089716276	16.7664849924941	-7.42333399833279	21.0121986208507	16.1163223272776
MUC1 UFM1	-6.48390455908639	20.4497534636218	16.1301588225643	-4.48966054855374	20.2878447745228	15.0677761717064	-9.9486004989462	21.1230492588597	16.6264320815253	-5.94432408346994	20.4367349395925	15.8640896853014
MUC1 ULBP1	-12.4250885736611	20.8018125288448	16.5648252423284	-6.52926200740363	20.5582768528968	15.7426304214094	-9.55333083347615	21.1025694817026	16.5694791590421	-11.0846299484392	20.8740058934992	16.3350415156934
MUC1 ULBP2	-13.5895759500307	21.9651664475902	17.2032166551733	-6.87921803665554	20.3435405634933	15.4560679693272	-26.8189109830971	21.7814386207856	17.1460029800756	-12.6558778736805	21.4062356982959	16.7368201096991
MUC1 ULBP3	-8.59000018844783	21.3650103233655	16.6861931827107	-1.63071344480366	18.6031739714112	13.9793938063393	-3.22806773828531	20.3395447915506	15.700770358766	-3.46584127681108	20.2191049034171	15.6725912043648
MUC1 UNC5C	-0.779031410245702	16.9664739293595	12.9501702424218	-0.248220995130372	15.6686762146124	11.3115715256947	-0.457224402314014	16.6108788973033	12.5641575332662	-0.442300611634515	16.4669422151813	12.4426759605428
MUC1 UNC5D	-3.02091604950686	19.8743776585817	15.2365138810052	-8.05550431639277	20.8865861117428	15.3554519000889	-7.29874291879717	21.4930227372289	16.1757889234826	-6.2049069420085	20.6108397568944	15.6492073342909
MUC1 USP25	-4.31631294058359	20.3397140831382	16.0471007117148	-5.20783717695578	20.1577397104993	14.6263592501942	-14.7157235766893	21.4012555061481	16.6564846379785	-8.86227358578252	20.6013922560186	15.8150275549286
MUC1 VAV1	-9.16933458741091	21.1534814603619	16.5067023914373	-3.43740702606393	20.1049951695006	14.5281090457431	-10.8810118661236	21.4555137066773	16.6252391174752	-6.72061332942385	20.797475950492	15.9889204487649
MUC1 VCAM1	-1.178721535602	19.1737988643565	14.3418413883874	-1.2139728595328	18.2523977105953	13.2559100993912	-1.47205113384838	19.3629942797794	14.6713143855157	-1.47362494051292	19.0993966897422	14.3073744297182
MUC1 VEGFA	-0.762942251385416	17.4854007590377	13.4820063753829	-0.168942510598871	15.2965180282945	11.7363552314342	-0.4526162827952	16.7597971611602	13.0999849026564	-0.378891946227046	16.543818640938	12.8652702243131
MUC1 VEGFA.1	-24.0925646276128	21.9347251246249	17.1886833669009	-2.80342670836087	20.1694266361826	14.6493763093951	-4.79203665773001	20.973256729484	16.2438552677532	-5.9146117984389	21.2413907599151	16.1921125835127
MUC1 VEGFC	-2.64482275064469	20.1667836016064	15.680905169813	-0.761999050212799	17.7454299780853	12.2444639606695	-2.30213718086655	19.4504918012373	14.96136414372	-1.63830999208475	19.2175473459674	14.4552953533623
MUC1 VIP	-15.8335715446633	21.0946598671335	16.7118305053936	-2.16212390515974	19.0704933337305	14.0881236994233	-4.58665643233456	20.8391892153244	16.1650739735986	-4.48233317942097	20.3016582142475	15.7265941043417
MUC1 VTA1	-8.82777649354052	20.9230924209689	16.2687508244516	-4.41951429122889	20.825408268714	15.1880973879669	-15.8776647154028	21.6840026598976	17.0238090787947	-7.87062919265762	21.2907490989625	16.205505278067
MUC1 VTN	-3.58639669690254	20.7459183890075	14.8799125800965	-3.08823581943971	18.9549987071493	14.4664244206052	-4.48570610960353	20.4217998739924	15.3826208042453	-4.81205060208012	20.159430107212	15.1148740529462
MUC1 VWF	-12.7032403779829	21.4625624570914	16.4329091933797	-5.96051791365033	20.7360535775182	15.0784748942426	-10.0653900657188	21.6753968761936	16.5185727653674	-9.84773661505502	21.428432214473	16.1709200533954
MUC1 WFIKKN1	-2.68015735099464	19.7857219014414	14.6676359895091	-3.75967823020191	19.6543187820419	14.3363194185766	-3.38859222810836	20.9368561280879	15.4724053944203	-2.99410660299956	20.1533086884245	15.032388356124
MUC1 WFIKKN2	-13.8469882286191	21.9156201463497	16.689871835406	-9.37021349438221	20.9266087537076	15.7446369433515	-16.4570031965379	21.9521844144573	16.7977689142938	-12.4992626442335	21.6274022875551	16.4432723317392
MUC1 WIF1	-11.8878541129661	21.5885354615396	17.0718429460956	-5.29415060453299	20.6820184014449	15.0069365237506	-7.01335103870854	21.8111052879975	16.4137822767294	-7.51387628908804	21.2648490149382	16.2670856667888
MUC1 WISP1	-3.01832769007034	19.452061356083	14.5848829072325	-6.66767674740608	20.31032795113	15.4361249428923	-5.86583180312326	20.4663538069948	15.8635258847116	-5.65490316921549	20.4807734443061	15.5918211627567
MUC1 WISP3	-4.85927365084648	19.380782824266	15.6570787153641	-6.44003783927203	20.4285528775583	15.3518411903202	-8.13615638311328	20.5504085547629	16.0339683262769	-6.08487313081653	20.1338070795359	15.8742127857672
MUC1 WNK3	-10.0989665213702	20.4577010976197	16.154168643011	-4.91849569058717	20.5830247076423	15.6970119138278	-8.60818335118632	20.9122316225543	16.3955965743742	-8.77445998841958	20.8187975019687	16.2512887183919
MUC1 WNT7A	-10.3910249201305	20.8325327081866	16.7167679397855	-7.27038014181564	20.6966028258163	15.5110058552593	-29.7173250843402	21.7805506381978	17.0971974203549	-11.9993862336052	21.1710496501051	16.5255836934725
MUC1 XCL1	-3.68872972777734	19.6141043228568	15.5044078493259	-3.90593394825803	19.8585332121772	14.8742249700136	-4.02049313971007	19.8605607323661	15.6963366509107	-3.95796372118608	19.8361693655822	15.4478849836649
MUC1 XPNPEP1	-3.06443058613112	19.5326309149161	15.1578609030447	-4.83475201301019	20.2771010025274	14.7289934882073	-5.14987038553204	20.5980501182624	15.6000409404346	-3.96101045017533	20.1120520779548	15.3722232689744
MUC1 XRCC6	-8.72595015864651	21.7903773480088	16.5380736595143	-3.97642994273979	20.2152757442698	14.8257840004746	-18.0741322070788	21.5603916058675	16.6897735620726	-8.03055558462036	21.1424946121719	15.9139074119646
MUC1 YES1	-9.45424696474682	21.1736334588691	16.1777035363526	-1.29112545165389	17.9865958220813	12.9486604992355	-4.14262578998414	20.1770120004823	15.1771605840264	-3.21671607361211	20.0099753516977	15.0371024041661
MUC1 YWHAB	-13.297952959823	21.6660074015685	16.8245587509468	-4.30377176438033	20.9543648664537	15.65133577403	-38.6784330679033	22.0445986998	17.2743853923535	-10.5720621282162	21.5663805903018	16.619274552935
MUC1 YWHAB.YWHAE.YWHAG.YWHAH.YWHAQ.YWHAZ.SFN	-26.6202034227694	22.2668945151544	17.3448472605026	-5.76054994788987	20.766035175338	15.3807776078307	-13.4332505609251	22.0388876419985	17.0441425901401	-10.4953371267139	21.7176310525787	16.551869565121
MUC1 YWHAE	-7.92383132964882	21.322524453505	16.4799013253612	-2.87945309766813	19.6903441611406	14.4801070879116	-4.89051071040532	20.6075252810243	15.9261690252907	-5.80534172326408	20.5711560156192	15.7420816809232
MUC1 YWHAQ	-23.7306044255576	21.8205271223869	16.919075128343	-5.91713339132277	20.8468311563084	15.7932515894621	-13.5193495751502	21.8376113354034	16.7591223908365	-11.5979876046169	21.4170607360698	16.6116777109637
MUC1 YWHAZ	-26.1703492405157	21.4515563736293	17.2301834798439	-5.73288270328558	20.6165326606586	15.593454922818	-27.7490053207813	21.8221995716165	17.1558747075868	-14.9312817999114	21.3309766527372	16.7842872134288
MUC1 ZAP70	-21.114023922802	21.3675066865341	16.8637289091578	-3.8653811725723	19.8718201415305	14.6322566834265	-16.5569816420112	21.3646501087022	16.6350424559277	-9.33643877596809	20.8420397450604	16.1244261055101
MUC1 ZNRF3	-5.06233699058335	20.9272314661388	16.6244958249643	-6.66447676362465	19.9227391490369	14.8028929306079	-11.2023267450059	20.9793851064876	16.4304858966408	-6.46838441033251	20.6239495783062	15.9649295559524
