protein_name	r2_male	rmse_male	mae_male	r2_female	rmse_female	mae_female	r2_all	rmse_all	mae_all	r2_all_sex_adjust	rmse_all_sex_adjust	mae_all_sex_adjust
NCAM1 NCK1	-22.5493014028898	21.6291089776587	16.964659891853	-5.67668310900092	20.2755177012962	15.2908828085392	-13.2870612195983	21.3854499829512	16.7912191515127	-12.3818453724858	21.3490288493924	16.6201140723284
NCAM1 NCR1	-7.29251555123196	20.6992839275066	15.8106095264713	-4.78268935368893	21.4518648598321	15.7467907701445	-7.85677087646199	21.4812159042363	16.6501884865514	-7.1328250396209	21.3074963387645	16.270541604609
NCAM1 NCR2	-2.48958270131765	18.4437076038322	14.8162620571716	-3.54871569021931	19.6091138760311	14.901157967175	-3.98251010195272	19.9386294946334	15.8685148762721	-4.77345940005956	19.8650185025046	15.7234992436105
NCAM1 NCR3	-2.48037239327794	19.2464840730025	14.7919892167065	-3.73530066937974	20.1576221208916	15.2170713218859	-4.58169024897671	20.3743584568452	16.0971122022183	-3.45382165171648	20.0793257078073	15.5384818412452
NCAM1 NEGR1	-0.151745385291301	16.3579226916856	12.6989098979267	-4.13026933315908	20.3633719726765	15.2327908631115	-2.22888371449497	19.0065957905544	14.936425445058	-1.43389450989823	18.647066745265	14.3154608457188
NCAM1 NGF	-4.79625257274542	20.5581909877825	15.5223631077853	-6.10054507324457	20.0334005228616	15.1602684864622	-11.2230543269308	21.0853343858938	16.4510891972175	-7.54806588363832	20.6422585843482	15.9621178237882
NCAM1 NID1	-8.2406052718311	20.4396904321463	15.9612692629608	-3.92545818316358	20.9713192691162	15.1858574381527	-6.95753609396981	20.9542020133224	16.0102924585739	-5.69239593281845	21.1492430626507	16.0590258492328
NCAM1 NID2	-6.6323677586941	20.031586768464	15.3032539856991	-6.75606432087719	21.1706904090358	15.7718514351858	-9.40322977096769	21.0217334906019	16.3035921015438	-9.21070124710031	21.2120714902683	16.3548670523837
NCAM1 NLGN4X	-0.46538921277948	16.0657025536234	12.5186395610241	-1.77853877629617	18.3524876499881	13.5649740021511	-0.906961734594911	17.5313409315661	13.4437877676598	-0.912625255500795	17.6347080710106	13.4817925467656
NCAM1 NME1	-11.5784282566559	21.2448317175322	16.6979170032703	-7.21375889884206	21.5493335384156	15.8988405433171	-9.41277854764936	21.7876472649463	16.4371064782824	-11.3729475203656	21.5854661050272	16.6560874396803
NCAM1 NME2	-2.16669425848054	19.4550323689768	15.0023492006153	-8.05168628268227	20.7187735286525	15.3876915191773	-7.51548694935891	20.6533082856803	16.3285791732243	-5.30326066704058	20.3123581088426	15.6073976966451
NCAM1 NMT1	-7.74962726562224	21.1356893328952	16.1497181243779	-5.41370727203815	20.6772170494081	15.6311548383414	-7.16248957458647	20.8988455502844	16.1760467958737	-7.53816448566871	21.2691798516486	16.3558892760098
NCAM1 NOG	-13.8050284175388	21.3051143098644	16.5073067014887	-5.38037892465282	20.0762341007105	14.9849311197419	-8.57843325973898	20.7587004888417	16.1360890281616	-8.90310062879613	21.0337689229898	16.1359814227532
NCAM1 NOTCH1	-5.24590015798398	20.785939166218	15.0554723935837	-2.4574015450348	19.4255501515899	13.9212611622239	-3.54637142070269	20.4539738612167	15.2529534427528	-3.66578031328285	20.3862016405984	14.9054228370924
NCAM1 NOTCH2	-3.72548326023993	21.2946617837592	15.456506361526	-5.02916299431466	20.7381583146069	15.6141144562256	-7.46740048738956	21.3737946371278	16.4972373232094	-6.2363261637675	21.069038924611	16.1897260621046
NCAM1 NOTCH3	-0.17992815865086	16.3684349579109	12.5962143244413	-1.51532371949578	18.4985283201125	13.6422497032095	-0.948205582612835	18.0409965921208	14.0888278429293	-0.949503136263794	17.859082830922	13.6905131636912
NCAM1 NOV	-10.5582388149401	21.2406154799496	16.4527547898456	-3.99386942903883	19.7664728373623	14.5873613997095	-5.40297898182146	20.969437412015	16.3162718282138	-6.24562842068181	20.7010093068161	15.9276947902913
NCAM1 NPPA	-0.763128673733389	17.822384568184	13.2332950324377	-1.69211638617346	19.4192761966987	13.8989277909183	-1.32088492598914	19.0194759799511	14.1817414977219	-1.15509347518577	18.7299487396591	13.8894978249894
NCAM1 NPPB	-0.575859012613803	16.8747613141245	12.4521036917813	-2.53362413120518	19.3989044472924	14.6517411907152	-1.19029889405026	18.3896019492774	13.9513608060211	-1.21026001334188	18.4142300878408	14.0880046957185
NCAM1 NPPB.1	0.227297061250414	13.9241702734804	10.7594612682784	-0.013715299679101	14.9357081966329	11.1075190291715	0.0404268074701298	14.7977045872969	11.4589745588774	0.100605423773041	14.7654531052996	11.2104689066816
NCAM1 NR1D1	-3.30668678528136	19.4105328200222	15.1816319387061	-2.56966691397738	19.4219364725771	14.0578038835654	-2.17924806000484	19.5041768572343	15.323924602824	-4.17464820448173	19.8326304521434	15.3696617657899
NCAM1 NR3C1	-7.52828739117647	21.2185141995251	16.3057111409512	-5.74181193209262	20.6536999221329	15.6442786768125	-6.90320601247199	20.9737999183258	16.1742333417434	-8.14517385802976	21.1991111377834	16.437859226693
NCAM1 NRCAM	-4.9204342602563	20.5378661671748	15.6509318122065	-3.96040119228444	19.6399793341418	14.7730588025071	-5.53697003591741	20.2085058411259	15.9670282358318	-4.6106299062221	20.2513588431553	15.6286673657397
NCAM1 NRG1	-2.26708926861372	19.1127931393722	14.4343127614936	-4.92853456010605	20.937723437677	15.5498058823269	-7.58745864177691	20.9677187753687	16.3628236391782	-4.06851784143819	20.5286493979165	15.6658711546592
NCAM1 NRG4	-11.9564561541086	20.8341702986492	16.6099263650833	-7.46841227626191	21.4391064562921	16.1011369824632	-25.8692076435142	21.6165404883282	17.1069683923997	-11.5073354534174	21.3087711535909	16.5888500670722
NCAM1 NRP1	-4.5372398225365	20.6693787908421	15.6837072038473	-4.8032120678535	19.2595342636489	14.8387629869951	-8.02222036221188	20.6394397539492	16.1919262673426	-6.92043275556483	20.475822606232	15.8727064028003
NCAM1 NRXN1	-3.03394097225731	19.5422949909321	15.426294510518	-4.40068453232619	20.4745781034206	14.9390594426974	-6.65399071353398	20.9298794261488	16.1590344002636	-3.94418557731562	20.5051647478498	15.610960530399
NCAM1 NRXN3	-0.839429178812642	17.1247011443419	13.3311022936597	-2.88617292175279	19.8245946435897	14.4891903804824	-1.54365907482699	19.0621404189271	14.7335292941109	-1.36739342515524	18.6437187246899	14.2762295841627
NCAM1 NSFL1C	-1.9074798976183	17.9413203208097	14.1403735221699	-7.33183596816319	21.1103981685211	16.0091097046784	-5.38362553831888	20.1818255431225	15.9909514982338	-4.32972197505686	19.887469340139	15.4643030538856
NCAM1 NTF3	-7.72316689521716	20.3796772493457	15.8685783940362	-1.56075216655939	18.236364534596	13.4593706876468	-3.06226134850515	19.5565182730037	15.0959944388767	-3.9982687457121	19.8185198083302	15.3238153479793
NCAM1 NTF4	-10.9090734775781	21.0784843348114	15.8599291532616	-9.43239667575875	21.4928565653499	15.9592123145131	-16.4627576489449	21.4959434211166	16.8247631035365	-13.6151428669726	21.3917522909523	16.3534030877565
NCAM1 NTN1	0.344086096538246	13.8233451250292	10.5865116027794	-1.04299267699468	17.5431700372496	12.4994020617028	-0.219413925508961	15.9833765376438	11.8633934851243	-0.14384787482764	16.099583577623	11.7791151553854
NCAM1 NTN4	-2.03221890525136	18.7718501019115	14.7076243657312	-5.83395551055737	20.9196423662836	15.1436657052886	-7.10158035024328	20.6131197813671	16.0833397981342	-4.00607872667977	20.2628871804935	15.4151085323383
NCAM1 NTRK1	-4.16318486825252	20.1833692524036	15.4012421127682	-5.16898786865886	20.9182457476486	15.5190299392783	-4.68764002521262	20.7573095949068	16.1757121788493	-5.79156102114747	20.8935473536101	16.0553257607173
NCAM1 NTRK2	-15.4984874753264	21.8155854443977	16.8432239964282	-4.51320593833538	20.0142684860009	14.5563288918417	-8.0335194311364	21.3222847738772	16.2598064754379	-8.50449713704359	21.2011151713126	16.1884580988537
NCAM1 NTRK3	-5.96049175220636	20.5489086277569	16.2544827215152	-2.90219617335709	20.1149111060476	15.4159760816924	-4.91001128417011	20.6115366946099	16.0849079369207	-4.43646288350466	20.6831690484628	16.1730703357
NCAM1 NUDCD3	-5.78663079977132	20.6825102133792	15.6261522546033	-3.40167356558787	20.5461034563216	14.8822787716733	-10.5029590524932	21.4464327331946	16.7269139348616	-6.14636679821208	21.0344152742922	15.9155387037304
NCAM1 NXPH1	-2.01824834922466	19.4981465925055	14.7971114717338	-2.14130460346628	19.1409827449141	14.5136616212062	-2.34486029960098	19.5681726897366	15.3324488866721	-2.57885325475876	19.6776927135131	15.1289165343181
NCAM1 OAS1	-6.19282957317882	19.7554370001869	15.4718280393406	-7.42518081686921	20.5245921640645	15.3142699722319	-5.72334588374313	20.2720823817684	16.0704582343736	-8.52292924365324	20.6778911615026	15.988696547801
NCAM1 OCIAD1	-4.18950536696427	19.673724613742	15.7013592180713	-4.28454864684692	19.8851413319896	14.8485789987233	-4.23458439458944	20.2996012442761	15.8861217769162	-5.28085228962299	20.14847686405	15.6491756357197
NCAM1 OLFM4	-2.81189742952251	19.4388125059665	15.1267018816303	-3.74092852266713	19.9437478867864	15.1600070136448	-4.91756636449643	20.1089674292128	16.1403498579413	-3.2438729862864	19.8486326474149	15.4429094350415
NCAM1 OLR1	-0.594351806876084	16.7669362387496	13.0398668143021	-1.77321719833598	18.7648315392053	14.3833141231165	-1.17027650631238	18.1954954911396	14.4380394800885	-1.07835255325179	18.1757162900589	14.1914631033799
NCAM1 OMD	-4.66601622816038	20.4603616035702	15.0998470342333	-2.46499275703688	19.6267619331982	13.9645926736968	-5.61686308943	20.8386774519715	15.7713207064717	-3.96599525077261	20.4304823520789	14.9813304710523
NCAM1 OPCML	-7.32194668098384	20.5922709417337	15.5310898589605	-4.20954159492851	21.2839350675974	15.440139375502	-5.46006708849677	21.2186851870941	15.9705753992513	-6.61999079913692	21.1622272936481	15.9333225445117
NCAM1 OSM	-11.200134762437	20.9610518291443	16.4753642013907	-6.51762500039732	21.6958512379317	15.7766578189773	-16.4331141638427	21.4817002387336	16.6795548192002	-10.831821771086	21.4497409002151	16.5576994759475
NCAM1 P4HB	-9.11008124368408	21.1117774704469	16.1613847338964	-6.29867265481282	20.99020295478	15.2649093789769	-12.7339923075019	21.228118640827	16.5183445604865	-8.30666884649627	21.2341025011679	16.2911740023091
NCAM1 PA2G4	-4.91363555559284	20.770249754	15.3953703371324	-4.6815230443396	20.3560126697099	15.2931820778817	-5.77918177402571	20.8820177909624	15.9015645780236	-5.22385513412249	20.842468393171	15.8225350326694
NCAM1 PAFAH1B2	-1.28525346013166	18.0041104306631	13.718577924246	-1.52715539731339	19.2596903469913	14.064344204213	-1.47860542350047	19.2148266257009	14.4243121301936	-1.45821751265935	19.025716798019	14.4377998068295
NCAM1 PAK3	-3.19756141483187	19.7794901595585	15.4324869076422	-3.97466329128488	20.7786971587389	15.4268027756086	-6.58094741765232	20.8455829605433	16.5755744878765	-5.20610670385493	20.7297560687084	16.0534055047512
NCAM1 PAK6	-3.92126156254332	19.7198614077596	14.9992463596571	-4.93741000913704	20.4187546782826	14.9860681109174	-5.8701287935271	20.3236706350322	15.6508728754841	-5.25174588483717	20.4793632808996	15.4904095021108
NCAM1 PAK7	-6.93573943994632	20.8034763631585	16.0826819704121	-2.82035482102809	19.1679250102823	14.2633296818371	-4.75496039697853	20.4262551485913	15.7775617095065	-5.37341218562247	20.2473869381572	15.5678918415912
NCAM1 PAPPA	-1.52090717543833	19.2294455446339	14.3621432613373	-1.80222359184817	19.1795107870139	13.747834381918	-2.99370639620145	20.0481643628997	15.034121180409	-2.03037000765064	19.5854556483935	14.5117402062405
NCAM1 PARK7	-9.16046214250016	20.8934256813527	15.955963366745	-1.88296998356114	18.9929241338216	13.4369480527373	-4.61330376315418	20.0147072325179	15.2332582386865	-4.06489857905616	20.253525628349	15.1743992747416
NCAM1 PCNA	-4.26754130627193	20.2256752691301	15.7172159806077	-4.20355920469271	20.7801954917124	15.3767688784804	-5.10634128041028	20.7386781640755	16.2264406551791	-4.27716057784872	20.6422338432724	15.9600915814558
NCAM1 PCSK7	-1.44419466197842	18.6553555981307	14.8116397848117	-4.7399058628777	19.749956727656	15.1103261044751	-3.1532868378177	19.939549530587	15.9874688812743	-2.83763513103972	19.570524424507	15.3998781517138
NCAM1 PCSK9	-6.89514255682683	20.4165177687772	16.1429868781192	-7.10999705525991	20.8983185693047	16.1458703150262	-20.8856585098126	21.4403661130896	17.0542326771625	-11.1761281853816	21.0963719560373	16.6659154760948
NCAM1 PDCD1LG2	-9.10355245026432	21.0651399477857	16.237274472049	-2.42663249255434	20.1155985543762	14.1845460687729	-5.7225537765725	21.0739386102959	16.0056699443835	-5.28978566030358	20.9588973402479	15.7599549289787
NCAM1 PDE11A	-1.07905882362683	18.4696046733961	13.9671925127659	-5.53873806328781	20.5191912057861	15.3562716628042	-4.29939039236042	20.164129642855	15.6200796482017	-2.74290723061304	19.6913837468339	15.0541048842326
NCAM1 PDE1A	-6.58634696602217	20.8239229411018	15.7358602815599	-2.94949441105213	19.5846273497394	14.1266364281069	-4.25772562674662	20.7705826144321	15.5299741218408	-4.30269095868802	20.3806898898703	15.2182537474803
NCAM1 PDE2A	-13.7620523727832	21.2437359011051	16.336194382726	-4.05454151459386	20.1677116449017	15.2699881147845	-10.0871231190483	21.0699930340557	16.5335502327528	-7.20180466939568	20.9775445167004	16.1347319221689
NCAM1 PDE3A	-2.51543266780977	19.0737502608552	15.2334916879983	-1.89053547238628	18.1590135955343	13.9870832715775	-2.1735267136009	19.2777713251245	15.2293925532408	-2.38445852302623	19.0068673239384	15.0001211612351
NCAM1 PDE4D	-1.39511777852835	18.387046133443	14.7677814368831	-1.7016320973879	18.4641487304727	13.7788083007111	-1.7309985272447	18.7329774895178	14.7001549396409	-1.70154123630417	18.6412747709877	14.535195892578
NCAM1 PDE5A	-5.97508975679597	20.611792936436	15.8620195959017	-3.7236643147292	19.5704392445993	14.3144356310054	-6.7282516930149	20.812446162986	16.1141969917169	-5.73705775680048	20.4121926736635	15.6439368188954
NCAM1 PDE7A	-2.56447891742305	18.7241871815976	14.2854228484466	-8.42025235532847	21.1500684962658	16.4235841346487	-16.7183731473678	21.0776447603662	16.9772648934709	-10.5552771984672	21.1338116454797	16.7713373537048
NCAM1 PDE9A	-0.826476634248622	17.6999834682431	13.6237119322298	-5.59201047718539	20.5179096630512	14.7486415419399	-4.70050435124798	20.5182460993063	15.8459363097169	-2.70846939609747	19.5879214113587	14.9096965948202
NCAM1 PDGFA	-11.1673082208529	21.0492087392383	16.4577316084339	-2.57573409227889	19.6347236639674	14.6979310568465	-6.23031770219547	20.8630219474062	16.6816299405558	-5.52731377123863	20.7855778328902	16.1286468610941
NCAM1 PDGFB	-7.56476387168254	21.1044143915914	16.106614883314	-2.99986238300751	19.8568461760271	15.1640254216208	-5.81958631422282	20.9977263525141	16.5403810243441	-5.57832196970568	20.9186055115026	16.2472990140041
NCAM1 PDGFC	-3.3983948896383	19.4820786128244	14.5967216709862	-7.81614707926779	21.0426081925837	15.5112327351008	-7.74377245120717	21.0929716534142	16.3486066363673	-7.20034938464119	20.711097085765	15.7371801565106
NCAM1 PDGFRA	-10.6420457688787	21.1456751418428	16.4518168005979	-5.76103518534145	21.2588599723574	15.739654981748	-7.95908369992927	21.6177483149099	16.5929842222066	-8.60412717556405	21.3685490625005	16.4080155128066
NCAM1 PDGFRB	-5.13092378544196	19.8430422517575	15.5516627816319	-5.55295404018662	20.4396320172772	15.3995235988011	-5.23803770294335	20.2191400984224	15.9129222521061	-5.90600039140658	20.6536624853041	16.0490107741717
NCAM1 PDIA3	-7.00059093035509	20.5530013082014	15.9824850563623	-10.5776853547962	21.3603992870905	16.2521940474958	-11.51854049331	21.5061203568317	16.7724855205641	-11.4279823505217	21.2422622995659	16.5534600155684
NCAM1 PDK1	-5.04994313138899	20.3605716541877	15.5154282949084	-4.81877595797245	19.8495591849832	14.4564943429309	-7.01357801455017	20.5779930537781	15.5087123446345	-6.38069035012269	20.5748420201459	15.6458418098733
NCAM1 PDPK1	-3.83572108095155	19.540472791337	15.1289688183323	-7.01222327991381	21.1295644042192	15.874866891407	-8.55309873284952	20.7481144680506	16.536421642142	-5.72460383381041	20.4823474022121	15.9542704504122
NCAM1 PDXK	-3.00268759150231	19.3280336535691	15.4605582748268	-3.83059171673756	20.661366505403	15.1626862614419	-6.42658248511988	20.9387670914575	16.5540096803735	-4.14319577494095	20.4264377542937	15.8501404075815
NCAM1 PDXP	-5.70524320403107	20.4693607339818	15.338772396163	-2.77137861209722	19.9341911109603	14.6147299306954	-5.84085923819222	20.8049321164108	15.8755157488903	-4.7737341435738	20.544662200499	15.4153613405921
NCAM1 PEBP1	-1.83547801873837	19.7405242061105	14.8366030200304	-2.44306352514235	18.7986462441743	14.1321438893022	-2.6084478241058	19.6706375026693	15.1434613583193	-2.485051249477	19.6232900445055	14.9717256123708
NCAM1 PECAM1	-6.39798671969124	20.855996533663	16.2028685928158	-2.6742606805962	19.7386561501357	14.6430865367392	-4.99833603996528	20.6944023828906	16.0572314834159	-4.72928742431642	20.5116746874234	15.809156794941
NCAM1 PES1	-3.06893816071048	19.649109660552	15.2057826179245	-3.19180095784469	19.5215535780585	14.6486787262166	-4.11142278629158	20.1014021578426	15.7757419464768	-4.38807110347356	20.2707336460208	15.6606203297534
NCAM1 PEX5	-7.18013337504556	20.1364732245989	15.5747977078885	-6.10189046290916	20.9893033248193	15.9070190617197	-8.02188326640719	20.8510693905424	16.3127493630842	-7.76303425303433	20.8112885660663	16.1041978003122
NCAM1 PF4	-5.07907438950413	20.9982530834063	15.9493544785745	-3.84773346262205	20.168740578395	15.5379566100552	-5.88047525960027	20.637881575589	16.6004196724781	-5.43241379092194	20.8225530173732	16.2899741389706
NCAM1 PFDN5	-11.0963921026463	21.7083126379915	16.6245507737063	-4.18239927186056	20.6939497425025	15.3902087425258	-8.01187245271937	21.4390480823883	16.5385042855439	-7.61519686613247	21.4174261100797	16.4219282470468
NCAM1 PGAM1	-4.38049282541418	20.4813938778956	16.0063985912273	-4.86233085509113	20.3414066988109	15.5403331167016	-7.07311444249185	20.7555275133844	16.727391274115	-5.60930457957819	20.5340997942233	16.1238955050793
NCAM1 PGD	-3.9283495214431	20.1268253032946	15.1784098880847	-3.50328252955067	20.4788506615841	15.2366736670332	-8.16670709526669	20.847879614547	16.3484530901751	-4.58453625254178	20.6256527550804	15.7119583935988
NCAM1 PGF	-2.6393829636793	19.064342441802	15.0116078868439	-4.70049213221549	21.4095811435826	16.0843194126532	-3.95338198582676	20.4613235563574	16.2718349365654	-3.94584239904742	20.446859638934	15.8481847289965
NCAM1 PGK1	-7.3611750996488	21.0315564326642	16.2484287893776	-2.95136363218218	19.7144158528322	14.4046294662613	-9.0281879450091	21.3245241333989	16.5859857403689	-5.03565454547149	20.7468712106254	15.741735698457
NCAM1 PGLYRP1	-4.25698315968995	19.1452746648557	15.115560990795	-5.02830540697742	20.5683295390569	15.1088108879322	-5.88729212624606	20.7710605629885	15.8271887597514	-4.86389078540384	20.2913588045648	15.5763994732673
NCAM1 PGM1	-2.03808385455036	18.8497538936781	14.4494441433778	-4.11454862768397	20.2118475405009	15.3859002513221	-6.50760340762978	20.2093682004167	16.3380766907551	-3.70105723697921	19.9545343154652	15.4140115795875
NCAM1 PI3	-0.00710209302879661	15.2439727159792	11.0466081507546	-1.85565915556024	19.1591802067276	12.6456448262867	-0.974627241895655	18.3359164409433	12.8636009154549	-0.76024006374743	17.8349559744872	12.2648434423004
NCAM1 PIANP	-1.68133524223351	18.4645188649695	13.6992946363788	-5.68154405006055	21.1171018976014	15.5485603697802	-3.6056905607476	20.3619918702206	15.3523239358823	-3.40338217604337	20.1127428661757	14.9414522233405
NCAM1 PIAS4	-3.11424684728399	19.4066661281275	14.6780626471065	-3.53926084383934	19.9874877380639	15.1944274284898	-5.16301188619366	20.2521280741962	15.7945025345749	-4.20323237829867	19.9675294106412	15.3522993083583
NCAM1 PIGR	-3.88821618138365	20.5698947088634	15.2625375711265	-3.10794220326462	20.271805004834	14.4284205546609	-5.19652650297818	20.5307148128633	15.5601502728659	-3.39596915306773	20.6872590980567	15.231202511711
NCAM1 PIK3CA.PIK3R1	-3.16642819870675	19.7080610757443	15.2014497884297	-5.70124541954874	20.9914086693822	15.5060314537429	-10.4694017009305	21.0121320402007	16.3864666370704	-5.64032715190026	20.5681945433967	15.7205768378675
NCAM1 PIK3CG	-9.48398605360758	20.8712542319231	16.3737380712282	-3.61939765494673	20.0479652799592	14.9324151390432	-8.35605650475214	20.8319906067823	16.1942658367252	-6.13991897180023	20.7560119316578	15.9969035383238
NCAM1 PIM1	-8.97234383700644	20.937581167114	16.4782090009331	-7.20302269080189	21.6356084776329	16.1925853482901	-11.6487012050662	21.3029649449888	16.7685057821231	-9.49453432409516	21.3997049345308	16.6192187208764
NCAM1 PKM2	-4.99600211068625	20.5656192329205	15.4873569238752	-2.53531786400162	19.8469316608959	14.3685458653142	-6.22547249473851	20.7400894221194	16.0017748652397	-3.96297494160793	20.4010574128724	15.3214797791249
NCAM1 PLA2G10	-5.8262362642131	20.619225783876	15.9916845876119	-2.45272456253526	18.2532067693907	13.9174940804875	-3.13438296952962	19.7335208585228	15.6205242076515	-3.65689101898114	19.5335867316205	15.3163569305213
NCAM1 PLA2G1B	-5.49054307647608	20.2064317386389	15.5054788903422	-6.31955623443471	20.4586381207284	15.3923270592511	-8.62570110445626	20.8039463476243	16.2852313894881	-7.14677960203487	20.8349361372877	16.2043240014523
NCAM1 PLA2G2A	-0.541322963966772	17.5109763746626	12.7912391324469	-0.895463819468822	17.9284664957915	13.0797975990462	-0.808429417584482	19.0312295730712	13.7609899080509	-0.731416774774515	18.1139838964909	13.3961397856418
NCAM1 PLA2G2E	-10.4725572292467	20.5388721641441	16.1136255692556	-2.00238810886555	18.8651438621153	14.8061839688378	-7.00778561806841	20.3525658625829	16.4866802841331	-4.96359911509557	20.1842575444666	15.9704402653257
NCAM1 PLA2G5	-4.19891855807991	19.6515257247442	14.7845389060616	-4.99997335165837	20.5643363891562	15.8534234931584	-9.21779335395242	20.9912209566895	16.3891661961463	-8.28213809660516	20.8823693623587	16.266933610769
NCAM1 PLA2G7	-9.07115186220816	21.1877224981953	15.9740285374785	-4.32538503857143	19.7775774350029	14.7621816634269	-7.34286111187929	20.8618009386118	16.0495454718719	-8.06877160153391	20.779040605336	15.8329986882185
NCAM1 PLAT	-0.480832444485077	16.7991944977211	13.0445963280838	-3.95485430276209	19.2983104006783	14.5726036986017	-1.86311237627181	18.272131807162	14.268827785808	-1.62139235030605	18.3383625854682	14.2111178132313
NCAM1 PLAU	-6.67706859690621	20.7547786209251	16.1162637010243	-5.67565214961057	21.3907576492175	15.5904556933189	-8.30063503168633	21.0169101091083	16.2216765128293	-8.53509982542732	21.3697857799867	16.2787192923783
NCAM1 PLAUR	0.220143963035711	13.6566960106196	10.7906169274256	-1.12019761997414	17.6464054945803	13.6643759909088	-0.289428504874982	16.4104396977815	12.6302733419004	-0.322006213394176	16.1553482737279	12.4968915775787
NCAM1 PLCG1	-11.1712924874429	20.9217699159471	16.4159687094881	-5.77597495277027	21.1648881469433	15.6908455354686	-9.57196100668044	21.4330918895078	16.6863398198338	-8.7388798010319	21.3929254848378	16.3816824122628
NCAM1 PLG	-2.76002218335448	19.8577995270681	14.6388705318605	-1.23462129212193	18.6950463918649	13.209243011995	-2.48542201154581	20.1514072997355	14.6050949455589	-1.96427051562356	19.6157858602453	14.315670781495
NCAM1 PLG.1	-10.4115509927628	20.7077399366297	16.2913699396762	-2.29795772314656	19.09386164985	14.5160129677151	-4.20637947177954	19.9027337309292	15.5570003200137	-4.50064919418909	20.0564488725629	15.674666712129
NCAM1 PLG.2	-1.84463609059245	18.771543090237	14.2763018959949	-0.758447842715855	17.2493251655963	12.5467936254215	-1.78771645139797	19.0968845518232	14.2726455789299	-1.32971353042277	18.3845651764617	13.7280329022634
NCAM1 PLK1	-3.7394134456383	19.87004047989	15.3147265984313	-4.81594423093546	20.813708810261	15.4654238553185	-7.91381084645271	20.8048497717562	16.3087287649297	-4.88780134656959	20.6642357833297	15.8789517117627
NCAM1 PLXNB2	-3.16755025093908	19.4261837354539	14.9466821846047	-6.14257171570406	20.0742854350237	15.2857307188043	-4.10009183847909	19.9165824540555	15.8983389497425	-4.60468492953209	19.9107130665622	15.6127773296558
NCAM1 PLXNC1	-12.0324242187905	20.7875426646934	15.9748634292939	-9.47078144473144	21.0819135482416	15.8142839811534	-10.7640680565373	21.3988292560279	16.4132298321614	-12.038740561504	21.3275094091027	16.3223743476278
NCAM1 POMC	-7.72100440729383	20.974423038848	15.7873178567686	-3.76740460858979	20.0638550241249	14.7493418232804	-8.16210119652919	21.018472017807	16.2093162502678	-5.83667651451108	20.8375706298895	15.6541419482285
NCAM1 POMC.1	-4.15406770538078	19.192571705742	15.3289417509331	-6.63235119839484	20.7613771335639	15.5940461504867	-6.40675445630316	20.6046565364483	16.2607067161871	-6.55615573554414	20.5025979232048	16.0451205032181
NCAM1 POMC.2	-1.071533274877	18.2117318319302	13.664782824242	-2.85955706628421	20.0763393856725	14.399482184699	-2.18741039339415	19.7211101276715	14.9572665739511	-1.81927750381769	19.5002999518903	14.4952741381668
NCAM1 PON1	-10.1160786325613	21.2731486081915	16.3707515918489	-4.69296415939009	19.7685485652142	14.992007341279	-9.58550930979513	20.7630921815621	16.3134951186973	-7.63406005779845	20.7468054481888	16.038204268081
NCAM1 POR	-0.779653816357054	18.5099136040391	13.6416896798287	-2.5943204535019	19.1296664501938	14.0203873455502	-2.44994511125719	19.6499250354121	14.84930976463	-1.60925128065999	19.1926843915833	14.3610380503397
NCAM1 POSTN	-0.015133701520879	15.4742176448969	11.8285103443995	-1.5204851698694	18.3402806084905	13.5140608948421	-0.643905750015374	17.2210261901852	13.3225334049164	-0.618214019743106	17.0867396316917	12.9836669204797
NCAM1 PPA1	-6.02578088548832	20.3143837902831	15.5393571315782	-3.72355626425199	20.1416283417652	15.1199756839404	-4.43122103566332	20.6953919649624	15.8335658916471	-5.68160045532819	20.5969655393775	15.8775808585464
NCAM1 PPBP	-9.66204999954646	21.2462594129199	16.2024295134566	-3.09182560904693	20.0182664994814	15.0355917184752	-6.88717608825838	21.0035859980505	16.6052417588805	-5.50747157751834	21.0090719944978	16.148492882424
NCAM1 PPBP.1	-7.96566178383089	21.2411582351198	16.1290298703166	-3.11911617378402	19.9636058360583	15.0722959593832	-7.63621115436674	20.9216089777894	16.5857185918187	-5.16381332595653	20.9229445753193	16.1554104156992
NCAM1 PPIA	-6.95991008580093	20.812413221193	15.896649339659	-9.85837646788052	21.3458090763984	15.9695547311362	-11.8037441605302	21.5471530524427	16.5097684508923	-10.0056346362338	21.3092693309819	16.3691874305226
NCAM1 PPIB	-3.00275505514201	19.3551264737571	15.3175771580573	-3.29906037665422	19.6966797579115	15.0253708659822	-2.56128567163998	19.4210787259579	15.4712261632036	-3.42849377035293	19.7437068792968	15.5970178874046
NCAM1 PPID	-6.84405506542476	20.7304674434872	15.9723221836016	-3.45966803384459	20.6784420927505	14.9271046001472	-7.27733686846528	21.149059015916	16.4363109825936	-5.29155778864634	20.976833519003	15.9667719489956
NCAM1 PPIE	-8.17410820300401	21.2588588283197	16.362010297105	-4.6128157522403	20.114927405234	15.232431335621	-7.03199541870118	21.0397635754773	16.2948083293696	-7.3755771365371	21.0154268362941	16.2584999010036
NCAM1 PPIF	-1.70682662401939	18.7041777863101	14.646250150481	-4.48653835058135	20.0135924533162	15.0567764428396	-5.03116909099264	20.0081944541221	15.8627527388543	-3.56777944679857	19.6953767225774	15.4140084997912
NCAM1 PPP3CA.PPP3R1	-3.49020930743818	20.6161243392313	15.1348069790811	-4.59714321238474	20.9018477408383	15.6389639464802	-8.46234660173529	20.9899013202654	16.3769431067824	-5.41057898765366	20.8821616319831	15.9348821061067
NCAM1 PPP3R1	-10.9001181586011	21.4240706143462	16.3014842220696	-5.7631265954346	21.2375898365976	15.6241915230421	-12.1332256389738	21.4393571215416	16.5149690344053	-10.3457942630895	21.6135210173972	16.6115281587576
NCAM1 PPY	-0.781221267927546	16.9787211224252	13.0983001911446	-1.34001832422339	17.9405622492006	13.6547447559031	-0.759853770782183	17.127522285272	13.7769460010132	-1.11669110928917	17.6785179902826	13.9073132081093
NCAM1 PRDX1	-3.16688180504874	20.0377175447321	15.4093660688121	-3.38510536813893	19.3785537583185	14.790948529024	-4.07909638508924	20.2847013939632	15.7342998540967	-3.77449900974319	20.1947387062432	15.7231347567518
NCAM1 PRDX5	-13.3168055331688	20.6689699462278	16.4473020289238	-9.17416451626989	21.5284162557572	16.1651914108477	-15.5108303982917	21.2468496377952	16.6525885003861	-14.2445786915139	21.3314363488025	16.7420892710679
NCAM1 PRDX6	-12.6774050295331	21.2503909287774	16.4579762572732	-7.76705122241253	21.0794913000345	15.9270051871776	-13.1682046085131	21.5517161345277	16.6511353980744	-12.3805639773952	21.495273433365	16.6789586183979
NCAM1 PRKAA1.PRKAB1..PRKAG1	-4.6397208405287	19.6391511901277	15.5833281664973	-7.59745384983027	21.5019869840024	16.4032183831555	-15.3424096335001	20.8794987568393	16.662980095947	-9.36679520380922	21.2113173245775	16.574360242398
NCAM1 PRKAA2.PRKAB2.PRKAG1	-4.01898645076194	20.1423437473741	15.4964653898968	-4.28945819837215	21.2537951216123	15.318086791373	-15.0573778261247	21.4648737350777	16.9101343078445	-5.27919382074006	21.0828927996626	15.9564034926831
NCAM1 PRKACA	-1.52785267166205	18.7531007611131	14.7187327123909	-2.82096051948138	19.351974857712	14.3697314934996	-2.03836645978051	19.3649981384233	15.1521014490079	-2.36894588665286	19.3710914536218	14.9922786435284
NCAM1 PRKCA	-4.68597731781839	20.0514039537013	15.627651431715	-5.89656789906321	21.1844832775559	15.6004575510076	-11.1422615544333	21.1191671948189	16.6948781579005	-5.82817806783353	20.8159786520919	16.0955641511652
NCAM1 PRKCB	-5.04344512698796	20.4052324638676	15.5692574831488	-3.9118533340017	20.4579970689759	14.9084225747745	-7.80939231870611	21.0352973995412	16.3679389794112	-5.74351070353911	20.6269924275576	15.7986749619598
NCAM1 PRKCD	-7.85905852921089	20.5084984179716	15.6957531769523	-2.79832300627242	19.4284182819272	13.9755182716056	-6.41212546746901	21.2571377068215	16.2239386388253	-5.84033057387755	20.5855077852695	15.6068684891726
NCAM1 PRKCG	-3.30381884822695	19.706246165641	15.6028072475984	-5.557917037409	20.7940862827199	15.7577000235384	-7.65264777609123	20.6095607428227	16.2844297687869	-4.81168107428852	20.6065360072888	16.1122138090243
NCAM1 PRKCI	-6.00702273401169	20.8519407113529	15.9218950712743	-5.11051711463647	20.2697717981975	15.0694381441103	-5.85710324210461	20.9468818413564	16.03898696079	-6.00540869446857	20.9841948192291	16.1771293823825
NCAM1 PRKCQ	-11.356825840472	21.0752273419908	16.382767619262	-5.26366406274005	21.1464440072565	15.5910500275928	-15.6817306813803	21.5511531432768	16.715556558651	-8.41881160750781	21.432182462899	16.3869994848003
NCAM1 PRKCZ	-2.09680862774354	19.166213416938	13.8273992632624	-1.99817609324475	19.924374053878	14.5062561120026	-2.78905205202966	20.0763582013575	14.9060963218638	-2.2766061868944	20.0186741216924	14.6643368677134
NCAM1 PRL	-2.0197070190665	20.1046057008758	15.0258414690312	-4.93266418026117	20.6101052656845	14.9729891014339	-5.74945735233089	21.1565645240726	16.1229461046706	-3.58959844358869	20.6478828619497	15.5082612023418
NCAM1 PRLR	-2.41541875527872	18.8932042046098	14.6994584352463	-4.50619927652206	20.6007152525242	15.1121928972705	-4.28024759856788	20.3273175138472	15.7107771068296	-4.33369081439468	20.1989526126204	15.5582894617343
NCAM1 PROC	-2.07981268156718	18.940888208889	13.7081717880222	-4.1291565736666	21.7791940957446	15.8630997028794	-3.45112536736123	20.75383519464	15.271492599356	-3.06948826213117	20.7168429100818	15.1325891258851
NCAM1 PROC.1	-11.9757439084769	21.2792917658407	16.4067441212253	-4.91345063173665	20.3660590153146	15.2274886456209	-6.61891340509296	21.2747656774124	16.3562282675332	-8.88338497948926	21.1021419821904	16.2556189563527
NCAM1 PROK1	-4.45782472036138	19.72438039503	15.559247645458	-3.49227010418167	20.4111116646895	15.6975507018053	-7.57146295528046	20.4828123512838	16.4015157667105	-5.22257394023775	20.5318153284868	16.1627877234167
NCAM1 PROS1	-1.6899816293234	18.754644795314	13.6737161703562	-7.62141280568445	20.4920322470417	15.6283077372914	-4.15194652014076	20.0717016633146	15.4385339356925	-3.95332168389646	19.9065699694635	15.0954938296889
NCAM1 PRSS1	-7.01939037179787	20.9704036351485	15.7031812593447	-5.42076449409501	20.1626046514889	15.448224245592	-5.69916915094481	20.6863548792406	15.8238739777312	-6.16619457565528	20.6993729115015	15.9132632087129
NCAM1 PRSS2	-3.2491974158415	19.9042069948674	15.1849446452568	-2.50408522219803	19.3091089350031	14.0211714044885	-3.03685585896828	20.0240040610792	15.2149339651764	-2.74785010587254	19.8335009903646	14.9897384423074
NCAM1 PRSS22	-1.83457310331057	18.1278431010866	13.9801791271209	-2.98510101645421	20.323029190822	14.5354404873632	-3.12063468559782	19.6132669331427	14.9627856346502	-2.77974365568129	19.6162546579335	14.7490920444735
NCAM1 PRSS27	-5.48248264890067	20.3478967309673	15.5439331719403	-4.99199000681836	20.3300971508936	15.3157351237044	-5.0164747629889	20.7378837962562	15.9311989980242	-5.73084818904197	20.8158250322255	15.8177947328171
NCAM1 PRSS3	-11.0966010038345	21.4407954346305	16.506092316629	-5.58934426487085	20.7096498783997	15.5908653278797	-13.9816107633027	21.4275292297663	16.6719632440594	-8.59424642063277	21.3041213090321	16.4244269303245
NCAM1 PRTN3	-6.28544509335675	19.8689691741075	15.2631914388149	-3.64857056310288	19.9597581367849	14.8541968225441	-6.33926543445828	20.3762780759015	15.9026542626332	-5.7800457977546	20.047568246195	15.4848388875302
NCAM1 PSMA1	-10.6970605046649	21.2934983121404	16.3517387169463	-3.87368223177895	19.8883387564132	14.717680789411	-6.8154912126688	21.0513666976016	16.1673892240294	-6.38223316953147	20.8090336692155	15.9639620047062
NCAM1 PSMA2	-9.32561496020348	20.5025680429116	16.1230125245611	-4.9893660234409	20.6585543083125	15.4443467872945	-10.7842012841527	20.9062475208204	16.4216354502305	-9.31777751125516	21.0060168328144	16.2631593146824
NCAM1 PSMA6	-8.42370155787541	21.380782492786	16.2910782078731	-2.54214378904209	19.369442457002	14.3551883785016	-4.26163784796355	20.8093391997891	15.7258766947166	-4.80892565368584	20.6885112040553	15.6686771580369
NCAM1 PSMD7	-9.36379611786169	20.9157957016847	16.2820666598898	-11.8950642104054	21.3621796395698	16.4314215222441	-10.6299283978166	21.6685418576026	16.7708758740248	-12.01665245051	21.5299186831322	16.7729276946794
NCAM1 PSME1	-2.1459359585259	20.155632707816	15.1822953696621	-4.52154378874538	20.329581868555	15.4711713281706	-4.62283634253945	20.3130122200711	15.9207897834851	-4.21831287882214	20.5219098419561	16.0070710875541
NCAM1 PSME3	-1.54782509351451	18.7110421056788	14.537566669244	-1.58098393351404	18.879268595273	13.9892343521613	-1.09348504743758	18.9202612161674	14.625419131743	-1.58347833217787	19.0441258054763	14.6765541715366
NCAM1 PSPN	-9.15782936179225	20.8673634405784	16.3528670617371	-2.32319886852918	19.7522245855568	14.8216700385553	-6.09842952266626	20.7546827697529	16.21642806015	-4.32301463574852	20.6383381781439	16.0415059198244
NCAM1 PTEN	-6.08167378073364	19.7310468654276	15.8790744444492	-3.33670954783324	19.3574302238518	14.420298385201	-5.75964746037163	20.3473363337373	15.8409848434295	-5.33101421644228	20.0906919542309	15.7214187696895
NCAM1 PTGS2	-8.0864591883305	20.5063562994898	16.4337053591838	-2.76811711993323	19.6898927023736	14.7761927559979	-6.37947734369309	20.456225313445	16.227031833479	-5.07270476408776	20.3453450742655	16.0286617723496
NCAM1 PTH	-3.3294026684599	19.6554830168224	14.870350821946	-2.35910509536435	19.9597887292491	14.52741806075	-3.61713406180338	19.8759939518002	15.1840206952423	-3.52599537957046	20.1230147390246	15.175979261231
NCAM1 PTHLH	-0.377365510970947	16.3307447327523	12.127333525344	-0.685616839864039	17.1223792540196	12.7002534832234	-0.690992988205141	17.1886307463	13.067770803818	-0.578534954905013	17.057803256532	12.7141984926503
NCAM1 PTK2	-2.67786203538309	20.3009381121107	15.7110133819478	-4.6215879715307	20.566404526374	15.2401008817075	-9.44351069414115	20.7846876127617	16.4946217788227	-4.76007362343047	20.7528466735135	16.0695458622007
NCAM1 PTK6	-4.03478996262358	19.8349346203305	15.7366409423268	-4.41785477815165	20.0824690283856	15.0294365504246	-5.72654972750225	20.2685731128199	15.9008265236983	-5.72680620882637	20.1723361128404	15.8243777635251
NCAM1 PTN	0.703994652713996	10.0367764729946	7.26734507365062	0.558450835482793	11.3439475842984	8.49489258075898	0.595422688492951	11.3024617609029	8.48645720541289	0.632418228669496	10.8593052616826	8.09043512318556
NCAM1 PTPN1	-1.56683932313669	18.9011919955184	14.6105329025064	-7.59186336849323	20.477441668306	15.5595302353998	-8.7423599777267	20.9045411940109	16.292172937402	-6.00203660868889	20.2130209019006	15.8441033155937
NCAM1 PTPN11	-3.92075989769215	20.3080763974964	15.8083584331317	-6.43722027105466	21.3393856447863	15.5763711983316	-8.84239537735467	21.0619004087835	16.5227664385969	-6.25678482468763	21.1110496960587	16.1971984016626
NCAM1 PTPN2	-7.94788523164535	20.7321033191983	15.889903916305	-6.91922328303874	21.1548989204457	16.1953441199076	-15.4217566863474	21.144201187433	16.8017548065204	-8.41164064391821	21.2241791577208	16.4463038936355
NCAM1 PTPN6	-7.94127016208848	20.6218205250686	16.0870398227195	-6.88787322593052	21.4000239237157	15.6623160009878	-13.1939144077772	21.3363330345007	16.7436398959001	-9.08989962232949	21.248617218153	16.4099879318894
NCAM1 PYY	-11.2567362200436	20.9867412021663	16.6978175809184	-8.54822540729798	20.6983124559069	15.8949775426616	-12.7021116131514	21.4826277942076	16.8341345138243	-11.1630836454207	21.2903627010169	16.7634044155552
NCAM1 RAC1	-3.43073676227438	19.9305244687905	15.0321099461947	-9.47033723119134	21.1785367338078	15.967795250491	-7.83421774156704	20.9143753288554	16.3156895872952	-6.8264136104463	20.6918137770019	15.9256365755385
NCAM1 RAC3	-4.22474681378832	19.9249304637067	15.3769234250826	-6.76267072914863	20.625093011601	15.4530327569386	-15.4119145867803	21.4059746909383	16.767275134955	-8.08596173510134	20.6581469284073	16.0101526106366
NCAM1 RAD51	-8.71719974541554	21.1388521302541	15.9359460647741	-9.49379777848982	21.3214705603675	16.348959566065	-14.6945249129683	21.3081298365609	16.8081499237311	-13.7951760150938	21.5225281101821	16.7762801211316
NCAM1 RAN	-5.00913914213692	20.2005421865887	15.5885655533198	-7.28210144661145	21.7527896377871	16.0919158823371	-12.3009409451241	21.1964502288227	16.7880225526902	-7.96566454933821	21.0226566261415	16.2685308980159
NCAM1 RARRES2	-1.61734421777542	18.5184242515646	14.4968956276544	-0.666477480255835	17.1850004232439	12.9621302735462	-1.31950707503276	18.4087989992901	14.4331063935328	-1.19807339305334	18.2064395528291	14.0978054003981
NCAM1 RASA1	-4.24867267528155	19.9106037476925	15.1310606457677	-5.47109518100562	20.7414158949833	15.8392855060889	-5.59601658971056	20.5468291183507	15.8178209546966	-4.87531459554474	20.5672564395079	15.7471907537746
NCAM1 RB1	-6.70371485564483	20.3946010713403	15.6706765182158	-6.03972743408154	20.9345407293537	15.7257009142105	-14.2180759515724	21.5277002092758	16.830371149367	-6.94192702196176	21.0967923673029	16.1657913261679
NCAM1 RBM39	-2.1447118885242	19.8135279599463	14.9569270005141	-3.16766548647875	19.5536619533844	15.1709327266095	-2.84114855401604	20.0451572244066	15.4656478556068	-2.79161567901557	20.1362659606156	15.421277225121
NCAM1 RBP4	-14.2688709074738	21.4415404740262	16.5074077965491	-7.58922111024784	20.722358050897	15.8020840084214	-15.5608242635067	21.3526106773315	16.8208959073058	-12.6821931743792	21.3557052734679	16.6106471064637
NCAM1 REG1A	-0.734324194415667	17.9726369946215	13.5743073230497	-1.70517260794144	18.5756190286052	14.0716360894625	-1.18487391415177	18.4001807592777	14.0115520673914	-1.03644007647195	18.4333997637417	14.08171813569
NCAM1 REG4	-0.518321961494655	16.2242779605772	12.7714558900259	-1.11609544646708	18.4081308868229	13.9103261288667	-1.00218194115194	17.496202867817	13.7299940076909	-0.734129560550352	17.4923917513365	13.6223286029967
NCAM1 RELT	-0.0315186919732882	16.0290703036226	11.7549469817527	-0.806060715501384	17.2576181090185	12.2565119057365	-0.604372147636333	17.1176323648389	12.4285051589884	-0.415231867333311	16.9179054559818	12.2698419698352
NCAM1 REN	-1.39755468940932	18.2602869234884	14.0717250905177	-4.37545517874733	20.4789972033828	15.0845133564649	-3.56243345296216	19.551794099214	15.142143167836	-2.83722102143593	19.8187924044796	15.0942518041497
NCAM1 RET	0.481481163504288	12.4196927534224	9.29319119883676	-0.992132392262498	17.3263716400477	12.4004804488459	-0.135057200018262	15.9849480013839	11.6870590468405	-0.0799155883783675	15.4752241553982	11.2343382710078
NCAM1 RETN	-6.05719147147738	19.9534001252117	15.2641543933944	-6.01357475313769	20.7039432171489	15.5777110917204	-6.85665993136542	21.368624046113	16.1793989855236	-6.19142904096856	20.5745381823283	15.8758450898971
NCAM1 RGMA	-1.86436634568	18.1597325728353	13.8592996296624	-2.82462265889567	20.2903928536832	14.7012962887923	-2.27574038155634	19.357830306928	14.6821433000576	-2.34095059787501	19.4834592135762	14.6251218343837
NCAM1 RGMB	-2.3873075476653	19.2378016198659	14.5996289769476	-3.57469548583251	20.6820183964814	14.9667679096743	-4.34554026766265	20.3108761537533	15.7718628684946	-3.1032960352607	20.2791378930258	15.2522190495269
NCAM1 RNASEH1	-6.74136976150307	20.5400874639081	15.7217140948578	-3.9862495170515	20.3416575556779	15.2398165608405	-9.4296823144791	21.3747447489954	16.5196064989675	-5.86579166548748	20.6812694955624	15.9199077755539
NCAM1 RNF43	-8.9390558910631	20.6840603777996	16.0901285305889	-6.28893393416738	21.206961424744	15.9037068722364	-16.3612204330756	21.3404184891765	16.7074219427856	-8.37481016762785	21.266754763744	16.2844457235309
NCAM1 ROBO2	-7.90493302129821	21.0000958455601	15.9819327828499	-2.0232130664417	18.8061216596147	13.392971245523	-5.59496502646392	20.8330645730008	15.9021363212247	-5.08112899826448	20.1253175186617	15.1785391865372
NCAM1 ROBO3	-8.6069434815373	20.6002339909955	16.0600806271156	-5.23876587145083	20.5697048917487	15.671568616952	-8.41357725819661	21.3142548279405	16.7779711262151	-9.08323993645786	20.9540099774334	16.4540364288837
NCAM1 ROR1	0.00590849999348364	15.4965848781563	11.8843028001096	-2.15599551415092	19.3860599270394	13.7375273387681	-0.7595367831955	18.2623612155193	13.6095782247844	-0.788842881294778	17.7535539769212	13.2887629556466
NCAM1 RPS27A	-1.62352681911192	19.2556535981217	14.9168848056363	-1.95065546366669	18.1827764128879	14.2362488119532	-2.30890555730091	19.2053302969695	15.2390413589647	-2.03934380274742	18.9726564639563	14.9124652320108
NCAM1 RPS27A.1	-2.32301498066503	19.7241236929046	15.4798114331482	-1.24148868455933	17.7457062401092	13.7197727009809	-1.76836056421639	18.7480325760873	14.7102138798003	-1.92825484004898	19.0046213181305	14.9680462036292
NCAM1 RPS3	-8.36112522928778	21.1753326898439	15.9144333388575	-3.54635893388978	20.4821075718923	14.9565764718591	-9.76833426890337	21.5143801751831	16.5344736906876	-6.95253502279716	21.2313160926252	16.0715481126702
NCAM1 RPS3A	-5.84920163857509	20.2290211359293	15.7615273664048	-8.3819107099703	21.481750584374	16.1551526091985	-14.8646534195593	21.5157769854671	17.021785766897	-11.334426778144	21.46904879639	16.7403686151998
NCAM1 RPS6KA3	-1.35194019305273	17.8126816389202	13.5950923305573	-4.45114712895287	20.9520620454455	15.5435542393893	-7.77301463856783	20.6893663978571	16.3019762843973	-4.62211176361547	19.7591610369396	15.2357839033427
NCAM1 RPS6KA5	-3.48784274226416	20.633046559929	15.8719205054064	-2.62448276657959	19.1723108824968	14.3979139683106	-3.19875242029765	19.9334278470595	15.4430171367753	-3.28082984961734	20.1705948546835	15.6940243259402
NCAM1 RPS7	-10.6454260295962	20.8779698927663	16.350089030416	-3.23672312948949	19.5183398793148	14.9243521227398	-6.82642325033962	20.3512205136684	16.2266637934711	-7.40593424470183	20.4175425071882	16.0291236851861
NCAM1 RPSA	-4.81276592189691	19.8368090913051	14.8383743830068	-8.10498244843744	20.9118235818054	16.0056953825678	-8.91638686970327	20.8350285502191	16.280453307833	-7.32520527866178	20.7196780775719	15.8290970091509
NCAM1 RSPO2	-2.45990916958803	19.4854738501476	15.0299414397494	-1.46308803093211	18.3011816138234	13.9248982387731	-2.51934967464977	19.4326177649186	15.3736264159028	-2.27907051287877	19.233440029398	14.9924120417914
NCAM1 RSPO3	0.464059969686774	12.5125583520639	8.93031888354529	0.0150507109765157	14.604105517298	10.6812445221819	0.276628263716842	13.8545460649093	10.1054426825153	0.253743975637736	13.9104649858992	10.1907430112205
NCAM1 RSPO4	0.10717406120127	15.1408810232259	10.657309954801	0.259751190535697	14.6795261029505	11.0947963543318	0.26143337009302	14.7966943817639	11.3250170378463	0.223308375696632	14.8843657914062	11.1549851481521
NCAM1 RTN4R	-5.26124792693122	20.7310436249365	16.1310665094427	-3.57024884135679	19.2176615357656	14.5338867578463	-5.54768733650756	20.2671766196252	16.1140291954843	-5.72812370396335	20.4632145882409	16.1503265901944
NCAM1 RXFP1	-5.55874584499157	20.185172426769	15.6345103319853	-5.16064265979772	20.6106453087395	15.6241932804682	-4.46810356943817	20.3070385055718	16.0085355840285	-6.46339716803939	20.6706673959224	16.0386402463182
NCAM1 S100A12	-4.0798655281248	19.3882228380008	15.0439879740969	-2.52438142468047	20.1370048486823	14.6631995339979	-3.3427069415439	20.409100355156	15.5280949472022	-3.56986602085725	20.1510202174265	15.4075263488778
NCAM1 S100A4	-8.9652908443143	20.8044083165346	16.2933358168003	-5.15379926015752	20.2354062401961	15.3266529038082	-12.6493845294269	20.9707813151445	16.7179965519667	-8.18166062656359	20.645786445011	16.3561074743065
NCAM1 S100A6	-10.0132079275541	21.1667310760917	16.3603759098105	-4.02210977384727	20.1210783964557	15.3262351437637	-7.87102395947487	21.369202871034	16.6337675959428	-7.21294727121143	20.9060743124568	16.2357925377207
NCAM1 S100A7	-5.2514730772261	19.5669131900526	15.336237942087	-7.21789564128431	20.9326149289884	15.9256821206234	-7.71368886224869	20.901894975907	16.2272199720012	-7.9953036322179	20.7061742136162	16.112858144044
NCAM1 S100A9	-0.673979930493834	16.7741057622649	12.5910408027596	-2.44007950567645	19.1738584352782	14.6398012083173	-1.47552836232098	18.2661579416455	14.1892692428546	-1.39322589727025	18.3345500730094	14.0499789541173
NCAM1 SAA1	-3.4625499338658	19.384650976307	15.2456779225721	-3.8663738070642	19.3836883012597	14.7364191768751	-3.53623691268308	20.1026334051607	15.6690358791581	-4.13087778672433	19.7715734789732	15.4497073498714
NCAM1 SBDS	-6.30391757944194	20.493094231441	15.751717005807	-3.63876312804301	20.3869469716783	14.9525750018571	-7.56400843185414	21.0513915046823	16.3065701800378	-5.78219876752215	20.6882203351615	15.7920199084897
NCAM1 SCARB2	-10.5316971828165	20.7421768004949	16.3858637366056	-4.47226911618807	20.508337531211	15.1324631473279	-7.55358334437096	21.2989292007692	16.538954404808	-7.99561481162036	20.952562455589	16.2915556347419
NCAM1 SCARF1	-0.678911512914275	17.2749122442356	13.3223306392651	-1.3223661710729	18.7866667190463	13.7378216935634	-1.33676861641361	18.4602591878918	13.9726810485016	-1.04982414510468	18.2817160029853	13.7988335552999
NCAM1 SCARF2	-2.49052136590665	19.2218070825748	14.7734222342211	-5.93885643558577	20.7393857689518	15.6283323187607	-3.74903843812751	20.4731043793017	15.9406357421003	-4.08484156928544	20.1546205967297	15.6090945856502
NCAM1 SCGB2A1	-10.0408470096389	21.0382537682463	16.4863059128334	-6.33632407498644	20.3573233044848	15.4175065634221	-8.12934420516354	21.0210855365339	16.2680421013039	-7.52810491226555	21.0440758274555	16.4397434871691
NCAM1 SCT	-4.77329232466296	19.7916968087345	15.2397804717582	-5.24375790443322	20.9785637949	15.9159045445086	-4.78371313062779	20.5047167089298	16.0342015877374	-5.8457608966308	20.5626505535356	15.9936399766331
NCAM1 SECTM1	-3.15255800256507	19.4312773716145	15.3273503890086	-1.46435014026321	17.4951263902174	13.1206960188057	-2.04559382438015	18.7129570278883	14.4733357126648	-2.12847823469877	18.7257257070165	14.6927116041144
NCAM1 SELE	-5.41862991442821	20.8394557094244	15.9730465391807	-4.98325809549658	20.5546404576014	15.1804633726086	-7.57020123980423	20.8815199501403	16.3113088970493	-5.46674995658495	20.8502094108605	15.8677630253922
NCAM1 SELL	-2.59361167227744	19.368259571511	14.8187109867863	-1.66575646867245	18.7615848838774	14.001158232554	-3.85866730378597	19.9635638911944	15.5966141674003	-3.15419203079676	19.5664968613588	15.0702318892173
NCAM1 SELP	-9.94433491713237	20.8678869976627	16.4477060184308	-3.96253812929056	20.2447947525436	14.9860668592526	-10.1130140321258	21.2472923848099	16.5474675812003	-7.00025714885881	20.7855678864108	16.0183354408879
NCAM1 SEMA3A	-10.4893162179277	20.6984250904688	16.2788605946491	-4.352084089672	19.5340178158189	14.7625196115178	-5.36583591923364	20.4868214907028	16.0742922410965	-7.79075295103777	20.479662389959	16.0714607953316
NCAM1 SEMA3E	-1.19970622884217	18.9683532561757	14.2965704702008	-2.58020913229399	19.9475853676093	14.4725200103647	-1.97383219663961	19.4155724154122	14.8969913854265	-1.7598917054504	19.5495048012429	14.6749253753813
NCAM1 SEMA5A	-10.2748133495593	21.8136992278645	16.4196219583266	-7.73428716485019	20.6377833823394	15.578032548522	-12.2609771230937	21.3795648155481	16.4819035683155	-10.6407620472315	21.4592772981588	16.3099138691216
NCAM1 SEMA6A	-1.74402643578453	19.5550412845208	15.1148780830285	-2.60364435630031	18.9392381104298	14.3988175185871	-4.09904024792743	19.9340409764012	15.7042888046815	-2.59222027719841	19.6218994230774	15.3152433241991
NCAM1 SEMA6B	-8.15802609859711	21.5883365223771	16.5785591381945	-10.5925475074462	20.9208736515513	15.8817054628554	-16.7995360980211	21.6707939866522	16.7887892065858	-9.66805128929519	21.6273406707603	16.5662439382414
NCAM1 SERPINA1	-0.756505627701348	17.3598649424927	13.6313314064167	-0.744618892839174	17.7795235958447	13.245459048584	-0.857897010518153	18.1000466447745	14.4303382352057	-0.860332565528694	17.9845896325996	14.0272756925852
NCAM1 SERPINA10	-3.35605823015419	19.8025348603733	14.6206168526181	-3.14813760338448	20.7632125036044	15.0485984200992	-5.84526730350304	20.8418080071804	15.810488251741	-4.2166533905831	20.5616891178564	15.3729096850548
NCAM1 SERPINA3	-4.90571409281696	20.3117475169488	15.6459709767004	-4.03748885179702	20.3687414038994	14.7406275311372	-3.5580537391651	20.7529375901295	15.5518249123945	-5.06853452870315	20.6085414255239	15.7177144553824
NCAM1 SERPINA3.1	-1.36271250100384	18.0979837984063	13.6178636073566	-1.57625051706364	18.5997257814285	13.6840845327138	-1.70163126972294	18.8713774371512	14.2462818800365	-1.55862754303185	18.7548542550589	14.0493604274726
NCAM1 SERPINA4	-4.17792245366541	20.3129689066917	15.1910432150679	-6.06357526593205	21.4969095330522	15.6757973160384	-5.84556506860755	21.7526558090428	16.4140159291159	-6.00866603855594	21.1894388606871	16.1008785348472
NCAM1 SERPINA5	-7.71132272373127	20.7675966147086	16.2797477904074	-7.57575744257668	21.3476212396994	16.4481176450503	-14.5849077237578	21.45820035187	17.1172900364082	-8.58938369633973	21.3674986987997	16.7139388649156
NCAM1 SERPINA6	-1.83654305835553	18.9831396036718	15.1694438271241	-3.94807387717196	19.8856761712475	15.135980764595	-2.65116226229435	19.622777263522	15.6145733538186	-3.65158413665718	19.7335784457125	15.6057430515629
NCAM1 SERPINA7	-7.28173123199074	20.681446563999	15.8507874458679	-4.44764107323683	20.6891042359161	15.357584607379	-7.71588321074583	21.1866826092418	16.3778857332825	-8.75610002550697	21.1357550616927	16.3373843913382
NCAM1 SERPINC1	-1.84820722021208	18.1128381575965	13.6917251031595	-1.73253519948734	19.0482718260285	14.0419020976503	-2.13558153473349	18.8065936660579	14.2749042291448	-1.89186484603833	18.9353969529166	14.2547982882783
NCAM1 SERPIND1	-7.58095600702107	20.662203404076	15.8938935245271	-3.75690994806736	21.2131670830112	15.0908291190978	-6.2803733730943	21.6386853233152	16.3084395045489	-5.82845347824355	21.369969601616	16.0199860786705
NCAM1 SERPINE1	-5.94552198105455	20.8373579053626	16.0019524887393	-5.45896664454363	20.5169131434456	15.7176564836885	-14.4171404459198	21.3095100690696	16.6536605312265	-8.20602910085458	21.0432622361407	16.3089372874922
NCAM1 SERPINE2	-4.67464403456777	20.5429703809937	15.8198241545857	-1.83283437744857	19.1899395129379	14.1367361604689	-3.90277700177478	20.7722682223776	16.0794702920416	-4.11408076251863	20.280695536327	15.6006226886055
NCAM1 SERPINF1	-8.28203424108603	20.8676560342382	15.7645487169235	-2.92394398669568	20.1883775788268	14.6369372493079	-7.95933500758238	21.0801255109088	16.2608735798601	-5.81515867311687	20.8134490777872	15.7621556832082
NCAM1 SERPINF2	0.12192486237729	14.3550744860188	11.0719115865864	-0.679554707569634	17.0898492788188	12.3776397536265	-0.263390914169729	16.0115112523875	11.8448197053594	-0.345164020646302	16.1543583126856	11.9364284721072
NCAM1 SERPING1	-4.22440135424634	20.4482084802567	15.4772969057226	-5.17301544484115	20.3757208315307	15.9546656784242	-5.4660075732466	20.6134649735267	16.3505569565616	-5.67672076168051	20.5723159040739	16.1265233795522
NCAM1 SET	-2.51807548264858	19.3048857505644	15.0111049775473	-5.31943598843618	20.157264554805	15.7851679979477	-9.44824210519007	20.6048833780903	16.3313929157157	-5.39146416740425	20.2462896490933	16.0507306728693
NCAM1 SEZ6L2	-5.0683089038963	20.725123111461	15.5587742882866	-2.79720187713909	20.1044070127067	15.0294458571146	-4.53526142198772	20.7842658491692	16.0078874126305	-4.14966882898966	20.8124676426558	15.7910901206316
NCAM1 SFN	-1.55631406303024	18.2817011383016	13.9340677090537	-1.56994304573526	19.3383628293821	14.4598916358309	-2.61207007975727	19.7109629172387	15.174547948152	-1.93973293106102	19.354426119696	14.8319323670825
NCAM1 SFRP1	-2.13103817170269	18.8224607601967	14.4139092198937	-1.30854399745111	18.3907097683134	13.5315181011095	-1.50290121037873	18.7493929024728	14.3943406942364	-1.73626876101581	18.7982067047817	14.2422816493612
NCAM1 SFTPD	-2.2251807479039	19.2950482392081	14.615278174182	-1.3199698605451	18.5069729199442	14.1386989855075	-2.45343903407385	19.1108693139262	14.9517333552943	-2.15842714785828	19.4984589429511	15.0667837983236
NCAM1 SGTA	-5.1145147690802	20.033968627706	15.3258396886851	-3.84863006998524	20.8878065244442	15.2889699178929	-7.09578662679587	20.9079326091119	16.3232125657768	-5.8160731345797	20.7025638748505	15.8040930734413
NCAM1 SH2D1A	-2.7995065026921	20.2699417950964	15.7295597131766	-2.93144120550031	19.115913568927	14.7775651768804	-3.48627493184488	19.9600000781138	15.6001801628099	-3.62293437031619	19.8705386178624	15.5845540918486
NCAM1 SHBG	-0.220365232163489	16.2824126266726	12.2073761417678	-3.2071090015594	19.7612040011696	14.4289266666895	-1.79704088631058	19.2681265244663	14.3740798357736	-1.50006571281573	18.5941278976398	13.9193447705676
NCAM1 SHC1	-14.9262969476936	21.4079065006561	16.4865847576205	-4.07538464316322	20.9365304656773	15.3744721451813	-11.7127243008773	21.6177641422157	16.7202788906413	-8.45472671736873	21.3802472313132	16.3556741037317
NCAM1 SHH	-2.01401411857782	18.6886109018007	15.1467128771979	-2.73620777662334	19.3697066710391	14.988699220206	-2.19051740518501	18.9346646567975	15.282303969704	-2.28933377673063	19.1426692982613	15.3507043770905
NCAM1 SIGLEC1	-3.57038444584739	20.1331925046113	15.4067495882672	-6.15366519320104	20.7975803048944	15.4939524213902	-7.78761298206717	20.6465796316164	16.2847249292358	-5.44442801290394	20.5517841172485	15.825881333369
NCAM1 SIGLEC14	-8.08064712455831	21.017524973635	16.442298698087	-1.9565673699286	19.2813879431633	13.9101934896385	-3.25501260566469	20.2335026197706	15.5280212146627	-3.9024124209556	20.3330457662535	15.4464975040088
NCAM1 SIGLEC6	-3.57407785927837	19.3530458335415	14.9428959100141	-7.51043414410897	20.3840626760864	15.9169837716317	-5.74180176436821	20.6910237904588	16.1694579833879	-4.96965858207935	20.2508012385264	15.7403593562818
NCAM1 SIGLEC7	-10.1613487320758	21.0378763820808	16.143223310394	-5.0776308725083	19.3083219824639	14.1428194859196	-9.50939992961496	20.7724023776136	16.1657990607212	-9.68621725278591	20.7828119121224	15.9707226396255
NCAM1 SIGLEC9	-14.2516489265736	21.6517858213903	16.6769217312067	-5.39406641794597	21.0720659059974	16.020922571687	-19.4581809593582	21.7031699241002	17.0885924454915	-8.16590393998302	21.4926398718893	16.6889281012966
NCAM1 SIRPA	-3.51079318145432	20.2121475858026	15.7818616581984	-4.03427133036929	20.3821713406144	15.3509230083402	-4.39917489845496	20.8164343166507	15.9160475441347	-4.60988523719377	20.5172943366156	15.8858198773028
NCAM1 SIRT2	-5.13682199971602	20.404723850255	15.2612662880757	-5.26730688051663	20.6352253344452	15.6475934140543	-4.97204452075729	20.522538242687	15.7339372951304	-6.94488418647258	20.8060331223922	16.006160228427
NCAM1 SKP1	-3.32751857474546	19.3856754711742	15.0141591356256	-1.23055072131057	18.1463460956843	13.6842471938624	-1.96391192585916	19.2081598186995	14.7594367473432	-2.25406730527	19.2548296440805	14.8840017349825
NCAM1 SLAMF6	-12.9539934570842	20.4696348424095	16.1562212455427	-5.70313520789312	20.7986431477807	15.2715375532376	-7.42918893410803	21.1701493685693	16.0105766991096	-7.75024686690637	20.8145548978612	15.9251417260073
NCAM1 SLAMF7	-3.0709792220843	19.1857793872416	14.880415802754	-8.8967740675807	21.2657925078487	16.2068287335012	-6.83351532593861	20.7268924160997	16.0394483385908	-6.4592043436422	20.6873784638501	16.0803082523979
NCAM1 SLC25A18	-6.03241655220083	20.3086743035568	15.5276762652998	-5.2169416125992	20.6690750715841	15.5008958854083	-6.53675269422043	20.7642913933672	16.1058110852315	-6.99876825784293	20.6793205160096	15.9585946372281
NCAM1 SLITRK1	-2.08841986812366	19.1806714182813	14.8277841524895	-3.4176782170204	20.3621324068526	15.3485512084682	-3.52592380133784	20.6773431170896	15.8784932218295	-3.51669838127952	20.2158344979328	15.5310142969367
NCAM1 SLITRK5	-2.15754452920992	19.5225081050724	14.5953072045874	-5.31674709907012	20.9628255721801	15.6532271394305	-5.27365636913796	21.2301169709494	16.0598212087127	-4.4099821350401	20.4468511578211	15.4857206821625
NCAM1 SLPI	0.255324112205589	14.2931063623977	10.6560320634589	-1.87956981609239	18.7599271406201	13.3628386921027	-0.575963708899736	16.9460024380732	12.8806617171884	-0.405591919058856	16.8040338762016	12.2322193102031
NCAM1 SMAD2	-5.70402190297361	20.7476356092173	15.6309053976026	-3.70175803141991	20.4757764789388	14.7742370813501	-9.16280456935854	21.0265206384651	16.3679874477463	-5.60659984818467	20.6805903855309	15.7451234122625
NCAM1 SMAD3	-5.9921099854132	20.4293587678712	15.3756646389906	-5.01337596827014	21.1399873788331	15.5319660078405	-8.84897255739112	21.1372361977281	16.3197021303186	-6.35531780743193	20.9465910430077	15.904599740122
NCAM1 SMOC1	0.291072906783269	13.4473317385773	9.70382691372265	0.0338642404577437	15.1367136730219	10.2766127035688	0.197937958012538	14.4208430886471	10.1812884031562	0.198541242862543	14.4072808359264	10.1800985268515
NCAM1 SMPDL3A	-2.37967201013778	20.6470706426329	15.9435973950865	-2.2747949495835	18.952617498451	14.3679433102004	-3.26731390601884	20.0685079122031	16.0121765584673	-3.23994637143571	19.9607268437042	15.7528115584933
NCAM1 SNAP25	-10.2354815641715	20.6772598786853	16.0931118655301	-8.28734925663193	21.3731738623882	16.05174885206	-13.3172023873541	21.1386619655373	16.6397799502275	-12.6014352579198	21.3818998332012	16.5878066954852
NCAM1 SNCA	-6.58028207010542	20.9560515059807	16.2451047707805	-3.1475681871728	20.0844564265214	14.8429164421676	-4.01709592851927	21.0684107076382	16.3536924845899	-5.13511878351333	20.7892590685773	16.0071881630063
NCAM1 SNRPF	-2.07606411992783	18.6827249268555	14.0906674306467	-1.94153963870802	18.4906193921931	13.939671815835	-3.57266079313146	19.4153882856919	15.4197423833108	-3.33059663731932	19.0154896677947	14.6862795707024
NCAM1 SNX4	-7.1735011903961	20.3632163568902	15.7362615920917	-7.26053675704159	21.2571451554118	15.8429117473507	-12.1545058267444	21.0861231141365	16.5052486294051	-11.148205761142	21.1058301377798	16.4746457777215
NCAM1 SOD1	-1.84504679062993	19.9080421193813	14.864107698407	-1.61177248460228	18.0049957321946	13.7856013935955	-1.84977777193198	19.2977334443431	14.6859360555492	-1.73229907715244	19.1694876708376	14.6545611534798
NCAM1 SOD2	-1.78986565050844	18.560383961646	14.4248181868442	-0.953812488840179	17.7544968849427	13.2379982738647	-1.73921108425554	19.1826340478599	14.6916700097221	-1.63909679005523	18.7134827734128	14.3907104927399
NCAM1 SOD3	-0.367990145936086	16.8901869647593	12.9879091176741	-1.27317707401575	18.400124895211	13.2765399295868	-1.06453834309089	18.531167161261	14.5200231694847	-1.05805023331671	17.9770059883442	13.7901879147644
NCAM1 SORCS2	-7.83175250194896	20.8981168833344	16.3769012967447	-3.72669738902806	19.9500267906351	14.7797644529248	-6.80467606538912	20.9441077939124	16.1479863176062	-7.06153641691622	20.7752766078949	15.992047676966
NCAM1 SOST	0.408633613397345	13.146412686303	9.79678683178228	-0.394707874415681	17.1196022094809	13.34458441345	-0.281649351735093	16.8425401570496	12.8874817694815	0.107349849265203	15.6110625106898	11.8477127174604
NCAM1 SPARC	-12.5570394313969	21.0688401321446	16.1784932577923	-2.82329305281662	19.9726150491478	14.8924644647781	-10.5332192594754	21.0353690306135	16.6170872647616	-6.31452599246395	21.0556084300557	16.1269111648882
NCAM1 SPARCL1	-3.08732569790984	19.5810020024034	15.0941169709564	-5.05927849628091	20.5193244041519	15.9137565650076	-9.72885541953659	20.5976857138623	16.6152881308519	-3.81869653480564	20.2749537781583	15.8629309713234
NCAM1 SPHK1	-4.25581250171561	20.1847817282096	15.5328796581512	-3.69835256609906	20.6043521696359	14.8566743279936	-7.55280749943126	21.3176501530513	16.467396691783	-4.71147756488366	20.6825314188747	15.68327121036
NCAM1 SPHK2	-13.863681653008	21.6015651149967	16.6925612496637	-5.58232593537598	20.4091796411502	15.5487670556207	-12.5641988078866	21.3019602293877	16.84517905301	-10.6644061573939	21.4015124900533	16.71408404813
NCAM1 SPINT1	-2.85505436937845	19.3567653316324	15.4176522371549	-0.932824898753351	17.6743098382469	14.0766540911226	-2.94823176191141	19.1074940426992	15.47286429016	-2.14998637212168	18.7920270216144	15.0906674491404
NCAM1 SPINT2	-5.39158514601525	19.8208420496004	15.5369036269233	-4.54683903363072	20.1099692630683	15.0812516744429	-6.64228506174868	20.8494235611158	16.1089144225415	-6.46923314135967	20.3712575093139	15.8189196490072
NCAM1 SPOCK1	-6.44856789171594	20.8508665998103	15.7748419142389	-6.38483055584726	21.3697557390121	16.3050836066108	-9.98007794291295	21.5239345737849	16.6737402507834	-7.92090468494175	21.2844051066027	16.4700878430375
NCAM1 SPOCK2	-4.16633899408697	20.8892084026871	15.0310468275987	-4.73657034762283	20.5848075317615	15.1655247040548	-4.85054842887432	21.0290695475563	15.738999030279	-4.7991289456961	21.2433104605338	15.5650883886661
NCAM1 SPON1	0.186385045068509	14.2588274565831	10.9501345883314	-0.518255253594424	16.7731521244992	12.7267681965032	-0.0878531136660308	15.8057065934935	12.2287128517934	-0.097450599343655	15.7894065278248	12.0706506445049
NCAM1 SPP1	-4.17044044587233	20.4835453302246	15.5283607138312	-5.63298111554999	21.0974528887086	15.7287646946345	-4.2229293390391	21.0937004794171	15.8620974025541	-4.88638917090755	21.1310730448739	15.9598833151126
NCAM1 SPTAN1	-6.26712530454638	20.7329102898948	16.1548811420949	-5.40339585219137	21.1743137334674	15.8061005889642	-6.72185067919133	21.3213406561413	16.671418282077	-7.58107454878182	21.3302519008199	16.5219104650337
NCAM1 SRC	-4.07118190479699	19.9641312638121	15.4333502785618	-4.83352148749664	21.0565808446043	15.2996409155274	-10.0939336028336	21.0209172776963	16.7055512174877	-5.17670059691287	20.6821509983649	15.7843098788508
NCAM1 SSRP1	-1.73994797946057	18.5074279158473	14.5294993524424	-3.77870460649501	20.036733307753	14.8502933219958	-2.6007338737107	19.6167936098757	15.5362624751041	-3.53997648560063	19.6549576555528	15.3032838835358
NCAM1 SST	-0.380055375510822	16.1737797849079	12.6679948101889	-2.69509479200004	19.354090686415	14.2604910902347	-2.18099200829705	19.1845374176277	14.9164982603631	-1.30594161218597	18.2530016536236	13.8595932895051
NCAM1 STAB2	-7.78464750605777	20.5936609485654	15.8386211437672	-3.60723194181531	19.4491975104974	14.7120187656652	-5.7118791785815	20.4030359181676	15.6968670748755	-6.56245310340203	20.501976675357	15.839580802866
NCAM1 STAT1	-6.49829222534199	20.2992025327875	15.3550143557581	-2.26096964057757	19.445594427719	14.3097639652517	-3.75492142200692	20.3791917163558	15.4950351625824	-4.07983657392855	20.5940965019903	15.5636159070889
NCAM1 STAT3	-6.69593200992486	20.5219956947428	15.6152081481585	-4.76612493458653	20.554711074469	15.4308866945758	-11.55684765383	21.2720513546523	16.5935132339531	-6.62724953267219	20.9530676712157	16.0718802220349
NCAM1 STAT6	-5.50910946767938	20.2099391597969	15.272368262071	-11.7085800252763	21.1308896935185	16.0061362598779	-9.01586529202725	21.0590527709388	16.1281306472728	-8.70183047041929	20.7921093059373	15.9383412509023
NCAM1 STC1	-0.370627728553894	15.9475776866649	12.0754298602773	-1.98508525880048	19.1043373357954	14.2028234401975	-1.2054199511082	18.2288973354534	13.8991250099745	-1.10948451223206	17.9821970069355	13.5315569939394
NCAM1 STIP1	-7.17732080751397	20.8632057080272	15.756642417492	-5.24312908644101	20.9589908730167	15.5569967434956	-10.2948663714142	21.7100612726433	16.6060333152344	-7.95388366684731	21.3114825298162	16.2575646823996
NCAM1 STK16	-13.3410041807555	21.2564595092082	16.4445896611776	-6.67986436799044	21.4604003035224	16.232611429506	-16.0115579281588	21.5238162800219	16.9574984627086	-10.3125622968424	21.5196549665332	16.7110423997871
NCAM1 STK17B	-6.8575539167053	20.7878182919411	16.0526722073344	-4.06010398062531	20.72209442515	15.3384331771682	-8.24330591681032	20.9856734900229	16.3959538851305	-6.66359145882816	21.1564251522085	16.3227289565693
NCAM1 STUB1	-6.58105286047626	20.1704144443869	15.9285966027021	-11.6278130931788	21.0447111647652	15.9657839478563	-8.69599884376454	20.5778604459231	16.2612640967296	-11.6601765910795	20.8118816618242	16.3635066438338
NCAM1 STX1A	-16.8294912582058	21.9876715883557	16.8222958205477	-4.37943775332973	20.4070134238709	15.1834770820978	-9.63908976561772	21.3976733474149	16.8352368831319	-8.89776094529172	21.3726907770661	16.4866665600135
NCAM1 SUMO3	-7.50129337429618	21.2671617145085	16.2027807610732	-2.51995193558327	20.0844920307811	15.1150876909993	-5.92924730778798	21.1431831342626	16.2628444659043	-5.13199088645384	21.0795978770487	16.1766093629638
NCAM1 SYNCRIP	-14.4724254728219	21.6425485423186	16.7739717287853	-2.96656809438324	19.7212045313407	14.6178854807328	-7.76018334239477	20.8880217822328	16.4816250029163	-5.4359059465651	20.9620732271679	16.0444264863794
NCAM1 TACSTD2	-5.6961116345459	20.2947867609787	16.0396612227216	-4.73560588408441	20.1399473703122	15.4110120117351	-6.06871494925261	20.4134747943591	16.1874530909612	-6.28766815656093	20.375345071476	16.1295991076149
NCAM1 TAGLN2	-11.1776837922287	20.7773857071012	16.2989215306856	-9.30854456524764	21.5223473342225	16.1667358634382	-16.4500260065328	21.3701875537395	16.7226753857988	-13.9971053242501	21.3464269233611	16.6765094301158
NCAM1 TBK1	-7.61943376048991	21.538520375081	16.5788322864227	-2.5485803913805	19.7647748550938	14.7985931448447	-4.35715853242505	20.9949367310047	15.8791612613421	-4.50215116159435	20.8303294226277	15.9271496855625
NCAM1 TBP	-5.55118530367722	20.4354457557824	16.2531415799868	-5.95668523826026	21.0255746946359	15.341697012793	-8.49902926867649	21.1976616990069	16.5846760069343	-7.08208940040854	20.8588248939186	16.1135915935248
NCAM1 TDGF1	-8.78500807693486	20.7140548260913	15.853770817287	-4.72435336166741	20.774222178656	15.5064286830836	-9.1251462515329	21.319857985987	16.4638349862138	-6.57839979856004	21.124992145612	16.154083483046
NCAM1 TEC	-5.52324260554156	20.7074022824429	15.7065732463224	-4.29870926906489	20.6879440112206	15.0889464087714	-12.7217976049397	21.2264612169893	16.5890285085456	-6.49285310925502	20.9380624047925	15.9802733946211
NCAM1 TEK	-10.0415671178659	21.2976091290687	16.6068302550931	-6.81042777187403	20.6612753519293	15.4241344298731	-11.0242298786385	21.2361275946378	16.3700309670746	-9.1446641737507	21.2642735103465	16.3086818929443
NCAM1 TF	-2.61186368529673	19.5816570057716	14.7629803773058	-1.87433865445993	18.3229249880192	13.9936343813562	-2.96059622041914	19.419927665946	15.3374903650423	-2.38288324195889	19.2014614381018	14.8970405334534
NCAM1 TFF1	-2.48254751028141	19.1290873122165	14.9364699415804	-3.24782660777277	20.2765374497265	15.00071239438	-4.58335536477957	20.4664126944874	16.1206974593717	-2.9967972281469	20.2892842057421	15.5533902404652
NCAM1 TFF2	-3.43910482815949	19.4519797361972	14.7133050354439	-1.66298270349145	18.506028903327	13.7007376290159	-3.05639569463107	19.4200190943143	14.9586612029689	-2.86442297900336	19.2185244745811	14.5513246516071
NCAM1 TFF3	0.306823576520702	14.2524051204699	10.0253277883979	-0.603022222280642	17.4989925230721	12.9579347898232	-0.134597141323559	16.0995338529252	11.8612343288649	-0.0798836210243334	16.0854517399585	11.7005135773275
NCAM1 TFPI	-4.05793561331313	20.0155203275423	15.4356357193953	-1.05707393367521	17.4091691051068	13.9121905852416	-3.18310911559609	19.4955990134905	15.4114468120903	-2.94193480491513	19.1930628155201	15.2079489914616
NCAM1 TG	-2.271493636747	19.6856119911749	15.3059553275193	-5.46191218509815	21.8571397174116	16.1055587845743	-8.45827759602973	21.2700473304284	16.7675031429002	-5.1432917698567	21.1277910182966	16.2620703714423
NCAM1 TGFB1	-2.13965913922274	19.8983255817512	15.4330242559906	-3.2693261199444	19.6338862209054	14.9903498326735	-2.70567477099069	19.9350150995588	15.5669679965408	-2.86498126363723	19.9327369678204	15.5179675957147
NCAM1 TGFB2	-3.67604250760388	19.6817084570783	15.3220343594554	-7.38133077749007	21.144747360527	16.0093784146648	-6.49178579155119	20.5828371443772	16.3879807195009	-5.10583479642735	20.6015103460408	16.082953155761
NCAM1 TGFB3	-3.95110234525943	19.0295524561333	14.9789874472249	-1.75407433026507	18.8407003280892	14.5185332357608	-2.41359245762796	19.0042313928753	15.5626964487469	-2.98992004231765	19.1005601112523	15.2035890915516
NCAM1 TGFBI	-9.8161817947331	20.6744539403783	16.1810064359334	-5.39378815683149	20.5906664586739	15.4598314786898	-7.05671681463597	21.0801175018415	16.3277150799984	-7.31928999524482	21.1407823326713	16.2817673825076
NCAM1 TGFBR2	-3.11728430641057	19.4905386237127	15.4164495409035	-4.79437701443577	20.331006862228	15.2968712448594	-11.6694730651564	21.3628159944919	16.6893859609355	-4.37556430563191	20.3617159429558	15.9265282544577
NCAM1 TGFBR3	-1.82047617874171	19.4472482952871	15.1971625123681	-3.96474763443449	20.037817661042	14.5957932509452	-5.594129010076	20.8396444587641	16.1465448592561	-3.42497604700801	20.1614495516963	15.4362533454841
NCAM1 TGM3	-3.96770908387758	19.7348135253171	15.4433462693749	-4.45437579691586	20.4375072725724	15.1661320590084	-5.77486060970961	20.626549587122	16.149503588672	-4.54945639963448	20.4692091856849	15.7236731553552
NCAM1 THBS1	-9.28577260602717	20.9044063238877	16.3749193292716	-2.32678775617185	19.3345179922013	14.5620799268745	-4.20489906085883	20.3163760967062	16.2761745550183	-4.7650336904887	20.5309988729974	15.9936639924197
NCAM1 THBS2	-1.05599735872493	16.9268575436767	13.3638613021099	-2.04960782103145	18.9276501203959	13.4977268489207	-1.70612937279602	18.7103764584332	14.1073480445906	-1.50858459377093	18.4455117781238	13.9645458887542
NCAM1 THBS4	-0.36581780997173	15.6856728872959	11.7887510347723	-1.17189174805592	17.9156687997524	13.4652346522148	-0.776116769774897	17.086166811109	12.9204891494664	-0.655186822310358	17.0640796443486	12.8670829361141
NCAM1 THPO	-4.16752345790931	19.7859879402602	15.6865748614845	-10.059890910571	20.4681940418336	15.6182099256857	-6.76999714793966	20.5607173223313	16.1909042594732	-6.37656658874432	20.6025067809968	16.195398255615
NCAM1 TIE1	-9.7129761878568	21.7768437536692	16.3999416011832	-3.78878742982276	19.9763298233559	14.5640653681188	-8.80274822788851	20.9318017519452	16.0832138450391	-7.95274189496918	21.2257515083169	16.0375096425391
NCAM1 TIMP1	0.0599723916480996	15.4232136644165	11.8480610912918	-0.682310487832501	18.3664810189962	12.3663278120895	-0.266660017774297	17.0675665037491	12.4693527735548	-0.266210337152958	17.1885792772371	12.3358869803197
NCAM1 TIMP2	-0.613093477779619	17.5232194625718	13.6321756547316	-1.62138806626664	18.7557342055622	13.6650693153716	-2.03639039629316	18.9655486318201	14.4694056730423	-1.07829902859188	18.3835977908253	13.9821882142458
NCAM1 TIMP3	-22.5155747532488	21.6934798652523	17.1715338626082	-3.73484676377907	19.9604208765571	14.8187675552427	-9.65588707922929	21.2281283959582	16.5361680651488	-8.04384159561008	21.1401346920992	16.3597929625753
NCAM1 TK1	-9.47200636907207	20.6974752190036	16.2605995367197	-4.98987876449173	20.8282205262938	15.5671927329388	-12.6303144847307	21.2228203105309	16.8329068486118	-7.88516072663518	21.1500281508616	16.3767003411845
NCAM1 TKT	-4.30173014343974	20.2801962780877	14.9331729736999	-4.33737876968717	20.0295932447536	14.8901440507666	-6.13315380542641	20.9143025767994	15.7890080757921	-5.55548784285017	20.6088540138559	15.563568513662
NCAM1 TLR2	-4.22032875612981	20.6863435453641	16.0307646530514	-10.3049752507652	21.2610093427793	16.1008694799514	-9.91911403629863	21.1877592729649	16.4734461040394	-6.60127276920041	21.1411251586072	16.3665734837091
NCAM1 TLR4	-12.2893341039666	21.639751360292	16.7520108569001	-4.74138005977242	20.937418595416	15.8248597017803	-10.7518266799194	21.7055289154771	16.7850386472632	-7.6246682709431	21.7522523706261	16.6481806250902
NCAM1 TLR4.LY96	-7.31733352371164	21.2181383043549	15.9296114266207	-5.80819027523751	20.7508405067593	15.3907674830971	-10.0384453704316	21.4963550376718	16.6377566503815	-7.46330308937202	21.1875476229967	16.0834721156828
NCAM1 TMPRSS15	-1.18347114674067	18.3071332711996	14.683353983954	-1.30767503878068	17.9717938079024	13.5699656561255	-1.43044331503717	18.8272779780353	14.7598826174265	-1.64393682045282	18.5822596351125	14.6876203491624
NCAM1 TNC	-8.05672364145224	21.0383517243638	15.7465446086703	-3.57582260183001	20.2624661251938	15.0312387785104	-13.9899717683553	21.0768800536677	16.6247329697467	-5.83291238380959	20.8789097817259	15.8020762674601
NCAM1 TNF	0.145919110449047	15.756270627238	11.5848901456601	-2.17022748559503	18.8416199380194	14.3446125979497	-0.81506278372125	18.5968536015163	14.3440987589535	-0.540670967135227	17.4239617343097	13.2950319734327
NCAM1 TNFAIP6	-0.605151223550028	17.3378740498886	12.9242523074915	-3.67128757858081	20.644290796735	14.9078562039571	-2.81625599101283	19.9052879592994	15.0392254153642	-1.50477557037214	19.2574667335359	14.2078041813007
NCAM1 TNFRSF10A	-3.54186818277063	19.5332507031977	15.1682121555908	-5.21822769459366	20.3774604210928	15.3141074910621	-5.47559770427907	20.0989051836826	15.7794942495183	-5.83323715998417	20.3267687546636	15.7719643081274
NCAM1 TNFRSF10B	-1.74299070020035	18.9301526811282	14.442570028132	-2.36565174950646	19.4390073959509	14.2034498448487	-1.7092493278907	19.3524631853903	15.1802577286649	-2.15636678066146	19.3298144280026	14.7360464397122
NCAM1 TNFRSF10D	-0.842017115299885	18.7135289534439	13.8569581477122	-1.67749818292812	18.6024740168047	14.2427555898163	-1.31663577393585	19.3357421756269	15.2388145533511	-1.57555732426064	19.2122221422834	14.8946106822803
NCAM1 TNFRSF11A	-1.90161848760695	19.7531236790147	15.3540802290859	-1.5470236093483	19.267838887251	14.4761390433442	-1.87811467374926	19.5610223789325	15.3923260839068	-1.66872829230441	19.4999146739316	15.0907798957513
NCAM1 TNFRSF11B	-16.6805346787055	21.93605093015	16.9815550432983	-6.80084566437223	21.5296071905132	16.235892805631	-18.7210582317456	21.6809445399289	16.9617923431116	-11.2217287601531	21.8156177693885	16.8355526963667
NCAM1 TNFRSF12A	-6.45610762378421	20.0267223820768	15.4376913725018	-4.94238778814593	20.6515458776015	15.5159470069732	-8.56024680773948	20.8675741184258	16.3311375914858	-6.75029414181048	20.6255472398111	15.9812963201667
NCAM1 TNFRSF13B	-0.628306785104634	17.1688200457842	13.2287500324771	-2.00241869881288	18.6317588004118	14.2294443438945	-1.07972060200556	18.2849172902618	14.2376896269098	-1.02392033171357	18.2708904419106	14.1764439609309
NCAM1 TNFRSF13C	-1.99340659757886	18.6792775317199	14.1435114724102	-4.38907650277162	20.3352106579979	15.0186376412899	-3.41223117886182	19.8502209428186	14.984514089311	-3.76950451525054	19.8484117364936	15.1194042171782
NCAM1 TNFRSF14	-2.89886840739734	19.2785961181581	15.3280738420862	-3.4324639058847	20.0669073313913	14.9470973058464	-4.02051900148905	20.1705174407258	15.9695451095001	-3.51715907331728	19.8283239217812	15.4893730772289
NCAM1 TNFRSF17	-2.39902833889634	19.244607921719	14.9071327034757	-3.7627638088674	20.8401507063151	15.3162387938095	-3.27437639778866	20.1076645710565	15.6060718337004	-2.86961191516186	20.2199113099357	15.5288240022072
NCAM1 TNFRSF18	-2.67513270001234	18.6060911877044	14.5492652393531	-5.71910613755983	20.9227031434351	15.3588069740118	-5.28589818842902	20.3291640212141	15.6817123441235	-4.28690605792829	20.1228160828345	15.4326717314015
NCAM1 TNFRSF19	0.194675735020759	14.4362602527349	10.6856945566763	-0.942601913886285	17.7511920292528	13.1559601755937	-0.284023268436664	16.5520146495377	12.3683130883018	-0.247089549401468	16.3956128937301	12.2610192078815
NCAM1 TNFRSF1A	0.375495076721559	13.2913558851017	10.0140169069692	-0.242282156470706	15.6658938947045	11.4322763077333	0.021080213189463	15.0361212121792	11.2301157583318	0.133762022467125	14.7089327291368	10.9501864894549
NCAM1 TNFRSF1B	-0.0654540151310319	15.7150868932899	11.0066983806996	-0.590003476394217	16.7338409946097	12.270578759106	-0.44184398487359	16.5888546306472	12.1275054606765	-0.384779806346217	16.3846564182449	12.0575881813487
NCAM1 TNFRSF21	-1.03029336594584	18.0843538574475	13.8171691166121	-3.09104097197976	19.5703404739802	14.5318945577843	-4.7358305103513	20.2692700217453	15.8658957889496	-2.14890736891619	19.1590295724531	14.6726747024176
NCAM1 TNFRSF4	-0.113122634264879	16.0033265704528	11.4293114697402	-0.355317958148786	16.1224225141982	12.8681600156387	-0.210797034162156	16.2664167327892	12.5988447225384	-0.228219949858636	16.285036404863	12.6299399924073
NCAM1 TNFRSF6B	-1.16403866346772	18.093665220381	14.2582696729369	-5.9864811099994	20.572219901675	15.762919609258	-3.8824545645377	20.0845673491639	15.7909458300036	-2.14410554100555	19.6685978943124	15.2071436566269
NCAM1 TNFRSF8	-3.50084760963074	20.7382823685107	15.2051480407181	-0.694216381907784	17.4617868596921	13.0761977534668	-2.10839295349628	20.3178846232649	14.9502659600384	-1.65468189126861	19.7802898913841	14.5509096510978
NCAM1 TNFRSF9	-0.889329296786045	18.2152635805475	13.6654736441352	-0.582071025843448	16.8908914262271	12.4513834217993	-0.861518816689388	18.0387351627024	13.4861021644312	-0.741994590122223	17.9528317413804	13.493464108795
NCAM1 TNFSF11	-14.2099554279822	20.9255430577691	16.5497206820885	-6.26191998056385	20.9323843231309	15.6182726569133	-12.275408979235	21.0685444356925	16.6980731388158	-9.54706064053573	21.2559847565004	16.546241277226
NCAM1 TNFSF12	-3.54535503223937	19.671490361153	14.5841208674151	-5.82292198749035	20.9832605071336	15.9795694470661	-5.62453952506919	20.4919700479187	15.8170995458911	-5.58598621916217	20.6153092967604	15.7507203335848
NCAM1 TNFSF13B	-17.173702830351	21.9409922254698	16.6942014702389	-7.38699454137841	20.9134186178552	15.5363103304819	-21.4784790558434	21.6863849776603	16.7529113408453	-12.798814960017	21.658026768453	16.575859206461
NCAM1 TNFSF14	-3.76363297509978	20.4765326887694	16.0719109959292	-8.93175994554086	21.0203331818132	16.3177596951194	-10.7507466505925	21.0278718160583	16.6877094404264	-7.52343113934408	20.8935480483205	16.4636733700255
NCAM1 TNFSF15	-1.84000105510902	19.1098462194464	14.5420187654874	-2.41073418473971	19.4699438917374	14.333416908986	-2.97761961914039	20.1083099216965	15.2324968659686	-2.83525402242372	19.8339269584217	14.9629595326916
NCAM1 TNFSF18	-6.80250121747743	20.7900103467473	15.5963932347393	-5.27756795049076	20.8778718060231	15.3971631131867	-9.81723963544658	21.3161238367589	16.4039373301975	-7.81934214027718	21.3482723097887	16.1041549040912
NCAM1 TNFSF4	-12.7188344653309	21.6937101673591	16.6446514033793	-6.41170775934301	20.760171837829	15.6025783467651	-13.0931974929917	21.4058628130281	16.6734269741413	-9.88112026246929	21.4685489014316	16.481578774739
NCAM1 TNFSF8	-6.8860241789178	20.9133740234497	16.1907080656525	-3.90815392108756	20.050143483152	14.229429710643	-5.89339332318906	20.9604679281494	15.9379129372462	-5.28693156526673	20.6142872745175	15.5865644087564
NCAM1 TNFSF9	-6.01745330839953	20.6419940004642	15.9614985825743	-2.7279737963227	19.6099125870635	14.2007084248657	-6.78369281557958	20.7238407090531	15.9543788761998	-6.16018707237988	20.8219940520694	15.8436881288029
NCAM1 TNNI2	-6.33390013660542	20.920039707793	15.9285111589534	-6.68655378305733	21.213549137694	15.5614625550654	-7.30790878599692	21.6312848224414	16.4498147119929	-7.05244352814563	21.4207595011542	16.1641568366461
NCAM1 TNNI3	-0.235613070302389	16.9683711197258	13.1235727756316	-3.3340796897082	19.7897306729286	14.6591553007632	-1.64475328718439	18.8023525363607	14.6514742757628	-1.36044111495878	18.6186239360426	14.2914124644021
NCAM1 TNNT2	-0.29216035487526	16.9624767127642	12.327814661683	-0.497280596910253	16.5053514633715	11.8619766375065	-0.632301609897586	17.4762684986253	12.5621970629532	-0.407259776551302	17.158639911801	12.4683368475172
NCAM1 TOP1	-5.00800827633594	20.7239949416883	15.334273551527	-4.10322003792735	21.0640962144673	14.9120788740078	-6.81447913180878	21.2779090427746	16.3351874481513	-6.45782014955953	20.9652410148722	15.6000306788268
NCAM1 TP53	-5.0981319379767	19.6150820312875	15.4490295661966	-4.82477852826993	21.2289449186899	15.3539898182068	-18.1017912748683	21.4668934526095	16.7657132396405	-9.24932049888008	21.0716562404035	16.0921978691944
NCAM1 TPI1	-4.82335450073159	20.4654546223954	15.0828959332665	-4.05288677002652	19.9525052617194	14.8486643015525	-6.54540189676083	20.9642347103789	15.8799858600225	-5.16088084126957	20.7270802472249	15.6823174231409
NCAM1 TPM1	-5.99396316657153	20.4802761869377	15.8352412844947	-4.67068578143197	21.0169726670853	15.3123009137033	-6.23434176423218	20.9685533923411	15.9272672633343	-5.56076279012542	20.9061685102931	15.7926750694708
NCAM1 TPM2	-10.4874851603124	21.3362962987215	16.7436124105627	-11.2822492202235	21.3120884867243	16.0470388061135	-18.688956140075	21.4222909634312	16.8513250975959	-12.709539766549	21.475725802418	16.7248115302126
NCAM1 TPM4	-5.61060811353857	20.4889497378319	15.8813283930928	-6.26707429348076	21.0868926722143	15.5508190558142	-11.6149860219251	21.1107665417788	16.6978039585699	-6.62547247075479	20.9785015763798	16.2205115134825
NCAM1 TPO	-6.47776689316459	20.2302754115929	15.7983734401433	-6.75574377430932	20.7783122919717	15.884738041146	-6.48170667974791	21.1548726558093	16.8033622475954	-8.02730984017758	20.7074086398326	16.4057072315119
NCAM1 TPSB2	-3.97305310106622	19.9388547655813	15.7190712194457	-5.77050584322453	20.9721048750858	15.4283187964612	-7.56281884171984	20.8241743395268	16.2739903393781	-5.79532138212072	20.7799882045496	16.0102462308079
NCAM1 TPSG1	-7.08166427592131	20.3004448284087	15.7138121690448	-5.34066133860692	21.7687474664276	15.6639460282275	-8.99751178570663	21.1896231065298	16.6135757247762	-8.45671503676793	21.1716865030787	16.2841811512505
NCAM1 TPT1	-7.6614753708755	20.7867109819672	15.6575709985445	-5.49765479254087	20.6356759521492	15.7550514932342	-9.13985439567433	21.2217002886959	16.3048978493427	-8.48972135430735	21.0422572670376	16.2204792202306
NCAM1 TSLP	-4.93869836199034	20.4347968775913	15.7477583536271	-2.33349474556821	18.803835117221	14.3298020676656	-3.6947241826015	20.2376152528798	15.6426659987496	-3.82890222148841	19.9935519564751	15.4390453277312
NCAM1 TXNDC12	-8.80056840854453	20.9960690260511	16.0832013097435	-2.8289277953059	19.158487736873	14.52673605195	-7.89170874064872	20.6074104764984	16.2521871788767	-5.53180874916515	20.4428248271413	15.8640998566892
NCAM1 TYK2	-6.8020274427697	20.5746965106604	15.9632227138944	-4.12289654970888	19.8796195262268	14.8950946454709	-7.18389865881126	20.3671780425598	15.9275164921961	-5.89805798658571	20.5375790018185	15.8753011705954
NCAM1 TYMS	-7.91713899436559	20.6691317109565	15.9236306800937	-7.46870978342151	20.8884375010924	15.791824558367	-11.5568456068102	21.4098092754712	16.6463735653883	-9.8181009421859	21.006423984586	16.2505918997988
NCAM1 TYRO3	-2.88892135662921	19.5141341421582	14.8608244153408	-3.66379311869733	20.0866892064957	15.2666366560648	-4.65048966348461	20.6003738037064	16.1999213279817	-4.01966228106432	20.160015688307	15.55855897365
NCAM1 UBB	-14.1763379989739	20.7077751772912	16.3601358302488	-5.20010970459138	21.0118606624016	15.5928561978746	-8.29508583125386	21.0033174060626	16.4299603426233	-7.95431429218697	21.2394138763232	16.4510031609541
NCAM1 UBC	-3.17848965363948	19.2155783081498	14.6718107135501	-2.73479611903983	19.700864729363	14.2256609215414	-2.69091191360667	19.7499371004602	14.8541741073888	-2.91645858275203	19.6704544819125	14.901011699519
NCAM1 UBE2G2	-3.94072606852278	19.9787173892312	15.6487304949517	-3.61070626310955	20.0618110045838	15.0014286630211	-5.05186927076947	20.2505827925869	15.9513198014628	-4.78394333566841	20.3064440371298	15.8005026045745
NCAM1 UBE2I	-4.03012402810498	20.3324822309935	15.1657993437908	-2.91663228856186	19.571283249366	14.7522929006232	-5.53451122570275	20.5890650000355	15.6325144679901	-4.94803783368593	20.4911602198662	15.676603958684
NCAM1 UBE2L3	-7.99368437914062	20.5894906111283	15.6854447013036	-2.81451567612758	19.6584049785681	14.7251773653253	-4.52341935048089	20.4949638043467	15.6079908644562	-5.19984446346197	20.536205765296	15.733477810143
NCAM1 UBE2N	-4.92247289094645	20.2740280843032	15.2234987159945	-3.23006326838113	19.4586518423871	14.2979196212371	-4.48780647791852	20.6176127855712	15.3787513544835	-5.68992382182179	20.3557239211208	15.3974914318739
NCAM1 UCHL1	-8.61396335085211	21.1284696112089	16.3662306486391	-8.49214053939314	21.496675083077	16.104071578664	-11.2584652956335	21.4083498220928	16.7992968390673	-12.0351099474037	21.4069070078919	16.6994242253191
NCAM1 UFC1	-5.47800843155284	20.6204456457025	15.7240590988172	-4.88521935367639	21.2400581677059	15.64561224172	-11.3065510470475	21.5369895595295	16.9039264636363	-6.23833742470544	21.1242030830617	16.0434014988415
NCAM1 UFM1	-3.09551503790047	19.6950010951909	15.0160459674881	-5.88115340337963	21.2020953205687	15.8534062502505	-8.01389474739869	20.7465477132142	16.5130837099821	-7.33025651684339	20.5532487179253	15.9448517737598
NCAM1 ULBP1	-8.25050910425625	20.8972002916276	16.0297790450654	-6.29482410791059	21.3712139856608	16.0134033210136	-11.3416081256554	21.1156745091564	16.540706300794	-9.29830615074817	21.2379990136237	16.4208401964944
NCAM1 ULBP2	-10.5814313383487	21.2368585038458	16.414817477995	-4.60762797446715	20.508320102177	14.5226003606244	-12.1412432018195	21.2559112174836	16.8385380722671	-9.63413367614305	21.0188606505185	16.1390675687345
NCAM1 ULBP3	-7.05159446272652	20.6383567203468	16.0160961478303	-2.25816892394696	18.5569750946375	14.0006928881019	-3.68894265279508	20.0548459172571	15.5265385332869	-4.18192850753328	19.9092925045999	15.4664512404543
NCAM1 UNC5C	-0.402545609710539	16.1799778163693	12.5904101188019	-0.817457658301814	17.0088140469637	12.3365524914062	-0.535725222344824	17.0759746014713	13.0638390493502	-0.552136531215506	16.7027607055269	12.7849824313806
NCAM1 UNC5D	-2.93148788048774	19.3405830948021	14.9050146434921	-6.77392280590281	20.9695955549732	15.4927684677378	-7.33066944851848	20.7845999411159	16.2049927865525	-4.41849725573902	20.6117086954477	15.7276489770374
NCAM1 USP25	-9.04463673160873	20.6885881805951	15.8829059063498	-5.05360089499949	21.0675818686513	15.2310802603573	-13.752616224174	21.4492246401004	16.4389316192151	-7.61375700008715	21.1837590404589	15.99111147911
NCAM1 VAV1	-4.18788025945642	20.2392941240266	15.1868637724646	-4.17046915721071	20.5990789189009	14.8864342315474	-10.2699279808749	21.3040707295541	16.5111202823713	-5.09494824051493	20.7086739656736	15.6150109658617
NCAM1 VCAM1	-1.86896319708349	18.3604645514573	14.2971096931636	-1.51808482316344	18.9685944361932	14.0527631874299	-1.71280914179523	19.0110580890436	14.4820895425171	-1.69084754010253	19.0658750555887	14.4292455401006
NCAM1 VEGFA	-0.161763851636236	15.7089421009489	11.8200658492823	-0.257082046193163	15.6680409656575	11.9527351542335	-0.278975675764486	15.9306283567057	12.3201140084216	-0.392118305764424	16.1110040273231	12.397128738626
NCAM1 VEGFA.1	-13.3849519649931	21.1419688797554	16.5067038651447	-2.07093904151094	19.384843546839	14.1962503901303	-5.01916220751089	20.6798492957176	15.8878234638112	-4.62981989136768	20.5025325030767	15.6947180033676
NCAM1 VEGFC	-3.03140345630585	19.8848757028001	15.2229152958367	-0.837519491633296	18.0568396276262	13.4194333137038	-1.83786036012078	19.394047335757	14.6319515727979	-1.53831892399012	19.2099931960506	14.6592988792915
NCAM1 VIP	-9.07730513766355	21.171883627916	15.9952795351543	-1.86449096104552	18.9841930077383	13.9513232254846	-3.48354583076253	20.6141048538054	15.7472477234303	-3.27649144807642	20.2690200290538	15.4091757413257
NCAM1 VTA1	-5.67874387842472	20.1684947531942	15.0830637652829	-5.87236884414371	21.4883229748345	16.0995138018612	-10.6522631950597	21.6065166479226	16.7501338423935	-7.59055237678259	21.3203778547451	16.2906805230368
NCAM1 VTN	-2.90632467392165	20.2962064918736	14.5115294927248	-2.84556062708314	19.0699740136316	14.408341733935	-2.75729275691844	20.0877023350624	15.0234547717617	-3.50405428258644	20.1787597190506	15.0444367461969
NCAM1 VWF	-9.80171752740149	20.9262796654813	15.9525473205628	-10.4793340559459	21.8414134372866	16.0477587778939	-11.6805549625043	21.7837808701972	16.5227486220612	-13.0442496745107	21.7555986165987	16.4780119239735
NCAM1 WFIKKN1	-1.95847578784726	20.0108226702148	14.490932082966	-2.55294822147132	20.0937549691056	14.4881889201698	-4.07031806723055	20.7461781393762	15.7431129784001	-2.77641349009172	20.4282892449975	15.2385588933051
NCAM1 WFIKKN2	-6.2390843245057	20.7181271470512	15.4171447411877	-7.91891303325628	21.2666694216742	15.7463341434528	-6.9917726075951	21.5224968096218	16.1978755242616	-7.80060145534662	21.334091044708	16.0015688368384
NCAM1 WIF1	-2.46366057363453	18.9223971695267	14.331140089309	-3.37608154616034	20.4928426515021	14.7059619650118	-5.77441314446988	21.0160910354837	16.1636627788762	-4.25195950136187	20.0373545517826	15.1975394867831
NCAM1 WISP1	-4.82321739968037	19.6914573595987	14.9764895793153	-5.32269217971577	20.1825530405281	15.5349119289675	-4.7321080691359	20.2311262345086	15.6394232652173	-6.10636238724344	20.4267335289053	15.8314830675295
NCAM1 WISP3	-2.89155780406762	19.1387118275021	15.1010369772045	-4.29037737532592	20.2660635922794	14.8194906256244	-5.66463238011239	20.4575207098684	15.9406000917216	-4.60543483916825	20.0311653688955	15.4601296263737
NCAM1 WNK3	-6.24507268963123	20.8119504522669	15.9266542238994	-3.47176214435358	20.1848856944842	15.3092974009329	-6.90693883257027	21.1760309083753	16.3431109620415	-7.3617687154335	20.7808093450262	16.2215471580724
NCAM1 WNT7A	-9.41329828576588	20.7787038340852	16.3194325436164	-5.7334565960088	21.2714552089133	15.6655781798607	-13.1139164969457	21.4439389704141	16.6237262910908	-7.66481202751892	21.3573133656086	16.2981812766787
NCAM1 XCL1	-3.71748142220301	19.5248162792484	15.4024799450998	-4.42483487772416	20.248861179899	15.429920262979	-3.95629526921272	20.0579927069552	15.7781644353175	-3.92418040066131	20.1104903051821	15.723413321145
NCAM1 XPNPEP1	-2.361451753497	18.7481146722667	14.6392212532663	-10.5214951807125	20.7940097813482	15.8716271645919	-4.9493107216717	20.3042295973665	15.8040348743597	-4.60068277021978	20.1597630818291	15.6436965864743
NCAM1 XRCC6	-6.536980127945	20.6638451569047	15.7902497278305	-4.30492847525727	20.8444001561965	15.3966353333213	-13.7297557030364	21.2212183179397	16.7161904118777	-6.2969280685691	21.2068055477252	16.0655940286998
NCAM1 YES1	-7.65926896830867	20.9131380064949	16.1910670353797	-1.12194543377324	18.297665725043	13.5732919467643	-3.20751222822021	20.2705692791735	15.5646019890748	-2.94329893044921	20.0250990096867	15.2763552978213
NCAM1 YWHAB	-7.32461709354222	20.9536081164825	15.6642080964792	-9.50403997221825	21.4406839454714	16.1126484969594	-11.1968861659508	21.553193451184	16.4265044707645	-10.2790925716502	21.502398583215	16.4336354000842
NCAM1 YWHAB.YWHAE.YWHAG.YWHAH.YWHAQ.YWHAZ.SFN	-9.83710865187897	20.9852789144861	16.1134659217794	-8.13358429752309	21.3811820080525	16.0655161812004	-11.4663412399013	21.5355817817751	16.5340765201888	-11.6396343098195	21.512371400416	16.5294342718013
NCAM1 YWHAE	-9.73163403126908	20.9616147137783	16.3340268226115	-2.65523289094584	19.1112272544045	14.2903493888781	-5.27356328523817	20.2312934299328	15.7854045485155	-5.26244977309803	20.3514300917433	15.6919048758144
NCAM1 YWHAQ	-13.4950453936531	21.4938934561948	16.5709923272001	-5.34971019822814	20.7103391270481	15.7374695963593	-9.20814885943499	21.3273003807674	16.6656050381807	-10.1032100751139	21.2032441803872	16.4946943241962
NCAM1 YWHAZ	-6.7651174297517	20.6953087173653	15.9433055323927	-8.95806447949545	21.2220885077273	15.6830581538889	-17.7335252987367	21.30152247662	16.78838785837	-8.68623399104847	21.1739808490663	16.2972419578871
NCAM1 ZAP70	-5.54834913158173	20.901953797813	16.2630474348968	-8.69512952343281	21.2865369160831	16.1603111699011	-12.3480901926147	21.092121672846	16.5789106404729	-7.0950212142744	21.2206120222338	16.4826474008007
NCAM1 ZNRF3	-6.75960478434144	20.4599080941057	16.2713219533007	-4.90038226002217	19.9461645530181	14.6640014643903	-8.76238393277525	20.792633467289	16.3381082935025	-8.65408757728419	20.501912083305	15.9246165014108
