protein_name	r2_male	rmse_male	mae_male	r2_female	rmse_female	mae_female	r2_all	rmse_all	mae_all	r2_all_sex_adjust	rmse_all_sex_adjust	mae_all_sex_adjust
NCR1 NCR2	-1.08565488190914	19.0518139942934	14.7489680072269	-3.18113783989968	19.7929339305841	15.092836797547	-2.68529499034849	19.6463786706701	15.524459730176	-1.94011894990417	19.8194190357936	15.4497772045267
NCR1 NCR3	-1.49395420414748	18.8603142637078	14.2331205302154	-4.40487081433594	20.6971137181174	15.0130211183055	-4.61400575627863	20.4856917179013	15.7438260231986	-2.93531125787641	19.9912882988543	15.0358209311929
NCR1 NEGR1	-1.14823839037342	18.005974462308	14.0991960095724	-7.45109596753311	20.7791479041375	15.4476092585607	-4.43868355594907	20.2693794647896	15.7831652136264	-3.70711508849188	19.7643094762844	15.1732744451963
NCR1 NGF	-4.53506416829906	20.7007429842708	15.5256988687697	-10.9909413909718	20.6010825539306	15.9200320889381	-14.0417483875957	21.2293702423827	16.7656386768696	-6.80736796159145	20.9135452385109	15.9467121099156
NCR1 NID1	-7.44323281916777	20.8030538971473	16.3053319696069	-4.65132400070242	20.950278671873	15.3038525321614	-9.46611758796599	21.1585482851836	16.3742669990911	-7.02106975411966	21.1367428651188	16.1656900779561
NCR1 NID2	-4.60565536186244	20.6411324766008	15.7049828554857	-3.76079059686561	20.0343867027164	14.8170199044339	-6.06230633586383	20.9315713353128	16.2186074324183	-5.48259492267589	20.5509781668918	15.7208534443671
NCR1 NLGN4X	-0.056301068895837	15.6920425003113	11.5520396414736	-1.73462784806366	18.1395242723223	13.9959538809969	-0.567578431185637	17.5465050636526	13.1193137937253	-0.754029894034551	17.4910432929405	13.2884486941273
NCR1 NME1	-5.03512505889889	20.4868176990624	15.9829671288761	-7.2732350916818	21.5644693839937	15.8019721184543	-11.4282298175172	21.5408431932499	16.599612307439	-7.42669041724041	21.4150473720821	16.3068978826913
NCR1 NME2	-2.89154160845313	19.3514772611388	15.0406506474692	-14.9380356274758	21.0374436555995	16.1176069118328	-5.23623542693125	20.8626131936029	15.8770872837224	-6.70567681411086	20.6523611169618	15.9593820549287
NCR1 NMT1	-4.86678138364735	20.8028782717306	15.9186054301687	-3.50520639734767	19.7944093282795	14.4193580559302	-4.23828172291192	20.7537276825256	15.513426627278	-5.08393597624872	20.7583075250446	15.6916661804963
NCR1 NOG	-4.45480834606253	21.2468809263114	15.9084640861737	-10.5893573357543	20.5158443102478	15.9703049348514	-5.58317044448565	21.0512201065927	16.1433278845665	-6.75070538069663	21.2414667284592	16.3058752671341
NCR1 NOTCH1	-3.91458039031304	20.5038222793963	15.2494126642847	-1.73746428775836	19.4392027713752	13.3310205849293	-2.22479936125746	20.0918204246751	14.4624908338164	-2.42591535298163	20.010269502815	14.3912754971368
NCR1 NOTCH2	-2.31404859067233	20.2132301602253	14.9309319842759	-13.4112536487923	21.0432717618761	16.1659120953977	-3.81812162308413	20.9664767793584	15.9506104001559	-5.15896625745404	20.8443309345041	16.0194566040671
NCR1 NOTCH3	-0.399075356726907	16.5067436364207	12.9366815366694	-1.29816112598414	18.3919279232889	13.5842246389287	-1.24443298845277	18.3116062178001	14.0594095641514	-0.961921397784721	17.9813593487134	13.7220723932708
NCR1 NOV	-5.08438265680207	20.1740681036811	15.7922064715	-2.85372517387005	19.8395141869771	14.602551590982	-4.3165280491009	20.7239149676832	15.8464860593762	-4.01315725794074	20.1189100375648	15.4715819257603
NCR1 NPPA	-0.533886606116887	17.5245708889319	12.9639950995825	-2.81986615522763	19.1904774831816	14.1022229769144	-0.90705606335409	18.5398562088227	13.8373556046654	-1.10167487486692	18.4898844380956	13.8002664950291
NCR1 NPPB	-0.036003066056391	15.4740661657767	11.4696520180522	-1.8755855425718	19.108193318773	14.0730122548646	-0.640581406144492	17.4560284435264	13.1748822895172	-0.789514131721727	17.6002822174935	13.1823924117645
NCR1 NPPB.1	0.22568142625211	14.3361187203851	10.6287560239757	-0.0170835892950323	15.3890751090107	11.4879516823912	0.0258594407467374	15.1309662956939	11.7795086500653	0.143992505610177	14.8722204720112	11.3087395891731
NCR1 NR1D1	-1.2786282046925	18.5137865634712	14.6732218529489	-4.9810432420129	19.343965178252	15.0685762462725	-2.66741191633847	19.394693528497	15.5350354424402	-2.90241934459122	19.423209357709	15.359550702
NCR1 NR3C1	-4.33547551652536	20.3408891938232	15.9228398247021	-6.78531797482162	20.6680688163182	15.9987158786456	-5.96920848507795	20.9661257066962	16.3706063891171	-7.85533120199931	20.7843361132227	16.3094469506506
NCR1 NRCAM	-3.11810286866156	20.220811421889	15.4510706856883	-5.45658715414465	19.8288451866575	14.873657015308	-3.45538583598183	20.0132034898282	15.5867150140708	-4.38544805346646	20.1429920724047	15.5672977882239
NCR1 NRG1	-2.61420405924659	19.0470709575611	15.0117576787795	-23.1508067989312	21.8016617694225	16.5287150158421	-10.8027390525268	21.1451055250256	16.6052647453335	-6.70075337466503	20.6792558794232	16.0945500112246
NCR1 NRG4	-7.19800998827337	20.3796090240973	16.2859039893239	-15.6779504328859	21.8956539870923	16.4369751626782	-17.569562657001	21.5222528033853	16.9092422496201	-11.820710687951	21.29424079932	16.5535137562892
NCR1 NRP1	-8.54966934023837	20.4691585268385	15.9603533138084	-6.63589624338264	19.7723375007482	15.1594616859165	-9.67465657787483	20.8389969354278	16.2409405083495	-9.81507230111089	20.4443862681626	16.0296176700465
NCR1 NRXN1	-2.10972340792066	19.5553944347907	14.9862568447502	-9.33351923098314	21.0924030326161	15.7814292070209	-6.64910862039699	21.324011089232	16.1606553045615	-5.33386516894792	20.620517313739	15.6965745874363
NCR1 NRXN3	-1.22216802130861	18.0482561711063	14.6406201345563	-7.21597789124345	19.9798610775478	14.9234526072666	-3.85053051050138	19.9615209605559	15.7114896891126	-2.77639030792182	19.5147475854393	15.2882314529141
NCR1 NSFL1C	-1.66438623877299	17.729168901222	13.8403843663138	-7.34601199925666	21.1708547300122	15.1457102843621	-5.57080818961057	20.3800507771758	15.7630329656452	-5.2756047044501	19.9467011981589	15.346665606517
NCR1 NTF3	-4.00327360960423	19.8688881624	15.5775796276705	-2.5005067021828	19.3151326758713	14.3694167648979	-3.48918600621069	19.9691877926929	15.3918849054285	-3.94910039235833	19.9308904422315	15.4345600572472
NCR1 NTF4	-5.35905031368297	20.5199884909902	15.686875791497	-25.9561308336886	22.1573427645204	16.6206855654004	-17.2522292928341	21.6782943323657	16.7759005251242	-12.2759370714317	21.590640377705	16.5037277908989
NCR1 NTN1	0.29219688557284	14.2893448068351	10.8796871705735	-1.16738204566412	19.1597607804482	13.781591827626	-0.196409115014664	17.0230738719308	12.6584768912431	-0.305679167586777	16.9061810772605	12.4954519927897
NCR1 NTN4	-1.43576816063668	19.0498855729173	14.1560097826507	-14.9667879721455	21.2756636689508	16.1079501262051	-5.25616600735446	20.9699423797954	15.886475790274	-4.20138694816429	20.3818766399798	15.3827034101137
NCR1 NTRK1	-2.79624904151986	19.8557374230521	15.060361748142	-8.919719076142	20.7837866922656	15.9025645760229	-4.12355105368555	20.5349813724665	15.7709385729554	-4.46067614187535	20.4910459804492	15.6343740425914
NCR1 NTRK2	-7.47652969761164	21.1624655616362	16.3905621427344	-4.99405436642449	20.704574590859	14.8536770607039	-6.6910695727824	20.8403840571967	15.9295655825262	-6.79079244804575	20.9824831464172	15.834963360034
NCR1 NTRK3	-2.88113178365575	19.8326507128097	15.6581093389214	-4.87185726134048	20.2152377716474	15.6036449645977	-3.13147312001868	20.1738321442816	15.6801077577938	-3.99871051589677	20.1881759623844	15.889745649914
NCR1 NUDCD3	-4.45270651540178	20.4650933305057	15.4234612700111	-3.81170782901257	20.9238642455822	15.0093220031301	-4.6375664800766	21.8421483203759	16.1912498394498	-4.16903387555474	20.9567420489239	15.5811787976327
NCR1 NXPH1	-1.48449590189802	19.0256816995975	14.6572451412419	-4.08289523915717	19.4100882544076	15.4543199705234	-2.85881715034208	19.4863620522606	15.6651580879293	-2.63380233215859	19.4033813178763	15.4331502235495
NCR1 OAS1	-2.66433934870994	18.7860510409386	14.9000183326045	-16.8203669042497	21.1378912789286	16.440340644407	-3.35879468368202	20.3363872874791	15.7620690907374	-6.32417192131727	20.378507249801	16.0281802682617
NCR1 OCIAD1	-8.12204138944865	20.5741389201235	16.6065730585871	-4.58489029535623	20.1018944396004	14.9895830833918	-5.33296253396158	21.0264407316323	16.3094292698897	-6.18547601743313	20.5574710431389	15.9845625903601
NCR1 OLFM4	-2.11953359870339	18.9906328712901	15.379149085819	-8.83929759469927	20.8838662853691	15.9623915290332	-3.91627022874243	19.9336993816536	15.7856533553409	-4.00844944514458	20.1063639087561	15.9066613618126
NCR1 OLR1	-0.515435216659754	17.5553596515642	13.8759309637953	-3.94889203246534	19.4596082685659	15.2650252131036	-1.3468657682526	19.0912448981514	14.8756479886943	-1.41448100427465	18.7336426327448	14.7934827986682
NCR1 OMD	-4.04617215640347	19.7354597666794	14.9955716066958	-11.2811648817183	21.4773965006146	15.994214823318	-5.79375906532474	20.9366130870539	15.938054154245	-7.19363562046049	20.7567750183462	15.8770261845909
NCR1 OPCML	-6.37767418102105	20.7724895056008	15.6965488737044	-5.97961356839252	21.4196851643925	15.7975112290518	-6.48906877612635	21.5933363434557	16.2340598891935	-9.37640267921254	21.3706420444016	16.2705037985021
NCR1 OSM	-8.94325080202654	20.5667495694147	16.3593940277766	-20.0144554753595	21.9778637646457	16.326097919628	-15.1802289932794	21.6785509838222	16.6292284441381	-13.9118628773022	21.434512234556	16.5354515466284
NCR1 P4HB	-5.12230560862787	20.4183384839366	15.9327900319901	-7.47960936931118	20.7021418892552	15.4558366103165	-12.620742166481	21.3966184819503	16.5152330832338	-8.96787713019605	20.9339939660167	16.0701535932234
NCR1 PA2G4	-4.52265777137073	20.4039908601112	15.5076456437928	-3.11818899836928	20.1769884365365	14.8807709064459	-4.04181092572487	20.7534336596352	15.6543579277669	-3.86783421990533	20.5024718991674	15.5949976343644
NCR1 PAFAH1B2	-0.902572969232867	18.0680488827537	13.5077785153388	-1.33822679505187	19.2994500386826	13.4472237086026	-1.32312650129243	19.0387620004073	13.9132511482109	-1.12239882032348	18.8687081381419	13.8349061926383
NCR1 PAK3	-8.18731372447029	20.4832751004713	16.138087632382	-21.0839488833896	21.7884612678599	16.5439123601864	-15.4638206522893	21.5715691355522	16.8589026759017	-14.9966965420116	21.3570009179677	16.627346126811
NCR1 PAK6	-3.50803536608811	19.654569936672	15.5805114942576	-2.95719384323114	19.7948495313993	14.5634324743239	-3.72025528742047	20.0736506972654	15.2847613937819	-3.8556991159465	20.0544711738452	15.4137538459711
NCR1 PAK7	-8.21309993739235	20.389368998944	16.1549829214306	-1.76279450105096	18.4679279404153	14.0087414184831	-7.20184421593273	20.6888227574244	16.3597408488103	-4.14337620970106	19.7435842543167	15.5633789526632
NCR1 PAPPA	-2.27116193637208	19.6888877613916	14.8328776775186	-3.43749447630895	20.2555354758826	15.1088482700311	-2.57844878308929	20.2524157994861	15.0412940882603	-2.74073417073701	20.34705232832	15.1892657813376
NCR1 PARK7	-6.67788212730103	20.4811965293918	16.0727412001068	-2.27517644448131	19.8940039485366	14.1156956022193	-4.53828388739844	20.692476227285	15.762915527778	-5.029127996161	20.6947728411794	16.0531939713333
NCR1 PCNA	-2.56305547629395	19.7923370971244	14.7399532247449	-5.36838350116729	20.4429926022441	15.3408755899557	-4.51405480559704	20.2178578914061	15.546220930406	-4.63117195726873	20.2499270212771	15.5549641684922
NCR1 PCSK7	-1.02846212659594	18.1573668831067	14.521383733202	-6.03856328749609	19.7828715919689	15.3349016651456	-2.33877924932112	19.4896605120851	15.4961218185375	-2.54880776939121	19.3340475897814	15.3590571948686
NCR1 PCSK9	-10.2149041371069	21.4274912915196	16.7051539173683	-10.9663995441833	21.8479223504883	16.244857714585	-13.017599903629	21.4790996923561	16.6304522120417	-11.3749285690832	21.6303812297015	16.7694861583707
NCR1 PDCD1LG2	-11.1892330941924	20.9602702882672	16.4319129002731	-2.72018582660723	19.713164947619	14.0068986812828	-6.3808252082545	21.201946051438	16.21225981746	-4.84618322352204	20.6576973151881	15.5257908091153
NCR1 PDE11A	-0.99600695024295	18.8031768636751	14.5489371541917	-6.26191350308476	20.2065444899173	15.1244876368877	-4.59426116879839	20.0726891694305	15.6284236195029	-2.80832457048564	19.78452162548	15.2708822796221
NCR1 PDE1A	-4.68357193554722	20.0981946548549	15.6572542420075	-2.9371309358068	19.8939718376275	14.1540083987115	-3.08844228876424	20.2528800428001	15.0778636518727	-3.3474840178431	20.1435124409498	15.2209257739986
NCR1 PDE2A	-9.75417385667049	21.1998308534287	16.3599870060811	-4.67034683087979	20.0273809448913	15.090708040546	-8.60673494757713	20.7153465472635	16.1975993618415	-7.14198546589579	20.7047782001426	16.0221227260286
NCR1 PDE3A	-2.15613882778627	19.5494268640075	15.9612161812684	-1.07608046666494	18.0280164873687	13.6947935631587	-1.20682949428332	19.2918760133974	15.3166996407608	-1.56542338344955	18.9834393401602	15.2277943143253
NCR1 PDE4D	-1.38722378290213	18.5413863958553	14.5599785105978	-1.2454381455135	17.1163737593472	12.73514492786	-1.75725315984044	18.4349961097263	14.3323788841963	-1.43993064880489	18.151783257125	14.12087810623
NCR1 PDE5A	-9.26449376368013	20.6011992341344	16.4690142255155	-2.40321525858368	18.9480265344745	13.763030801307	-3.52925637147801	20.7209219076444	15.3038971248141	-4.74652276976968	20.2975918341932	15.5233967933802
NCR1 PDE7A	-1.0849056791573	18.0937627702065	14.2511995541616	-16.5216398905359	21.0214117112169	16.3923858148641	-5.3364848867263	20.318659387978	16.3900874296075	-8.16860406530401	20.3110262212168	16.3310516146349
NCR1 PDE9A	-0.559856936848669	17.1998296858176	13.5884308728983	-19.0431135204002	21.4411760940854	16.0287212698894	-3.58801445108907	20.5462259052429	15.9129685666138	-2.78692083684634	19.5731201009045	15.0326395626641
NCR1 PDGFA	-5.00106622822831	20.3043985266542	16.0215757687105	-4.35554959349357	20.4332028258466	14.9353763590817	-4.86029717585977	20.5923883331392	15.8881224447954	-5.04059815828925	20.45851410691	15.7699094198288
NCR1 PDGFB	-3.72725605152941	19.9775603893673	15.3812559512625	-4.08553677621617	20.3991156222506	15.1694688217026	-3.85714069114749	20.7313079276189	15.8864405542444	-4.41304770548651	20.4223910578481	15.7351618754831
NCR1 PDGFC	-1.93034969811732	18.7087797837146	14.7579565505909	-50.9113366250358	21.9730800275629	16.8533478175864	-6.39993916152695	21.0965676664793	16.4780814815056	-5.82710524861954	20.5472782360785	16.0597762078932
NCR1 PDGFRA	-5.60671848935408	20.5813338285802	15.9123006073482	-35.5964289389607	21.688096280275	16.7054228745267	-8.00377742784165	21.4949596402814	16.506131393485	-11.539873825529	21.2719749658144	16.4760669797424
NCR1 PDGFRB	-4.55536109999929	20.145357012511	15.5263110838951	-14.5625645315063	21.3578683752223	16.3161835182069	-7.92851475606353	20.5573675829412	16.1586824751232	-9.91054061492012	21.0015625463175	16.3911307994863
NCR1 PDIA3	-11.8134256378872	20.7487638720633	16.6584858124299	-7.28352042351233	20.5938143090135	15.5923697068425	-10.4357027396651	20.8958155841502	16.4459420076063	-9.66074038892427	20.8547713845604	16.4794866665234
NCR1 PDK1	-5.61233212342633	21.0269265251571	15.9797760607969	-8.68997060380534	20.3346265045387	15.2398491798807	-9.88207218029637	20.9268407802763	16.3076774880533	-7.49153525742415	21.0345706177709	16.0123297070309
NCR1 PDPK1	-2.84216741982262	19.2099660685127	14.9478635773791	-6.01459160790685	20.7718081649116	15.4932764559491	-5.83092986790974	21.0110133660083	16.0827583974027	-5.00323706106322	20.286571413556	15.6683485359966
NCR1 PDXK	-5.02270066137753	20.001945832391	15.7873362191909	-7.33282366913922	20.9381216355671	15.829676021197	-8.61250760809082	20.8858597805148	16.4793215539416	-7.08404399279431	20.5845011668867	16.0789440100578
NCR1 PDXP	-4.57257584466195	20.4172179067852	15.3299504375534	-2.38431780020411	20.0526314866597	14.4721677359791	-4.14065048055746	20.8043547745619	15.6095082904243	-4.23149335581871	20.3901795278616	15.3593879291472
NCR1 PEBP1	-2.46448312591538	19.7469293722591	15.7550172699856	-1.4280711679762	18.5648691861443	13.7668884312685	-1.99741019959475	19.7764453410285	15.1915533677888	-1.87701333168484	19.4455836424257	15.0764155023648
NCR1 PECAM1	-7.67256914679135	20.2313341268387	16.0147790916086	-4.63106211967439	20.409319555356	15.2122995315314	-5.41842216607494	20.6224448378807	15.9963462843841	-5.86633600368299	20.4371215560372	15.7970768241093
NCR1 PES1	-3.8051741386859	19.5776553551003	15.5607676140568	-3.35346887510436	20.3609774811815	15.1657963345438	-2.97439821699821	20.0712627705411	15.542336910021	-4.73906035023103	20.1389985833849	15.7440445365578
NCR1 PEX5	-4.68570406966814	20.116199060072	15.7307865118602	-24.0694766970219	21.4547117776647	16.5961105545538	-7.43665481427484	20.9355851342829	16.4730602735072	-8.40906265720835	20.9269313263726	16.3694632445784
NCR1 PF4	-4.44356147744911	20.7259057675022	16.0921777826475	-3.70938874702506	20.3227998878932	15.3213186918409	-5.03736525703765	20.827637344141	16.2250017171678	-4.49872567593963	20.7174623751954	15.974528793485
NCR1 PFDN5	-6.70780752422946	20.4450592141097	16.0590896071867	-6.76284699044715	20.4508590800607	15.518266220712	-4.81459026944658	20.8660838178058	16.0565627466498	-7.53654800170295	20.6902969890618	16.1659759879783
NCR1 PGAM1	-3.46426220981121	20.1956859885573	16.2299953349315	-2.09401011078182	19.5767544324881	15.4924360599356	-3.44885196771789	20.0516845006287	16.2967345360105	-4.16045358047973	20.0545589438179	16.2912624781976
NCR1 PGD	-5.67269922399118	20.2533805359164	16.2475299007915	-2.58746678390618	19.7630881070254	13.9845179246425	-8.91588836867128	21.1062341037596	16.2935434280286	-4.6419979601438	20.4504808004246	15.6045391047922
NCR1 PGF	-1.90220935337837	18.7986363867043	15.2281793233436	-28.925187792389	21.377977489367	16.6675605201385	-3.5643591757912	20.2205248750585	16.0581124583202	-5.74823443853538	20.3068377876105	16.1805154551611
NCR1 PGK1	-8.07735965494925	20.5984866929246	16.266401788392	-2.22369896956653	19.6117571779454	13.989952980662	-6.98486701069204	21.2788996256762	16.3599967935423	-4.42536740000446	20.3507974833406	15.3791267036045
NCR1 PGLYRP1	-3.91096838987449	19.4326884749316	15.4883828944103	-14.9165351991381	21.6151631513859	15.9135986689742	-8.93613378244428	20.9513894207773	16.1067814797774	-7.58655983164519	20.7347607429362	15.9959036290957
NCR1 PGM1	-0.923241578346899	17.8830398391047	13.9918926948319	-9.41715768296953	20.3366454342678	15.6398235459408	-4.8217385437498	20.0216339720918	16.0218384890179	-3.2262336034547	19.7043132459759	15.2323989410584
NCR1 PI3	-0.101374157170741	15.7515455625085	11.7516233477344	-1.71355199355264	18.7553232058666	12.8107927421065	-0.994277242445626	18.5457564975823	13.2122284396737	-0.810855108247204	17.9123727934484	12.6342771723796
NCR1 PIANP	-1.38318726419349	18.5822486384631	13.7156972384351	-6.4962498917039	21.2466729298274	15.4974949832173	-3.65100193222894	20.8838995359262	15.3855129109872	-3.36425861980587	20.2647485243927	15.0574996137811
NCR1 PIAS4	-2.73139601287447	18.942864623615	14.7270012324383	-4.65131950327184	20.0344047787148	15.6012163718443	-4.65117988257536	19.9193373610727	15.9820392432945	-4.80304014869934	19.7181665110954	15.586852060748
NCR1 PIGR	-5.08725148148124	20.2015104844372	15.4005884560009	-7.48161440684037	20.5427996228442	15.270149196458	-6.63311375409669	20.5851320058378	15.8227101178971	-5.61207552670369	20.6536402311062	15.665088441963
NCR1 PIK3CA.PIK3R1	-3.61788416024956	19.2607573786411	15.1763021469388	-4.39327515455132	20.3044282772936	15.541218346964	-13.1408555571458	20.9585971638755	16.6162799033359	-4.98274283244935	20.1266765544364	15.8005117014137
NCR1 PIK3CG	-9.17541797639629	20.8517954457316	16.4224656711182	-2.75709423133808	18.8501939127999	14.5362399706794	-6.49874032093691	20.4663911385423	16.127828548163	-6.24788254144849	20.1992186642318	15.9046132464607
NCR1 PIM1	-5.16812185384858	20.4993477162303	16.1899368405062	-18.7087076375165	21.4717048363691	16.2915642776927	-12.9854917436343	21.3234465503174	16.700279032412	-10.3489238908624	21.1011575425219	16.5063841171492
NCR1 PKM2	-5.63782575693647	20.2032954671775	16.0236927609906	-1.72242397402238	18.706015685233	13.4939496889079	-3.19482046321304	20.6273401982422	15.4622171882866	-3.98485234111443	20.0056124517332	15.2798133440763
NCR1 PLA2G10	-3.33475825254215	19.7883759676042	15.4308939653398	-2.22016916045785	18.8916712848008	14.609146708544	-2.40659865276511	19.6200705789033	15.1992647793287	-2.66424256911943	19.4388053273413	15.1686892185043
NCR1 PLA2G1B	-3.81209109743877	20.0262922346222	15.7000761124623	-2.64607301282039	19.351709033598	14.6652848378451	-2.78599454256088	19.8956922177078	15.4794206595198	-3.21142462186091	19.8053010337125	15.3497699772812
NCR1 PLA2G2A	-0.565646492355877	17.7006430920622	13.5067046542613	-0.919284313099813	18.1773075487848	12.9233408232444	-0.787669894976091	18.6665325697538	13.7337271276137	-0.799392040813058	18.3074907015138	13.4383661840518
NCR1 PLA2G2E	-6.9065961581147	20.1962780757239	16.3242628376944	-2.270498561153	18.4023840953246	14.4093765874525	-2.69088495500465	19.6750882519298	15.6454376831834	-3.68963821663103	19.6425754637723	15.6865893351888
NCR1 PLA2G5	-3.86787774745495	19.329670234121	15.1973911285038	-3.33884677568183	19.4735969521381	14.8372981853698	-5.10254891231289	20.5383790001406	16.1138557778584	-5.55848270970898	20.1921584934434	15.8926541623582
NCR1 PLA2G7	-8.21141723508908	20.9096143360948	16.0998255098729	-11.7379051185951	21.069017660763	16.0818653500241	-10.4343571102231	21.2117839100846	16.4071874652585	-11.4800924973081	21.227387578085	16.4004704939439
NCR1 PLAT	-0.134369632405873	15.7620946554654	12.4372218176728	-2.33148918373648	19.3229633492076	14.1378919671323	-0.816808292145656	17.6070351385561	13.6999550034651	-1.05368878057658	17.8597351328388	13.5760054423304
NCR1 PLAU	-4.50285630045734	19.6166445221676	15.6989753685633	-7.34022151191063	20.2636145407603	15.3634186244434	-6.18204868767639	20.5460535131645	16.1156192537508	-9.06158807043049	20.5305205508918	16.1458964347465
NCR1 PLAUR	0.0740040712823227	15.0055032317253	11.4937388044679	-1.35677868990548	18.216296380794	13.8925671841031	-0.442452902405596	17.1425366556417	12.9988525192682	-0.548834793770928	17.0692641996005	12.9962930966355
NCR1 PLCG1	-3.38991470588646	20.5328441716069	15.7659112077463	-15.513772113731	21.2186902782688	16.2504782576196	-6.59942126748988	21.4973494741921	16.4668722741062	-9.38168041937672	21.2560787942845	16.4915728361994
NCR1 PLG	-4.19929395933671	20.60787734098	15.5603009137804	-1.21892811388516	19.5594848735441	13.3180818286002	-1.98636910134055	20.7545206930203	14.9557186194278	-2.06280202365948	20.4824785358765	14.6571399849037
NCR1 PLG.1	-4.61456137675667	19.7735197390905	15.584874769576	-3.40764912210398	19.3072896119878	14.4639542321251	-3.73402267353436	19.8455791583806	15.3375696954843	-3.80605285222064	19.6584287854007	15.2469442195746
NCR1 PLG.2	-3.66571333153485	19.9661421674404	15.2750458170437	-1.40681633318572	18.281795836563	13.2507221511838	-2.36052560346485	19.5486526391708	14.6737714596266	-2.20788800559607	19.3427629332212	14.4495613785232
NCR1 PLK1	-3.04821135845775	19.4768496151498	15.1837142671711	-9.99543679900652	21.0696964919597	15.8653726994243	-5.42614531138724	20.5039090986595	15.9818733871941	-6.11817900405462	20.4968920427884	15.9071953654912
NCR1 PLXNB2	-2.93083722083629	19.7280101015343	14.8249266156628	-7.86179129395718	20.0714034003203	15.3320833062087	-5.87146608497517	20.3683711120346	16.024363206225	-5.84372207087798	20.5051526538321	15.7530047839581
NCR1 PLXNC1	-7.11260069056136	20.4344964843722	15.7351044502018	-8.5469322248394	20.6994554584866	15.4587931615333	-7.69059969896774	21.0265536392388	16.3060121161466	-9.32209501062476	20.9031987387018	16.0870188425298
NCR1 POMC	-6.15742481212437	20.0321457512821	15.4870526850231	-5.50886935213508	20.4990841503097	15.2881703902401	-9.2456638448943	21.1347894786899	16.4448289162803	-6.56634961412151	20.5707826637965	15.80882606043
NCR1 POMC.1	-1.41496173066229	19.1325103519836	14.7001924412169	-8.7737213442074	20.5769411762023	15.7912194237905	-3.04945869842133	19.961354601704	15.7314755370452	-3.45205881029957	20.1506967288207	15.5694020462731
NCR1 POMC.2	-1.5964945767108	18.5234120154676	14.0320190197793	-4.59953308756312	20.4005995056241	15.2428688539926	-2.45222146478368	20.0417230774834	15.2348573190722	-2.63749722811459	19.7463630463508	14.9315607128889
NCR1 PON1	-6.60772025982774	20.7150508642122	15.9835740015411	-6.10873429851864	20.6486243420167	15.6147319039997	-9.63043224129601	20.7621606448081	16.4128526492962	-8.21177872635384	20.9603008137315	16.2180729551862
NCR1 POR	-1.35721408056809	18.3738447130217	14.0093939796134	-1.86037344831152	19.9869174214713	13.9122484028238	-1.68842486395677	19.6680687825336	14.4690015183353	-1.66698883919848	19.6577597182856	14.2604775530925
NCR1 POSTN	-0.133569313028549	16.5178832940116	11.9625463949242	-2.77188007095744	19.7391160032408	14.6145368424909	-0.953017999933173	18.4536501610902	13.8974029528665	-0.796602199139936	18.2607511834956	13.5195889232674
NCR1 PPA1	-4.56051051447205	19.6471338142626	15.3669818094574	-6.25642165206191	20.7742350158167	15.6607811747073	-6.18059263494106	20.903509963982	16.1099020284018	-5.71023556888058	20.645457056395	15.9852487070265
NCR1 PPBP	-6.1358135172808	20.6024792705625	15.9729703932271	-3.18545372874327	20.252193268064	15.068359720588	-4.98329770066572	20.7607316549267	16.1240438011061	-4.5985800434443	20.5968131428679	15.8063162650401
NCR1 PPBP.1	-5.34114467074274	20.5191751296563	15.8369904415729	-3.23633034742884	20.19618051502	15.0478962342531	-4.70926519432267	20.6865123208583	16.0530865909475	-4.10412121357743	20.5354567834441	15.7560429559391
NCR1 PPIA	-6.4559985335799	20.6559694433993	16.1733977413084	-5.62968276933575	21.1390217981674	15.7247953047994	-9.34263293880677	21.3469189041014	16.3175156340092	-7.8044864995149	21.2599767182751	16.3756138191227
NCR1 PPIB	-1.10317603597917	18.3038780095975	14.1663605909548	-7.8923076277042	20.4116953508286	15.7323587778886	-2.13391056207873	19.7416430984525	15.2497134636702	-2.77531394057545	19.6728180133108	15.1750658878876
NCR1 PPID	-8.54212032227599	20.615134705191	16.6932174991102	-2.76378642895256	19.6478268521166	14.2761227422845	-4.30054823491462	20.6053803591251	15.6549024297755	-5.20399115004989	20.5882621996336	15.8733003216954
NCR1 PPIE	-5.64541448953975	20.7781980038303	16.1116483960106	-2.44752675238464	20.5113974394216	14.9542277400395	-5.17059508109874	21.0920601760078	16.0389631449141	-4.03846778961528	20.8173856149832	15.7943440196121
NCR1 PPIF	-1.8697958346987	18.6961224144595	14.4736451390053	-12.3258942629504	21.2417370755772	16.2157836631556	-3.82086014175599	20.4422570191906	15.6784720617044	-6.0806582789174	20.2306693248786	15.7643863332231
NCR1 PPP3CA.PPP3R1	-9.22971641039503	20.6213090502626	16.2424781862558	-3.0892908935841	20.1387648014723	14.7497085576577	-6.38855064533096	21.0376777800866	16.1446441058581	-6.24785813189765	20.5146566131669	15.8656393571033
NCR1 PPP3R1	-7.32336478462493	20.7612299391536	16.1260911282579	-11.7567908443394	21.4241504241184	15.9721995442537	-12.5137227133457	21.4527530750555	16.5054693621681	-12.4559746959238	21.2513692828843	16.4354789489262
NCR1 PPY	-0.807008553024495	16.7590466413039	13.1674833885921	-1.31108429271993	18.6180977571047	14.0783823417265	-1.18169479496829	18.2303757244425	14.1925335145582	-1.16964047491775	17.9921016105476	14.0830741185306
NCR1 PRDX1	-3.01244345217428	20.1274365407401	15.7813361119358	-2.48350328925857	19.6824001195283	14.6269591835438	-3.51560360103745	20.378955142288	15.762566652355	-3.13800140430534	20.1349482832939	15.6281839784378
NCR1 PRDX5	-4.86317464936014	19.440377787915	15.542329589912	-7.39419314511049	20.5286708518783	15.5127299361648	-4.86993979889949	20.5448255619849	15.9740070302481	-6.75164698378385	20.2892005811028	15.8151106774804
NCR1 PRDX6	-10.7659725159836	20.7454063644281	16.62188133877	-4.85837434010649	20.7788211856697	15.5068737850204	-13.4871524598582	21.4966779514417	16.8097912808426	-9.52267035614349	21.0494269124975	16.5457601390352
NCR1 PRKAA1.PRKAB1..PRKAG1	-2.19768960598515	18.8763919299323	15.4673720336754	-16.9042047211574	20.9874422652205	16.1881635945567	-5.44575263773083	20.4297202154698	16.2019761807505	-6.73797050110195	20.4460496335933	16.2372244988909
NCR1 PRKAA2.PRKAB2.PRKAG1	-3.21508807749461	19.4003176372529	15.3037801791522	-6.40746540490227	20.4000382445407	15.1806864037712	-12.1984846415858	21.5557467800359	16.6635217727376	-5.45476519441247	20.5744374874939	15.7810146976042
NCR1 PRKACA	-1.71654658420283	18.6977260183442	14.6691921856319	-6.80730297264298	20.3310707985618	15.3884748788033	-4.13087156351469	19.9078084491634	15.3453606257351	-3.86279470921784	19.8482873181963	15.3879024328966
NCR1 PRKCA	-3.31654655535063	19.725035631432	15.4603788168348	-7.24984698808679	20.7019471214973	15.6042154973485	-9.43854494954365	20.9789038154447	16.215671278212	-6.34121059589874	20.5789210827945	16.0071745332273
NCR1 PRKCB	-3.9618575287123	20.1668185247544	15.5566158227241	-3.09998309454834	19.7814111152806	14.5095828962533	-4.31096323357657	20.9439055771521	15.8015250349347	-4.43536006621859	20.407428939419	15.5014428172149
NCR1 PRKCD	-7.69266551324192	20.5824519728527	16.1892126418474	-1.92122573094161	19.467008675045	13.8103100405774	-4.82990948387614	21.0458962517885	15.9252066160279	-4.03806997199215	20.1923649703328	15.2515874687503
NCR1 PRKCG	-2.69586961492427	18.9590522893328	14.9529627062037	-9.34533666274797	21.4066170311598	16.2645491788126	-4.07774108996687	20.4649940593153	15.8144674945722	-4.94020032926905	20.3466382772289	15.7872061083682
NCR1 PRKCI	-4.54231745033273	20.4817442366099	15.5840257342031	-3.14835657753024	20.5647135275267	14.5577317118567	-3.36840143736175	20.7808252459373	15.3988586514563	-4.09946942392045	20.625915846464	15.3933553315114
NCR1 PRKCQ	-10.5129333826056	20.8355256408137	16.5092354207365	-5.23265774650417	19.9272629532296	14.9063548845294	-10.7268261100957	21.4171807132011	16.5092766378075	-8.92306399400363	20.9281155384377	16.1070518286244
NCR1 PRKCZ	-2.08384370658311	18.5883191861342	13.8166916453243	-2.37251201498574	19.4760780775688	14.2600033425294	-1.94022284943903	19.6609392727306	14.6042734038714	-2.40167983504086	19.4435916000922	14.5210947561353
NCR1 PRL	-3.21692999429108	20.1435239813623	15.90506848019	-12.619160197059	21.5347994094548	16.1600367056302	-7.49977963124212	21.5895302599337	16.5508980068015	-5.75637410576704	21.0606592729985	16.2446277669856
NCR1 PRLR	-1.86756732458841	19.0714650595686	15.0789789753558	-10.4929821613971	20.9662729143155	15.661237136113	-4.99097059940791	20.5781344514466	15.8119214831311	-4.53564347126376	20.3640243048326	15.7488692329439
NCR1 PROC	-1.70479558463559	19.4847847833958	13.5316735667639	-9.18733872229062	20.8910320210565	15.4920920945207	-4.24181739970819	20.7983269061822	15.0552447804118	-3.81291368427418	20.7098307877911	15.0139751634126
NCR1 PROC.1	-7.42215101294102	20.6141980693391	15.9933851636414	-12.6785354817253	21.1746169173961	16.2637779656868	-15.1100688135895	21.3195711546008	16.7051100952312	-12.2237396379051	21.2647612685151	16.5146374448111
NCR1 PROK1	-2.64604623438081	20.2357979148818	15.338891542224	-5.8003093024476	19.6983334876198	15.3290553378186	-6.35280539862897	20.4687508541352	16.2644825963888	-4.45918960535817	20.2344429015456	15.7525697035978
NCR1 PROS1	-1.42055472723755	18.8452043721455	13.6913926737832	-6.80926722556032	20.5766713684062	15.1170349562506	-4.32903369477802	20.4654656887155	15.2888014167785	-3.66400103379692	20.1519272716032	14.993409549211
NCR1 PRSS1	-6.06209974506191	20.0368174102051	15.5122695307744	-4.16801719337671	19.9133661782072	14.8655605117201	-3.99016804569706	20.3521468791758	15.3522679636665	-4.66052386178017	20.1850093017088	15.4378280035115
NCR1 PRSS2	-2.64674337762873	19.4933459129834	15.0906772204066	-4.08144200799922	20.3704095221747	15.0101069124558	-3.29105152985658	20.0126020428914	15.3255209390731	-3.28894162596917	20.0965055686298	15.1979838260281
NCR1 PRSS22	-1.22099186089918	18.473406197247	14.2196462244596	-4.10032137947169	20.7591010848078	15.3008665711792	-2.74210289255853	20.0762239787083	15.4004160464118	-2.39210934142459	19.8888498133878	15.0743638187294
NCR1 PRSS27	-5.58108862343563	20.8571933030859	15.5579349000572	-11.1034007916236	20.5045184477146	15.4483364978982	-7.159967100754	20.919855161576	16.095848360179	-7.10705710438256	21.062616817607	15.8654646173775
NCR1 PRSS3	-9.49164998170381	20.9638065356226	16.3626012148822	-8.84521185707878	20.8900976387654	15.5813584088307	-16.8556200686799	21.5088638131201	16.8167223191265	-10.9021289005178	21.266537714653	16.3860218297121
NCR1 PRTN3	-7.66145117709627	19.9661505639034	16.1487642284257	-4.7394680711782	19.8821039368932	14.7211240820927	-5.33033799256035	20.419476141842	16.0337041533916	-6.34382714752012	20.1543608581911	15.7378113069827
NCR1 PSMA1	-3.97147657495392	20.5742875887565	15.6778073217766	-3.80442027783945	20.0531781600003	15.2711543899322	-5.35496323477327	20.6147766708768	16.0941887581799	-4.13175799878988	20.4129034006758	15.6314076008805
NCR1 PSMA2	-16.467811572968	21.2655929095726	16.6045235198526	-14.3752030188476	21.1898560680799	15.8062878827063	-15.9812291716114	21.5747116694556	16.5840455197427	-18.4433677804438	21.59562346984	16.6255688446732
NCR1 PSMA6	-7.43286388001383	20.9727661775038	16.3284491214143	-2.37984259169436	19.2593890846757	14.4034768170249	-3.52249184786268	20.4990049722968	15.5419583053893	-4.37623021881037	20.2998148741978	15.622289991277
NCR1 PSMD7	-9.58580621570091	20.9038704285246	16.1559498237933	-16.9745059566595	21.3646083762484	16.4190301412942	-17.8468441436668	21.2582133796577	16.6585298314821	-12.2660078096097	21.6674958334246	16.7064793604139
NCR1 PSME1	-2.24950740026247	19.7441865385898	15.7555197497504	-2.43251262040099	19.5262302810756	14.6304747031125	-2.7367995471939	20.1392381145467	15.7521109954179	-2.78250805660856	20.0736033988869	15.7844406735916
NCR1 PSME3	-0.594433101302527	17.5991905545445	13.5098583499887	-0.961199257905198	19.226720439477	14.3240585469664	-0.887758993922367	18.5689155941846	14.592616111593	-0.91206733304254	18.7355300647908	14.3119287424004
NCR1 PSPN	-6.62664980300692	20.2226764018357	16.1773558111765	-8.47841207876502	20.4396240325878	15.8189072847669	-7.38736412371097	20.6160243650998	16.2741869141704	-6.63528783701804	20.4125878896247	16.275302791694
NCR1 PTEN	-5.4223839581657	20.2937753923499	16.176505860055	-2.8052751846672	19.8437520244143	14.8256885619969	-4.83643893922164	20.5367836770419	15.9045891864112	-4.27429138450836	20.3178170453756	15.7854263660925
NCR1 PTGS2	-3.12800199238881	20.3612759778421	15.9420545176816	-3.23400850547561	20.1803352306596	15.0975752559773	-3.19304335931472	20.6630438998862	15.9493130936191	-3.67155057377974	20.4236322787797	15.8206107570465
NCR1 PTH	-4.14045386002637	19.6531817144092	15.079536987043	-4.90666979401312	20.3493206133646	15.0618658622792	-4.17797911609891	20.0867943467247	15.2706261220032	-4.39787019324023	20.298626038589	15.3697256529716
NCR1 PTHLH	-0.490563942665581	16.5269792209944	12.2873626220269	-0.589875121838416	17.0137661844607	12.3241819500273	-0.757026171066708	17.4736076612172	13.1484987886423	-0.654719726657261	17.1194351449503	12.7628765696081
NCR1 PTK2	-2.64623389115484	19.5147254046894	15.4885063581842	-11.2315306401599	21.4041821818376	15.9829802690535	-7.006065843778	20.6970317299288	15.9647654383926	-6.38267905680287	20.6627681549797	16.1188172087542
NCR1 PTK6	-2.49311983133585	19.18054003342	15.4080968165675	-8.36875251854952	20.392878712003	15.612515670489	-5.16738234496837	20.2245094145348	16.0123146985159	-5.18390245727422	20.1560123145775	15.876890394086
NCR1 PTN	0.684287243576708	10.5294933376263	7.68204086858999	0.529376245254154	11.3174887247472	8.72826884576206	0.599220224057234	11.2732539062729	8.5200128785325	0.610448396507824	11.0409618004822	8.26772886537227
NCR1 PTPN1	-2.62027576135649	19.3208286159193	14.8122847142255	-6.14339090060302	19.7302451685562	14.9918685939099	-7.4303902599662	20.7465060651242	16.0321391433406	-4.81143222556974	20.1108353395345	15.658466234557
NCR1 PTPN11	-4.56143836301673	19.8374158635428	15.9360671005441	-13.1905888441589	21.2698337402766	16.1167466483805	-10.3691040224786	21.1018907126208	16.5682706981933	-7.82268931548901	21.0635950848838	16.4254302979299
NCR1 PTPN2	-7.4559229172702	20.8248017992226	16.1081445112176	-41.1293517511537	21.918818761829	16.8200519804419	-13.202551960353	21.5269144303417	16.8127690127993	-14.4594996017502	21.4411154207965	16.6442931104127
NCR1 PTPN6	-6.83848582572493	20.3511255327006	16.0121139600102	-19.0840130021043	21.5280861741497	16.1803742973566	-16.0219407069753	21.2529520893643	16.6825495467328	-13.3856023963406	21.2653124591289	16.5800388010234
NCR1 PYY	-5.10374585639561	20.2842931378074	16.0252837113608	-12.3054894598127	21.2146436125325	15.9779599983857	-18.1037317237023	21.66201660186	16.8146090832313	-9.66620955175684	20.9483744673591	16.3995449309493
NCR1 RAC1	-4.72789831309984	20.0307616056696	15.6681128182097	-4.16443448324474	20.01451368188	15.0982521087494	-5.41622262869248	20.6437979401389	15.8725109606418	-4.96564265872431	20.3248827927337	15.8128263179188
NCR1 RAC3	-5.34932526002704	19.3732391595296	15.6012026983162	-4.14273520858085	20.646396423612	15.1000664367956	-12.4821431760181	21.2451314383406	16.6364259931383	-5.1362042746361	20.536655798516	15.9106994428172
NCR1 RAD51	-4.31495183205871	20.4887334325596	15.6324902119522	-22.2023151097862	21.6746087512906	16.3443832926302	-11.4999074687404	21.4199167535896	16.4801313587401	-12.2164234082046	21.2921926298982	16.4275627288634
NCR1 RAN	-6.98678983400628	20.1959818683523	16.3964705817228	-11.3785320025269	21.4821309125996	16.2917102607777	-23.9447794887738	21.5953625567036	17.0777267824946	-14.9654252179105	21.1107727971892	16.7386702315281
NCR1 RARRES2	-0.375314568656985	17.6155673803847	13.0549211656499	-1.17097168496948	17.8628211307448	13.5348101742588	-0.769302792217152	18.1594229672971	13.8995645881804	-0.696145151830927	17.9010059127462	13.5549440901377
NCR1 RASA1	-4.42077417661896	19.9216038216467	15.177772460048	-16.965631443965	20.9186712644374	15.8786797327927	-6.91838879371149	20.7093234040378	15.9520264840839	-8.00465979765587	20.8600606458231	15.9570217461711
NCR1 RB1	-4.03986335246284	20.6135179891548	15.653244116625	-13.2097832278552	21.6196156514502	16.2142085149965	-14.1345566613909	21.891066041598	16.8434708660034	-8.68451783440777	21.3126898391166	16.274059723105
NCR1 RBM39	-1.71040457894356	18.856224351977	14.3036527925596	-2.04231083603334	19.3103403275436	14.4109006520296	-1.79240686525832	19.5121632132014	14.6000763266603	-2.40260172116727	19.699738400269	14.9172705632059
NCR1 RBP4	-9.39222626418084	20.4959913404652	16.1084374835553	-11.0852475840333	20.3416286249565	15.7734197215979	-10.2507871937433	20.6363419729996	16.1769612830421	-12.9842504503345	20.9105910283812	16.5372702600841
NCR1 REG1A	-0.500841306384894	17.5938267893012	13.0399718795131	-1.90078344213914	18.6092708303548	14.1387229592045	-1.33238197171866	18.506556668392	14.2760345714964	-1.00061696119132	18.2142399527024	13.7415759713773
NCR1 REG4	-0.638612956020544	16.5517998318251	13.1486108367404	-1.29735706626463	18.0693838029625	13.7637012552306	-1.23032726026439	17.9193364844812	13.9146288590452	-1.14839747510671	17.6788556348296	13.9098245228768
NCR1 RELT	-0.146764778912375	15.757686542878	11.9691104278642	-1.1142975219808	17.7529205491912	12.4891380293568	-0.678016404231957	17.3224494022542	12.630429511079	-0.516381250921506	17.0034614992337	12.3903338784669
NCR1 REN	-0.514996061628629	17.9794110743891	13.9690097213992	-5.26464140302758	20.771005775383	15.8127646451686	-2.40929088929979	19.8168725639471	15.4685710826055	-2.34754773831754	19.6174978238936	15.2468322538833
NCR1 RET	0.412932359837235	13.3809916944303	10.2723944780811	-0.967812429176429	17.6290260453341	12.4260817372573	-0.274734374267655	16.1910232277875	11.8340194161894	-0.111144089507891	15.917599065429	11.6264714938884
NCR1 RETN	-3.11423121011334	20.2818039535552	15.5553816419906	-15.874030085331	21.1775317933983	16.4687566115805	-11.4200595944961	21.3798896225332	16.6132085037055	-6.49689844061048	21.1281999661908	16.3264004285489
NCR1 RGMA	-0.660647501625041	17.2992464296582	13.2092341977639	-4.05392821562586	19.9718118956182	14.753843438157	-1.76056714648989	19.2140285483371	14.4549164058272	-1.82559123580027	18.9819790765303	14.3293619258013
NCR1 RGMB	-3.17692535169894	19.7936239284141	15.1279673696245	-10.4284398531843	21.2228741038926	15.8638551561282	-6.1379316094673	20.765452232585	15.9580624376585	-6.14101183773919	20.6381838244723	15.8952781460055
NCR1 RNASEH1	-3.27067429482196	20.0930764585827	15.6930321148699	-7.89802354750016	20.2518412506004	15.3689288147953	-8.75215014283999	21.1827622433427	16.3013656107812	-6.76013640807585	20.3961134785123	15.805939456745
NCR1 RNF43	-3.61928580280101	19.6981069741939	15.9043173846403	-37.4931746134334	21.8839551101885	16.5157040917444	-14.0093846343729	21.5594919485262	16.8962404200881	-8.81695599732985	21.0295998804536	16.55111549546
NCR1 ROBO2	-6.47134345841913	20.3948693506738	16.0110022984776	-2.71835261128942	20.0782645017077	14.3648102847412	-4.70589321625311	20.6800047343793	15.7051912757869	-4.53214057163581	20.4324099161052	15.4300225625355
NCR1 ROBO3	-7.55894372361179	20.3812584848349	16.2197898910617	-12.9910647092662	20.9178958493757	16.0566734661424	-9.8455621164891	21.0024438701271	16.4473242949988	-11.3709175140547	20.9756581988143	16.489224954569
NCR1 ROR1	-0.618899352749775	16.7463108102161	12.994306557825	-6.23752392104847	20.3960415871551	15.0480058715916	-2.07752043417686	19.0200918289941	14.2532419241008	-2.3017487171644	18.801894061585	14.2570251360228
NCR1 RPS27A	-1.25811345305661	18.8341751703793	14.9428566039351	-0.98121640158712	17.6821008939125	13.2632943337652	-1.33978547539913	18.9012067489464	14.6795176669458	-1.22174628268284	18.5158216310108	14.4196892624374
NCR1 RPS27A.1	-0.964034875481017	18.2418416040697	14.4322174390573	-1.07926275840187	17.8020907981837	13.8460268911872	-1.0551858565067	18.5377751254144	14.526807756047	-1.12521250613078	18.3380441887823	14.4416785367192
NCR1 RPS3	-8.53293218858786	20.3727783281166	15.8372657843808	-4.28668913962123	20.2154743320607	14.8577147905399	-7.07014727652325	20.9682623707118	16.2005533646611	-8.26889292226657	20.7433429333914	15.9831344995072
NCR1 RPS3A	-2.39452536655236	19.857504042081	15.5347503206851	-16.4232996840104	21.2680002768343	16.2621083125851	-7.5911808389876	20.9583131679073	16.3892881983365	-8.82641446379755	20.9300735740269	16.4389208784657
NCR1 RPS6KA3	-2.01312193194785	18.1224434180471	14.3186296147919	-5.53321189755443	21.0365798466749	15.5796629476918	-9.25917480730347	20.946766164541	16.3814966883788	-4.50801398684848	19.8213217318563	15.3875977863528
NCR1 RPS6KA5	-2.15232216934307	20.0919601489554	15.8218072041201	-1.85368564688062	19.3355245637276	14.474463649044	-2.15131505986057	19.9095560026899	15.3064524761253	-1.8998995329445	19.9380603986536	15.359466931951
NCR1 RPS7	-5.64407071524641	20.5839432101647	15.9708547185407	-3.39165519100371	19.6459943053154	15.0488696609503	-4.32478315984217	20.2348840696167	15.8301864440228	-4.46871248680654	20.2246852343412	15.9001255299628
NCR1 RPSA	-3.94594650544417	19.976308756489	15.1695441426779	-22.6283991141489	21.8224390110486	16.5947016987497	-13.0664362706276	21.3909991205201	16.6282939726741	-9.81273589527245	21.0595162215859	16.1444585202438
NCR1 RSPO2	-1.39842289198368	18.2005658937169	14.2325609305746	-1.30414778772216	18.1501905279597	13.9835474183159	-1.56791734048851	18.7366845795557	14.6843562525834	-1.63923127734503	18.453192210432	14.4573899570075
NCR1 RSPO3	0.380081784090698	13.418521616827	9.78024451644306	-0.086536558871835	14.8182418900531	10.9386834389355	0.258239800864526	14.1318950498828	10.5762636618322	0.226153463177513	14.1993667092718	10.5162357962961
NCR1 RSPO4	0.259012125802125	14.3934979178714	10.0843658876015	0.0565897522244916	14.6538906554232	11.6360150936298	0.23546348288593	15.0225789142365	11.0661676529138	0.242240013279228	14.7049339166587	11.0216858062473
NCR1 RTN4R	-8.02759672337361	20.7532616417464	16.4513369707685	-4.17293298065185	20.2553700831532	15.0820073361222	-5.63113514695895	20.7818937850469	16.1659368972404	-6.05754727637555	20.6228304736736	16.1094867551378
NCR1 RXFP1	-1.83487976222856	18.7642782486197	14.6407822574675	-10.0414759212707	20.6736122251281	16.093357610578	-3.92448487677401	19.8669106880481	15.6153177347121	-5.39454554314085	20.1007838178965	15.8757320551372
NCR1 S100A12	-3.00608592121278	19.9609172594962	15.9862482621278	-3.29992886115429	19.8731485258135	14.6968411569069	-3.00604807746801	20.4799754666052	15.7314433549621	-3.37898314160523	20.3126549296748	15.7615527284314
NCR1 S100A4	-5.8849142956016	20.6158601879469	16.2878619779276	-10.212771882031	20.3730239504333	15.9870225064947	-8.32358220970116	20.9330473707536	16.6693093074059	-8.64163518647921	20.8483401826909	16.4435294420438
NCR1 S100A6	-12.333222724298	20.7993839475403	16.4873691950726	-4.32971206638696	20.5627999065187	14.8505782633198	-6.11783657362555	21.1455134527665	16.0507582329145	-7.43433857871012	20.869941418241	15.9728807963075
NCR1 S100A7	-5.89559196449899	20.2400529994459	16.3049446368276	-20.9080872418884	21.5420265387631	16.250941106871	-14.2514098714686	21.0525037886501	16.6519821854246	-12.4705950653729	20.966349207834	16.5421522569172
NCR1 S100A9	-0.477220108172468	16.823204837972	12.8533614936278	-2.00003426611685	19.0003793889517	13.934092538064	-0.938892904747446	18.4406022071599	13.9018464324513	-1.00600659221203	18.1523063090575	13.6168760080195
NCR1 SAA1	-1.68251077201625	19.1608656194879	14.9642571506007	-7.43524764638513	20.8378115719645	16.0053086681414	-4.04430454598093	20.169226203745	15.7943885668516	-3.1928246694164	20.0874255045663	15.6960896517806
NCR1 SBDS	-4.65579192446755	20.2181162651999	15.8286236782864	-3.24488639328414	19.6644937377315	14.4607367755923	-3.39190041300749	20.9457307420741	15.5666085107083	-4.42030660242227	20.5085611348081	15.5296786103966
NCR1 SCARB2	-5.08725718306159	19.2354754095512	15.6818714114152	-24.617920926408	21.643680964745	16.3865503723865	-10.512732881512	20.931675046612	16.6983183011073	-10.1057461186658	20.6122013080175	16.4058380747662
NCR1 SCARF1	-0.658925574951829	17.3640579701841	13.0942933609537	-1.10071563756421	18.1333368738937	13.3403373690016	-1.06447540595942	18.2455379008743	13.692107776383	-0.987768499409461	18.077249841105	13.5594057251998
NCR1 SCARF2	-4.09544219660755	19.3110495489782	15.8294387628325	-6.07632028317496	20.1862471231393	15.5158458654377	-4.5642760390823	20.0564063143919	16.2052058142328	-7.86740399584419	20.2065070629962	16.2563866264862
NCR1 SCGB2A1	-4.83078569672675	20.1233572797065	16.3548914720514	-4.13492880420421	20.0174135451209	14.9811368218766	-5.10127265617254	20.4329602060505	16.0858440016286	-6.56106647806765	20.5239736627276	16.3424784612669
NCR1 SCT	-2.52636890458525	19.4893263741753	15.2283100456074	-12.1591007207903	21.316082583518	16.3529924405615	-5.08247948769567	20.5110028933744	15.9500705730633	-5.13489145417987	20.4595688181437	15.9578393511058
NCR1 SECTM1	-1.8551759407137	18.61399153225	14.1910648643641	-1.11303372859235	18.3741625528823	13.8407107496048	-1.75547259799751	19.2748007276346	14.7092013115869	-1.44926335603004	18.7192870182403	14.3233878774238
NCR1 SELE	-5.46685810668052	20.7560998615851	15.6168883759149	-8.35422695776739	21.065415531236	15.7638054411133	-7.67397402479183	21.051304998421	16.2914151651497	-6.50729431056371	21.0445961766173	15.8749985491846
NCR1 SELL	-1.27196185807985	18.0524881148829	13.8893781733323	-4.8104380574068	19.9389544482853	15.1663903290514	-2.39145460409086	19.2785727077631	14.8487533093763	-2.28461647338013	19.170113936856	14.8091066243098
NCR1 SELP	-7.36874464407244	21.2292131913632	16.2739437326972	-3.92817969592474	20.4468714280767	15.1385159801006	-11.1019682396539	21.116377386053	16.3701510036694	-5.42096596607406	21.0916311531013	16.0380212671226
NCR1 SEMA3A	-5.87450591542331	19.8898732618996	15.9571998804514	-8.70709604691809	20.6563438569326	16.0286098749225	-6.75448251536152	20.7371664302	16.2310979709172	-7.53324101056709	20.4998160709598	16.279750339566
NCR1 SEMA3E	-1.69471675374338	18.6253840608071	13.8095066905208	-3.49971895987463	20.4859327347789	15.2050155115389	-2.27247086268177	19.4711466066714	14.7715862090641	-2.79050698546093	19.6881476533096	14.8215872252116
NCR1 SEMA5A	-4.79654256044261	21.2725034449505	15.8010760330164	-5.31047645630823	20.6642776633927	14.9960176834071	-6.02654582148853	21.0939604234486	16.0107750222625	-5.50106885117478	21.238118703628	15.7266292557533
NCR1 SEMA6A	-1.96963993549273	18.638063771602	14.6489361973154	-2.34053227311656	18.9018522852544	14.4218209409906	-1.65686334746987	18.8252850730774	14.7137613423272	-1.96431446297936	19.0604924397206	14.9417432099478
NCR1 SEMA6B	-3.80946496447998	20.6733961318479	15.8040608350123	-20.245184203801	21.7681300009298	16.4844245880658	-8.92600771331753	21.3227740240482	16.465045327389	-8.16753602921282	21.3210762557418	16.4576011099246
NCR1 SERPINA1	-0.347296798880351	17.5527066705588	13.8383237246243	-0.861491952363605	17.8918353213048	12.8215193327718	-0.894681408526369	17.8897172520229	13.8513741956627	-0.653384670248079	18.1692512756985	13.7876344544118
NCR1 SERPINA10	-3.76266221669095	20.7688550208057	15.4425539135152	-4.24530702744537	21.4631539172308	15.3903309560992	-4.87340625949581	21.2626155679937	15.7344153806833	-4.37942142924731	21.1846569890896	15.5679496574959
NCR1 SERPINA3	-5.17675618801827	20.8241497221025	16.1078748977483	-22.1323167490932	21.6947461198748	16.5910565445984	-7.61795441817811	21.4467402481562	16.6908871598638	-8.31343075680778	21.4468886887773	16.566782748071
NCR1 SERPINA3.1	-1.97156373629508	18.8087891739711	13.9380138930794	-1.85344162646627	19.2239600145868	13.7193887463701	-2.12513068939996	19.3345604795829	14.2807899939318	-1.88697427257484	19.3496895284955	14.1930748436586
NCR1 SERPINA4	-3.53511009023222	20.2669993113118	14.8170150075047	-22.53025313821	21.8996714005479	16.4616632579648	-5.18340199290574	21.5895428931548	15.9095241631035	-7.22548353327728	21.3479941273753	15.9707419844409
NCR1 SERPINA5	-7.01325365823959	20.5672904344732	16.3497832285918	-39.096500111687	21.6915181079922	16.7749737092027	-16.8893622189894	21.333927376681	16.9427370822965	-14.0663272982706	21.3175271224691	16.8246136468976
NCR1 SERPINA6	-1.4203781304297	18.7463462696896	14.9670587884087	-8.58824637752098	20.6906706319445	16.1962793509488	-3.19417976602227	20.0457647597836	15.9159445795229	-3.63027311474427	19.9895519424221	15.9080309649974
NCR1 SERPINA7	-5.09322287500466	20.2637457282427	15.5417273955955	-7.89660004851541	20.7609695148697	15.6465688051322	-9.89439577704747	20.8063818609614	16.4083530212684	-7.57758027706223	20.7047175249811	16.0034097953469
NCR1 SERPINC1	-0.674064606722521	17.540271269409	13.3637952229848	-2.37019740070895	19.1271070588554	14.3735636102374	-1.65604099385341	18.607143993374	14.2147679371884	-1.52808721122113	18.6807170523002	14.3125409299386
NCR1 SERPIND1	-5.48980044074585	21.3061746307691	15.7907070398375	-5.23197618899446	21.3563261437161	15.3344760797568	-7.01145556793448	21.5918398208185	16.4025426614191	-5.20710847505422	21.6350409818928	15.9354593963126
NCR1 SERPINE1	-4.334779428109	20.6534830346091	15.914637995871	-5.54367515836315	20.5778238020257	15.5077953673759	-7.141353668633	21.2071259366611	16.3007971675652	-7.70171680135013	20.8583889328218	16.0742165081272
NCR1 SERPINE2	-7.2307746178116	20.2162817846557	15.5833739531771	-2.54105611951718	19.6979345082577	14.9298172981401	-3.66622428257165	19.952723295996	15.4639486698113	-3.28250263545681	20.3082547425886	15.6645611542377
NCR1 SERPINF1	-8.76863647981025	20.7483692083857	16.1682831685202	-4.61719338727662	20.1872134003318	15.1471218514584	-13.147273861735	21.3359809322148	16.5836636970983	-7.48162875758134	20.8323172994897	16.0428413194858
NCR1 SERPINF2	0.170575002559077	14.4387286542761	10.4624123849678	-0.969544701322212	17.5819877546583	12.5224759362597	-0.327734848718092	16.5228275386592	11.9532656439992	-0.412862542581708	16.4241362032269	11.8447020835101
NCR1 SERPING1	-4.46011131993113	20.0615992892607	15.8734500173085	-16.3830366757994	20.9463675385814	16.4742117879721	-9.08623833962699	20.8163809726415	16.6980935445121	-10.5145414057007	20.8613334449836	16.5830389184204
NCR1 SET	-3.70583922982904	19.4910684138406	15.2571858769388	-8.89097617342878	20.9157497516688	15.6036958271533	-5.85291183277979	20.5542924390506	15.9892880538314	-6.89784167173758	20.6159910467484	15.9002804405641
NCR1 SEZ6L2	-4.64759073081355	19.8292855339595	15.7164337133037	-3.36350177559609	19.8258884081892	14.7405793549142	-4.65501342124022	20.3667253414014	15.6256881527389	-5.19301678171677	20.1890702482422	15.5740393813324
NCR1 SFN	-2.6643469583496	18.9008979160622	14.5007744871459	-1.50409048578096	19.7529932858316	14.2252315869609	-2.09695836524189	19.6127346762334	14.9437161769925	-1.80133609601893	19.4546917338058	14.5865735853402
NCR1 SFRP1	-2.19855912695912	19.0513863120475	14.4708515959304	-1.60735780396957	18.3167395518895	13.5374067695309	-1.76848090611993	19.0701567152432	14.2688459297305	-1.9597413892529	19.029664659272	14.3325015916279
NCR1 SFTPD	-2.52900684630059	19.9648238249976	15.7187302333237	-0.893663952731882	17.5288535646836	13.2986147167621	-1.643099892105	18.7737607553266	14.7605092052397	-1.62825889592538	19.0466234054482	14.8210067670667
NCR1 SGTA	-4.53994587268048	19.8525971534318	15.4250481998013	-3.73890945553776	20.2263558340885	14.4838295637115	-6.92227388584761	21.7001803878571	16.3668262651651	-5.41810473774716	20.5282917771329	15.4425097125353
NCR1 SH2D1A	-1.93376336677432	19.3892902600395	15.1127425792732	-8.64798337585348	20.3341479453166	15.8844068966346	-2.70329663928657	20.6643423169158	15.948683446851	-3.32956079516835	20.2053850144151	15.7097817313507
NCR1 SHBG	-0.287435965276344	16.8549029834497	12.7712812684524	-7.56525210663077	21.0558457998045	15.7764274566298	-2.42507825452981	19.8915848697893	14.9516040051538	-2.02280923986574	19.304473171854	14.6370671270394
NCR1 SHC1	-8.39783324641225	21.0558922973673	16.3603186841283	-2.60194842042075	20.7113758368602	14.5402584981645	-7.95433469899682	21.7314380785502	16.6302084657488	-5.12108566201056	20.9846880070786	15.7858044008485
NCR1 SHH	-0.98307904821681	17.9896930323536	14.2619369651126	-1.91310073062682	19.2474786240369	14.9259748376978	-1.29066722492354	18.6621958411819	14.8051228215535	-1.62711145392361	18.6075747686065	14.9141687459548
NCR1 SIGLEC1	-2.39232181842691	19.2598588161367	15.094087906303	-13.7656420206064	21.2269041567013	16.2683609180397	-4.70160076886778	20.5230577147376	16.0231055335162	-5.29768941150958	20.4400991729315	15.9076034950134
NCR1 SIGLEC14	-4.96740542784597	20.6521021101737	16.3250361724044	-2.00088142562321	19.4765247360051	14.1802440361504	-3.07249351584039	20.3189527543239	15.437238929279	-3.18577198572222	20.1886408074597	15.4850895002253
NCR1 SIGLEC6	-3.46370690234999	19.8627675316969	15.3943468404502	-14.4354220881195	21.0410034562903	16.3785915030749	-8.74121643570051	20.7714330318753	16.3045959991964	-7.32730071144715	20.6335532902683	16.0658735684431
NCR1 SIGLEC7	-7.18713146753481	20.3414961377259	16.1698388529836	-17.7260478407097	21.2076610960022	16.3036423414518	-8.97097155803039	21.019029209056	16.4732504897843	-12.0353461648889	21.0640726955921	16.5482653475458
NCR1 SIGLEC9	-8.93450709882743	20.9616908290777	16.330549724594	-17.7688506153259	21.322308928648	16.7540679705192	-12.388192612159	21.5681813128355	16.8470205246928	-15.052919513418	21.3760569303894	16.8297800437815
NCR1 SIRPA	-5.9069127641154	20.6875288518676	16.3772587921063	-8.42336574314632	21.0694455524827	15.8028182600082	-6.27271218535073	21.1351649135708	16.3802891732849	-8.36304733150005	21.0888715927789	16.4286239290506
NCR1 SIRT2	-5.1751398945895	20.3325557795535	15.720588030725	-8.49797197538308	20.9660594408562	15.9003190833751	-6.71624420879439	21.0187587964236	16.132536124574	-8.24219495563754	20.9594816618367	16.2221110055529
NCR1 SKP1	-3.7460863632907	19.9182425741647	15.8700165143419	-1.72796941430083	18.8200674913694	14.2936261826451	-2.55678155128691	19.8350775168781	15.4296116699149	-2.53756031703958	19.4094116551611	15.2929036829273
NCR1 SLAMF6	-4.03047386447214	20.0518756266693	15.2659681188768	-7.46887224936194	20.5674231226636	15.3063743397244	-7.4068641419121	20.6814859634031	15.7947833418249	-5.62712544007926	20.538865047628	15.6192072658757
NCR1 SLAMF7	-3.01277537882433	19.3338872126232	14.9787206450091	-20.4508975232957	21.9269327633882	16.5482191775403	-10.0661654411096	21.1691957335992	16.4926630636359	-6.88230532133673	20.7299656973569	15.9711890935824
NCR1 SLC25A18	-4.98179979688381	20.4579265545521	16.2438992111974	-9.42219064019928	20.8850092973298	15.8975486684281	-10.0375170056704	20.864588075055	16.6079087815566	-8.50278715470531	20.8284418404257	16.4038554769931
NCR1 SLITRK1	-3.11046790693022	19.7690575505027	15.7728950161141	-5.27725588497877	20.2193736063525	15.3926692138473	-4.9937080593515	20.6716608153719	16.0547379845204	-4.53981862466459	20.2770763508263	15.8977244546273
NCR1 SLITRK5	-3.91949973994056	20.1076770703827	15.6219573635602	-8.39914482540045	20.9757215298543	15.4760681762278	-11.015281552055	21.4863785187232	16.5157322935118	-7.41063107123775	20.8463501466632	15.9546498944848
NCR1 SLPI	0.216583617833818	14.6446250142989	10.8202886881915	-2.98077532932132	19.4091963890381	14.2577468264584	-0.907628843913492	17.7544042738287	13.2543144758395	-0.700965040497575	17.4019653028964	12.7877480947129
NCR1 SMAD2	-4.23391586158561	20.3286493820436	15.6723828825527	-2.68551755688223	19.2723934421247	13.8233186408001	-4.14161053833906	20.8509029396988	15.5802277875148	-3.98250655802016	20.2072841048685	15.2053083569506
NCR1 SMAD3	-3.84901729064412	19.6484188983346	15.5310175169425	-3.24806228344566	20.2231058862707	14.4961067541718	-5.72308337653726	21.325141922028	16.1678657056503	-4.16961278820848	20.3231432746414	15.4573407134739
NCR1 SMOC1	0.26399937642528	14.1408165931931	9.92324414184499	0.080792707517621	15.0040321182638	10.3492379863125	0.169402837481744	14.6885218396678	10.4878372870307	0.187385452448573	14.6295275212166	10.2554597858472
NCR1 SMPDL3A	-1.20195176609011	19.3681510334741	15.3235698516063	-6.04882917686058	20.2665567332952	15.8915938590132	-2.66533362851116	19.9857017533019	15.9854870730827	-3.1383813544927	20.0027228761132	15.9323772106961
NCR1 SNAP25	-8.38025615069104	20.5417831018153	16.4572436109819	-18.987603070852	21.7216264535183	16.5474059521896	-13.2058810202079	21.2590051910753	16.7775273715936	-17.0797406976808	21.396785511212	16.7980030004971
NCR1 SNCA	-6.21069244983808	20.7672019398277	15.698947340685	-3.63012702165945	20.3639542188259	14.6819927222788	-4.77016285202754	20.8903026464737	15.5040028874209	-5.03509501510172	20.8384457423469	15.6181836917746
NCR1 SNRPF	-5.14696425696954	19.7826857576557	15.8941496462304	-3.06113065894373	19.164452668942	14.6280653411547	-4.42741311022292	19.9374742895586	15.9059147523962	-4.09967525571837	19.7243327430817	15.5560078077247
NCR1 SNX4	-4.30826478796359	19.941599756657	15.5276955340213	-4.94543723886364	20.2896176099276	15.4399017061188	-6.95995885835657	20.9954200795307	16.2869243463524	-6.73497524285114	20.6643682407143	16.0909216357819
NCR1 SOD1	-1.70666496274183	19.2689605974087	14.69641416424	-0.705403630856352	17.4439930991004	12.9870228902904	-1.28048244129957	18.8077340850152	14.2017667971552	-1.23209931796464	18.5263060377109	14.061183175355
NCR1 SOD2	-2.43187568332621	19.5026648233441	14.8977039182215	-0.979775064576536	17.5931011255867	13.1024538988488	-1.39474093234372	19.0070615283916	14.2278650170697	-1.59444139246884	18.9401590227672	14.1986892831146
NCR1 SOD3	-1.08033397681913	17.8434821401718	14.0280538897656	-1.90601984492872	18.525204233422	13.2563993183592	-1.47457963751441	18.7228218572834	14.1086472377224	-1.48285155436346	18.4077594102266	13.8479606799958
NCR1 SORCS2	-3.07098171340666	19.6712964307163	15.4411257597259	-5.48625392399384	20.1337147490733	15.2454278598241	-7.64305809879896	20.915758617633	16.150545575455	-5.99619086412755	20.3183162056726	15.7969355677406
NCR1 SOST	0.474653038353687	13.2382998023722	9.79356473582561	-0.784202767968533	18.3130960918964	13.897400248747	-0.154711386220519	17.0896821221889	12.8979452094665	0.038701785635872	16.0393203525952	11.976120010211
NCR1 SPARC	-4.60550316438057	20.0884349713955	15.5175813834755	-3.58616731486604	20.0023447487127	14.7019176826447	-4.94115171976456	20.5781392258813	15.6784855144196	-5.220600067681	20.2675393271283	15.530437087727
NCR1 SPARCL1	-2.65960636819691	19.3774771417387	15.1268769515751	-14.6105315257005	21.0664676681971	16.1544509402843	-6.59667692127538	20.7681001501186	16.32161359274	-5.62012294628548	20.4487990678955	15.9285476609014
NCR1 SPHK1	-3.84812957288942	19.7953885613693	15.6148407479617	-2.89950293857845	19.6370741301646	14.2238218716173	-4.05995194679966	20.9040170194029	15.6956647383804	-4.40073755426326	20.3157864635627	15.4776073422027
NCR1 SPHK2	-11.0318202860476	21.0394467055089	16.6280353614149	-25.783547795708	21.6292864388214	16.4262793343779	-11.632584164882	21.2983359180486	16.7497389272256	-16.3430901703658	21.4055109420876	16.8864546531496
NCR1 SPINT1	-3.51863592525247	19.0756625944458	15.3236107712864	-2.26030643691039	18.6632382982406	14.596193205837	-1.69046093836567	18.9016535584626	15.1220377334889	-2.30920879123319	19.0609972047006	15.1704150621394
NCR1 SPINT2	-8.91377241247883	20.5890634073116	16.248582831678	-5.59528769789183	20.3902937012252	15.6341822173866	-8.82584340191874	20.9647750982636	16.3969471621818	-7.15909269217718	20.7767978993015	16.2432503633547
NCR1 SPOCK1	-7.42092516434487	20.6030731006275	16.3020436862425	-4.75371949746232	20.7551915938745	15.3747747376213	-10.404871992722	21.0695955498469	16.4929305767437	-7.05636838049132	20.8286732041789	16.1315460486847
NCR1 SPOCK2	-4.23167942785375	21.2735665567911	15.3825829005217	-6.93470032352872	20.3213309374919	15.316605853005	-4.48493783216425	21.3237800647987	15.8327443199555	-5.0716756507995	21.1323973929431	15.649056964824
NCR1 SPON1	0.178579062200848	14.8356588937701	11.6115268693824	-1.62422079190428	18.4421268485821	13.7846834733686	-0.393189633461349	16.9114753038924	12.8115135825617	-0.408850256348604	16.905110185093	12.9064239554687
NCR1 SPP1	-2.38700539785322	19.1011034378659	14.4817361310132	-8.09315183502031	21.0950179979222	15.7707546607174	-4.89175084888807	20.5507792649927	15.8110222442752	-5.30102774078252	20.4470143063695	15.5178360071089
NCR1 SPTAN1	-4.05833505367191	20.2029287149719	15.9889773563555	-16.6332758971701	21.2486312534129	16.6029960637748	-8.99293060991029	21.093398440492	16.674758301614	-7.71132376421675	20.9130538526455	16.5056674973716
NCR1 SRC	-3.7287803520691	19.9467002729693	15.8675813217043	-4.55044954856853	20.5140555418114	15.0047665016367	-7.03009856383895	21.1465295734284	16.3291732047699	-5.42642540379181	20.6056639983394	16.0063762134594
NCR1 SSRP1	-1.0977537288871	18.031283411967	14.1519316932078	-10.0555943722205	20.5975041804371	16.0956851358556	-2.42900675058543	19.5197161978193	15.1792212702854	-3.54686481888011	19.6598923562694	15.5636101984557
NCR1 SST	-0.191467682956087	16.6857218621932	12.8814425416006	-2.61742790730032	19.545508782658	15.2145443002404	-1.31086629873888	19.1231331881875	15.0126476370306	-1.19961391775726	18.4223651500992	14.380765577775
NCR1 STAB2	-13.6840240977009	20.9453847387188	16.4499422565086	-6.06982232189784	20.7550157324002	15.7448914814934	-7.73739580704752	20.9595221811379	16.3994597141319	-8.27054721916297	21.0211465460458	16.3620422363801
NCR1 STAT1	-3.78460953303101	20.1139680046901	15.580309425126	-2.30037579922055	19.3197319103024	13.8886471256699	-2.97809775922223	20.364008431788	15.0858387632785	-2.72076860487886	19.9994370738905	14.9285406895938
NCR1 STAT3	-10.3552429336446	20.8567876956295	16.6013496744989	-2.58657373620743	19.4666851458929	14.0922210638585	-5.32795608427246	21.1950699567336	16.037067284933	-6.19394358964968	20.7555975941293	15.8590125129002
NCR1 STAT6	-4.94502618862624	20.1528638240689	15.9803588805186	-7.96268041944197	20.4974692757293	15.546987019853	-12.4008383435232	21.089175051136	16.6896019155918	-9.40169996004876	20.7716092486877	16.3326899637311
NCR1 STC1	-0.311835711745899	16.3538799123588	12.3147845836099	-3.90421255908134	19.7562412275234	14.6591294231095	-1.41547408305361	18.6708980284678	13.8986667731758	-1.30200167070178	18.330036654857	13.7261060308323
NCR1 STIP1	-7.73398451122356	21.0010520432439	15.9501401668583	-3.05729020834724	19.8649764885643	14.3257057006151	-5.57959120549746	21.3666967990078	15.9257288115755	-5.33207321184903	20.8227141061766	15.6524780289212
NCR1 STK16	-8.99219853433713	20.9596404635225	16.3865248687497	-20.6731031764809	21.7152935522532	16.3328989578412	-16.6212546441056	21.6006694293904	16.7985621823471	-15.1866407235707	21.601276966046	16.7194067283601
NCR1 STK17B	-11.9884904302821	21.5056103968657	16.7892422235878	-14.0372163761696	20.9308206105628	16.0904405344103	-12.7538414752369	21.1204645393094	16.6245390791512	-11.5932663075478	21.334403807387	16.64401233444
NCR1 STUB1	-4.16191157665456	19.6177458902551	15.9830347800168	-8.5154676270115	20.5967769306531	15.8981131936717	-6.47602716089298	20.4809069164569	16.3015655842684	-7.782060241625	20.5321360311078	16.5039339696971
NCR1 STX1A	-13.1432360206871	21.0877959876044	16.4865394180062	-9.87149464188025	21.0890603514496	15.9944983169976	-13.0470624128929	21.3674496037204	16.6444674585501	-12.2793242723697	21.3738581435887	16.5592175786823
NCR1 SUMO3	-7.02905274109629	21.1891628051168	16.4110394118702	-1.92652765511434	19.46735754631	13.9971428602457	-3.93189224057256	20.7959897337501	15.4697977970009	-3.92638795587593	20.4982108028363	15.5576799558313
NCR1 SYNCRIP	-10.6508906554247	20.9930540089371	16.4869579037092	-4.17788163686498	20.4131079029889	14.8622613099672	-8.29869149310276	20.940830805084	16.2691073721943	-7.19016861847989	20.8572303569064	16.0461756411757
NCR1 TACSTD2	-4.14315637089362	19.4527975565235	15.7306598395904	-3.66194695225344	20.4137579535121	15.3070288760172	-4.58992770098025	20.1334261850684	15.9316834564629	-4.47879924886504	20.0858186514846	15.7981483766285
NCR1 TAGLN2	-7.31796406602327	20.5535273238909	16.1467932841786	-9.24139781001057	20.9955757539966	16.1424410589335	-14.9228709019784	21.4834216004766	16.8145648461239	-9.23475481511475	21.1382043255113	16.5027176944435
NCR1 TBK1	-4.385529305394	20.3206894838603	15.7580196808428	-2.48348525104352	19.0108577528009	14.6568584843407	-3.60216180789824	19.7665060958076	15.3247261691454	-3.52138983316111	20.0176777617252	15.5331128611168
NCR1 TBP	-7.11320592591322	20.038512058114	16.0808587283947	-11.9537007542227	21.0400872230287	16.1632819634048	-8.91451938831708	20.8489263589647	16.2730512818326	-10.3047335321695	20.7631458937947	16.3665056459089
NCR1 TDGF1	-9.30767136929584	20.4587919357879	16.2344763542675	-13.4206168701002	21.1806185191762	16.0553102311486	-12.7192702598069	21.2612160250766	16.6694013594297	-13.3482809986886	21.2218199065831	16.6138331061666
NCR1 TEC	-4.4428563142307	20.1666794955846	15.4572347164453	-3.32624917017424	20.1054792149939	14.6176128349647	-5.94047081957117	21.226514973348	16.2465538887712	-5.25087288071944	20.4268384523482	15.6609955662527
NCR1 TEK	-5.95246835576211	20.9874402496237	16.2706791662735	-11.2450031277758	21.516189502061	15.987097238075	-9.00346276619865	21.461548000212	16.4813008671542	-6.18072595259891	21.7424083626548	16.2845704281133
NCR1 TF	-1.43116825337258	18.7893992347362	14.2928439703102	-2.53100036782468	19.2118027444625	14.3273576290453	-1.89589993227357	19.1798931885588	14.7014459185893	-1.77525313689238	19.1958044128488	14.6629219068145
NCR1 TFF1	-3.35148756383316	20.2755676364033	15.8512289222111	-3.83666333838532	19.9427941876394	15.024894457723	-4.22373906246782	20.1182449503935	15.6645484653642	-4.15731358538786	20.3850191315715	15.7407183138849
NCR1 TFF2	-1.82154119040924	19.1135917340925	14.558808824463	-3.27295045629434	19.5523014532394	14.1172215191751	-4.18839536388787	20.0504760372151	15.2422410070036	-2.64505588271565	19.5583694065081	14.6796254720853
NCR1 TFF3	0.164514389796662	14.7054190396631	10.4277654578181	-0.855361850737178	17.8884408541734	13.2999174693766	-0.172297058743753	16.5461844323462	12.0033822092927	-0.221112648075407	16.5799497794174	12.0086299560887
NCR1 TFPI	-2.08914431147952	20.0126840685198	15.6044205376683	-2.60992995637501	18.5310902267325	14.4502846035572	-3.05186052211119	19.6149618039787	15.5398843869493	-2.34866808694572	19.4696940465224	15.3653239848319
NCR1 TG	-1.73856348341385	19.8790625200066	14.9753142241427	-19.6085537504714	21.701856276293	16.5100576310326	-6.11948341712109	21.0665248086433	16.4924695770904	-5.11776537050946	20.8699547237019	15.9796648506839
NCR1 TGFB1	-1.90180919455289	19.51547533233	15.1216322545024	-3.49827263623372	20.0058272832235	15.4537887832727	-2.95106686973335	19.912042370776	15.5346218084572	-3.00365510403582	19.7927634036976	15.5740438381762
NCR1 TGFB2	-2.1988466327333	18.8980347815459	14.8549707145708	-11.1073053454171	21.0791934963577	16.1853257365668	-4.65671956332765	20.3208175807311	16.014249241596	-5.61736684884328	20.2919056441022	15.9103565060795
NCR1 TGFB3	-1.46820334790586	17.9141918616676	14.4525611712941	-3.18643839180188	18.5591343892496	14.4661331619981	-1.41577263806559	18.5738625254091	14.7660060148411	-2.05514506438096	18.5825991806872	14.9719675046803
NCR1 TGFBI	-7.68385289272464	20.6961145566485	15.9883897135921	-7.70363847512439	20.8652373621206	15.6200532305987	-7.81767221253693	21.127393610951	16.3281982780104	-9.3531385844172	20.9821718040014	16.167458738483
NCR1 TGFBR2	-3.6192908785045	19.25315997846	14.9867637683208	-10.971374160747	21.7360859799839	16.20846452931	-15.8434449042706	21.3498992129054	16.761461725087	-6.98329697414064	20.570061223636	15.9045462176738
NCR1 TGFBR3	-4.13488548761094	20.5490218823696	15.7430081924025	-7.37763809303901	21.680315775647	15.7559330704737	-6.7408846138143	21.4735885283747	16.2883593701832	-5.87426172090923	21.5006053113068	16.0907444283572
NCR1 TGM3	-1.64893281290761	19.4440956703583	14.4787958066933	-14.5351495445265	21.5444190059654	16.1629433657811	-5.67227367190355	21.1759058535677	16.4418816772358	-4.17601453848976	20.6079985295352	15.5901085882328
NCR1 THBS1	-4.51258010125078	20.3185885325477	16.0748979349653	-2.52114283140364	19.5794743642504	14.6262673250784	-3.17992110663274	19.9992726620521	15.5246821117162	-3.40071266911203	19.9914145100811	15.5971018565445
NCR1 THBS2	-0.764513369728851	17.9435334819	14.1018558944928	-2.49763737853748	19.4896185627772	14.136685161633	-2.21644418328347	19.7022582166886	15.0718390601883	-1.65858458909607	19.103906139803	14.3876880109366
NCR1 THBS4	-0.0731680823955196	15.4419691038836	11.8365939311843	-0.976467561878141	17.6159323735586	12.6164838696071	-0.584904700673319	16.8059128344	12.6032736965522	-0.566556398576431	16.776301124334	12.6307389607572
NCR1 THPO	-3.11703443368306	19.6800183236101	15.6827517428475	-13.0501682763841	20.1133492883365	15.4837008748841	-5.26321619723385	20.2937808231592	15.9808150453062	-6.64951070895353	20.5501623132555	16.2345484410327
NCR1 TIE1	-9.51102658276068	21.0955505318175	16.3848382620436	-5.70688881316352	20.5612234705286	14.8992790687444	-10.6911654729125	21.0534917703852	16.2730496197455	-7.21278585899491	21.2147502118368	16.033553755306
NCR1 TIMP1	0.106628055123054	15.3636634498665	12.1664177621381	-0.528534920769737	18.5907093439042	12.3002330962189	-0.379952700258158	17.1545114503428	12.5905305981292	-0.262221681622571	17.320858139526	12.5003076475268
NCR1 TIMP2	-1.07151593668006	17.5911893493377	13.6174777779906	-1.65675342751724	18.8306649525772	14.0662611751888	-1.57985464403172	18.708516279551	14.3123825159553	-1.80166041922518	18.551430912432	14.2057871295187
NCR1 TIMP3	-9.25513211519072	20.6395841081091	16.4786857867787	-3.32259730088527	19.7400966777214	14.7428161531894	-6.5212987050676	20.4589696549588	15.9271404007615	-5.49755887257766	20.427187174059	15.9775444242132
NCR1 TK1	-10.6321527388951	20.8168124712916	16.381395245747	-8.5162157158896	21.5341309052873	16.2553715733916	-15.2308252092754	21.4658601149706	16.8117346326432	-13.2678379796605	21.3846461057159	16.6482466994494
NCR1 TKT	-3.56853669280943	19.9849182766332	15.1601213445575	-3.09227288883587	20.1303963501491	14.7949473241713	-5.57381026442229	21.1119177056105	16.0480949992423	-4.67844059599171	20.4220996885146	15.5454737064547
NCR1 TLR2	-2.9866882581435	20.1250627800027	15.4615961413398	-9.53211806628248	20.93495553077	15.6899728354175	-5.4220312959285	20.6127840382275	15.9330678288363	-5.0426664789243	20.7815110638316	15.8521301641408
NCR1 TLR4	-14.3345467793205	21.0498923597762	16.375797147964	-11.2600317008996	20.8915088069718	15.571261769542	-10.3723977653594	21.3924579022745	16.457997621549	-14.2554102184205	21.3596964591758	16.4110959383617
NCR1 TLR4.LY96	-6.95750050724926	20.6282346623728	15.8797035157777	-3.02488662917691	18.9570463368274	13.9414268386764	-4.61162670491836	20.8625619461687	15.7561722451495	-5.68686217072082	20.6385390637125	15.6596471650936
NCR1 TMPRSS15	-2.49413635324456	18.9653101812945	15.7217254373428	-3.1961327229498	19.2810066880963	14.8398490836355	-2.2091355559816	19.3316374738792	15.4316777966655	-2.49744239998065	19.1984116024754	15.4875640825453
NCR1 TNC	-5.98743232020422	20.6409444513214	15.7502528363633	-4.61356489543181	20.300878327572	15.1834685364349	-10.3300257766167	20.9473606550005	16.4006108531872	-6.35464813341792	20.7369904878278	15.741006172725
NCR1 TNF	-0.00785813188514872	15.6741541338223	12.4414861280089	-1.21917992386498	17.631341512831	13.6137553741821	-0.85385316150437	17.5548115731965	13.8158338808293	-0.568121054853023	16.9937909511954	13.4521606018087
NCR1 TNFAIP6	-0.7677862079106	17.9109525422812	13.7140625859085	-5.88866534463456	20.8777089084025	15.461614170983	-3.35992379929101	20.3723654549437	15.5589233778806	-2.1491186836513	19.7010463048152	14.8605333588907
NCR1 TNFRSF10A	-1.76574604973489	19.0503925595349	15.0082378520738	-10.9089471885641	20.6756952505856	15.8476280892804	-6.01857200950638	20.2602526452859	16.0983356769793	-4.33964697253983	20.2409481951521	15.8299404625015
NCR1 TNFRSF10B	-0.733107871067554	17.6905893996502	13.4000069599499	-5.90620088399249	20.2303004880957	15.2315190247102	-1.41912437071586	18.9655923206872	14.8004163833175	-1.79811556611583	18.9391625291367	14.6369431755751
NCR1 TNFRSF10D	-0.695443840261749	17.7953061198457	13.6908151631399	-5.27460911296068	19.6369856120103	15.103066277671	-1.57598579592154	19.2438355060401	15.1163963814404	-1.82684478304121	18.9755798551119	14.9108309974021
NCR1 TNFRSF11A	-1.88813854003321	19.1004176999413	14.9195904855285	-2.17492054924757	18.9450885105111	14.9220930106956	-2.01801242958592	19.183459644533	15.1489071465113	-2.32106869967702	19.4241992724867	15.353814534967
NCR1 TNFRSF11B	-13.863497920373	21.2485230836027	16.659729715328	-29.5225059731293	21.9852585304077	16.5526662082288	-16.1732386848036	21.7491303894125	16.7463701560607	-19.3982867500328	21.6257970941777	16.7233117276341
NCR1 TNFRSF12A	-2.98122052810243	19.9288352105256	15.9270322673741	-9.82945294499366	21.2627514359022	15.9417100822481	-6.65173883629523	20.8581701023178	16.1544053684291	-5.97599479178657	20.9266562702892	16.1924576205527
NCR1 TNFRSF13B	-0.489254568375583	16.785578377353	13.3003040910074	-3.77059842310398	19.2280830384991	14.7489446970136	-1.26262104477156	18.1574556873719	14.3675856486116	-1.34639966041129	18.3157453238497	14.3769672507206
NCR1 TNFRSF13C	-1.81916051088064	19.0525916924507	14.3943191509325	-8.26807278343869	20.9861304018442	15.5172281933231	-4.55627223995927	20.3883276899022	15.5523450618828	-3.76411902288734	20.2345410218696	15.2908191911305
NCR1 TNFRSF14	-1.4818253520773	19.0587153196986	14.9291431739523	-5.52003880959894	20.3183653552767	15.4446021898095	-3.02895529444645	19.790899969222	15.6222559809815	-2.69449337961256	19.7580922136377	15.4009487138066
NCR1 TNFRSF17	-1.41262332411985	18.5812510582016	14.3991467303405	-5.59982862430745	20.8691439521663	15.0783221093987	-4.83828386199921	20.276222850527	15.557689896622	-2.84213683696116	19.8565364888283	15.0097055018842
NCR1 TNFRSF18	-2.12671188047533	18.7080576198019	14.8267686742502	-7.091454975679	20.781171478786	15.5500810784625	-3.94689965818547	19.9281687742061	15.4678438359314	-4.79731736263341	20.0969350484739	15.5259045736128
NCR1 TNFRSF19	0.135826461931623	14.935232739223	11.0268835002794	-0.761853743226502	17.8903929307782	13.1828993433991	-0.208647992999092	16.8489300530721	12.4222492680921	-0.275038905293951	16.6786660978562	12.2794424072338
NCR1 TNFRSF1A	0.378288156362583	13.331218297093	10.0555383715782	-0.131934826726926	16.0699095309896	11.3588232826062	0.0550487359106746	15.1202245010059	11.0707010764418	0.177559269900007	14.8602660785987	10.8456742461281
NCR1 TNFRSF1B	-0.181839785642908	16.0298460998959	11.7073593858464	-0.574445457700181	17.0335777618836	12.1915428467823	-0.337453778383762	16.6861066382762	12.027017728201	-0.365202897673219	16.6285568492677	12.1034226436687
NCR1 TNFRSF21	-1.69603828542283	18.992753043965	14.3354944351529	-6.95210384602571	20.3091978373559	15.2627935795448	-5.48978957323587	20.3311170544528	15.9557870551995	-3.9723153109967	19.9701731873154	15.3125192423363
NCR1 TNFRSF4	0.0391787376799232	15.9867077452007	12.2310075342422	-0.380277542250314	16.9015140665054	12.707737010872	-0.211921171420842	16.7206209543784	12.9529253295222	-0.121261623733501	16.5247558754447	12.6619975101943
NCR1 TNFRSF6B	-1.07960025371375	18.1344495934547	13.9716906582528	-6.26301328496366	20.1009881731274	15.6699993919595	-2.09720668033239	19.4582746391611	15.2010409094041	-2.16980848668125	19.3205268275338	15.0500293560462
NCR1 TNFRSF8	-3.57811201957969	20.2748091133523	15.0022281774779	-1.66907532970128	18.1543494765908	13.6572968753944	-2.44056679045925	20.101389032711	14.9399344259118	-2.31797785494853	19.4736112738401	14.483307925931
NCR1 TNFRSF9	-1.05653660764263	18.7012867724407	14.1021628480268	-1.01816374709734	18.3534888655669	13.4722848339462	-0.750190347377646	18.5868950923529	13.9292147047741	-1.00591926227525	18.5454194076631	13.905514772898
NCR1 TNFSF11	-7.68517913966834	20.6074480753751	16.2195865526629	-17.7970496694416	21.6726963127756	16.5231978988728	-11.7778570258528	21.1090791997685	16.7242115741593	-13.1110447236908	21.2160626505639	16.6036836175527
NCR1 TNFSF12	-3.68885750106994	19.9461105464101	15.2972995248232	-8.24952276498985	21.0302224905196	15.859525511205	-4.77263625831004	20.8246702629658	15.8808879084726	-5.67872085777941	20.7519570768002	15.8867806455241
NCR1 TNFSF13B	-11.6306504705695	21.0597991554409	16.3184423443706	-18.5020049136027	20.9790895723656	16.2480080343987	-14.7547712330202	21.5421073144887	16.779188596676	-16.22964287486	21.2278241074382	16.5358669273928
NCR1 TNFSF14	-2.43861555734059	19.4162399457996	15.1374682187266	-15.154948698492	20.9974961536218	16.0881645262847	-7.81865728273186	20.7885434544495	16.360569356341	-7.42820939517923	20.6212312275797	16.1329625250394
NCR1 TNFSF15	-1.88416498026764	20.0531352898701	14.6237619507525	-6.20989313215829	20.9489912906324	15.7158451714013	-4.08609102839042	20.4613105324006	15.5200635827498	-3.00956177130539	20.6968039628328	15.3352201357119
NCR1 TNFSF18	-6.77523970434495	21.0287600865401	15.7794423013949	-12.0919319764947	21.6111491543966	15.9670266367764	-7.96326058177141	21.5537554419244	16.1597087953766	-8.70401978001318	21.4600176661986	16.0735925682698
NCR1 TNFSF4	-6.32529794973105	20.7466933193297	16.364105713462	-15.3254282061417	21.3237857721584	15.9651640235874	-16.2250774002693	21.4854083306981	16.6875891342042	-11.7040165134275	21.2554416264996	16.5508520578852
NCR1 TNFSF8	-3.60468964393975	19.6554656477278	15.2255289559399	-18.6472689649104	21.5446593148606	16.4309662329515	-6.11440071976814	21.0128857528466	16.2157688199833	-7.19799606972438	20.9032385337884	16.1911563448492
NCR1 TNFSF9	-6.09407845918171	20.5272297746501	15.8998275103856	-4.47847183040919	19.8755758811246	14.5754318165169	-5.87872789838714	20.3905952998974	15.4710574677964	-7.511676794367	20.6782914701921	15.9065408808024
NCR1 TNNI2	-6.28964443036247	20.8973987039503	16.2565747208193	-14.21290282499	20.9443311557383	15.9360005369271	-14.0131511772373	21.5200127629722	16.7276263394869	-11.900578533046	21.2757954513388	16.4840282307583
NCR1 TNNI3	-0.948872012160727	17.9263537387372	13.8953283683378	-2.99104858471505	20.4826341519097	15.0371958248221	-1.73729048500987	19.2110090429284	14.5557821899304	-1.56496953151618	19.4549383831349	14.5339337946436
NCR1 TNNT2	-0.348463588369605	17.0594100310409	12.4565740482999	-0.554975446714212	16.5589666372603	12.0946255478185	-0.814540645052124	17.6925792310042	13.0110277820068	-0.472400865615806	17.1158943146892	12.5686763081908
NCR1 TOP1	-3.39743200105854	20.249239539193	14.8812781901484	-12.7263661609895	21.2511356056006	15.8872963493207	-6.0664867879503	21.2294989893791	16.0022342414284	-6.20659955866364	20.9845643060721	15.7046472745678
NCR1 TP53	-1.9516050234124	19.1229967330671	15.0367307807322	-14.4156178895698	21.5846459603039	16.2452621531643	-12.9219240995301	21.0689151396772	16.5855808436067	-6.69643418313849	20.6441779412562	16.0883948373467
NCR1 TPI1	-4.3282276497679	20.0404332545541	15.3513843003529	-3.02375705650237	20.1550327829788	14.6102444511392	-4.6374160323701	20.7340551569371	15.7675543016888	-4.04037632782503	20.4676951381974	15.4875434889642
NCR1 TPM1	-5.35554642234472	20.5640746146354	15.7374794130376	-6.33533025537204	21.200054240204	15.4212439074478	-7.66362702686343	21.2634076914647	16.0518756073944	-6.58466488628847	21.0585920218591	15.8248944886004
NCR1 TPM2	-9.91712798686771	20.9055894179925	16.6050380449672	-21.8691340572255	21.8379973795658	16.5322495953431	-19.0788730892927	21.6644630369348	16.9725265801425	-18.8895273427005	21.5220789022082	16.8345180690744
NCR1 TPM4	-5.31808243426016	20.3982699186877	16.1146651093604	-8.45082652965412	21.0837859199547	16.0763034820894	-8.13193654227629	21.1652845703047	16.4297549883248	-10.1659048689273	20.9459952321964	16.4317379857854
NCR1 TPO	-6.44336909245298	20.9556981726522	16.5716184096794	-14.3372656209466	21.3073530757715	16.644211774205	-8.05484517744859	21.307288142197	16.8687185693265	-9.66408203254111	21.2673626460353	16.7960227267808
NCR1 TPSB2	-3.30924042967546	19.5494277094354	15.583772452857	-8.79742307984215	21.0416979374668	15.5509668584065	-6.99978665539144	21.1482779507948	16.3545807222994	-6.32958016005321	20.6580636447013	16.0153466189069
NCR1 TPSG1	-3.73491797845297	19.3699370410209	15.2110197996649	-17.5747918907251	21.9275898107474	16.1463743361607	-7.136197530428	20.9292792280245	16.3413247823615	-8.37861339814506	20.8197374346572	16.1979775173966
NCR1 TPT1	-6.78833357727238	21.3624255485478	16.4870388895649	-3.47962246246207	20.2795083555619	14.9147253588196	-6.06528752507004	21.2227341236557	16.1309737657938	-4.8589109828448	21.0303413043197	15.9432305338877
NCR1 TSLP	-4.04598058428908	20.3541777389326	16.0386713769893	-2.34182858828085	18.7932838245538	14.1025835680728	-2.76498350730006	19.9028305633047	15.3702812531001	-3.04190514411009	19.8366977578506	15.3746829383198
NCR1 TXNDC12	-7.37490146824959	20.6409527985052	16.1266129282143	-3.75900383811834	19.5209429070843	14.4515592562284	-6.02694944332232	20.465242673782	15.7778170979287	-6.32384250569833	20.3367704087686	15.5927035807327
NCR1 TYK2	-5.07926267925631	20.2472002030924	15.8935733584734	-10.6887007778755	20.8570206639328	15.8814493024897	-10.6216386606911	20.8672726692721	16.2569938353425	-7.46059302245844	20.6877243114584	16.0360442783873
NCR1 TYMS	-4.44275298459953	20.3234582684667	15.5064771514901	-17.7591250684611	21.5566509460377	16.4174124384145	-12.7315059597599	21.5912452747785	16.7670188877854	-9.6045294235132	21.0596449067067	16.2321744582163
NCR1 TYRO3	-3.13133658523579	19.6372858764507	15.1754196057619	-6.40433480521396	20.2605244550558	15.4135968361903	-3.15008435478114	20.2104527831301	15.6799236115788	-5.00826430327875	20.1153816370669	15.8074913635612
NCR1 UBB	-8.17535193478526	20.5077814045828	16.0019085153181	-28.1165648075016	21.6869991497847	16.5343642779837	-11.0313680373781	21.214980354107	16.5318518683431	-13.0661035326183	21.2636998861598	16.4686956711746
NCR1 UBC	-1.89168600303411	18.6284652078724	14.055815315996	-2.24846608461278	19.6946823110351	13.9616147778036	-2.41380708857722	19.5910198841547	14.4849170351453	-1.93333691651903	19.3815235306983	14.3889093977862
NCR1 UBE2G2	-3.71481863007456	20.0524102563554	15.5504945422525	-10.1834537483442	20.6861688040687	15.7287819056726	-5.64831550701473	20.8360481750445	16.2392457497442	-6.57843854948674	20.5872846930862	15.9428984560178
NCR1 UBE2I	-7.23464653859232	20.8816554269825	16.2943034256539	-2.10472776889261	19.3383259212408	13.8350630602784	-3.42358432404071	20.4514494976166	15.4131012589204	-3.60504204492466	20.3734346552127	15.4770909646074
NCR1 UBE2L3	-6.378146506202	20.905947241475	16.1203502531235	-2.20075758290092	19.5321028044257	14.4136444418629	-4.20136537589063	20.8748924238614	16.1083164547949	-4.26456366457514	20.3702864501524	15.6957191566259
NCR1 UBE2N	-5.68932687061682	20.1814066336806	15.6081642484465	-2.63066386021521	19.7530440588701	14.2880325332609	-4.53630601056394	20.8387220005206	15.731802877845	-4.79559045008833	20.3312416515418	15.5602491995216
NCR1 UCHL1	-9.00573803983443	20.7532180555277	16.458863769695	-16.4433364052203	21.1030188600731	16.328754003971	-16.2819933102657	21.3465622884233	16.78129289604	-16.7396014826689	21.2703200637734	16.7353991933885
NCR1 UFC1	-3.7870061264296	19.7381160817116	15.6275771970858	-4.47205036245694	21.0176750844505	15.1919985667447	-11.6812344214793	21.3621139805326	16.5387961724959	-5.25110043321778	20.8489808087157	15.8454403895275
NCR1 UFM1	-2.76688569621466	19.0692410655923	15.203554334913	-6.63566064914469	21.0968204604541	15.7090577208317	-14.5176560076857	21.2167228821942	16.6083296281898	-5.28567821267859	20.527764661662	15.900035515442
NCR1 ULBP1	-2.30297332306887	18.9716526173806	14.753379288217	-22.5960246507667	21.3338400029083	16.5218787436018	-8.38296409188382	20.6298160149654	16.2105042401083	-6.36546564527152	20.5001725211432	15.9959854858874
NCR1 ULBP2	-11.3138062637993	20.7125579284275	16.6092874474294	-11.3944326828253	21.1954381135669	15.7512299089725	-12.1635328622155	21.3515291870142	16.6898958042065	-15.2631273895172	21.2144690737098	16.6122270292593
NCR1 ULBP3	-6.49349488231581	20.4249624962167	16.0821527219508	-1.34778163159415	17.9899389485692	13.4515719698457	-2.68475467382203	19.5943996660108	15.1405410220669	-2.69748738786838	19.397584275911	15.2458186033925
NCR1 UNC5C	-0.375441127937447	16.3336715267012	12.9456776276074	-0.53078852547923	16.1959510988248	12.0263096191086	-0.544698773032753	17.0122191849135	13.0621517017278	-0.520027611882032	16.5815271634034	12.7504069086044
NCR1 UNC5D	-1.92365813783445	19.1012544603682	14.6619038489291	-9.12811629774087	21.3865860917277	15.8720115736378	-4.32480651837477	21.1092923406243	15.9252137254079	-5.35605840667895	20.6432158320831	15.7752961585586
NCR1 USP25	-4.14986382757549	20.3872718386821	16.1353372935497	-8.18954669049191	20.5306915500476	15.3475376475416	-9.86074516794152	21.2680822510438	16.4275946736508	-7.28941165037312	20.8975678449189	16.1430737125138
NCR1 VAV1	-3.81649688717116	20.4516124892943	15.6354377481056	-2.67806163808472	19.5076577578128	14.2115396617955	-8.79892902176191	21.3956495457104	16.3274276534128	-4.95900379380864	20.5251044955075	15.6787475420767
NCR1 VCAM1	-1.88057089669981	18.8086904329367	14.8250999793204	-2.64872731456981	19.3219248689698	14.2146267119259	-1.86255095798166	19.2893614631879	14.7501567559991	-1.93723210408385	19.4103102628637	14.826606456085
NCR1 VEGFA	-0.254755742140735	16.5474095106384	12.7722090890575	-0.435408074619635	16.1318203205888	12.4272246811434	-0.310316429202455	16.5851554727376	12.9112331120895	-0.321271974236348	16.4155469940611	12.7403027558894
NCR1 VEGFA.1	-7.96945618910147	21.1150829313303	16.4746926384195	-3.83570347458542	20.2601524239543	15.2672021515592	-6.44096690194241	20.5791042340283	16.1860258918354	-5.30357152126649	20.9070117083958	16.1707710702252
NCR1 VEGFC	-1.72732697626761	19.3060136648328	14.640467325768	-0.937568046971288	18.2436113922697	13.1681869119274	-1.50473874116535	19.0967272309481	14.27503777562	-1.49580752070744	19.0227196414084	14.2875527431135
NCR1 VIP	-11.0997887407199	20.8956562480042	16.4629425144851	-1.72133067472788	18.5877090403211	13.7946224107674	-3.16578687277503	20.5226528186845	15.6813080979634	-3.64133547039427	20.0039761890551	15.4367489683256
NCR1 VTA1	-6.05973386041346	20.5328498102607	15.9895801562398	-4.13849608357238	20.3588793223119	15.0923205527646	-6.21360330436859	21.1406685460643	16.1079691307176	-6.77319585778718	20.8322727815919	15.9702745504628
NCR1 VTN	-3.17348942110767	20.3394850001106	14.9240867024788	-5.53452814558564	19.4278368256104	14.7776413424935	-3.43091175027822	20.1159947005984	15.168742497716	-4.92092483368769	20.2688456203621	15.2719426209357
NCR1 VWF	-5.35003120453619	21.7083947566228	15.5319753640938	-10.8012232625266	21.4839696424497	15.6405520562143	-7.62477335472764	22.0201566664558	16.2402210817495	-8.16224427861008	21.677457576501	15.9387651674288
NCR1 WFIKKN1	-2.30176870007788	19.259990888566	13.8483143925979	-4.56076269746469	20.2609560786371	15.2613654482103	-2.98889948029046	20.8693675589944	15.5139232197709	-3.16721566208853	20.358985614468	14.9926967415115
NCR1 WFIKKN2	-8.82790061091156	21.1393563721149	16.3396572846392	-23.7357379204679	21.7975351267058	16.6234521976936	-13.2645246642058	21.701197418978	16.854437017141	-15.1302843869174	21.6676293343655	16.6512215317675
NCR1 WIF1	-4.87240840108272	19.5788534742277	15.2410609284698	-10.6926892411139	21.0207843064107	15.7822168589971	-8.51372429626363	21.0412181105771	16.2805386426332	-10.5336776198683	20.8091971873977	16.1766416353813
NCR1 WISP1	-5.26730922675576	21.0403418883075	15.8166905267239	-5.28236375387636	20.4700942778589	15.3830020770635	-4.25701935939033	20.8841265895985	15.7289062651582	-5.09285673762474	21.0318189637532	15.8320484062564
NCR1 WISP3	-3.193285529607	18.7309004395506	15.2214475603926	-12.0367368897089	21.0388643991252	16.1204641844706	-7.11534649873707	20.5142546794791	16.2095785048132	-7.03958739480498	20.1261179045758	16.0161727207797
NCR1 WNK3	-7.40019726739166	20.3929809674312	16.2477916278002	-3.91113517203438	20.098573924475	14.6611414179785	-5.89119769484128	20.8148355825103	16.1353106927014	-5.77633685831362	20.5796794561746	15.9129342871403
NCR1 WNT7A	-7.29005745150824	20.2716156102165	16.3490065051074	-11.7918937380553	21.3834550762678	16.0161397918757	-13.7415474659471	21.3697122888018	16.7463900998077	-11.8828056536935	21.169144407552	16.5545514024345
NCR1 XCL1	-2.173203094234	18.3591747696781	14.3559720667441	-4.34567644075832	19.9887609207172	15.1791418322674	-2.33471559259232	19.3964257561666	15.1323893208763	-3.76372446460587	19.5492363002387	15.2732527532975
NCR1 XPNPEP1	-1.8620718347129	19.1470970295716	14.9076472824774	-7.42143103110176	19.813275991558	15.0466149983041	-4.45104280303254	20.0748256299585	15.3302537349129	-5.06291489995606	20.0475354552519	15.7084233747937
NCR1 XRCC6	-8.01907128480296	20.7633611796873	15.9178573775997	-5.75352687001739	20.7951037904513	15.3019041297889	-9.84613409457809	21.3072016894141	16.6669762820486	-7.85892670625709	21.0763423097474	16.0396270272217
NCR1 YES1	-7.52558157626072	21.1130488614816	16.1948030246322	-0.920611182835017	18.0373114808906	13.1390111564048	-2.39491437019957	19.9070178270014	14.9720802687404	-2.60016854556532	19.746516239239	14.8968041779559
NCR1 YWHAB	-10.0062019727737	21.0579223571582	16.4837765893492	-4.25670715950022	20.7899637361704	15.4698879039443	-12.0997046727931	21.3278416961284	16.4620319491504	-6.6962322240816	21.2700950872592	16.3616221322588
NCR1 YWHAB.YWHAE.YWHAG.YWHAH.YWHAQ.YWHAZ.SFN	-11.767583834843	21.4604972327035	16.8264012659243	-5.35821578760701	20.4853914803957	15.3155161387083	-6.34691343415593	21.2272196666065	16.2429650656953	-7.29310319249696	21.216072667832	16.2719761400413
NCR1 YWHAE	-10.2959879605995	20.7871397912685	16.3192280750151	-4.64061109058174	19.6192288693317	15.092284401575	-5.13921188212834	20.3786231768942	15.8113550508167	-6.16927147933028	20.2989148495758	15.9375609608316
NCR1 YWHAQ	-6.77147501595857	20.6505385766003	16.0818612191877	-5.72669771261104	20.6997279527504	15.7881646325879	-7.54083750869741	20.8485552489409	16.2490553245379	-8.64953388400396	20.8591876090818	16.2678137591109
NCR1 YWHAZ	-5.83074535288304	20.5126346663674	16.2215400392174	-10.8408074103723	21.2505912123701	16.1893083178619	-10.2959869827345	21.4163432454772	16.5179857142028	-12.0200318238331	21.1232561564678	16.5570614920892
NCR1 ZAP70	-9.4409658210788	20.7346156064917	16.4651755344092	-42.9394251750461	21.8462715892776	16.731448072619	-19.9759074959385	21.5176516957577	16.8463737592053	-17.1980548808491	21.4506745197301	16.7569085227287
NCR1 ZNRF3	-2.48886469038207	19.5265209052908	15.8595037323346	-9.1444707884009	20.6787651700533	15.2342882880275	-9.87928530802395	20.8264745785069	16.4293274655564	-5.32479880631084	20.2925971048798	15.8050488334794
