protein_name	r2_male	rmse_male	mae_male	r2_female	rmse_female	mae_female	r2_all	rmse_all	mae_all	r2_all_sex_adjust	rmse_all_sex_adjust	mae_all_sex_adjust
NEGR1 NGF	-1.17887922196688	17.9010787676904	13.3752219643962	-8.42851492034744	20.5046360024502	15.7392066275577	-3.77791462395546	20.3582379829349	15.9697006528495	-2.91812055766658	19.4663931375093	14.8417924067229
NEGR1 NID1	-1.35215664149589	17.6501117593189	13.7412063068525	-3.0995282313836	20.2751071612695	14.7735828937492	-3.44903936739239	19.4293708904573	15.296745784737	-2.68364112757112	19.3302113182141	14.7324174086411
NEGR1 NID2	-0.88638398928126	17.0239070800694	12.9520812588718	-3.99688951940896	20.4601483140165	15.279535240534	-2.67116047323217	19.4432360744361	15.0676336637716	-2.34236088160447	19.095834389917	14.5847230795061
NEGR1 NLGN4X	-0.191740346584054	15.6936055609825	12.069073443671	-1.97329233568037	19.4331244781432	14.0872392021136	-1.1389847789327	18.2794002685814	14.2154052633456	-1.00018043739133	18.0202190708413	13.432502505223
NEGR1 NME1	-0.951813732893337	17.5053976542526	13.60636141087	-5.87775709830879	20.4118213551949	15.4357178957726	-3.31215231492419	19.907986653286	15.3619044884106	-2.92352585973976	19.4071247164106	14.8417844573584
NEGR1 NME2	-0.571405056450636	17.1517261979049	12.9814451269449	-7.78136919734911	20.183682308708	15.3236538338447	-3.85374495652754	19.7094787533568	15.5552656002425	-2.31775754240079	19.0918119414241	14.5584327143525
NEGR1 NMT1	-0.881277494404927	16.369878014102	12.5757317317969	-2.94220154642902	19.8608078957409	14.7929148819374	-1.72577244174637	18.9842320448759	14.3475804767111	-1.76734718457088	18.5669123828707	14.2179587594935
NEGR1 NOG	-1.23797209768064	17.5776844687597	13.5302146079836	-8.73722454369324	20.7056633264565	15.6841507351906	-3.19121731747893	19.4976833754289	15.107429185565	-3.48539644172255	19.3576445125872	14.9361518599414
NEGR1 NOTCH1	-0.324403119977103	15.7322820347984	11.8405238211035	-0.83056634565467	17.5641453374319	12.6341989837871	-0.736317182773381	17.0649599197465	12.8621198918121	-0.547446516099139	16.8502382202114	12.5458143519457
NEGR1 NOTCH2	-0.517724740845114	16.3933782730797	12.4449311973602	-7.39990889398996	20.4877517459166	15.6102534545078	-2.24925421830025	19.4212028990427	15.0178238042434	-2.49110733019988	18.9487090698054	14.5436266271726
NEGR1 NOTCH3	-0.0303353514120834	15.2344957482181	12.1999504309863	-0.986935847572922	17.8572230833982	13.11700995446	-0.91482199425302	17.5254047696776	13.6347547211549	-0.617593909833329	17.1657481053335	13.0693530426231
NEGR1 NOV	-1.10756979515562	17.8089248127785	13.7905983133314	-1.71152179874815	18.680078690039	13.7110401729426	-2.37984154249683	19.1483379995437	15.1132301869227	-1.87781046176639	18.4865945834399	14.1351178388741
NEGR1 NPPA	-0.0731976548280422	15.6006876006617	11.9053341099641	-2.35821758307069	19.1993284911267	14.2018606040416	-0.818651372578469	17.9302651627918	13.6370746722718	-0.753025172211604	17.6626382550976	13.2576794653378
NEGR1 NPPB	0.188931509517166	14.8613811397444	10.9307773494528	-2.19821373292073	19.2687764516814	14.1814226062356	-0.735279957202193	17.2943499283603	13.5646533468903	-0.612665834834642	17.1546401235597	12.8284392093183
NEGR1 NPPB.1	0.337606215443862	13.3141804697104	9.90520610893874	-0.302629034522523	15.8561735234254	11.7072921898668	0.019456681111041	15.0766489667307	11.7074466400317	0.0577744404217249	14.7292115815285	11.0781421451949
NEGR1 NR1D1	0.0843126886023603	14.9058301729104	11.1374428586923	-2.34708473839886	18.5230899766178	14.091502297711	-0.591077565913718	17.7756546316337	13.8983440365202	-0.890279873867848	17.4201355067366	13.2669461027174
NEGR1 NR3C1	-0.63936240609947	17.0626741086714	12.8722070889887	-4.73350611561702	19.6409458135398	15.4100215429596	-1.72705609086954	19.290215293013	14.9941205369094	-2.17056214352289	18.9078972551202	14.6162564241072
NEGR1 NRCAM	-0.550610233512395	16.4890855703315	13.1079143930872	-1.6640851608523	18.9094456771166	14.4878762840381	-1.17349016181302	18.051254286717	14.2319460944961	-1.02294765192759	18.0613069148449	14.0872030081137
NEGR1 NRG1	-0.325053283703339	16.409361090019	12.4279403960329	-17.5317071991384	21.4846685558637	16.5025317085404	-2.91136612729289	20.2186744601057	15.7394932609195	-2.35589095741492	19.4104284150137	14.9228854568542
NEGR1 NRG4	-0.875100408275916	17.6645048566558	13.7985745485016	-9.29043850063012	21.324639212244	15.9148269592106	-4.41178715191466	20.4692695129595	16.0133099807054	-3.35096512626432	19.8669049662403	15.1810613226246
NEGR1 NRP1	-0.269376279933734	15.8223298653465	12.5212216372948	-3.76221190677565	18.9123719422819	14.9774817584587	-2.19780192447731	19.4084480581117	15.3110937541566	-1.92675809836117	18.0109598034175	14.2580127228215
NEGR1 NRXN1	-0.899477632298062	17.609917793102	13.8126896649146	-12.0954289963625	20.6620445565035	15.9883024536849	-5.31715414569299	20.3482076707452	15.944569493979	-3.62234047735097	19.5825836000127	15.3232370702902
NEGR1 NRXN3	-0.750210505593226	17.280125207676	13.3441814779801	-5.97888251128855	20.8284031762329	15.7715229216891	-3.84551576063412	19.7264732384487	15.4795658305309	-2.36657383197467	19.4039629694468	14.8843316450978
NEGR1 NSFL1C	-0.136331518814551	15.8259778474091	12.0417102091605	-6.84802907736436	20.2464152329569	15.5324631996305	-2.27005959530171	19.8444359760905	15.1353806961098	-2.09035093148572	18.7516409311395	14.391735288155
NEGR1 NTF3	-0.298760337541578	16.4825916597118	12.755745793982	-2.07984494475206	18.248920711322	13.5250363378744	-1.32404622981971	18.4701845178117	14.0246656588373	-1.10266722325653	17.7034994498443	13.5871348818688
NEGR1 NTF4	-1.23700324133647	17.9307015667781	13.6039689212978	-8.71937254110001	21.0435110451051	15.8635342774004	-3.61808107646247	20.156071144034	15.3774469446226	-3.57507115947079	19.7244398791304	15.0953747216172
NEGR1 NTN1	0.348920571341844	13.8847359037235	11.0636395637934	-0.98642341216412	17.905327573427	12.2871536555882	-0.331240443660477	16.5707360725728	12.7629569585406	-0.200366774790005	16.2353720768461	11.9802113711868
NEGR1 NTN4	-0.789944105016184	17.0835511137371	13.3618198912971	-6.74283885208095	20.6999876884163	15.3364992158549	-3.34777816665173	19.5820111462504	15.1720172842248	-2.6597118388845	19.2455947297453	14.6578311862423
NEGR1 NTRK1	-0.558903291894129	17.0592828521838	13.6533602473629	-4.39492700209955	19.5113960986982	15.2792379921923	-2.04358066918057	19.2350754121683	15.2389987087644	-2.03319834111301	18.5963366958368	14.7221353411355
NEGR1 NTRK2	-0.558729725004597	16.742554299532	12.8768870372248	-2.50511418796071	19.1233203034579	13.8147711829346	-1.39302792792528	18.9447852735177	13.9635522019745	-1.49473220725414	18.4758450018109	13.7055721757553
NEGR1 NTRK3	-0.028420702458789	15.861864729506	12.4562150074753	-3.00879911481333	19.1128708514522	14.5760397731017	-1.51605809088554	18.7097519383337	14.7320008975309	-0.843638568406759	17.6724923450554	13.7407794927149
NEGR1 NUDCD3	-1.24666257647392	17.6375470066445	13.0590735334257	-2.40370498510054	19.4092406915299	13.9588468358708	-2.0579956992168	19.4367191722935	14.536565719468	-1.78809323794098	18.687945282613	13.8015043944426
NEGR1 NXPH1	-0.287044812443883	16.9844514374269	13.1646974757627	-1.71225162728031	18.4095018324402	14.2460012056408	-1.56422304920255	18.3316174703243	14.8026078653023	-1.00481593461688	17.9234343633257	14.1432264069199
NEGR1 OAS1	-0.587664782803049	16.963223537331	13.1851148167099	-15.249586900937	20.7772838084397	16.2053956712776	-2.45925848427455	19.1183191106095	15.2756518005972	-2.50551099916241	19.2207237815848	14.9856986867922
NEGR1 OCIAD1	-1.33746203320239	17.7430217845966	13.9411314206526	-3.68272011631186	20.0316862046755	14.8236775197802	-2.87906700337581	19.5420209285859	15.3230999959556	-2.24226716622897	19.0385559009316	14.6132606779956
NEGR1 OLFM4	-0.236618797419632	16.6586895205173	12.8048707711774	-11.1798223710297	20.6802113641918	15.8241033985673	-1.77601732677219	19.5139037926068	15.2210919573224	-1.75068477904165	18.9533424220775	14.5647857826164
NEGR1 OLR1	0.154699403327219	15.6754620635986	12.0914580253926	-2.52870308422186	18.9159970614893	14.3535772637764	-1.73925943202227	18.6707054279089	15.0033584470366	-0.749137043453831	17.8327155946289	13.7283333427371
NEGR1 OMD	-0.258366435045068	16.1873967891666	12.4802030494757	-3.43642730610945	19.4597654778747	14.5647943756955	-2.47650281957605	19.8640297316227	15.1306048798538	-1.48884963848664	18.4463403013788	14.0289268029448
NEGR1 OPCML	-0.889822110087377	17.429602826856	13.2997554602814	-8.91596476588221	20.9570758461405	15.8402011108296	-3.70928686100533	20.2619737586812	15.408635939077	-3.40547647892261	19.6483357821016	15.0355211040035
NEGR1 OSM	-0.800879799576283	17.2734248333053	13.3041539384502	-6.19356436283562	20.9092294227967	15.2166813395848	-3.81401062595811	19.5362952550214	15.121585945624	-2.81447653551331	19.325866319585	14.6880269803793
NEGR1 P4HB	-1.45573509474058	18.2034180478744	13.6263171281719	-3.88866818741772	20.6431055209494	15.1126252869416	-3.37960871069913	20.189644434265	15.5427995707391	-3.2162342057809	19.7535833068138	14.9210454240326
NEGR1 PA2G4	-0.88653119599725	17.174715732295	13.2299883661347	-2.26794375034124	19.7296000570009	15.0192803407127	-2.14370505464731	19.204373698844	14.9919938807472	-1.60943696759575	18.6830896514903	14.4059890744979
NEGR1 PAFAH1B2	-0.295073356252449	15.6923117340897	12.2301663460785	-1.27509261485537	18.6913263972807	13.590307997093	-0.938995264998532	17.632431002161	13.5405720892953	-0.902297790071426	17.6421776488214	13.2702512701338
NEGR1 PAK3	-0.726641637619131	17.1814296915982	13.4422282623229	-6.85353461514706	20.22938694725	15.4882313825546	-3.17660657122059	19.6216738432502	15.3752415806366	-2.75995752965729	19.3465713861273	14.9635647673192
NEGR1 PAK6	-0.166355509371824	15.3018886853214	11.8372053126909	-1.96131397731505	19.3650056285642	14.1072125201042	-1.4086302646821	18.3308660344388	14.0170183074344	-0.851344812313402	17.7091750726889	13.2489388763144
NEGR1 PAK7	-1.22143331590633	17.9772409332949	13.8667186731343	-1.35125941548029	17.8917632818068	13.4531924221703	-2.48097249028881	19.6050705955412	15.5024721713405	-1.33867596370188	18.2087813809651	14.0415334514531
NEGR1 PAPPA	-0.703073130272752	17.2904332891437	13.1031241256361	-2.22890267175207	19.4360208043421	14.2663013195414	-2.0571235062896	18.7752903546934	14.4482904514919	-1.58301483061158	18.9002023456507	14.217423139313
NEGR1 PARK7	-1.24210240529508	17.6605467710546	13.4508593978054	-2.16770117283068	19.1267244562816	13.977649649951	-2.69151857172483	19.3555977721883	14.9090794122725	-2.53637652443616	18.9991639158356	14.5535371960728
NEGR1 PCNA	-0.349001119105044	16.4763729212976	12.6939247960331	-3.58937939570593	20.3473442187837	15.1020285762363	-2.1098117194993	19.1835543451067	14.8520745851846	-1.61696355882056	18.9372787317132	14.4527303078998
NEGR1 PCSK7	-0.258974019324728	16.6714027265642	13.311375776082	-3.4144323716206	19.0286175064004	14.719464443253	-1.49886453557448	18.4942235579891	14.8105602102744	-1.31657204551032	18.2105024734228	14.4504500426326
NEGR1 PCSK9	-0.633949562363362	17.3852304603419	12.6043694086745	-9.92091156293279	21.2883233666083	16.0824017245798	-3.48675913687073	20.3605520270399	15.6683122391986	-3.0284886634159	19.8320322409254	14.9433506592209
NEGR1 PDCD1LG2	-1.12306461360792	18.1504793967471	13.7075451328025	-4.26068146078263	20.0787922602174	14.9923459597838	-5.49149956046378	20.2395905312218	15.9853747039526	-2.29907476584874	19.3035361349745	14.5981505903804
NEGR1 PDE11A	-0.706939289025649	17.5352700173084	13.3679855618173	-4.13035218628872	19.7066194155732	14.9367629299649	-2.23641233236276	19.4509146594386	14.986808673867	-1.95199738613517	18.9648995249618	14.5299486711047
NEGR1 PDE1A	-0.439208833105067	16.5825749504321	12.8699724122449	-1.9958916066933	18.790688935634	14.1201937805503	-1.69193249895456	18.667334506796	14.4122642700796	-1.16732248773326	18.0492124138055	13.7500712698538
NEGR1 PDE2A	-1.05834882548296	18.0829859888305	14.0032639154652	-1.37014695907513	17.5835672547959	13.4015627367321	-1.63433967950206	19.0284278915597	14.8863791341341	-1.64621155927882	18.3255211702043	14.2435912155708
NEGR1 PDE3A	-0.0770956151598774	15.8509823190276	12.7366093138361	-1.23495355934047	17.7347847102201	13.8010301071487	-0.898442613382547	17.7442373979152	14.4882687443846	-0.547729758403312	17.0796860615924	13.5734004689323
NEGR1 PDE4D	-0.333579762381091	15.4864279386086	12.1607847147989	-0.736709540085014	17.0149561560935	13.0371778847976	-0.86096888496013	17.362589069678	13.4211390997445	-0.499381838280357	16.5076490759868	12.9176333982392
NEGR1 PDE5A	-0.822445350960002	17.9001648380141	13.6281280014819	-1.64009650282356	18.5647401134918	13.5004701753862	-2.38726814542866	19.2266729292233	14.6934465954293	-1.48054630240201	18.3895122572782	13.8545281067378
NEGR1 PDE7A	-0.659287623410393	17.3374813754153	13.7346211430909	-9.92816825647211	20.4073341316589	16.1733563476073	-3.37523419033264	19.989821748409	15.8896601237395	-3.09392151822837	19.4531611555585	15.3541684570992
NEGR1 PDE9A	-0.0891883209586275	15.9236862276372	12.8742755634539	-8.91546623572832	20.8204192917574	15.5392296615702	-2.89317955228753	19.7417716032076	15.4162078118005	-1.70536788426808	18.8013607502223	14.4998845690774
NEGR1 PDGFA	-0.357111069338562	16.4296940010655	12.4705620102144	-2.02128977413064	18.4836687088202	13.9438313721404	-1.31383103360182	18.5698832906299	14.9536335934043	-0.898345269550278	17.5813159708081	13.5033014257836
NEGR1 PDGFB	-0.428675614835975	16.7740189113503	12.5485688684869	-2.1488711619345	18.8735759758346	14.0198733454885	-1.3047925143149	18.6507268859851	14.8841631862665	-1.03403776017486	17.8971788605437	13.6102841071016
NEGR1 PDGFC	-0.223153540221698	16.0151897314114	12.4292145040465	-13.4110486515998	21.2559862366469	16.3398946644367	-3.12939960752772	20.2795219884112	15.5976495218729	-2.4096823160743	19.1123921909813	14.7865062992997
NEGR1 PDGFRA	-0.664709629875667	16.9885065818497	13.0709557194128	-12.0308347483804	21.1234953121764	16.2437918861412	-2.78385792654778	20.1481736038837	15.5648319992251	-2.71407296259028	19.3130067138841	14.876567714736
NEGR1 PDGFRB	-0.378975462584747	16.6299431612868	12.645205085148	-3.5031902224452	19.9019123531025	14.6672540540894	-2.00285848360648	18.7245676358682	14.7469046790333	-1.75620401264672	18.6802530771705	14.0934862092584
NEGR1 PDIA3	-1.15980349982078	18.153575612122	14.1287740919393	-4.26369459114098	19.8662194318529	15.2291647469477	-3.10263665264912	19.9007612988385	15.7587462992212	-2.74973497767122	19.288749642116	15.0170635195753
NEGR1 PDK1	-0.847930816506913	16.6327331818043	12.6450589982899	-4.45788132976331	19.3240966964227	14.3628675018713	-1.78268736566994	18.5439865481106	14.1605215787467	-2.37622844980541	18.4399825468197	13.976762751569
NEGR1 PDPK1	-0.889704474339833	17.4464655449993	13.3068796097049	-5.59821257478373	19.8813913696677	15.2390948303121	-2.9235247779432	19.6768828756671	15.0529285354642	-2.4907320840244	19.1042203174881	14.65805009274
NEGR1 PDXK	-0.696054939636864	17.1179636813566	13.1719228155305	-4.47763826736383	20.2858300999456	15.0394099554346	-2.89386893565117	19.7064537838327	15.4257211083681	-2.02469770952526	18.9324772837883	14.4236135329456
NEGR1 PDXP	-0.976220009385182	17.3004590706739	13.3550897560409	-0.965696908144336	18.1645631584378	13.2102657525341	-2.04186562587998	18.7514764186283	14.8491155829895	-1.08952244641351	18.0069401468241	13.7010869748687
NEGR1 PEBP1	-0.32668080248479	16.1958535189492	12.6078042730062	-0.801312391170278	17.727553542007	13.3781903257745	-1.09540895961149	17.9471953934075	14.2383849379778	-0.666160172462623	17.2120817641808	13.443109861567
NEGR1 PECAM1	-0.542411242527657	17.3286336560558	13.3517126088033	-2.29820536250852	18.8572082993429	13.8697276821167	-2.65154156188847	19.484774545577	15.2510557142044	-1.50173039892144	18.361409097754	14.001546264652
NEGR1 PES1	-0.41295330065024	16.8926007557849	13.2355395812401	-4.0509500599433	19.7988329807265	15.392505512056	-1.51639054447432	18.9036221972053	14.9206777484038	-1.72706820711306	18.6702133034093	14.6378906807695
NEGR1 PEX5	-0.749823466470048	17.7307665919876	13.3268924242386	-5.48268084390227	20.3210675360423	15.624718735662	-2.3180780185577	19.5813627328113	15.1484246403322	-2.16440463084126	19.2342140827984	14.708356337875
NEGR1 PF4	-0.0463853981766855	15.6598091874266	11.9324735728505	-2.17835592119521	19.0530859444081	14.4358232852459	-1.0344995318065	18.4269915855163	14.870295755944	-0.700019178075624	17.5808105906091	13.4614004363401
NEGR1 PFDN5	-1.1450871570123	18.0913130926856	13.8628117147155	-5.02917317130576	20.3151471509041	15.8417448717584	-3.67624031410273	20.2453255109674	15.8307456992674	-2.63801180122954	19.4258296518082	15.1210687410429
NEGR1 PGAM1	-0.518792314925765	17.2093325663058	13.2744153894901	-4.2752458353325	19.4537611266497	15.5695103096152	-2.23037015043463	19.0673092931738	15.3115836293137	-1.65971073387912	18.4776204274378	14.7380674884391
NEGR1 PGD	-1.0240448255895	17.5702002491758	13.5006807726755	-3.69831593477675	20.5478722442294	15.1160703309238	-3.29113959523865	19.7454611609692	15.4284839361589	-2.11316332040674	19.2707749482218	14.5563825442567
NEGR1 PGF	-0.28649007859753	16.8725061359718	12.881267435172	-12.37679014778	20.9973381119086	16.2027869483574	-2.29322166849398	19.4094774568341	15.5456070636769	-1.90800281759229	19.1122965259259	14.7998905022156
NEGR1 PGK1	-1.39454580879119	17.7524455694895	13.7923889308073	-1.29985555713182	18.5251053884077	12.9417573726743	-2.35861416690108	19.3486332769439	14.8753226991095	-1.57718610777141	18.3817192391903	13.7271991640231
NEGR1 PGLYRP1	-0.585110417780401	16.3498643640217	13.0487047480218	-6.57486998228528	20.0461105267748	15.1174157022384	-3.31898621586182	19.6746194806186	15.2357947077632	-2.38475565003144	18.7731178003628	14.5379451879348
NEGR1 PGM1	-0.389668856191726	16.6150521005826	13.2925744233806	-5.54480773265633	19.2318189635207	14.9590452804221	-2.48960455911031	19.1301994225061	15.1928580382641	-2.11843712829323	18.7164490423032	14.7098432212032
NEGR1 PI3	0.101059682721316	14.7156108457485	10.8063615449579	-1.73201269021518	18.4126413622918	12.6948547871664	-0.884346118201835	18.1053726409115	12.9529190860562	-0.65512281755141	17.5423374575533	12.2758499207589
NEGR1 PIANP	-0.688976235092437	17.4971962644955	12.7709265940598	-10.2836977448371	21.4242546141103	16.2477670220309	-2.76937248642446	20.1244490676008	15.2920440200856	-2.69090967597163	19.7550253067117	14.7993991123864
NEGR1 PIAS4	-0.634861663355661	16.859289970356	12.5942772894674	-4.98857235700794	19.3431368301788	15.0328386811589	-1.95855835133275	18.8598905004392	14.7623041618957	-1.933174759064	18.3047245056054	14.2148940043794
NEGR1 PIGR	-0.185696401012088	16.7388311395426	12.5849226226132	-5.00350177583764	19.8972668376838	14.7550175688382	-2.01739679143632	19.0125990488741	14.6566625672525	-1.31255171451818	18.5944385130494	14.0534487959794
NEGR1 PIK3CA.PIK3R1	-0.660426886874789	16.8795757026398	12.8768809283855	-2.18577941430108	18.7935705306118	14.0449520690113	-2.90638296995532	19.5441310594018	15.0434700035989	-1.70500011315917	18.3670751585095	14.0725872794388
NEGR1 PIK3CG	-0.710064185277312	17.2303107264754	13.4518342458419	-2.89129026371496	19.6922387916923	14.6108748239765	-2.15946752347064	19.1566742336598	15.0597639565875	-1.69605330693181	18.7204763341104	14.3567135321435
NEGR1 PIM1	-1.13440225672123	17.9543825433781	13.8740031214356	-9.85058867462039	21.0686836094699	15.9158570526474	-3.11362664024894	20.1016294628223	15.7019959762542	-3.04961626125556	19.7366580263327	15.1302743977333
NEGR1 PKM2	-0.621402785584594	17.3254181222135	12.8771698003901	-1.2869373176603	19.0391016716713	13.5825893127962	-1.66434677630636	19.1797692253664	14.6945159915136	-0.974876483253996	18.3963483088215	13.5402847274293
NEGR1 PLA2G10	-0.706991676493082	17.6666213244995	13.5070273572216	-1.7129781051451	18.3293014848836	13.876135634629	-2.00655327562943	19.0832167020976	15.1778896760956	-1.03048776447862	18.2315244480323	14.0065874483027
NEGR1 PLA2G1B	-0.875163356083523	17.1141972086052	13.2861496714851	-5.19048669240499	19.8986645602976	15.4098996788908	-3.46017122374434	19.8081224017098	15.6400586879191	-2.227884270592	18.9085694542484	14.7578413071503
NEGR1 PLA2G2A	0.0953420710293496	15.1770154734105	11.36184355959	-0.926818283447127	18.35872637263	13.0553528034314	-0.446241383934623	17.8269553798008	13.301171888581	-0.602112978006552	17.3208152403912	12.9485664809017
NEGR1 PLA2G2E	-1.15642818427393	17.561771771327	13.7347194612087	-2.16872475758553	18.8991287998974	14.8258453158933	-2.15841169061215	19.2115640718817	15.3650084445676	-1.65850568080184	18.4678061525529	14.6216736542128
NEGR1 PLA2G5	-0.718947106693157	17.02804264498	13.2729090964956	-3.06744020007194	19.4437117816108	14.7794207007538	-2.50718228255678	19.3834847912686	15.3729683260906	-1.94629830687495	18.7181443699624	14.4873432345324
NEGR1 PLA2G7	-0.564327514892603	16.8924888447585	13.3347531946563	-6.81474904738311	21.0668282627364	15.6369019845296	-3.18753690968895	20.075478000873	15.6141608880413	-2.22975915365134	19.4102181663677	14.7068084421581
NEGR1 PLAT	0.361823259551204	13.6086888353913	10.7475234723419	-2.34459185855101	18.1729616348688	13.8167458295274	-0.365085143878939	16.6482885498389	13.0249765382927	-0.34648444640366	16.326852113161	12.4740970296645
NEGR1 PLAU	-0.28060684180061	16.6817339570206	13.41892602963	-6.81582271818767	20.1679997276488	15.7286336473033	-1.59733944379165	18.6943545116688	14.9479780096095	-1.8070164697704	18.8343308698945	14.979702143888
NEGR1 PLAUR	0.0989835214642455	14.6671279124327	11.2070622402599	-1.56597188740927	18.8929388446301	13.8657873999012	-0.546701904335657	17.2749685775036	13.3603337910252	-0.548959645694555	17.0620732992231	12.753099877241
NEGR1 PLCG1	-0.150217741027671	16.9931808518015	12.505643919288	-7.38255364694262	20.5873472449864	15.6505260131115	-3.09011021588918	20.0639340458577	15.5519944926554	-2.35971572249391	19.2686046087884	14.8426177453441
NEGR1 PLG	-0.686681663760059	16.7423455086707	12.994743120685	-0.87295291422578	18.1680283731324	12.4299814900016	-1.48217051319359	18.4494888792404	13.7068799807617	-1.07463784977493	17.7909078712364	13.1563047039806
NEGR1 PLG.1	-0.588582396295297	17.7915229321781	13.8130022885212	-2.03184686295651	18.0343969448862	13.920898190656	-1.99457913700345	18.8989061003176	14.8859688924652	-1.32998587244366	18.0956392622519	14.1214329149837
NEGR1 PLG.2	-1.0223867660896	17.1460475773644	13.3632008374449	-1.47138856452936	17.5285892096297	12.9985437013802	-1.44101756741321	18.5346183970042	14.0055040123867	-1.16702212217123	17.5373067344972	13.4550378789635
NEGR1 PLK1	-0.563984168119836	17.5315891347503	13.3794582997875	-8.60003426379108	21.0166266153991	16.1174946021415	-3.26371776671203	20.0622911011298	15.459337913893	-2.23851027817208	19.6170695811606	14.9789231312334
NEGR1 PLXNB2	-1.14832491480292	17.7904537560419	13.6692026235831	-8.56557506468754	20.734092097672	15.5997282553789	-4.15182072440044	19.860190024223	15.7297679194793	-3.28563294892939	19.5392199391437	14.9470087559151
NEGR1 PLXNC1	-1.10606273077633	17.4812413316645	13.1436588726711	-5.01528512743804	20.6206497200484	14.9336803140013	-2.72083114184903	20.1412155703901	15.112150840857	-2.69650173612896	19.3076698991419	14.474427388516
NEGR1 POMC	-0.879851561575517	17.2712013880061	13.3664768905033	-3.45902847031347	20.2423828870695	14.812166597256	-2.59266476519479	19.4718882120324	15.1786455217083	-2.05514546747559	19.0643398967167	14.4514029105774
NEGR1 POMC.1	-0.647128876482013	17.1105678661468	13.1197186206369	-8.99697487818405	20.3981823879946	15.4824042293833	-2.29653694659839	19.3468352592464	14.8886377002878	-2.50172373984897	19.141849979344	14.7742791074391
NEGR1 POMC.2	-0.486222135934091	17.4804265207287	12.7446318384115	-4.1931454707984	20.5167656605107	14.778405192065	-1.63187202226248	19.3806052868933	14.5949919655456	-1.70184223310302	19.2138430337867	14.1776843663337
NEGR1 PON1	-1.1575337687328	18.0552944798952	13.873336385474	-2.60404227160051	19.3396673902776	14.718374670217	-2.64160004585499	19.4000206597149	15.1679938648417	-2.02860615038331	18.9660178449243	14.5953986712758
NEGR1 POR	-0.353224450511187	17.0672353096945	12.4197614517676	-2.05427431036911	19.6778979231464	13.9632730361252	-1.34430226405732	19.2335679256297	14.1391223432684	-1.07204494622366	18.551900937591	13.4458538028218
NEGR1 POSTN	0.0607845694481577	15.5607753170635	12.070167572633	-1.48640841389904	18.1353064332811	13.1029003703494	-0.745673017498304	17.7747364675384	13.7222540614425	-0.58025413107214	17.186129223672	12.9239452411728
NEGR1 PPA1	-0.588542304354084	16.8521749192603	13.2955135831979	-3.58745739226847	19.7412225472622	15.1729966819324	-2.41255778864304	19.2841366165545	15.2275112322194	-1.77774266158087	18.7929288780721	14.6334589950067
NEGR1 PPBP	-0.489909072489179	16.6779788090151	12.6928681907102	-1.85929268641586	18.9270678973593	14.0844713472968	-1.10001920198461	18.5865200982213	14.785508214309	-0.97839145610366	17.9069763594027	13.6526298645185
NEGR1 PPBP.1	-0.5645450019793	16.7264901088493	12.892136639371	-1.87596209214067	18.8183179117347	14.072781908557	-1.04753144813808	18.5778243975907	14.8343594844565	-0.865653619701031	17.8309809077631	13.6689142652992
NEGR1 PPIA	-0.647849825002392	17.326723504083	13.1591636318407	-5.09419750428057	20.6327490077822	15.8400809480157	-3.41364515738633	20.0641641403483	15.6336542814356	-2.2832127635931	19.528358540698	14.9014555836799
NEGR1 PPIB	-0.457825210734092	16.8658527583134	13.2082504005271	-3.88110273202192	19.3227671423509	15.0463621838899	-1.43737856468403	18.9067267263733	14.8592815888338	-1.65461734357071	18.4633990957814	14.4598345839575
NEGR1 PPID	-0.643939423850509	17.051710089393	13.0697720917624	-2.31074833181828	20.3161606035978	14.4929096967872	-2.06324125629486	19.2856027593514	14.7526672884279	-1.56935727835504	18.9415773390984	14.152457748862
NEGR1 PPIE	-0.738280108937051	17.0643951777998	13.1980043911044	-1.71027082847002	18.7640729633376	14.2218489416368	-1.52579914397738	18.6206356606947	14.508078299312	-1.2752272165679	18.384587381287	14.1303571432532
NEGR1 PPIF	-0.453262628646564	16.787409038641	12.7597555393442	-7.6012816909165	20.1497415351087	15.4217752255893	-2.63989519055941	19.6695392471236	15.3001606864403	-2.17385783182829	19.0091871188205	14.6268530567647
NEGR1 PPP3CA.PPP3R1	-0.998430226425778	17.9096870937166	13.6706980148023	-2.83223263350679	20.2811744096231	15.2468403351675	-2.86592315385567	19.6947396515256	15.4023170039624	-1.87304448911101	19.3053043188193	14.7634651657711
NEGR1 PPP3R1	-1.12285715519202	17.911620330159	13.777801275225	-19.4619770050818	21.1621737579579	16.2800049893531	-4.03843908486336	20.2103701030742	15.7450724599655	-3.78993389349367	19.8506179111815	15.3371690845027
NEGR1 PPY	-0.0654216855027432	14.9077812372188	11.6299548370239	-1.90734206002932	18.7516309647842	14.0110645597929	-0.836363742154904	17.475940490991	13.5624147549868	-0.821981744643768	17.1991614992597	13.1790087342863
NEGR1 PRDX1	-0.276432101999646	16.4094604980022	12.8550212259837	-1.1263772993213	18.1644040244481	13.7111166752296	-1.05231044632642	18.4882619134461	14.5462854086385	-0.672276421433653	17.4685011989066	13.5769479459602
NEGR1 PRDX5	-1.02761898799588	17.0190531802313	13.3612115990494	-18.8135506956524	21.757440283505	16.5919458868428	-4.21671543705173	20.129811481907	15.7510588917984	-3.94713796482576	19.7258046105117	15.261595215881
NEGR1 PRDX6	-0.953043018491423	16.9162533368933	13.1680556044074	-3.36434399914802	20.0894521543231	15.2822165693758	-3.53791181032863	19.7882370420737	15.4841649144341	-2.17286946126207	18.9609169587781	14.7495082223972
NEGR1 PRKAA1.PRKAB1..PRKAG1	-0.178651477055705	16.4586349544898	12.4856961374502	-16.6623191174602	20.877330530707	16.4122381751464	-1.72522872546008	19.3158471017002	15.2667987679212	-2.00022292180674	19.047384387167	14.9254742061437
NEGR1 PRKAA2.PRKAB2.PRKAG1	-0.75624152434127	17.2854138143952	13.0308375094922	-2.97903716095112	19.3152305097048	14.1308956651369	-4.00566845595457	20.181124771221	15.5353145310059	-2.04326495032839	18.7579192139377	14.2310648885631
NEGR1 PRKACA	-0.229839859194176	16.9625262800634	12.6272378518774	-5.05388519378699	19.6648930356939	14.7991390870344	-2.04446585502617	19.1729611125054	14.6007235403252	-1.64784685034707	18.8263951419743	14.2665102691713
NEGR1 PRKCA	-0.93650788809414	17.258936193363	12.8467111305162	-4.72345492264617	20.0806676035184	14.9094370139145	-2.75155130713974	19.9668485809169	15.2667270913079	-2.46018033169364	19.2369227766208	14.323519905414
NEGR1 PRKCB	-0.452668663950309	16.8215790514682	12.3527914752674	-2.02422652738148	18.7660777996096	13.7115861639128	-1.78947145327411	19.1776859522869	14.7187357957773	-1.43332548018484	18.3287905710266	13.5133573172728
NEGR1 PRKCD	-0.649161194722413	17.8188696397902	13.3934076117092	-1.42157701256249	18.4844446504042	13.4174287006056	-1.70082488342743	18.9490484935343	14.5535020797715	-1.12216304819042	18.3063140098394	13.6614126404105
NEGR1 PRKCG	-0.881660506584665	17.7121086484938	13.8827214885082	-6.92918184545541	20.31539060869	15.4379968412969	-2.90212503790103	19.6903685683757	15.2061190770792	-2.54733441397934	19.2442150198216	14.9762069785117
NEGR1 PRKCI	-0.505801675018535	17.0184503677402	12.9558559819985	-1.44001707122737	19.0991326854825	14.1828450254394	-1.82198684114351	18.7272282758486	14.6020139544129	-1.08865839773293	18.3502180395035	14.062933403734
NEGR1 PRKCQ	-0.944680997247131	17.6763799230013	13.3418276455026	-3.66871659124152	19.8072685185814	15.2219743378379	-3.09906064941041	19.9279664674473	15.3143368402439	-2.55505450277814	19.2749150334283	14.8156712471572
NEGR1 PRKCZ	-0.198348441644488	15.663149828081	11.7778532341173	-1.26817282845371	18.5283767392149	13.9422790071161	-1.2424480504917	18.6170573639577	14.1403305892576	-0.840208890502055	17.5860361691733	13.3537200092556
NEGR1 PRL	-0.916742714702058	17.4307838704299	13.1351095095108	-5.44847289994642	20.8202664760515	15.4756627844415	-3.61225174282651	20.2425793482013	15.5085516865805	-2.35523087847945	19.3854099351409	14.7087127668959
NEGR1 PRLR	-0.837568725446451	17.688523338303	13.6423511923051	-6.17603535512918	20.4263301853716	15.4289217730056	-2.92996268320574	19.8943814285085	15.4090238958851	-2.4879855288706	19.4415400567346	14.9340423159599
NEGR1 PROC	-0.305945051799623	16.2625044208635	12.0282824273376	-7.3095049869311	21.0867859041179	15.9480857920721	-1.92187305428305	19.7007466414242	14.4329555372173	-2.17487750306513	19.2375755949484	14.3869941516205
NEGR1 PROC.1	-1.02869164785741	16.9693281042343	12.8441787391867	-5.4910529549288	20.0901316591898	15.0318298506546	-3.75402055123905	19.9593813736638	15.6923484555249	-2.5436342427764	19.0469921354813	14.4696126352055
NEGR1 PROK1	-0.909201112968736	17.6129387311367	13.7697735178392	-4.13739295979888	20.1902308579728	15.7338687944424	-3.60224619667199	19.8017366670463	15.7256427742052	-1.93398196003828	19.1964085148839	15.0109815460994
NEGR1 PROS1	-0.981826138876164	16.9054737593147	12.761340434465	-9.82879172765034	20.2849563306612	15.785715959663	-2.87811598583311	19.5758264092151	14.9211629602848	-3.30265778496279	19.2040276498847	14.7674248145874
NEGR1 PRSS1	-0.887480213134794	17.4602668720601	13.2880657248549	-2.56041921327746	19.1560070340321	14.7331047961118	-2.06110258593959	19.3649581196057	14.8345387233024	-1.72283562754319	18.5167704099592	14.2778321383579
NEGR1 PRSS2	-0.393220358692128	16.5248959894866	12.8680243942163	-3.61298224585517	20.2451546376274	14.7296461522133	-2.37263644407559	19.3779411749636	15.0439205536795	-1.58863912553727	18.6881173661721	14.0200321589937
NEGR1 PRSS22	-0.625332511658902	16.6638027934537	13.0299125285944	-4.67886421499814	21.9093739157827	15.558319990546	-2.56364473560797	19.6043246726735	15.1424663058059	-1.97366592484669	19.6312864230781	14.5836272639687
NEGR1 PRSS27	-1.08958565726282	17.4778065314753	12.8685049629694	-6.39170385742411	20.0288682043415	15.2870053801133	-3.21391647508163	19.8326925284693	15.1139158277581	-2.74588891901056	19.1869430200059	14.5008786233357
NEGR1 PRSS3	-0.781724136233072	17.1014000470772	13.4025414593006	-5.35555813106789	20.1087081675488	15.4534015909963	-4.44833084660187	20.3568851319567	16.0618860375653	-2.69608494257496	19.1543674936081	14.8564730216618
NEGR1 PRTN3	-0.740377718023062	17.1434988967441	13.1135076958449	-4.77132532900382	19.8843770520168	15.0066171672618	-2.57759557202122	19.4730798447521	14.8621770120917	-2.21128198246509	18.8403934454414	14.3525488456243
NEGR1 PSMA1	-0.56629377552495	17.1123117822564	13.6590714065625	-0.955872671764643	17.1917859212299	13.2610392479316	-0.978051594337075	18.2210001350031	14.512773184294	-0.760340474171484	17.8477714314702	13.9592150440428
NEGR1 PSMA2	-0.72218534050717	17.2409770866076	13.6373171597254	-5.50929509407365	19.7617989312087	14.8510663620088	-4.30657112008489	19.9982271130314	15.4965154227868	-2.28903156453015	19.055200957758	14.7898382385602
NEGR1 PSMA6	-1.09365594361569	17.5517884196586	13.6856478358642	-0.956411289361635	17.5184655849237	13.0902446378303	-1.34523007890205	18.3540680499028	14.5913869260056	-1.00064159947645	17.7786149098429	13.7805529647807
NEGR1 PSMD7	-1.24270798639503	17.9940026156462	14.1312858462393	-6.78342643029594	21.1021555614485	15.8064226816485	-4.40797725338747	20.2980483368982	15.8714100979235	-3.40867874459214	19.7927590062845	15.3819869276938
NEGR1 PSME1	0.0481710315260501	16.0390128851765	12.2209845620395	-1.89853147076459	17.9655158992459	14.0889785682141	-0.868098519291845	18.1379513638076	14.2099783705303	-0.628270671928653	17.2811614534486	13.6853513589309
NEGR1 PSME3	0.0401337992819385	15.8982981175136	11.9660251294541	-1.03267103424262	17.7243351965387	13.7166431380076	-0.610568214335736	17.5306266495153	13.9607847830975	-0.496962790098894	17.1764059952141	13.2635978337118
NEGR1 PSPN	-0.310526333715426	17.06238262815	12.7650684280669	-4.49620803189778	19.9540726700838	15.3113913667927	-3.22719026675397	20.0164564962514	15.7111559688371	-1.68400620383202	18.7601678167271	14.3742523352262
NEGR1 PTEN	-0.619812516878804	16.8942611368598	13.4010750971571	-2.55575815334092	19.4150466324984	14.2634705450272	-1.60980067294204	19.3736131086699	15.0968437071486	-1.4651194979383	18.4859043460329	14.2212283710017
NEGR1 PTGS2	-1.06978313783211	17.7034112455751	13.9965818254421	-2.03298537981022	18.9976606239411	13.9771483565975	-2.73222483473729	19.4656374112264	15.4833061900306	-1.6542732767541	18.4128490804687	14.3558952767125
NEGR1 PTH	-1.00276462164565	17.8050664918552	12.9101471512963	-2.39526362024361	19.4029229829405	14.2140724982434	-2.08725286177303	19.3093319720133	14.5856181320371	-1.85609979341181	18.9261527071335	13.9148657225642
NEGR1 PTHLH	-0.27867010509459	15.379491977359	11.6331513708171	-0.391881942085135	16.8481939220489	11.6415638785534	-0.620764632609448	17.0985075496367	12.9583186591225	-0.427337376357181	16.5507241231306	12.0707040472462
NEGR1 PTK2	-0.0649054411895349	16.3033374993318	12.4850055955102	-9.29380480574084	20.4029941709844	15.6140800206724	-1.69507468458613	19.3944487255675	14.9821871497933	-1.52839534916644	18.8882024074729	14.6768813811758
NEGR1 PTK6	0.0975328947999221	16.0454557273623	12.1753107136861	-4.6695094359289	19.1299799779956	14.74869432466	-1.64414624914689	18.6430124569371	14.4105504048151	-1.28147327277437	18.2992380577337	14.0828745769846
NEGR1 PTN	0.669799242228623	10.5064816266233	7.67166730260694	0.637666969400763	10.6979965441094	7.71333745699237	0.624913079992183	11.1252373782508	8.28135102893984	0.670785904241884	10.5343941031467	7.70533773666092
NEGR1 PTPN1	-1.19352085989163	17.5913200057335	13.6493385905951	-4.55387597149389	19.8025223226273	15.0798988479706	-3.52764335355721	19.5165169636291	15.2698058150615	-2.87196407255352	19.141603225587	14.8290593712363
NEGR1 PTPN11	-1.01846612373722	17.2020296143039	13.4067492941372	-8.21386832006803	20.6364431739181	15.6251211284783	-3.24109249414389	19.5804208550609	15.2371840618943	-3.45914478806633	19.3319913699167	14.9283701156988
NEGR1 PTPN2	-1.06302483925146	17.3736112679581	13.3210447083604	-13.2124878345416	20.9609988385596	16.3232947152434	-3.82672180890329	20.1015423843726	15.6260206125018	-3.58555239132554	19.5026567590117	15.086305793306
NEGR1 PTPN6	-1.33922566384781	17.8970271043544	13.7693197536715	-9.94460370921561	20.8437255915179	15.7820951742191	-4.09307425414458	20.3381739236603	15.8796937412417	-3.31540613749052	19.6672889657095	15.1327863113609
NEGR1 PYY	-0.47876726834827	16.6225678955986	12.6135439284715	-7.3153209894031	19.988133229884	15.2375585481752	-3.08308709330878	19.8383998474604	15.4018913263947	-2.34124408758795	18.9771446776948	14.6745651946415
NEGR1 RAC1	-0.562720758387745	17.034895111607	12.7832478968698	-3.67925265112535	19.4435818006292	14.9007666389763	-2.97535753146843	19.5755208618861	15.3808155224084	-2.16782924005651	18.8154729102289	14.3161713355092
NEGR1 RAC3	-1.55183250146755	17.6653214273625	13.8063396025953	-2.91728143126119	19.0732466865392	14.6333657752386	-4.42520210846314	20.2204970773959	15.6282821006186	-2.48549269781046	18.8644925842008	14.7114642549716
NEGR1 RAD51	-0.435958405936924	17.0101635208845	12.9690480028218	-18.7278023560357	20.9542215229184	16.1929452522232	-3.14229960581268	19.8401530042225	15.2942311700173	-2.77840595128839	19.4714463496784	15.006612353172
NEGR1 RAN	-0.848555140488693	17.7199239220714	13.6689724070049	-9.10953709827534	20.8494986190266	15.874697040667	-4.03231561289695	20.3113212117344	15.7339899389379	-3.13854722126134	19.6762359825663	15.1777485965051
NEGR1 RARRES2	-0.106149295668603	15.986522432602	12.5160468984321	-0.92928615020193	17.4381764519668	13.1181055754112	-0.622987767628776	17.4211240122116	13.8481869339016	-0.463072760855131	16.9963830090126	13.1280235435036
NEGR1 RASA1	-0.856822621975175	17.3622159058173	13.2721315986092	-8.84039976204267	20.5428374149218	15.6398177204654	-3.04615300664599	19.8232311058544	15.229557940745	-2.72034743180692	19.3438486456699	14.7984858574689
NEGR1 RB1	-0.798158897949279	16.9854314766125	12.9477948783222	-9.24687351005376	20.2999135204796	15.4132830430558	-3.8702199871356	20.0203985341833	15.4025701663779	-2.90816593320053	19.2081945470711	14.7189741447334
NEGR1 RBM39	-0.310970298819516	16.6545750635983	12.9650079657542	-3.66289305052156	19.2406747035939	14.6526829885129	-1.48549715890003	18.7448998593848	14.3209061784209	-1.48124524341338	18.3029754036307	14.2202340402883
NEGR1 RBP4	-1.03752616514988	17.7494951297835	13.7575169877108	-7.24662377393367	19.8202285306573	15.5452170598372	-3.87215718937453	19.9250287126095	15.6417302422345	-3.55403455446063	19.2800377673584	15.1235576199757
NEGR1 REG1A	-0.325626660464946	15.8703074549078	12.3181464584262	-1.34673414864128	18.761278778997	14.1168355774184	-1.22496563862558	18.0269241353081	13.9590589268745	-0.83967365284803	17.5430143953556	13.5333646283125
NEGR1 REG4	0.126730385996769	14.7460393333593	11.2380090148775	-1.4610383298561	18.31130776016	13.9490759802837	-0.663860658005252	17.4111933036747	13.5325214974221	-0.69978593862143	17.0981187715883	12.9883883226461
NEGR1 RELT	-0.198206663753355	15.9467501823698	11.9267211287743	-0.963233178304239	17.3870410608728	12.0921410747843	-0.835856484166659	17.540888099547	12.615687859656	-0.549838280042082	16.9096605632581	12.250605534194
NEGR1 REN	-0.212528275582883	16.1567247232592	12.5661671443146	-2.35619153994491	19.7288409991027	14.37869177339	-1.36032630864984	18.7240090833939	14.554588719936	-1.23540150294625	18.2200076196471	13.8628079897686
NEGR1 RET	0.548888068402521	12.3508836785903	9.37255844268589	-0.432460013716198	16.3731144106906	11.5819225425189	0.101317895335087	14.9712901870483	10.9759787718659	0.163494011851445	14.7638589933869	10.7674780228782
NEGR1 RETN	-0.452811384149224	16.3134013020839	12.5852796184288	-6.03074599782467	20.6836889704085	15.4330213846964	-3.32050542136391	19.9995280600026	15.3199713865149	-2.03144702966493	19.0540585491121	14.4965015146949
NEGR1 RGMA	0.491626366787613	12.3799513707965	9.50977169610828	-1.73213918682461	18.0114122262557	13.1180657807887	-0.233516878805578	15.8581588296491	12.0823793958281	-0.18889512997917	15.9644705982777	11.8326448877951
NEGR1 RGMB	-0.56121372560181	16.4984677585746	12.9504550477063	-9.22573047235142	21.4850031862576	16.0400908726665	-3.39231051680958	20.0439608378511	15.4570331839708	-2.71663256574887	19.3584910067642	14.8684040901509
NEGR1 RNASEH1	-0.533721560477582	16.8309919484987	12.5313030970672	-5.53544149087181	19.33427696839	14.7703997305132	-2.38118690980581	19.2719940581287	14.842368020818	-1.7988656553848	18.4449221408435	14.0713623247723
NEGR1 RNF43	-0.563459539693127	17.1363453508043	13.4144962907775	-11.7231212648907	21.2387828031506	16.1670927938052	-4.70670503890458	20.5880446195395	16.1032031703238	-2.69138014749326	19.5055166098696	15.0577083918133
NEGR1 ROBO2	-0.635914592963724	16.9714342880662	13.0380702189396	-1.56650592650684	18.6294925962966	13.6558299476912	-1.33790398717757	18.3750284589473	14.16028542816	-1.0782686696318	18.053469048066	13.631647011395
NEGR1 ROBO3	-0.479380833833349	17.0511797927903	13.300687342459	-6.32316422849027	20.5025906005831	15.8689169294602	-2.55765900311964	19.552259748369	15.1554064285997	-2.37922114197053	19.2085500987902	15.0067830134355
NEGR1 ROR1	-0.6377317393685	16.4815740239332	12.8905619063884	-4.5731245022188	19.662553916368	14.669968075704	-1.81596270662847	18.7572024953343	14.1636386521711	-1.91210141481346	18.3429726882937	14.1378137704787
NEGR1 RPS27A	0.0245028829738262	15.0649657913683	12.0914652796623	-1.06465809414284	17.3529748961308	13.434078309323	-0.690559904558067	17.5777860848377	14.0686291423709	-0.452064611296383	16.5107217543337	13.2276069132456
NEGR1 RPS27A.1	-0.117669574287122	15.7808291334757	11.9015508505126	-0.89112138691268	16.9566300987283	13.308666171567	-0.319078848649413	17.257076903187	13.3777884079032	-0.554074689308553	16.7645730616436	13.0017597186105
NEGR1 RPS3	-1.2556449676963	17.6627136913921	13.6175866007431	-2.29778907194621	18.9118850822065	13.6556920951915	-1.76911876924338	19.2138647590895	14.4991404252666	-1.87650196791453	18.6029160041877	13.9970321876624
NEGR1 RPS3A	-0.408363466552036	16.9671050015943	12.9970506018697	-5.74717037220272	20.3825074112168	15.3099607980689	-2.98426891025258	19.4078412294985	15.3607783811602	-2.14901506851809	19.0357386314706	14.5724270400317
NEGR1 RPS6KA3	-0.432279183472863	15.8401765540704	12.3311113371931	-2.57387565263041	19.3704600253929	13.986299841419	-2.49698820838524	19.4019157318446	14.9078912382223	-1.60202599995439	18.2603222430553	13.6669751742948
NEGR1 RPS6KA5	-0.588152696022098	16.5357555195982	13.2531440815169	-0.784230154187617	17.2839117360947	12.9715729350163	-0.89286262940713	17.5872392981373	13.8948265896078	-0.659679896741397	17.3423051570048	13.4552743538945
NEGR1 RPS7	-0.851630830755636	16.7942138002878	13.3317937958004	-1.24936145729732	17.489198862213	13.834146131294	-1.36235874669893	18.0698033880884	14.2635877737253	-1.12300449499631	17.4779696560602	13.9476243253214
NEGR1 RPSA	-0.94178595110656	17.3973104773732	13.1706962534956	-12.7220008638017	21.4012966813189	16.0618460786735	-3.42659321512999	20.1996036426938	15.4406853995296	-3.20281904167286	19.5824999900241	14.8232990307225
NEGR1 RSPO2	-0.430336841733161	16.931175917367	13.2750741572143	-2.18432887677716	18.292637131424	14.0132776762368	-1.48794301405997	18.5371980934579	14.7000883242496	-1.28376440610308	17.9029215714557	14.0638012785933
NEGR1 RSPO3	0.341395913748179	13.5651792121244	9.85126196558433	-0.00650372616955663	14.6433598220957	10.3637197920089	0.268459696912979	14.2073213666788	10.35484448316	0.225512312811739	14.131506553416	10.2743304767187
NEGR1 RSPO4	0.292582363190285	14.8025191208984	10.4093300630789	0.199904948153015	14.8341911962028	11.138878084006	0.215104234785945	15.3836379990849	11.4147084759161	0.286019913798223	14.7819530098191	10.8981033485619
NEGR1 RTN4R	-1.36219490921034	18.2941209086699	14.0787992279931	-7.72036936660962	20.5722259239975	15.8814306465674	-3.42827031317171	20.5317483855899	16.0298126744499	-3.09925741168832	19.6244607408403	15.2243480216248
NEGR1 RXFP1	-0.440035798941774	17.0259988502989	13.209656179792	-3.80804777597324	19.5186106304438	15.0080929717693	-1.65499161924278	18.7249719654473	14.6874264876399	-1.57175700156535	18.4589990933945	14.3072417629319
NEGR1 S100A12	-0.7148903545326	16.597464589116	12.9252246330528	-4.24131478192594	19.3887827134449	14.9772369613218	-1.78250917486903	19.0035621697391	14.6900667083624	-1.85851434717561	18.4655257451191	14.3268219639583
NEGR1 S100A4	-0.72169524614348	17.0762208588814	13.4131317051239	-6.10762146871208	19.8007748003508	15.3658331898119	-3.4426377706604	19.6756999518269	15.3892773868311	-2.69405844294936	18.9676796163654	14.8742669171153
NEGR1 S100A6	-1.27159248048366	18.0610116391475	14.2285835089547	-1.98374068408531	19.3018951895824	14.0303017649758	-2.71652339020325	20.0463721533325	15.5390064613162	-2.02822500307777	18.893931429092	14.5104447199446
NEGR1 S100A7	-1.33740247873547	17.4769694664531	13.8596312524217	-6.64238044479767	20.6998625838739	15.5377346219609	-4.30467837470049	20.1521067723309	15.4701279543072	-3.11895004813725	19.6182925221877	15.1108695497299
NEGR1 S100A9	0.0778420450005735	15.1476361745727	11.6709459805118	-1.36016021040576	18.3819453547065	13.8428191124331	-0.9643650971887	17.8454138831203	14.0565372423945	-0.567998488462745	17.1053737597286	13.1780104484698
NEGR1 SAA1	-0.131436743231105	15.8279794684968	12.4800404588759	-6.69065157338709	20.4008947589727	15.9705718781421	-2.36821125550871	19.4166601965422	15.1247922713711	-1.46561809808873	18.7379992955071	14.6923062742354
NEGR1 SBDS	-0.771965258005681	17.1745452064013	12.9930593452788	-2.27121280782737	19.2237013795005	14.2134397193386	-2.39248113517993	19.3520263689295	14.907434306057	-1.47739848294041	18.652521122266	13.9816554302051
NEGR1 SCARB2	-0.36458560379648	16.5688126988511	13.1466117049159	-6.30946139850198	19.6913914750182	14.6344155079509	-2.76336080420222	19.5386937364315	15.5628127552549	-2.01680758925384	18.9080559244459	14.7919302517552
NEGR1 SCARF1	-0.14140189838783	15.7244912226295	12.2742412899156	-1.18775423774986	17.7772835274002	12.6587955812536	-0.613421486674176	17.138511240117	12.9269558004091	-0.632402370939736	17.0220571705899	12.8442736599892
NEGR1 SCARF2	-0.702084333664861	17.4979164504706	13.5119392003275	-4.68163465882433	20.0707893921367	15.5713705671582	-2.04011776565621	19.5448762122359	15.1644421241395	-2.3716414417747	19.2149977123623	14.9115732992413
NEGR1 SCGB2A1	-0.2735251888148	17.0001117764929	13.4333642803332	-8.22507065096153	20.4550036763846	15.3683245929842	-3.00061730179302	19.3936811280013	15.3790913612561	-1.73613153094594	18.9954969409689	14.8350026131362
NEGR1 SCT	-0.446814088810652	17.1895700146714	13.0466120013917	-8.02442833380647	20.5210708021409	15.8911944349701	-2.60643082761085	19.8462130616529	15.4336987502789	-2.00087607373257	19.1224882217903	14.7596105348414
NEGR1 SECTM1	-0.445457715065934	16.688529242154	12.8076279259768	-1.69915283542199	18.7807445226728	14.2180480139783	-1.80304874703144	18.8986738027668	14.7450712930892	-1.03813361014236	17.9981718032257	13.8338579981063
NEGR1 SELE	-0.271141006000335	16.478723276026	12.9387640104946	-4.75113256461085	20.0449704199756	14.7012760794479	-3.11787846428184	19.8213274710542	15.4590900790084	-1.87871007477864	18.8174681548837	14.295176654621
NEGR1 SELL	-0.213115258875832	15.4948710760458	12.2701874976451	-2.69459242382163	19.255172979161	14.6713879698165	-1.45111647325948	18.2796197403869	14.3536723846758	-1.15762134943131	17.6935522306761	13.7354346732224
NEGR1 SELP	-0.483031904180976	17.0832644534537	13.0795348420618	-2.7313057901544	19.2045301418388	14.3066160783828	-2.39102577508522	19.2492111232125	15.1505107486123	-1.46686953798875	18.4608536386409	14.110355576672
NEGR1 SEMA3A	-0.0752488878016246	15.9280837764209	12.6221229259793	-3.15684648367694	19.4642953393217	14.5777305002022	-1.54283878244091	18.8026236488421	14.908179812401	-0.890858692433788	17.8327279235642	13.8275214807515
NEGR1 SEMA3E	-0.316476454283434	16.4442899009731	12.549956845114	-5.6397266293226	20.0344273900099	15.2102797196263	-2.32088058938856	18.6776136696939	14.7875848939748	-1.40205595133957	18.4766393220402	14.1739385431588
NEGR1 SEMA5A	-0.879621900180001	17.4137626901194	13.4683671629128	-7.31738474708718	20.5441434703285	15.6935550960374	-2.61092685670061	19.7376481451447	15.071286491372	-2.94609467553838	19.3788196657817	14.9573841402434
NEGR1 SEMA6A	-0.28323771458527	15.9790382277017	12.8573177972586	-2.18786722257935	18.3019767894423	14.2169408548834	-1.06007402891474	17.7404326675927	14.2219016900574	-0.989100555535231	17.4630685115924	13.9078596756042
NEGR1 SEMA6B	-0.827057453433956	17.1793462639234	13.5270855742056	-5.17308384166537	19.8208857343696	14.9810719706957	-3.44299757567552	20.0022192807001	15.6090953780446	-2.08937435467379	18.8496034184511	14.6220399310532
NEGR1 SERPINA1	0.153361049486586	14.7333130541354	11.6340733991455	-0.448296894098992	16.9341270900421	12.6623635044699	-0.327252719352989	16.9499910064444	13.28700821496	-0.239552590868515	16.3197099889193	12.6056716035825
NEGR1 SERPINA10	-0.878247544627717	16.6891303301574	12.5458419962355	-4.58216714828206	20.3657912568219	15.1935785870645	-3.61172731213663	19.6353836959321	14.8232455526985	-2.46530271312814	19.1299111982102	14.2521264050382
NEGR1 SERPINA3	-0.98825664925448	17.5004023155951	13.5212705123552	-6.24820084719483	19.8718016319369	15.4480274894923	-2.91925498975831	19.7135175937344	15.3474524145177	-2.79467519076459	19.3305858080226	15.001280033848
NEGR1 SERPINA3.1	-0.176347920226918	15.8115771836836	11.8750379724232	-1.42503231773866	18.8883620311124	13.3906948361723	-1.19024342985025	18.511426231969	13.7234009109879	-0.887138683832243	17.7960358802486	13.0394342591475
NEGR1 SERPINA4	-0.570697032694758	17.0376389975261	12.4992517058394	-8.04146250307724	21.6254937856367	15.6837049787345	-2.45803678956194	20.6808058730109	15.243625952511	-2.50671476828451	19.605725800454	14.5478985730252
NEGR1 SERPINA5	-0.71189130595826	17.4391687704342	13.5882111858786	-13.3078499443197	21.0020206081294	16.2480523423422	-3.23919195228263	19.9269657655818	15.6529728866412	-2.87164984292096	19.4584467963742	15.1140870234148
NEGR1 SERPINA6	0.0106158137668499	15.7342599643143	12.5324974332124	-2.86711235559395	18.9703728558119	14.6304155002884	-1.2429613561011	18.4235235050437	14.6863225291075	-1.06279779612766	17.7629380020264	14.0374969028049
NEGR1 SERPINA7	-1.06232306370805	17.4644913531888	13.1569534279158	-6.38795640523762	20.8391857324432	15.5700936689297	-3.74921334960387	19.9543409425218	15.3018459085553	-2.83400327991386	19.4526788580986	14.6684474263993
NEGR1 SERPINC1	-0.0659829618055603	15.288619051439	11.5875467487738	-2.14083853009309	18.6727012116837	14.2858657215198	-0.818490840982025	17.7653338269327	13.4134487615701	-0.809014704364082	17.1983409789645	13.1274654017716
NEGR1 SERPIND1	-1.34621119445716	18.3399577111973	13.8670098324235	-3.47945806795436	20.4059394772353	14.686672054212	-3.24348539361945	20.488907035785	15.3479140752996	-2.49679623346677	19.6637368920654	14.510561986533
NEGR1 SERPINE1	-0.491379641759958	17.0198889644379	13.0002849217548	-3.8828175339548	19.4563794660685	15.1391281244383	-2.86052161942125	19.5055059269376	15.3523392473242	-1.51636126992517	18.4505702505072	14.341712253714
NEGR1 SERPINE2	-0.575095732040354	16.8830988990016	13.0103118593936	-1.60187745710875	18.5270212904451	14.3916638614001	-1.23800085030241	18.7158844906007	14.5840525048794	-1.07454143650503	18.0549081635386	14.0810404983281
NEGR1 SERPINF1	-1.09914070739082	17.7364296543734	13.3305825913926	-5.56545437388842	20.0034679590438	15.2421042383367	-5.54924368617483	20.3081366673593	15.7350510291168	-2.84378009532231	19.3800364296119	14.7355048415953
NEGR1 SERPINF2	0.278995137938709	13.3327286420797	10.0402454852964	-0.971937758612269	17.2839949747678	12.2584293398621	-0.262251352140947	15.6205945325501	11.5234978976817	-0.282382029853018	15.6424278576783	11.4697707940939
NEGR1 SERPING1	-0.664548618445278	16.883016179895	12.9770141744762	-6.06987492383478	19.8623818999521	15.8059054978622	-2.45554119912051	19.1015657792742	15.1002813529431	-2.46753767699466	18.982020174703	14.9113076356409
NEGR1 SET	-1.09096137948837	17.1446715968082	13.552934465297	-6.50266911661865	19.9930426968171	15.3464990635261	-3.42207552344495	19.7207417607301	15.5313714541291	-2.88029746150801	18.9420394929723	14.7665332165867
NEGR1 SEZ6L2	-0.633375329563799	16.8568102059781	13.155427226285	-0.928069927276767	17.8237043382284	13.1098415543641	-1.11748681435648	18.4510322928489	14.241771148194	-0.900801591000923	17.6947736327826	13.4795290330149
NEGR1 SFN	-0.490473775865636	16.3856099951877	12.9157424153991	-2.00063234050841	19.8331014729971	14.6702370331829	-1.72624324297892	18.6536620663182	14.5557201357221	-1.17776964809661	18.549345469258	14.2246736772673
NEGR1 SFRP1	-0.404599392443047	16.6409326976934	12.8212868344962	-2.15524446264055	18.9268669075022	14.159503173341	-1.87558607003293	18.9947690886322	14.828289438818	-0.912960202086717	18.0668028017407	13.7753833261332
NEGR1 SFTPD	-0.00940637807679745	15.5289517307243	12.3086293752396	-0.944272874960997	17.5938416572182	13.0661777916786	-0.60977687284934	17.3503529370416	13.8133661347184	-0.403677939828329	16.7169334369498	12.9992138532612
NEGR1 SGTA	-0.764767704336415	17.0607013976561	12.9103723711739	-3.04835156979295	19.5561212000702	14.4525099995788	-3.93050988688845	19.9426009149388	15.2959311020322	-2.08633671026825	18.8218688211603	14.1880707908682
NEGR1 SH2D1A	-0.608601627366553	16.9080836910592	13.2532126710878	-3.74164937675134	18.9165432348034	15.2093170745654	-1.7817117785029	18.6155308827362	14.9788639169391	-1.68558457573666	18.1923689355099	14.4536132570695
NEGR1 SHBG	-0.186938549491656	16.0076829657668	11.9948495626504	-5.99710926891128	20.3780026639205	15.2207890486528	-1.93329906809615	19.1170376439337	14.3441589248187	-1.52337093514847	18.692605167878	14.0253299650569
NEGR1 SHC1	-1.69785360194839	18.0261348546326	13.729549584385	-1.77175547612153	18.8367102840787	13.723340585309	-3.44687325442699	19.6562437455496	15.1075464668054	-2.15338129762808	18.8349225979462	14.1824079931015
NEGR1 SHH	-0.0214992810826202	15.9443481093823	12.6890469344789	-1.5627838420831	18.1808982915844	14.3376985041969	-0.839757490677514	17.6752368389929	14.0981334057348	-0.659454724981905	17.5110203790172	13.9815876728109
NEGR1 SIGLEC1	-0.581779587768922	17.6767083968746	13.6503029235653	-5.68842530017015	20.3905798790135	15.3854481647333	-2.7923353581222	19.868064407655	15.5133569865872	-2.09280686049222	19.2149763324192	14.7937016763492
NEGR1 SIGLEC14	-1.07710858777039	18.20462141038	14.082575959382	-2.67133390513762	19.5535723884673	14.4623556931068	-2.30725759812834	19.8226609608007	15.3052553045472	-1.7221379425151	19.099021766215	14.5350631660586
NEGR1 SIGLEC6	-1.05606746560746	17.5212466867401	13.7605118934107	-9.03467361970742	20.5894347189028	15.7991001100817	-5.02410429000801	20.0999435561007	15.7869306934113	-3.16095961277691	19.4521388982285	15.1224049296623
NEGR1 SIGLEC7	-0.975034834661522	17.7091807629474	13.6154862104068	-6.7296742623169	20.463372905219	15.7533828760712	-4.12154697779399	20.2869629347456	15.8041143626551	-3.1524594800513	19.4904286921028	15.0729812718296
NEGR1 SIGLEC9	-1.01732972379529	17.9068294220632	13.8939352875691	-7.99045359669278	21.1364653130913	16.0290894853493	-3.29404447355181	20.2384077296388	15.584305363664	-2.95387336601115	19.6796203118958	15.1279001132959
NEGR1 SIRPA	-1.25251386369146	17.9500623459753	13.7906299829709	-7.4533313001308	20.826041116323	16.036736312279	-3.66690795825279	20.064096839908	15.5017780415317	-3.098994456353	19.647182233636	15.1640481783785
NEGR1 SIRT2	-1.24780384526564	17.5360337235977	13.8760487284639	-7.5351661154503	20.289546914773	15.4886621171097	-3.74680170324456	19.6567483938812	15.4137772849696	-3.15316257703724	19.3970788765086	15.0420632169742
NEGR1 SKP1	-0.426864190578422	16.8329944671451	13.4948056309655	-0.588086538407927	16.5578985301687	13.0316644724993	-0.891232422860343	17.8945215788574	14.2570952721143	-0.527624099920132	16.9309503121572	13.4975098497051
NEGR1 SLAMF6	-0.917693778237024	17.2790602453661	13.434532954754	-8.35201611827131	21.0169686186733	15.81369750033	-4.17027445950572	20.0455380082841	15.400556039044	-3.08171887942457	19.4954442324247	14.9409534298615
NEGR1 SLAMF7	-0.309196479182681	16.2142081412149	12.4393978484605	-8.94607487176839	20.936336364355	15.9821844856322	-3.17923117027774	19.8946300726721	15.5300283275262	-2.3666501959363	19.1142921763579	14.6312895735342
NEGR1 SLC25A18	-0.445183027437437	16.3418129492086	12.5672063695099	-12.1604739822904	20.9074072364645	15.9007257986972	-2.51815084399478	19.967854145045	15.2524554236729	-2.70407401307083	19.2395135429692	14.6938855597643
NEGR1 SLITRK1	-0.38664091716876	17.1956490786537	13.271151473627	-2.19683398719348	19.4827650432404	14.6380464305893	-1.9616957928806	18.9067053037848	15.0208579514888	-1.32229347895331	18.6105194987202	14.3286858375991
NEGR1 SLITRK5	-0.681647273394854	17.3834644525597	13.6028292978057	-8.18505587287131	20.7636867562432	15.8795470365585	-4.36795550483932	20.3760610948805	15.8496614930422	-2.52959650724086	19.4352273107556	15.0040931342798
NEGR1 SLPI	0.227143782309987	14.3778678383409	10.7524405903351	-2.91596453335744	19.5026507058031	14.0055637481754	-0.786375255082032	17.6124927746624	13.1494139830025	-0.627355280557993	17.3197921345694	12.6963791983464
NEGR1 SMAD2	-0.577078469124921	16.9330906753169	12.6268297173588	-1.79035304058195	18.9764805081698	13.5946199406757	-2.10358273190842	19.483097280529	14.9907529937983	-1.32189670800955	18.3818147522762	13.5750336151162
NEGR1 SMAD3	-1.0011297105967	17.4998128332322	13.1283941426945	-2.3109393153416	19.4613870170917	14.1910898036767	-2.82030382882055	19.837006340563	15.3894712927079	-1.79280928095651	18.8191168435732	14.0803442826676
NEGR1 SMOC1	0.235379964803708	14.1931134393314	10.0005708224357	0.1318689254637	14.5787906321326	9.84251184821059	0.175011249800361	14.7609464539069	10.2124200088732	0.211493908369392	14.3373753640342	9.95773976827009
NEGR1 SMPDL3A	0.0248083853283221	16.7436657166131	12.7156210580121	-2.6721042164173	18.8334582381556	14.7661893486404	-1.03797791633745	18.7591522567177	14.9494024855306	-0.948403466539578	18.1665066434573	14.1800734287665
NEGR1 SNAP25	-0.365515339113692	16.7955278869379	12.7979340694856	-14.8148549815107	20.7436635261136	16.1368837578241	-3.15311668898177	19.9100317785859	15.5337112976036	-2.47565429699118	19.225788091408	14.8092040794752
NEGR1 SNCA	-1.07444407899225	17.1033599777527	13.2726867509101	-3.27045957740421	19.561838715919	14.8418517932461	-1.92621296113181	18.9752429291656	14.8271927304615	-1.78597641097138	18.6668160515416	14.3666877153219
NEGR1 SNRPF	-0.487589158591997	16.8491122628934	12.8235114383666	-2.98967106608071	18.9229605192608	14.6475903494455	-2.23158368084845	18.9919859684774	15.3649175006646	-1.31682664904946	18.1762216539858	14.0798821013878
NEGR1 SNX4	-0.593258056532552	17.0017637503996	12.8764829822099	-3.44004301680063	19.6087909362731	15.0273932040128	-3.48806923908366	19.811570397329	15.4222605941249	-2.09714463113756	18.9023273126253	14.4583145151292
NEGR1 SOD1	-0.687868332577838	16.9224222869273	13.2198154201678	-0.474468592792224	16.7926625166588	12.5488951340834	-1.13831003961981	17.9003734490872	14.1702153232476	-0.661134009291729	17.1280793229006	13.3406063915056
NEGR1 SOD2	0.122285631192313	15.3971229295807	11.7150168363789	-0.471549212983506	16.7867868482282	12.6834641651465	-0.439958277027264	17.1643203736964	13.1519255252052	-0.105481717977257	16.2815222357372	12.4810135557233
NEGR1 SOD3	-0.680859169076222	16.9221219389673	13.0847755019479	-1.44413361860764	18.3747816808531	13.5725042226941	-0.993409843991559	18.3523252991568	14.2822119432457	-1.11754532096906	17.8514243484871	13.5459825279615
NEGR1 SORCS2	-0.364617383999644	16.8150949217715	13.0897473423412	-4.43393007133845	19.7891382190031	14.9204484657232	-3.02251779504421	20.0238435744179	15.6042607052609	-2.06505132835906	18.7930356176449	14.4206781650205
NEGR1 SOST	0.549776128192659	12.2387840204442	9.14505701287931	-0.867521476811357	17.1478197273908	13.4514011255425	-0.194460524610476	16.6721323062362	12.9024487368239	0.106015607447992	15.2645397258745	11.5531400407518
NEGR1 SPARC	-0.504458130774017	16.8243482283236	12.4801504494737	-2.33850836332097	18.6283766815733	14.2151410913515	-1.59552850597596	18.9927165371011	15.1541570324992	-1.11856529741172	17.89217023102	13.6195395696591
NEGR1 SPARCL1	-0.885697390183575	17.5042708149151	12.9983562157023	-8.62936608315611	20.412549649886	15.8972504207261	-2.99091994139174	20.056491303394	15.8444150431504	-2.70828319203089	19.228790639773	14.8224397372187
NEGR1 SPHK1	-0.679590439711162	17.3184160885518	13.0862582146157	-1.96928265946655	18.9922460888731	13.6812094986277	-2.0284074766776	19.6729398066096	14.9469592326167	-1.45237789859049	18.4841021696578	13.7564064886613
NEGR1 SPHK2	-1.27019399114349	17.9578555981093	13.8281105595363	-6.65771913559103	20.6587181233505	15.3780001215434	-3.25865724310563	19.6409014332804	15.2951105414461	-3.02531339068107	19.5404802819649	14.8896515200997
NEGR1 SPINT1	0.36578413887968	13.8473326856843	10.8388445124089	-1.19332377363852	17.2888977195965	13.7468881664978	-0.29511174839084	16.8601263789374	13.1350474820212	-0.0970683864677551	15.8849864099048	12.6016324200711
NEGR1 SPINT2	-1.56474825735187	18.1818557246722	13.781031580267	-2.59403324037834	18.6825860613541	14.111123465419	-2.91680627505453	19.593889142058	15.1147243989033	-2.142515086131	18.7883970028938	14.334089129888
NEGR1 SPOCK1	-1.22328826005941	17.8083054874557	14.0492813831417	-4.73578889192985	20.0234844285281	15.6941625548138	-2.59376324660656	19.5580567256927	15.4597188712536	-2.76337327991063	19.200763939496	15.1311328188298
NEGR1 SPOCK2	-1.53485929334228	17.9472242070052	13.6577516850049	-4.15269457424014	20.0065286857446	14.9851198176044	-3.21979560137242	19.9866077992127	15.0270706843631	-3.06680751896235	19.3653001302416	14.6473003568779
NEGR1 SPON1	0.193617986906252	14.7495263415863	11.0328812663526	-0.871611588564614	17.5159446376767	12.7626599384582	-0.443201670715728	16.8784883980508	12.783726257854	-0.26032635808179	16.2350425816315	12.1371061609211
NEGR1 SPP1	0.0602471132326223	15.1177362737261	11.075372553539	-13.6424953357288	21.0854504429625	16.1378375559172	-1.33292704633227	19.4106220201557	14.5706935159258	-1.54065442042392	18.4822949996547	14.0503912916871
NEGR1 SPTAN1	-0.648534009882979	17.3675393080693	13.3808705058284	-10.1785788929895	20.4667574281114	15.7372757989195	-3.81993410101814	20.4736913989712	15.8619570467912	-2.18526605432491	19.2783444068533	14.8471153328364
NEGR1 SRC	-0.773339847204328	17.4806209709484	13.2385359118915	-4.82864031516856	20.6882205669305	15.3623842365577	-3.12319001461112	19.8687084498535	15.5223000444708	-2.3011657373034	19.5468503446754	14.6925508762586
NEGR1 SSRP1	-0.241390811770412	16.2698718299835	12.6431254000954	-6.70323309487036	20.0663650223364	15.7485307324708	-1.77926440307742	19.0593844484702	14.9037765855837	-1.78811860778662	18.5957159915324	14.5074103681639
NEGR1 SST	0.164564540638991	14.6199090202043	11.50061291292	-4.42317410750424	20.0909733043171	15.2524376425237	-0.922348708065432	18.5354924225091	14.2697975362961	-1.01999703502935	17.7121734884504	13.7050644374778
NEGR1 STAB2	-0.93583696471049	17.1073385707717	13.5575781559679	-2.96127496104381	19.5806902372674	14.8318604057621	-3.00641725892391	19.1229224334326	15.1390439983352	-2.22456388854693	18.8078017817995	14.6563800430715
NEGR1 STAT1	-0.531070086534283	15.8067529242602	12.2696394871052	-0.959409109397654	17.3124742776438	12.718721406994	-0.918785351688075	17.6430274659715	13.4346901229769	-0.68541584472159	16.9756754074216	12.9898024698929
NEGR1 STAT3	-0.640748591594327	17.3877435987103	12.8916598347953	-2.69631934369596	19.1912152522804	14.1148855125675	-2.75758395261196	19.4010987389067	14.8606158299271	-1.93889355098665	18.7478990422903	14.1781151589075
NEGR1 STAT6	-1.35696771372558	18.1300679892245	14.091194076528	-6.5274697849031	20.1699357138028	15.6396598172799	-3.83929027325016	20.0194865769545	15.8498060903554	-3.15366297810889	19.5405408960077	15.2371480945284
NEGR1 STC1	0.0152768511528432	14.8650890003875	11.4588919562212	-3.5297083080226	19.9282694362641	14.6345740102679	-1.23276705456001	18.1031265699686	13.8299931641381	-0.876841118035949	17.6672660483446	13.3002911417339
NEGR1 STIP1	-1.04842856076867	17.3878673784766	13.0887786678238	-3.27973203556263	19.7721190466674	15.1486223580378	-2.84531369381412	19.5401259605189	15.2270426361102	-1.83806878239198	18.8714537740987	14.4972340825169
NEGR1 STK16	-1.41345408316531	17.9226965695776	13.7418188533349	-12.2939726787857	21.7214442234012	16.362999366436	-4.31591559453406	20.4532393576859	15.6568377998594	-3.95217637971218	20.0192749213127	15.2537025123418
NEGR1 STK17B	-1.59528349827239	18.2765708007028	14.4849544848964	-5.36911199771699	19.7430041890546	15.1459869911484	-4.10813983225772	19.9193387988917	15.7084856033479	-3.43300245788955	19.3880955465469	15.2122472062165
NEGR1 STUB1	-0.517985495562757	17.0621185436885	13.5153993995801	-5.51799076995661	20.2966503183479	15.1705677259769	-2.97995829104289	19.5248457884263	15.3129239485272	-2.25164609558023	19.2183965980257	14.8454120377997
NEGR1 STX1A	-1.85478770693667	18.3753222123641	14.1509164887258	-6.07023028922146	20.5271095279752	15.5610877703984	-4.40044581074526	20.3787613922308	15.8936609197476	-3.67873189192543	19.7825073039776	15.2270223742542
NEGR1 SUMO3	-1.39445346588066	17.7491497317215	13.7122523051033	-1.57063529718332	18.446313139797	13.8663599418272	-2.05457852378338	18.7326906707297	14.7410637792512	-1.56823353828355	18.4036979703633	14.242972543858
NEGR1 SYNCRIP	-1.24933342758385	18.127252693094	13.9207381069708	-2.61758627500264	19.820422296615	14.4915485350725	-3.17722017153407	19.4783366122328	15.4672188290592	-2.05857131161855	19.1034984123524	14.5176237226567
NEGR1 TACSTD2	-0.230493886593173	16.8719908064776	13.1685690878549	-3.86782354428467	19.669119917099	15.4957497301853	-1.62172496257801	19.1718952335964	15.3754115945747	-1.32445371515831	18.47882518932	14.6346583221576
NEGR1 TAGLN2	-0.951891144990518	17.4415951011337	13.7712593176631	-4.81772177581561	20.3317976608053	15.7695977558653	-4.01330526388012	20.0039766916295	15.6929172952951	-2.72895419273715	19.3490925036427	15.1477146989557
NEGR1 TBK1	-0.653325502490179	17.0861760785233	13.019476762072	-2.60650226836894	18.9776529602572	14.5829227463101	-1.47300505192893	18.6445073955575	14.472398654619	-1.50728459908248	18.2982132582167	14.2292654034414
NEGR1 TBP	-0.802171371281549	17.6818983577754	13.7219344145265	-9.32369173639591	20.8845693788193	15.9795215750484	-4.16500580771959	20.0223560122685	15.7335104284666	-2.63868011612839	19.4655172790554	15.1012856106961
NEGR1 TDGF1	-1.25179916925821	17.3943275969439	13.4294565087973	-4.52390521776627	20.6752589278065	15.5198978161181	-4.11886061540632	20.1664722286465	15.6567844181749	-2.85455915596228	19.3790221514173	14.9252197189181
NEGR1 TEC	-1.00094963192371	17.452134849467	13.1176404706376	-2.89318755840027	19.2854919103562	14.2818632413004	-3.25426810687556	19.5568772927303	15.1772940252914	-2.09462022190143	18.6754255139314	14.0966819259728
NEGR1 TEK	-1.09208277584402	17.8132062806686	13.3714385959294	-7.00511547131014	20.9699998860183	15.6510767062953	-3.18930952859787	20.0554144496958	15.0857013898168	-3.17447752119924	19.636148477485	14.7267857442711
NEGR1 TF	-0.232844942514161	16.1518051683709	11.8607071453728	-3.23330831014841	18.9342762421303	14.6088653974072	-1.31206729063086	18.4902857716978	14.3858477038994	-1.13361225387304	17.6197298755309	13.5915972939235
NEGR1 TFF1	-1.04305690144121	17.8857150269761	13.6380387359938	-3.02717597482042	19.5943359159283	14.7610025958595	-2.92826318265571	19.641469664591	15.4235594713442	-2.04152798975284	19.0134682615701	14.5627652000269
NEGR1 TFF2	-0.469860174899082	16.4570412893001	12.8313315970915	-3.73725311284503	19.9874874697505	15.0681377599305	-2.20843718379667	19.1358359216184	14.7522997046404	-1.47950070180077	18.5092942909718	14.1116523897434
NEGR1 TFF3	0.202733799228596	14.6898805616237	10.3994173529499	-0.350971638113147	16.7387681676999	12.0581143831955	-0.0641762089626297	16.3505083009804	11.8508698339762	-0.04159037999158	15.9030114633775	11.5363268377154
NEGR1 TFPI	-1.05944274312907	17.71660824867	13.5791077284959	-3.01644910711445	18.7302788208449	14.4990749706904	-2.95899207237602	19.3250189922221	15.161127222735	-2.02711363105732	18.486092253923	14.3517552543277
NEGR1 TG	-0.450520654018149	17.0859318265293	13.3056177346093	-8.43778270823084	21.3334103926583	16.2113794600659	-4.00766357305681	20.2055714186697	15.8628678399664	-2.50765153458078	19.6923015196801	15.1937613916687
NEGR1 TGFB1	-0.501725526381147	17.0666379473418	13.6044001493623	-1.55438048801096	18.8117595814067	14.4879389607401	-1.61608637010252	18.7882149870281	15.1535667713374	-1.04986917375906	18.2054013938628	14.3494653936654
NEGR1 TGFB2	-0.162268120777529	16.3487448296646	12.8330915163047	-10.705494905252	20.9789170637336	16.2237275545824	-2.39884647743284	19.549252745577	15.4612615912024	-1.78241049915378	19.0042140458949	14.8063225207545
NEGR1 TGFB3	-0.674829000323525	17.2252389972755	13.6142124886129	-2.01715853119993	18.5301028917518	14.2055873296686	-1.99654823581704	18.9578264378628	15.286680647223	-1.50395940717078	18.3410674921865	14.4327943822029
NEGR1 TGFBI	-0.322493197693174	16.7831375438766	12.7410601689875	-3.76164128364909	20.0608394971327	15.2162377673697	-1.84831575242088	19.2267103705001	15.041950160587	-1.37332055533554	18.7635558748999	14.3594836572198
NEGR1 TGFBR2	-0.0337383949832766	16.1109796685937	12.6062078738101	-7.61752707038995	20.4367272533363	15.5558714136689	-3.04469852055702	20.0243777566878	15.5069770232402	-1.56729826661196	18.7523850361405	14.5391583794566
NEGR1 TGFBR3	-1.05234367497409	17.8955299876665	13.3856820837816	-9.61954595090354	21.2222991428601	15.9612841845527	-5.32848649112085	20.6608221772539	16.0090882501538	-3.41690230785708	19.9173337184542	15.0023687635627
NEGR1 TGM3	-0.372293778052599	16.065880211868	12.4816301647252	-7.82550673952139	20.85511612209	15.7023991425964	-2.74377112645976	19.9116595962737	15.3919242649232	-2.15749482191433	18.9738705004992	14.3862084618729
NEGR1 THBS1	0.0842132080066091	15.1995832718013	11.7478270237492	-1.32629979130833	18.0801366369254	13.6626157067318	-0.942613581012704	17.6772162677195	14.4279406188031	-0.539929450850557	17.0082629207411	13.1388648975674
NEGR1 THBS2	-0.125807297948679	15.8736892019645	12.1501805352386	-1.98228257119451	19.1654906468955	13.3894981498031	-1.50040693284287	18.8262201985017	14.2346072901452	-0.917053616700202	17.981629802692	13.097128496792
NEGR1 THBS4	0.247938613107057	13.9648403868741	11.3018910869124	-0.999384032630035	17.3069094414007	13.0086401878738	-0.339817487367703	16.2133645876334	12.6411017579861	-0.242180043848459	15.9558022204009	12.4823797931099
NEGR1 THPO	-0.909484863743083	17.8488510260289	14.0782999928357	-8.90088038634876	20.3754712638751	15.6960441190451	-3.26112047767414	19.3621889388342	15.4078480802185	-2.8445965454772	19.4059618968638	15.1682697408323
NEGR1 TIE1	-1.41504832005358	17.8631027933721	13.2741443111456	-2.61312998428885	19.2775900678785	13.8388049447049	-2.58968369905722	20.0823923230083	15.2884995278165	-2.30118058229455	19.0563279888893	14.1450843997379
NEGR1 TIMP1	0.412334439514749	13.4388062159127	10.3013911814562	-0.814529187486654	18.402436616083	12.5214366888688	-0.0127169707279957	16.4403015744917	11.9410123414159	-0.073970271554783	16.5454987475928	11.7575996181303
NEGR1 TIMP2	-0.400341770830722	16.2217483933861	12.5814033039299	-1.39979562925198	18.2313607679771	13.4632874009431	-0.892106914042402	17.988301517203	13.6543505555829	-0.942038047934725	17.5248833367089	13.2803697769109
NEGR1 TIMP3	-0.313379496806801	16.1753550184875	13.0755409489408	-2.62638885799101	19.4352797205621	14.8009601975115	-1.7929360759842	18.9376446438291	15.1475806718538	-1.52364704035247	18.1847475108574	14.3313092880743
NEGR1 TK1	-1.02227057212202	17.4089838683342	13.4317690261118	-13.9955325429435	21.0545398830948	15.8378493618281	-4.47371729993201	20.212663670609	15.646601960589	-3.87217620821893	19.718636571546	15.1270012782863
NEGR1 TKT	-0.446010042320085	16.8944874809528	12.7340187791818	-2.50143595978751	19.676153334597	14.884153924412	-2.38716107063266	19.4326734289916	15.0359750296619	-1.52515275027396	18.6058186834202	14.2652464136168
NEGR1 TLR2	-0.623664014618399	17.2058848718435	13.2272090932878	-6.87198652507676	20.2797907455092	15.5455269242589	-3.11247903959927	19.8858459620764	15.4763042770201	-2.40891666089002	19.0735868767691	14.712056408324
NEGR1 TLR4	-1.33146539558884	18.210406654753	14.2179529177295	-6.7762601369649	20.7478692339106	15.684864549532	-3.73378555323365	20.4118730828646	15.6958841670362	-2.97487662647876	19.7460903422743	15.1203003728227
NEGR1 TLR4.LY96	-0.372708848957781	16.7558363993285	12.7242054795325	-4.12019840131413	19.6151999916443	14.8712938584608	-2.08789729841336	19.5139159263045	14.9380247331602	-1.64233491361958	18.6036236856563	14.1288934719577
NEGR1 TMPRSS15	-0.0801012842572741	16.7672055140185	13.188673960172	-1.04989641428894	17.9199679634215	13.5333026914041	-1.09015874280727	18.3519070737733	14.7372924367011	-0.721698373637828	17.6252807453938	13.840148602901
NEGR1 TNC	-1.12268977772847	17.3923674259691	13.5968534576214	-3.25448250319796	19.4740215100905	14.7436894076847	-2.55341354970657	20.0776507987828	15.4092791949684	-1.89136613088965	18.7961603221601	14.4651313400728
NEGR1 TNF	0.309706719809759	14.0645313569492	11.1430842645278	-2.32785145046749	18.3348287722547	14.1421625129449	-0.925634600869239	17.6217106831507	14.1782436675358	-0.428830729338585	16.5849558851159	13.0818581712098
NEGR1 TNFAIP6	-0.108636188658385	16.3956841210668	12.2944260077939	-3.09187893914012	19.5274452916127	14.6329865372584	-1.61319362236032	19.0121003172648	14.4872153510714	-1.40760391598064	18.2366474135158	13.7851703639398
NEGR1 TNFRSF10A	-0.632013170691352	17.0701337743414	13.4359617823196	-6.90110610355607	20.1371641041548	15.6505270661947	-3.07008629473989	19.4401797405127	15.3531936585594	-2.40594900783545	19.0808437342821	14.9790597974906
NEGR1 TNFRSF10B	-0.0492665163144543	15.8413260264844	11.8160409807707	-2.33047766929165	18.9171719763785	14.5778202047853	-0.858404142090787	18.117588950796	14.2157025574355	-0.912814265735879	17.7564418770151	13.7402416942539
NEGR1 TNFRSF10D	-0.232513330226954	17.3054781875783	12.8835503994699	-2.98877434266994	19.0658859785561	14.9307006452473	-1.44502051677685	18.9221514398976	15.030886628083	-1.44248560653053	18.5210963610505	14.4426637876813
NEGR1 TNFRSF11A	-0.538308389856713	16.9857273467735	13.3016171169248	-2.08328678757766	19.0483074424058	14.9851803971214	-1.98484018678759	18.7919687634115	15.06831541955	-1.29923253071661	18.2717023657631	14.3909899132144
NEGR1 TNFRSF11B	-0.879081580988966	17.1745120735395	13.5397536041061	-11.4786907941954	21.0562450307963	16.0490683707727	-3.14083536324694	19.5155178983767	15.0878532801622	-3.0134662333385	19.3323856062559	15.0022127566231
NEGR1 TNFRSF12A	-0.587082568579008	17.1756722422341	13.0354354554273	-7.26740657137994	21.104954258965	15.6364054433632	-3.47176540166819	20.0410844232217	15.5908031595179	-2.4016077502998	19.4179774807491	14.7097366720581
NEGR1 TNFRSF13B	-0.0761901550143946	16.0847366046536	12.6773833523832	-2.18465268259663	18.5362081409681	14.0157047848656	-1.15654176649746	18.1233453285812	14.3992790629098	-0.79011521468947	17.6883785641306	13.7609188428552
NEGR1 TNFRSF13C	-0.311377312706054	16.808637214081	12.381367015489	-6.71917913557376	20.5782892784442	15.4933161717846	-1.98606595654788	19.7611437340078	15.0704007768222	-1.85665335271353	19.1047318978492	14.2973439707507
NEGR1 TNFRSF14	-1.16292641324034	17.3539001206379	13.6237496445167	-6.89226756905115	20.1047750955474	15.2381414140355	-3.13509547578429	19.3799444280898	15.3578167170541	-3.06309077480726	19.0329170008321	14.741910805297
NEGR1 TNFRSF17	-0.99814564999259	17.1496633471956	13.4001039721205	-4.70486949271311	20.1654755287819	14.9572439669548	-2.83303882162007	19.6662209211575	15.2596418989506	-2.45608048643369	19.059307062272	14.5422016548818
NEGR1 TNFRSF18	-0.722449214574512	16.6985438462674	12.8213083368492	-5.48452875894473	19.482187538515	14.9636864105749	-2.57064901748003	19.0157299708663	14.8315572854647	-2.57726040111786	18.583803155167	14.4057939670784
NEGR1 TNFRSF19	0.142037654807285	14.8047036693756	11.0540619798204	-1.17059160807569	18.1195579675312	13.3997658021871	-0.31357167617301	16.9414097657199	12.5197818482175	-0.32416746133071	16.7673352805443	12.4150235461467
NEGR1 TNFRSF1A	0.260934764739817	13.9690698365138	10.5743924976968	-0.136885660656161	15.6604308170823	10.9125479270099	0.192949780417063	14.8257226119999	10.8805029328652	0.130929621919836	14.7916645426442	10.8164237082621
NEGR1 TNFRSF1B	0.0479401058011208	15.1076698163175	11.1334147323804	-0.644199433043139	17.0926886704352	12.2547640292013	-0.20830671671478	16.5373062532699	12.0879304297791	-0.253378578585802	16.3421771329588	11.8764667443889
NEGR1 TNFRSF21	-1.1362386741366	17.7185948928241	13.5633614715509	-10.3601600884048	20.6622776065108	16.0543811112517	-3.91358848136628	20.0902255315887	15.7985734110522	-3.62037999691748	19.5600082210085	15.1602192264577
NEGR1 TNFRSF4	0.160607971502427	15.1502516104353	11.5817534773349	-0.797938128422881	16.663260840971	12.4921648688592	-0.11574214810627	16.6876715748871	12.7351937885538	-0.19116723475356	16.146774261842	12.3010380579443
NEGR1 TNFRSF6B	-0.126113752012842	15.9948801895638	12.1529001573376	-7.6575691372161	20.1517658417946	15.4898224850651	-1.7821208942497	18.7637509207519	14.6520719024426	-1.44648036137262	18.3701120103973	14.2564171241447
NEGR1 TNFRSF8	-0.805714239526378	16.8288399870956	12.8039657013037	-1.59904247885293	18.4932267011275	13.6038985181572	-1.66055378235876	18.7373115319051	14.255260934283	-1.2395572473291	17.7872677954954	13.4329444901655
NEGR1 TNFRSF9	-0.531741089374976	17.3663986887278	13.1850731535312	-0.810470352213063	17.450000255248	12.7717634917023	-0.875162679536391	18.1284492300388	13.9230258547672	-0.73084705281182	17.6535642330549	13.2566032709459
NEGR1 TNFSF11	-0.984557191661311	17.3392669761634	13.6607317788017	-13.9217298362678	20.9272973893439	16.2468549907763	-3.34200342681399	19.6052244450283	15.4577483910997	-3.28718307328463	19.4617287426117	15.2048562952744
NEGR1 TNFSF12	-0.368738520283781	16.8668568565483	12.2762428762378	-12.4166827804993	21.2133563445709	16.0771284278015	-3.18905193838467	19.9094306556804	15.5219227094155	-2.37624033585826	19.2526197074191	14.4787295198239
NEGR1 TNFSF13B	-0.737382897803509	16.9496046756934	13.1254071414503	-14.529826059875	21.179746852441	16.1638625969663	-3.93690301582649	20.2216283650846	15.6676852919541	-3.38170621289882	19.5093959636716	14.9691301936881
NEGR1 TNFSF14	-1.18564202346453	17.7163803672081	13.6606702686846	-5.11287463401754	20.0665955163971	15.4079541626786	-2.68144800943805	19.5022418853412	15.2131615271383	-2.68526886641451	19.1502031026812	14.8670065734909
NEGR1 TNFSF15	-0.0210608621499591	15.6601290761322	12.1761578019895	-5.84596381618298	20.7013587443514	15.7721409009832	-1.78408341573291	19.3917856731475	14.7062078064302	-1.74685253823976	18.7166340199898	14.3261962495404
NEGR1 TNFSF18	-1.27101102465605	17.3374709835366	13.400185542656	-6.60589344302401	20.4501021506819	15.2762955221876	-3.38148798551581	19.7629511706535	14.980736144155	-3.43530945721031	19.5084762977328	14.9231345377555
NEGR1 TNFSF4	-1.36461664956357	18.2641007191422	14.0782495644833	-9.69757332186531	20.789246046928	16.0035206954143	-4.80616034547507	20.4644449483538	16.0494572864289	-3.92475934098905	19.8251307057547	15.3510541997256
NEGR1 TNFSF8	-0.930229803839785	17.821621576816	13.7493562451937	-11.7607628691945	21.0737734200234	16.0725694533602	-4.33245647308014	20.4272822248301	15.9734156555344	-3.0613566820572	19.6640113594687	15.1166189278438
NEGR1 TNFSF9	-1.45307974260774	17.4928566636128	13.2256276390983	-2.34522337383717	18.6625301653651	13.8170581981605	-2.80579617502349	19.0538847416285	14.474529626656	-3.32929222172244	18.8442210729039	14.3697684328859
NEGR1 TNNI2	-0.723631070895846	17.4196706482489	13.2043930161223	-7.71326296918465	20.179557426587	15.5775691574693	-2.52464710528007	19.4239558249587	15.0036075813886	-2.4306400777808	19.1538184925225	14.6777898277989
NEGR1 TNNI3	-0.348145023046008	16.245402507919	12.6597986671721	-5.01217840714242	19.9797821860816	15.2584351816081	-1.61339642356629	18.5453297440774	14.3629870692998	-1.45417047713644	18.2901240565161	14.1097088310519
NEGR1 TNNT2	-0.332798283068885	16.3175970944101	12.2507489021405	-0.548958302465691	16.5166112251165	11.7417259755512	-0.681133749583824	17.2477236272625	12.7305991567324	-0.434235773613193	16.637011604483	12.3556072178514
NEGR1 TOP1	-0.740186762190437	17.5011016343467	13.1952197424981	-7.36919398329718	20.2695460628673	15.2916866690892	-3.91536055898216	19.8450067806014	15.5674750092599	-2.41232331459152	19.1851105693443	14.6014191418077
NEGR1 TP53	-0.484133215948687	16.5695625434748	12.7954348631008	-8.41627544053783	21.1330839266613	15.804578940109	-4.28595922100437	20.2566797396641	15.8762397653691	-2.329607740237	19.2546141300107	14.6722424426122
NEGR1 TPI1	-0.555999340951693	16.8467795665716	12.8056730753314	-2.47039940706958	19.511643181164	14.6613430559821	-2.02566605763531	18.9412070172322	14.8426341834026	-1.51746099814216	18.5093941792262	14.1511504315757
NEGR1 TPM1	-1.20448421345736	18.1592415075007	13.9045731461234	-6.05297490557272	20.8041166899314	15.3394584677107	-3.97678275402034	20.230531333034	15.6021283520172	-2.93282455966297	19.6502039063429	14.8654041029006
NEGR1 TPM2	-0.776815919799209	17.6704941999743	13.8601586550558	-9.00783426590057	20.6764768174908	15.6454002265495	-3.55368951066243	19.9121667368235	15.4657315432325	-2.8365104973089	19.3819713318858	14.9966678904723
NEGR1 TPM4	-0.627338016917431	17.0955342430366	12.8799309506406	-8.03449126271153	20.9687768631127	15.8220361282835	-3.23481663295832	19.8085472468651	15.5347081662615	-2.49870480414415	19.4257693965243	14.6378771086809
NEGR1 TPO	-0.823471940625914	17.8714968533273	13.859610574107	-7.79801139938416	20.0558704114495	15.4118420507134	-3.15536249126449	19.836386527552	15.3785912624319	-2.71358837626388	19.3456686885514	14.9486181003844
NEGR1 TPSB2	-0.921096911397361	17.6211208500894	13.5180852105706	-7.45989096818206	21.1479008257297	15.691839218487	-4.76394827380079	20.2397391240018	15.9025862151286	-2.78403534071992	19.6505175898528	14.8536017181722
NEGR1 TPSG1	-1.16925466529794	17.1594214157429	13.3303249296342	-7.73315090393331	20.921526711301	15.1951595807767	-2.37756940140368	19.7342930761999	15.1161707195949	-3.13808650523342	19.4698044381657	14.7164352283348
NEGR1 TPT1	-0.701869682712086	16.9317289519186	12.8237730852539	-3.45632875969022	19.4614683898809	14.9231296734771	-2.00252726125922	19.1080324977416	14.8655585291962	-1.87951888578147	18.320493311112	14.3561365265109
NEGR1 TSLP	-0.550207337968153	17.5191912545642	13.4588969798772	-0.754561228631773	17.3252352011358	12.8642715532124	-1.27538243687816	18.3743276749213	14.4660910172229	-0.748787371370674	17.5980143478032	13.5024548809231
NEGR1 TXNDC12	-1.21354387322396	18.192783411668	13.9830245762308	-3.34468576737644	19.080152522202	14.2252504977886	-2.87701300914283	20.0457206249419	15.3221593141355	-2.58761518446631	18.9508525591668	14.4295038087231
NEGR1 TYK2	-0.265384905162504	16.1296138804152	12.6644481722168	-5.05280041988328	19.802415468599	14.7765915011731	-3.67037260671483	19.6601409391393	15.097782554143	-1.91784515751419	18.3884770193804	14.0554116696883
NEGR1 TYMS	-1.39950191910539	17.9706668477626	13.6803278445276	-13.6422321829903	20.9695325107991	16.043097669715	-4.56704741481305	20.2083141171528	15.6221585274722	-3.53069726013246	19.6791924283348	15.0233297296882
NEGR1 TYRO3	-0.379014279580177	16.2810230601754	12.6623638258152	-2.66158661774133	19.0213543867555	14.6744960687137	-1.41797537282575	18.4407795213741	14.4061349533908	-1.27269609643318	18.0668966753423	14.1216354601574
NEGR1 UBB	-0.484530137032239	16.0889884145054	12.8397827145363	-4.70689996291221	20.3516911407147	15.4009563982028	-4.42696425492718	19.8923020445465	15.6026111165855	-2.22890728212404	18.7194949304867	14.4991398003539
NEGR1 UBC	-0.127868614217457	16.0459614201693	11.9509330442901	-1.66747168478299	18.7100685799448	13.3250412368417	-0.945997115159547	18.3710787489194	13.6111758904339	-0.836318170663849	17.7806515017916	13.2087218309958
NEGR1 UBE2G2	-0.729721171165353	16.9163784272631	13.3146003412725	-6.8744507372854	19.8636190666015	15.1266687523374	-4.0900068363099	19.8476233131978	15.3889421124304	-2.83512157968673	18.8161807246294	14.5835372728248
NEGR1 UBE2I	-1.27580587606103	17.5399168006671	13.3589769247881	-1.24483618656187	17.9312720310717	13.6106228174173	-1.48973206032812	18.5569779510724	14.6020073622759	-1.32564146948684	17.9668364644972	13.9304292423323
NEGR1 UBE2L3	-1.04506233736012	17.3979297785238	13.5312483472994	-1.0315326957164	17.9267218348096	13.6998589020261	-1.79118547447912	18.5989606097204	14.9002792409946	-1.09589936213778	17.9615522315572	13.9563482429906
NEGR1 UBE2N	-0.702203333650522	17.0806612731713	13.1816697034858	-1.62244227672242	19.095588825606	14.3687423590991	-1.81336653601799	18.9454852802443	14.753045199954	-1.263437302042	18.3362927537513	14.1894713450782
NEGR1 UCHL1	-1.19933817267285	18.0585980569254	14.0070833138742	-13.4935376101193	20.8212844876702	16.3618203312694	-4.15505343355234	20.1468745507073	15.8269637206312	-3.79720523594235	19.7447210879533	15.4992973659846
NEGR1 UFC1	-1.3205140602785	17.6079359080087	13.7524262109994	-2.60807351052205	19.6006130207884	14.5967403851554	-3.55167810657257	19.9239141114812	15.4518302001987	-2.12504371041236	18.8875083293047	14.4458789290919
NEGR1 UFM1	-0.516894995054765	16.8609285058484	12.9147139403826	-4.82444349304311	19.8847366752359	15.1709478508318	-3.62975297439875	20.1216540557037	15.7746797903722	-1.95949468392198	18.8032356281005	14.438415993773
NEGR1 ULBP1	-0.561431074008347	16.6427298159576	13.0230875795844	-11.9661219669966	20.9504898998044	16.2338976418521	-3.14372702046746	19.6011235940228	15.532763662218	-2.5957302547738	19.0191307755171	14.8470832034033
NEGR1 ULBP2	-1.205064036759	17.487045633717	13.7460688008186	-8.57197000443526	21.2533357562592	15.5764116134382	-4.29827314531929	20.3783272559219	16.0578243488816	-3.63262044797702	19.6059896607232	15.2676781996071
NEGR1 ULBP3	-0.728020940460805	16.6416045821441	13.3743559211649	-0.674922578099317	17.1558678333311	12.9837810686745	-0.900383747587114	17.723042039034	13.9954019509001	-0.550043632786448	16.9719184870899	13.4058029037613
NEGR1 UNC5C	-0.337069070058942	16.0368861639024	12.6155443642659	-1.01786280376885	16.9592940900182	12.4761178722395	-0.605329662354828	17.0859105314042	13.2482758511428	-0.711482902615006	16.7245494780424	12.8142874110843
NEGR1 UNC5D	-0.242291168617583	15.9930935794744	12.8927941646161	-11.0326233027027	20.9437239151237	16.4098939701591	-2.81533495190009	19.9696355767965	15.6784277074026	-2.47982047055873	19.1345670826235	15.1485039951295
NEGR1 USP25	-0.37738934669923	16.6163347375509	12.6473115048982	-9.84451565100694	20.9236787519439	15.8244384722144	-2.9686960682654	19.9858894088651	15.3970239322762	-2.47442200762076	19.202761882317	14.5947026868074
NEGR1 VAV1	-0.928661743559561	17.566327657815	13.2526620552801	-2.30939899040164	19.1722991647994	13.7531704190104	-3.20324063747458	19.8347984179762	15.1092580194646	-1.61613327843978	18.6988124512259	14.0659979799555
NEGR1 VCAM1	-0.348505222770903	16.6073119923455	12.3997796694496	-2.69181261327612	19.8797407203714	14.7667975862992	-1.78101458493843	19.1916888491528	14.7330582630176	-1.11081158140697	18.734595749894	14.041381827398
NEGR1 VEGFA	-0.194011233855206	15.8671081446277	12.3899298717065	-0.767015895152916	16.831226846635	12.4938866681882	-0.542092844044575	16.7529885937629	13.0105712623117	-0.487413592653104	16.5398993503506	12.7417702839681
NEGR1 VEGFA.1	-1.10306466352185	17.3566021706581	13.8248443951546	-1.920635212894	19.3740271716912	14.4060820336877	-1.53953702885849	18.6953810762434	14.989984613275	-1.65901729627759	18.5394008014235	14.3969711295889
NEGR1 VEGFC	-0.433864847340615	16.0699023872406	12.40608961512	-0.490621272176499	16.7501342455497	12.211228779818	-0.698934295697341	17.1352446521466	13.1869239919459	-0.551024091897156	16.7854270255734	12.7166034465575
NEGR1 VIP	-1.25727688135494	17.6661777630569	13.6992168416603	-0.479467805185348	16.9096908617388	12.6773467285755	-1.07878283907355	18.4070091452363	14.4779352694597	-0.842538891088661	17.401845127896	13.402210197881
NEGR1 VTA1	-0.72036250778342	17.2968274051954	13.0052315572677	-3.63301984302101	19.3890413519809	14.8020431404309	-3.75574806080006	19.6775462884621	15.6158332101935	-1.90109134509098	18.7566058398507	14.3190676679691
NEGR1 VTN	-1.1024974127907	17.5679332665589	12.8248541346093	-4.03371035182179	19.75485759525	14.6389285824471	-1.92509910584481	19.1737719921413	14.1530767086598	-2.45573249956424	18.9561778136754	14.0231411179907
NEGR1 VWF	-0.696989371811142	16.9549650604647	13.0315218818871	-11.6389096048779	21.3658305053342	15.972317374038	-3.96653661913319	20.0802509768407	15.5553505360723	-3.56133668544353	19.8476387402187	15.0362873981613
NEGR1 WFIKKN1	-0.465321594265853	15.9022499899935	11.9138006773777	-3.67954606785553	19.8957615787934	14.7108015267449	-2.07786575808767	19.2457933950082	14.6898188035847	-1.66260957689232	18.4702813150888	13.9232201115854
NEGR1 WFIKKN2	-1.43371662822465	18.1877440301032	14.0286841857813	-13.3525031287825	21.2792073682119	16.499749583201	-3.30989139144594	20.2335736383475	15.7434271442527	-3.55092550102518	19.9271063248696	15.4764959974846
NEGR1 WIF1	-1.13523650364266	16.9031608771211	12.9534560436839	-9.90967579398637	20.6123273459767	15.4400342853483	-3.20872422443347	20.2680230380121	15.5232330254814	-3.25665108457832	19.1795579856586	14.8031667236647
NEGR1 WISP1	-0.587517701397794	16.399073713986	12.5995091476456	-7.06281348373316	20.6273108964362	15.4138804241298	-2.82857656223088	19.6024462291961	15.0627257109198	-2.7917338231966	19.112081381348	14.4865677813934
NEGR1 WISP3	-0.270455079112999	15.9944881712205	12.9850853817697	-8.33196919161592	20.7756063909792	15.7606162535133	-2.11243401128441	19.1341191324774	15.2812544852097	-1.94894895868729	18.6862720860842	14.692927823277
NEGR1 WNK3	-1.23607656216894	17.7366503530004	13.9580513693376	-4.10515783503427	19.478503463928	15.0962154967819	-2.63051879251801	19.695665938443	15.5308271804973	-2.38080385088377	18.8793277114626	14.7806927332943
NEGR1 WNT7A	-0.856229620256788	17.4080747887255	13.7452728191477	-8.53384789843951	20.6594505448213	15.3731465762944	-2.90222330713648	20.0106413601705	15.7746211430133	-2.62432102770265	19.6656342787814	15.0749410179621
NEGR1 XCL1	-0.357885733336389	16.7790495087657	13.0968958311739	-4.68514051818499	19.9514783384607	15.0989339922586	-2.39936147362639	19.177670023219	15.0302038165983	-1.80829186098784	18.6474132794732	14.5130249210639
NEGR1 XPNPEP1	-0.589734242275691	17.2201305061865	13.1844218472436	-4.62834805972758	19.6924492017816	15.0542248487632	-2.83114445994977	19.5590526847419	15.1555111296343	-1.94779511410677	18.8969694480906	14.4109295741773
NEGR1 XRCC6	-0.547224826326747	16.8245617560443	12.677110270723	-4.1573948840324	20.4288173866424	15.0849637987946	-2.64083567142452	19.6362034438492	15.2874945734282	-2.02522913740462	19.0462955244068	14.3102573171883
NEGR1 YES1	-1.28118890483579	17.2134998699107	13.4546747822205	-0.610593198772881	16.9224469198333	12.626042516001	-1.31140769645531	18.0668549459989	14.2686485890828	-0.947949683749517	17.4069488189301	13.3759462964678
NEGR1 YWHAB	-1.02601804176819	17.7888847216932	13.4220435576361	-3.77845254038955	20.1496518940831	15.4770031275129	-3.7805405704614	19.9055942615751	15.7046332525729	-2.35763242099397	19.2354040111069	14.9665431597869
NEGR1 YWHAB.YWHAE.YWHAG.YWHAH.YWHAQ.YWHAZ.SFN	-1.00744406279838	17.4786472444678	13.4799318987503	-3.54227286349032	19.7348895069553	15.0225308772686	-2.5477796403807	19.444839447479	15.0834623611915	-2.23461126808747	19.0307678090493	14.6346428281022
NEGR1 YWHAE	-0.732817769898517	17.313977546477	12.9940949328724	-2.41770490555414	18.2498450544603	14.1255083362161	-1.66047943137672	18.9098259319486	14.585076844285	-1.3904680058178	17.9373561695444	13.7486041094661
NEGR1 YWHAQ	-0.598780496863584	17.2958837582844	13.1395133048688	-5.63541274079189	20.0482668905855	15.7777099313149	-2.30371413093065	19.2909005697663	15.1462832430794	-2.05818993431593	18.9201234173236	14.7857701165969
NEGR1 YWHAZ	-0.753045503917131	17.1692870670528	13.0032871694646	-8.40949495722722	20.9421891348171	15.8813587331182	-4.39863870172116	20.1109129898962	15.7758929687785	-2.55357060154107	19.5476003085318	14.8364054393554
NEGR1 ZAP70	-0.979555794413191	17.7559763639191	13.8010509116805	-12.7590050801476	21.0815128277592	16.0247279018849	-3.9350831470611	19.9897024962383	15.6630475508897	-3.16208195860612	19.6202157361456	15.0829963815894
NEGR1 ZNRF3	-0.547087528712614	17.0721522639426	12.8279141943163	-6.11950229375482	19.516249581183	15.0087244793644	-1.8660792397288	18.8005986844954	14.73160586093	-1.77338617329494	18.6095249527331	14.2172097468028
