protein_name	r2_male	rmse_male	mae_male	r2_female	rmse_female	mae_female	r2_all	rmse_all	mae_all	r2_all_sex_adjust	rmse_all_sex_adjust	mae_all_sex_adjust
NID2 NLGN4X	-0.0593324945109259	16.1995841055116	12.6945848802879	-2.6009436662999	19.2044902037748	14.3043793482606	-1.22702394075295	18.2715492504649	14.2860872118955	-0.885345468248679	18.0655406308523	13.8822586982143
NID2 NME1	-11.7634309041474	21.2390414809198	16.3645652225802	-7.22200374178288	20.6172793496493	15.339839436232	-8.23333162543135	21.1411667971226	16.1476910599367	-11.1445925033519	21.2357673186519	16.4620327335328
NID2 NME2	-4.46887184961257	20.1228987112049	15.7029143232558	-4.99538337132604	20.6396371617242	15.4780656223312	-6.42575887421229	20.8385820590008	16.1508353839886	-5.49820646923614	20.5382780930534	15.9951822330138
NID2 NMT1	-7.42443384632454	21.4769713072689	16.3420665186025	-3.96305934006619	20.8334578627496	15.3647710334447	-6.76809867319683	21.5147133188675	16.1664228930776	-6.04418198870909	21.3015833773791	16.0943698173954
NID2 NOG	-5.37947434742533	20.5973909868915	16.0505701966062	-6.19313169590456	20.6637197662138	15.3371753513892	-6.09459062222143	20.8197171728303	16.0154492529622	-7.65659387692497	20.9829017425787	16.0583945066392
NID2 NOTCH1	-4.72637494714161	20.0559180903671	15.0017993457181	-1.75930440963662	19.4036735301702	13.5410903309387	-2.89003195504919	20.2479080055916	14.8342525970162	-3.03534417839285	20.132192015352	14.7518924001583
NID2 NOTCH2	-3.9072991647578	20.3260098752752	14.9286750665235	-5.26882618870806	20.3024257004349	15.5161659686684	-4.5699089926301	21.0724360884132	16.0283065326274	-5.18547594654984	20.6367912625622	15.7591244399931
NID2 NOTCH3	-0.675978921786203	16.8852617526026	13.0774721073767	-1.0208440181791	18.4146612596256	13.247241831425	-1.25194434384642	18.3279926634963	13.9567171811817	-1.25165755786094	18.2775150456805	13.8230005454341
NID2 NOV	-4.4231146318594	21.3469631019759	16.3083188112423	-3.28171310640447	19.5179265207636	14.4239827655381	-6.30916672134047	20.854686529939	16.0959165621702	-4.94044240943439	20.6929265589878	15.6894716453264
NID2 NPPA	-0.727765820761888	18.1377897728187	13.2154763791879	-2.77939504031729	19.1845168873407	14.2871593548588	-1.72984527064153	19.011168574522	14.2759768451823	-1.44279761078164	18.9206848893147	14.1437752767132
NID2 NPPB	-0.328250027529825	17.138137466727	12.4428523454982	-2.09214632800158	18.7516791221257	13.914157845065	-1.08633126286908	18.3055096285262	13.854204721352	-1.05300132581663	18.289736533495	13.712191205112
NID2 NPPB.1	0.289736129198069	13.8542554333956	10.2548705377073	-0.0867017147615992	15.266807415852	11.0597566007028	0.121748777375009	14.8199704097525	11.080364343073	0.149113913256903	14.7203926722773	11.0298409323118
NID2 NR1D1	-4.87786659026533	20.2385116806368	15.542292439341	-2.99097909957554	19.3406994653555	14.4697137576475	-2.75467555799719	20.1132080792804	15.5733033173255	-4.8318887272223	20.0672904979731	15.5084456388859
NID2 NR3C1	-3.82250604440342	21.11331374024	15.7734858261521	-5.24104095565473	20.5974917720665	15.6747963788173	-5.07074213002663	20.9106439679201	16.0953971940994	-4.61627097808391	21.2238589404858	16.0630051877508
NID2 NRCAM	-5.44522601798708	20.5600159548077	15.4689953305415	-3.09868306407126	19.0880120581448	14.3595951865428	-4.18934050169109	20.0300374803295	15.7040505794631	-5.07851053744724	20.0280496308745	15.5316507819299
NID2 NRG1	-4.00249590290791	19.9024776839961	15.5045237227829	-4.73573240814274	21.5208938904071	15.5575238088017	-8.40890560680895	21.4292341345592	16.6628701633195	-5.05727670969092	21.017821164487	16.0009876228212
NID2 NRG4	-7.24000892780987	20.3496217360188	16.1621017309863	-5.33370287937029	21.2848986646	15.3004466099859	-8.2776997936397	21.696380991093	16.5632186529635	-6.6575319835354	21.135237266305	16.0791024088497
NID2 NRP1	-8.12867452956222	21.2775698704383	16.3751305084901	-4.14317076802877	19.8616580703256	14.8224622282375	-8.54153924056347	20.9890498979815	16.2843271395502	-7.48005693556661	20.837405808005	16.0424714990123
NID2 NRXN1	-3.26012441100081	20.1530763034906	15.6964267251238	-3.59007381316434	19.6571798926695	14.4556371469154	-5.17462855860674	20.7753755567956	15.7852842110507	-4.86849820563311	20.3072919037677	15.5664283708041
NID2 NRXN3	-1.08301554999174	17.9992783192012	14.1015318380859	-3.61429974940376	20.1653611731845	14.9385108438454	-1.77001552230231	18.8904068446698	14.5491202028149	-2.10435316789363	19.2320457838996	14.9785041536854
NID2 NSFL1C	-1.16105351866749	17.7753521378634	14.1193793382094	-4.95333404956421	21.2631957346784	15.7005376259092	-3.06101396858491	20.364833628103	15.4462776225449	-3.09416599045147	19.9365304626628	15.3229349146493
NID2 NTF3	-5.71248330840994	20.5232085037857	15.664263917237	-2.50965150177395	18.9768915146082	14.061024864756	-3.48799537005306	19.7611087886523	15.2397987883582	-4.45050348281075	20.0368060258166	15.350957770506
NID2 NTF4	-6.78228287388262	20.9282372642585	15.8814764449374	-7.17495407427435	21.4161531996142	15.4597672938381	-9.09580405754938	21.3304808580169	16.4156502309877	-8.72417254423961	21.4027362550311	16.0975846737434
NID2 NTN1	0.239298933562417	14.6454942606151	11.6861204695685	-0.902380826140512	18.3969008980314	12.36322932577	-0.325733841669251	16.8142363251687	12.5198827128413	-0.266565289959135	16.993242671444	12.2819139398879
NID2 NTN4	-2.71035424580069	18.9004607739051	14.8240020763802	-8.15441870526238	21.3453964816091	15.804241567504	-5.00495520313495	20.5962078778299	15.9327709688312	-4.14321982953965	20.1543572756107	15.5101305912027
NID2 NTRK1	-4.60742445142477	21.2687051262608	16.3656144786758	-5.3193850187639	20.2485463835025	15.2949247531649	-5.64599389762677	21.0655458976958	16.2435491200522	-5.62484579537616	20.9625728557104	16.1765912960082
NID2 NTRK2	-5.91218693173243	20.8184007479099	15.9104004972982	-3.23947241163393	20.4380064568174	14.1968121828988	-4.81871872188612	20.9955925643781	15.6720374871133	-5.652686083355	21.0369824608929	15.6975656573362
NID2 NTRK3	-5.84276472948305	20.3111632297802	15.814225693275	-4.92358963215182	20.0957666493673	15.4408083417249	-4.63596519752834	20.5387049302652	15.9781360531866	-5.87401820473211	20.4410477494824	15.8675136116193
NID2 NUDCD3	-4.866901114868	20.4081276497762	15.2978820782914	-3.24337399130135	20.5510612206973	14.7874032638064	-6.31068480670393	21.1997449507553	16.1398134526496	-5.13530575787653	21.1366270204537	15.8401352810543
NID2 NXPH1	-3.30170273979811	20.9312437467138	16.283453732136	-2.40138038457095	18.6981675828992	14.3180088414657	-3.09150351463288	20.0860884417072	15.77120511803	-3.47199342779225	19.8661126113472	15.6047942031098
NID2 OAS1	-3.52602636538078	19.2842815613366	15.2276596416783	-6.21037966965641	20.0169080555507	14.9396571445862	-3.85803453451161	20.2618212298617	15.8338560639724	-5.42683205644974	20.4581713024455	15.7547168817765
NID2 OCIAD1	-4.33779967553636	20.9862298996128	16.1494798114376	-4.12831699227196	20.0256695699266	15.1120154111229	-7.4579699736186	20.706512124824	16.1526069713022	-5.613996606138	20.7705249770996	16.0959453631247
NID2 OLFM4	-1.50586563760925	19.3377144248144	15.3805742186069	-4.90207524474715	20.6246676348746	15.5118744988047	-2.9131539129028	20.2276168253076	15.7783654019994	-3.16940202902315	20.0777642895764	15.7426590569045
NID2 OLR1	-0.907891334746197	18.2735703729596	14.1911431977815	-2.50703592491258	19.0360141287434	14.3358890685005	-1.52301573766985	18.7034499236539	14.7625095905315	-1.52196269091865	18.7586074054634	14.5647634028735
NID2 OMD	-4.95415486261183	20.1977023133092	15.3927809769967	-3.9932642445922	20.9642013803945	14.8376373517977	-4.52392989380675	20.8925934999164	15.5699514502415	-5.02979682334083	21.0244579629217	15.5369764861572
NID2 OPCML	-7.96818480692696	21.2123129237708	15.725462238177	-4.30941235706137	20.80635213354	15.0479256486139	-6.67414764728032	21.3337539721179	15.6879626028388	-6.38983771062653	21.3825022308331	15.6832334463215
NID2 OSM	-9.23999335528235	20.9284466408897	16.6543444510224	-4.98826658915725	21.5322101599818	15.447660961882	-9.67438676704661	21.3837610813805	16.4047669933286	-6.61263282503066	21.4965489641681	16.2676069086596
NID2 P4HB	-7.08253965102607	20.7360541967686	16.1832165389217	-4.66761275426272	20.943017249057	14.8756553614591	-6.69200555008588	21.432876444487	16.1002720989724	-6.588640518947	20.9690473756754	15.8137828764905
NID2 PA2G4	-4.98243667207333	20.7977431495854	15.5361217771711	-3.58239462529265	19.9444331553257	15.1017855918629	-4.35003063967412	20.4225982570404	15.5904407163585	-5.34039902081455	20.6322065935935	15.7130859167469
NID2 PAFAH1B2	-1.65758363461478	19.2444656045066	14.7476721404468	-1.37430507308866	18.1439057199211	13.0705990620969	-1.5069829180263	19.0648622258757	14.1536646685815	-1.5385229416071	18.9574500286938	14.2326488858618
NID2 PAK3	-7.81698786781545	21.0368073849824	16.608486686073	-3.98570446085112	20.6750289072358	15.3775490992258	-6.3762085294784	21.2036953273182	16.4809853175279	-6.76698667394081	21.1549953360969	16.3359104107749
NID2 PAK6	-4.19520939773869	20.2539236338925	15.474557276865	-2.42662110054469	19.6427979353173	14.610275587992	-4.9294272873108	20.8130758725855	15.9999382967396	-3.78589699277496	20.1939738109135	15.3732583213669
NID2 PAK7	-4.25575013452499	20.9191654714215	16.0068125701953	-2.05161524289916	18.6352616230087	14.0983512948263	-5.04457251033595	20.4303745310572	15.8449573493906	-4.43430963910691	20.1189087308734	15.6131471265422
NID2 PAPPA	-1.80442283894034	18.7777812027105	13.6803000769697	-2.38483618269694	19.0374252671556	14.0238463306905	-2.03091661982949	19.8022187321255	14.5082692954904	-2.01362904900514	19.3955394362938	14.2407295151914
NID2 PARK7	-4.51575103399406	20.3293591626501	15.5670603705305	-1.993786017383	19.3266370415004	13.3172003665678	-3.61635482477389	20.4956135994464	15.1384400960622	-4.55794673820883	20.4655024635013	15.3710114764598
NID2 PCNA	-5.09414707612061	20.6072956832432	15.9457339990217	-3.9578561966277	19.8789208216287	14.9215951606807	-4.15511937031532	20.6101234039124	15.8744339332545	-5.34747908996549	20.4678926073072	15.8093240157783
NID2 PCSK7	-2.02406968489621	19.2274187505722	14.7769045078444	-4.02455644981953	19.7767850505366	14.9340069554226	-4.59049361463267	19.8786184865672	15.76030321755	-2.97575940922831	19.9018564774591	15.2885977510385
NID2 PCSK9	-6.88372394068886	22.0900689311382	16.2170332905308	-5.18904876538062	21.2836076359679	15.5472262109195	-5.92213008337007	21.9994954328437	16.5556668211376	-7.22153085349342	21.7606026884915	16.24337294649
NID2 PDCD1LG2	-7.50502448585661	21.133218965791	16.1228987687903	-2.00729620126075	20.1819454540516	13.7775933181592	-6.37586262863643	21.2534369461446	16.0354318866934	-4.61402742054484	20.8933668753919	15.5037958454629
NID2 PDE11A	-1.8082412600199	18.785267886125	14.77888258757	-4.32295556675305	20.6872415279371	15.1023408229698	-3.3818230847647	20.3822247088975	15.5497583228904	-2.73060731841108	20.1345991938449	15.3679810262392
NID2 PDE1A	-6.05085192084354	21.4098989934836	16.0638472478344	-1.88198946513933	19.4737880667566	13.7449896762285	-3.7134374202414	20.8204975357011	15.4127606523889	-3.8032373785493	20.5508826541087	15.1920729816897
NID2 PDE2A	-7.01273019042947	22.0230030073232	16.7504309029989	-3.38740104375455	19.3551443058509	14.7476321516665	-8.40506091623986	21.094352722883	16.2332924804145	-7.01341389064752	20.7913160173374	16.0861158017249
NID2 PDE3A	-3.38922514710012	19.9037656858766	15.6227636697848	-1.26514553496011	17.7717090777751	13.6341522213928	-2.02081467075195	19.4118382674599	15.3437686901753	-2.14637340238899	19.207004488736	15.1951846333541
NID2 PDE4D	-2.57574837906766	19.1937257551371	15.1654798000089	-1.57315986989927	18.0211566188277	13.6244183465789	-1.68414954430004	18.8699560776754	14.5362170110792	-1.94125310089825	18.7178883087436	14.6130232772929
NID2 PDE5A	-4.15407803227254	20.1910662504744	15.188823158111	-2.73501721062678	19.5641232680275	14.2011086159935	-5.4970543631219	20.7480955031448	15.8061663383705	-4.49936155467169	20.2897655770576	15.1919500213261
NID2 PDE7A	-2.84290672735986	19.9028567333483	15.6747660516242	-6.73578202417838	20.5129492013672	15.5530273299027	-7.17689095291208	21.0085840909034	16.3619160431337	-9.41846427035458	20.9931573182277	16.4140674211655
NID2 PDE9A	-0.645918518502035	17.2306400746573	13.6318576260417	-5.44312289660297	21.0570338137157	15.2256306928514	-3.020891328398	20.2944726467006	15.5064918550388	-2.72789613887462	19.7918434817386	15.1619019822828
NID2 PDGFA	-5.38743665912037	20.8444442916683	15.9832323776021	-3.05794974956699	19.7457221406751	14.8451307071492	-6.12080698978895	20.6761601776135	16.2387168485152	-4.67117076238344	20.7513530785433	15.8459898585786
NID2 PDGFB	-5.82211914853425	21.105816791588	16.2917299741474	-3.68777367229889	20.3635348372309	15.1734986574828	-6.76342715840599	21.1046847830877	16.5389859223462	-6.45320067482396	21.04994581713	16.263578325276
NID2 PDGFC	-3.589818928092	19.9045892491435	15.6497834435259	-6.73312420014549	21.4182639104116	15.6785518618124	-6.23168630636801	21.4473334988859	16.5101402491697	-5.40796825310605	21.178818558956	16.3128185520786
NID2 PDGFRA	-6.49256823516004	21.303560203681	16.363305028007	-3.66469934281758	20.4690476651259	14.872002719121	-5.83729972079933	21.1987377916416	16.1111846569223	-6.28809143721833	21.1138674960499	16.0308483482238
NID2 PDGFRB	-4.03480746647864	20.1066264725112	15.7502568090254	-4.96881201203311	19.9323667126867	15.118569357436	-5.60487127721785	20.3415182360105	15.8158221399041	-6.98349580174559	20.508048982382	16.0045849801436
NID2 PDIA3	-7.59006697422273	21.19206702049	16.8319107385927	-5.25324140848884	20.9307984690648	15.3268633703933	-7.01803637025977	21.4018924211768	16.4230479298644	-8.51125286512882	21.2753041931126	16.4018147858617
NID2 PDK1	-8.67830622350768	21.3352667705275	16.3956963153363	-5.45186635303174	20.4073439170318	14.9363788683813	-7.60127528615042	21.2108382437827	15.8844559004123	-7.79889528157856	21.1128927354384	16.1075521628948
NID2 PDPK1	-3.53510878399067	19.9373215357769	15.2133686604067	-4.48459946568825	20.7984392827799	15.1922024480265	-4.62769597617329	20.8115188143357	15.9807037810627	-4.68646932029242	20.6550109037032	15.9018425625151
NID2 PDXK	-2.70501582351403	19.9913922536866	15.2039920517152	-3.74490263105739	20.267422351428	14.784791259121	-4.13378688084252	20.6018108362629	15.7296432821237	-3.944244478129	20.2721189090241	15.3520428145482
NID2 PDXP	-5.74462973612965	20.9833558765214	15.8455763530422	-4.49701225254801	19.7319925487399	14.8836048017508	-6.02296278466411	20.6905844987082	15.9639637716997	-5.55019570237698	20.60360608009	15.7186620992045
NID2 PEBP1	-2.07747605817542	19.3951480783404	15.1039354583105	-1.82023109194442	18.2750506670518	14.130036614483	-2.25832137776875	19.621515597341	15.5507958843572	-2.67486538037805	19.3487178465728	15.1130568694869
NID2 PECAM1	-8.06729816338628	21.3593296360563	16.4164939606455	-2.98183542805802	19.4264657248492	14.1974405360913	-7.37290021650923	21.107971885205	16.5015095582945	-5.50728417784265	20.581837725056	15.6920251885438
NID2 PES1	-5.00798446896966	21.0758303289977	16.5768939678404	-3.31737460856026	19.6742775682888	14.7863762527983	-4.1530809915307	20.3080104296003	16.0172128861839	-6.14685574208574	20.7107299365174	16.1936123354939
NID2 PEX5	-5.6592945962347	21.210926190424	16.3047858504975	-4.74008180953532	20.7521835774581	15.6005479954228	-4.66499019890523	21.0243859296982	16.0921843129285	-5.31192396389809	21.1721974422038	16.1826981943367
NID2 PF4	-4.48035321988996	20.6152182630439	15.9373925321943	-3.61309092687365	20.146241293806	15.2569104459195	-6.19377095477638	20.9583150819844	16.5298704379313	-5.36620384728371	20.7598589882019	16.0572951400414
NID2 PFDN5	-5.09690782513836	21.1066333524684	15.7461320215138	-2.36592356872905	18.809905228923	13.7897243058624	-3.76207380141139	20.4358780526179	15.3495793387489	-3.84077996135195	20.3820888668917	15.2659219312225
NID2 PGAM1	-4.02522652194035	20.3653708440154	15.929714273518	-3.5028081665852	20.3172513639579	15.7149379090805	-4.55013787219737	20.725389629166	16.2801139100958	-4.92119478171726	20.5908409434101	16.326459189491
NID2 PGD	-5.41052590334481	20.6154012145667	16.2572834240557	-2.53784418217782	19.8470642513811	14.4603761040314	-5.83399368470465	21.0267186799908	15.9241627427878	-4.05056719910089	20.5569252363076	15.6589398271593
NID2 PGF	-1.59398710302618	18.3801304548184	14.7000551480783	-6.68783491200212	21.2580373733668	15.8702582522248	-2.73302334109702	20.4920552198703	15.7958252888545	-3.31639274967326	20.1702432876347	15.6275229243869
NID2 PGK1	-14.138432682415	21.6005164795236	16.8992423411755	-2.77049094683466	19.7163337972703	14.1536174788193	-4.39843634953431	21.5966395079032	16.1677110806643	-6.00468233089996	20.854336321783	15.7748577598759
NID2 PGLYRP1	-3.74333222981931	20.3196058228971	16.0644673708331	-5.81920852015459	20.5464714032906	14.856419568873	-7.99075070730896	20.6382463683674	15.9027727051465	-5.05892173391708	20.6543555328389	15.7334726608234
NID2 PGM1	-1.84730765089461	18.6890609425294	14.774163556114	-2.40284728676114	20.2661327608204	14.5460868159514	-3.36250162732006	19.7807504108943	15.698937740074	-2.84395375338226	19.8751264849243	15.2345759875872
NID2 PI3	-0.135731122514318	15.8453325086037	11.5403038185601	-1.58965589877875	18.3098413325992	12.6050348800315	-0.987955289071594	18.2278917530536	13.100745504429	-0.851084509878206	17.8270202349756	12.5098933244312
NID2 PIANP	-2.27333916717448	19.647142591935	14.4219872450197	-3.20338106898511	20.8670136268484	15.0209151451819	-3.6687520204754	20.5124912023866	15.4376974422702	-2.75850771967456	20.4216346485765	15.0184873374916
NID2 PIAS4	-2.78057801169736	19.7309098072932	15.0898938092845	-6.6340195549825	20.1445595801699	15.2070516245964	-4.39879667933103	20.3257148521765	15.8306668840216	-4.66706394314139	20.1187139160132	15.5718053145053
NID2 PIGR	-3.96346509744598	19.9722373543696	14.9969814766863	-2.44168700271879	18.8178330892086	13.405475397328	-4.45110453544661	20.381921546733	15.3335070884493	-3.29013681651386	19.7495600746133	14.6191233496046
NID2 PIK3CA.PIK3R1	-4.73950502904869	20.1342355884362	15.9901241068256	-4.03460271059401	20.941549249999	15.0507300125128	-7.99207060129111	21.3479930681636	16.3472734711183	-5.57379371320329	20.6948672809421	15.8192013322117
NID2 PIK3CG	-11.2437042551113	21.8957292853288	17.174050735349	-3.30306343671211	20.0643890704261	14.9332384450448	-6.94777055784318	21.2876810806398	16.3998213999835	-6.51369249286778	21.0836057975906	16.2650009718845
NID2 PIM1	-9.88309175108067	21.3768771702985	16.8630338877526	-5.86056092014185	21.0911087209972	15.6204293924494	-6.17779761723723	21.512799197417	16.5083924485093	-8.79231121958387	21.4394541254733	16.511270590953
NID2 PKM2	-5.24480596446845	20.3728407673804	15.3231390151805	-2.00514428825855	19.5071725531136	14.2046060370031	-5.15533565182294	20.8457763437158	15.807880840809	-3.56430702686219	20.2371306194859	15.2140427397523
NID2 PLA2G10	-2.65242159104225	20.5918716650015	15.4947643452293	-2.46519374489283	18.4872584491647	13.9623340495175	-3.07352560943203	19.8229718158114	15.3576478436108	-2.71726228294434	19.8253206364935	15.0840353412848
NID2 PLA2G1B	-3.46323081006415	21.1399797967374	15.8657684084365	-4.34013339161723	20.5141777547659	15.114889797167	-5.16664520674008	20.9481630651184	16.0700028489958	-5.23033057971888	20.9640003545905	15.9656317407043
NID2 PLA2G2A	-0.320963608374208	18.0262487783186	13.0215841990634	-1.04847028203175	17.8502771412546	12.4420544624586	-0.862530397566555	18.7438263390026	13.6491581166348	-0.845022192719511	18.3720511719708	13.2374451723346
NID2 PLA2G2E	-3.58093402530585	20.9750029000386	15.9562983374339	-3.28225625890072	18.9720512838264	14.6682637574391	-3.78576906047364	20.7884491479232	16.1441382399725	-3.87531730199067	20.410614984561	15.9337384689572
NID2 PLA2G5	-2.96200636001752	20.1474656089771	15.1049205463016	-5.14182192093464	20.0437824486168	15.2593270422664	-6.57490286971048	20.8878077143441	16.1760012732272	-4.87086374681455	20.6714190911149	15.8327477202849
NID2 PLA2G7	-9.07054380892055	21.3331294647486	16.5008775475056	-5.78370570071658	20.5447699813913	15.4812474857594	-8.16826078020931	21.2981864947347	16.2768860130319	-8.07779541343847	21.367809685206	16.3561776722835
NID2 PLAT	-0.385404060409444	16.6684258395269	12.7074400160546	-2.57064365945954	18.8917744664835	13.8094163391406	-1.23449751801272	17.8288436861785	14.0195490515422	-1.1272062381664	17.9893364441158	13.6846562290329
NID2 PLAU	-4.95109187773111	20.345225118765	15.5328632391138	-5.81782904336887	20.9329393788468	15.173733528321	-5.82527981577818	21.0259093128884	15.763358953982	-6.93968352408744	21.2071193667847	16.004338340703
NID2 PLAUR	0.165993804558226	14.4013876270634	10.9404770336196	-0.91801891378612	17.1618306048807	12.9948092152959	-0.154337424800521	15.9276277299532	12.0855339307911	-0.251111872831768	16.0560171763734	12.1322447927957
NID2 PLCG1	-3.60639450651223	21.3481234215008	15.5072263255845	-4.21959318705579	21.0562216796475	15.317071567366	-4.189923854895	21.6721695578962	15.8722848249645	-4.50274363057945	21.465636948956	15.7886076010013
NID2 PLG	-2.847489896252	20.1366681925596	14.6379824555572	-0.892062804728788	18.3356954299015	12.3691729277066	-1.66454862859041	19.9019317962024	14.3331117602383	-1.8357334818138	19.7111381878956	14.1115237483659
NID2 PLG.1	-4.07522965573357	21.2413885852148	16.1022145497655	-3.21741635840106	18.8294547880011	14.35963737417	-4.88413083794878	20.5435999143537	15.8705541177166	-5.01500410421635	20.2101643513698	15.6619654797598
NID2 PLG.2	-3.70238951597172	19.9080119769137	14.9974965474416	-0.564749445406215	17.1122670564093	11.6886652620564	-1.36529329635769	18.6667830772342	13.6808044255942	-1.48648095616563	18.6943945755941	13.5537396736595
NID2 PLK1	-2.86465314804564	19.8782986057467	15.3344430258404	-6.0640827010279	20.4028957021337	15.3863263270959	-5.25492950225942	20.8160300747238	16.0424590406641	-4.67681221152173	20.5730068635267	15.8680931096312
NID2 PLXNB2	-7.51740330024441	20.8264613141614	16.0175416658976	-3.48860128688049	20.3467541847736	14.7650612670497	-4.66593262585101	20.7231327847639	16.0549481372944	-4.88590320197119	20.7447206488694	15.801627687597
NID2 PLXNC1	-5.71119564983305	20.163853192633	15.6863368374881	-4.5947041514124	20.4959806004983	14.6395428420418	-6.07532229031035	21.5041388645835	16.2514390499355	-6.99884949134209	20.8431684404624	15.7107374797941
NID2 POMC	-4.46867235408679	19.586347258157	15.2486447701696	-3.97278315278776	20.1237864024465	14.7689835178552	-5.09587804589848	20.684940613106	15.8036747924667	-5.24480530568903	20.3617873295081	15.5065230773791
NID2 POMC.1	-2.9736781724714	19.0585627616767	15.219492067526	-9.3533093107378	20.7499598517933	15.5678260138333	-5.72555790339405	20.7088601985331	16.2437094735828	-5.92181321004303	20.5840320981012	15.9654802954546
NID2 POMC.2	-1.50337255270348	18.5612126541159	14.0966056016836	-3.97849478393905	20.0545390847108	14.7648221807644	-2.64061334419744	19.8087344959363	15.1890150627612	-2.31655468728352	19.4842018623069	14.7736215064714
NID2 PON1	-5.44034372357225	20.9106719697919	15.9760488372655	-5.16560274363142	20.2672398057486	15.0691384573382	-6.57999606669113	21.12168233314	16.2798123916268	-6.83396091249007	20.9922625326571	15.9962568510206
NID2 POR	-1.66766131441897	18.6648397864137	13.7396380260016	-2.94690031183121	19.8955210172606	14.0635645247205	-2.2015352611529	19.910599098901	14.52844106892	-2.46777712053261	19.6382250976895	14.3509217064227
NID2 POSTN	-0.450587131499754	17.0115359919485	13.2746211582142	-1.23566487053151	18.836247478458	14.0183560316901	-0.857589353494602	18.0414458275352	13.9786337521414	-0.757838416881414	18.140363896665	13.7708888691782
NID2 PPA1	-5.41545575332844	20.5981426706958	15.863068395742	-3.07873314306377	19.6716835522764	14.5705377569369	-4.29568663625815	20.3703054909546	15.7126041480811	-4.40202645302361	20.5613073881842	15.645404438004
NID2 PPBP	-8.4670285874207	21.054521019174	16.424948775456	-3.34256903800894	20.3888985461088	15.1288022833317	-7.85779424121336	21.3125758862641	16.5800501073367	-5.73058504916767	21.1203844545525	16.1848811835678
NID2 PPBP.1	-8.14328999966369	20.9140650640803	16.2997736204898	-3.15219247842123	20.3515732173365	15.1349910701124	-7.45585135132379	21.2826484105145	16.5311609982755	-5.38155205733631	21.0684081912736	16.1442943234301
NID2 PPIA	-5.00342779553563	20.7672650400128	15.7138859930564	-7.69072187341802	20.7726377153306	15.7273103466837	-8.53329803766374	21.3150983275356	16.2777619358365	-9.4917236617857	21.1324810713818	16.2413294772843
NID2 PPIB	-2.02905798164696	19.62655170468	15.4482882710673	-4.56086226349029	20.213741139139	15.2563778445376	-3.82762448042872	20.114010908145	15.7744219173505	-2.70952227208839	20.3523170542502	15.6419589828652
NID2 PPID	-5.97338381051179	20.7662237645998	15.7013396397253	-3.44795286457258	20.6076046496855	14.8858181116742	-5.59278107496589	21.0299886323844	16.1146997789518	-5.56529527979223	20.8064305237401	15.7804628887426
NID2 PPIE	-8.28929102849374	21.0662603856146	16.433121611755	-3.48961242022929	19.3431679389623	14.4668846933106	-5.99715725778899	20.9725365380866	16.1390603309307	-6.85646246682028	20.6373416733059	15.8921441535343
NID2 PPIF	-1.73265332127746	18.8801358838953	14.0706364576015	-4.11114254217109	19.8672170156006	14.7958473265037	-3.79351397657521	20.0962920329596	15.2994427778881	-4.20938010007937	19.9562798284725	15.3495377757781
NID2 PPP3CA.PPP3R1	-4.50558498765385	19.9930674509773	15.3302352610897	-5.08142083931879	20.3474065309799	15.1631305635885	-7.55417896715861	20.9584330008394	15.9947643096238	-6.94115374091357	20.6749361373547	15.8414534391743
NID2 PPP3R1	-12.6418099813172	21.8065610528589	16.5296067166633	-4.45883630384426	21.058428704135	15.3722321930651	-7.66741422427878	21.6506430871213	16.4057302255538	-7.77277896705363	21.6382440230551	16.2249582287822
NID2 PPY	-0.248534966281033	16.9920674370593	12.9895259161402	-2.46655683204128	18.0758085060279	13.9339318187979	-0.707083642512756	17.2263916482308	13.7637526036183	-1.11876738468963	17.5698562218026	13.8445162601268
NID2 PRDX1	-2.27056598306151	20.0788268825298	15.2873152637826	-3.11977563329178	19.5538589701468	14.9427273659043	-3.1717562978452	20.1684091870222	15.7482566579619	-3.60758265039118	20.1643766892689	15.6291181801033
NID2 PRDX5	-7.32913184703355	20.3838978085566	16.0479578878878	-7.40176108101	21.095680582063	15.6784550463283	-7.77595921775236	20.6938171892924	16.1167240801582	-7.1028540871305	20.8464650536536	16.1183309719983
NID2 PRDX6	-6.74744373163248	21.8378589853096	16.6577465096095	-4.97817302759846	20.7460084268723	15.2955002399609	-7.95746134996319	21.5903151389629	16.2812426068194	-6.82674073204406	21.5402234073177	16.3318810742331
NID2 PRKAA1.PRKAB1..PRKAG1	-4.02679966531963	20.157776097634	15.6862586820008	-8.20838608953147	21.0358929855044	15.7657982986278	-6.38979244880769	20.8609766390177	16.3218223047109	-6.14153735516521	21.3083345113455	16.3927441981875
NID2 PRKAA2.PRKAB2.PRKAG1	-3.5968540212469	20.3077991964778	15.8497552431421	-4.88031033503318	21.0104374270197	15.2446135649274	-7.63244278185678	21.3495292364332	16.4590093768809	-6.4910376029858	21.1603440428359	16.2980163926504
NID2 PRKACA	-1.94310665025583	19.1657463175172	14.9609136180333	-3.71495385870542	19.6882616589858	14.6284059127181	-3.95959796085106	20.115469667564	15.4810201876528	-3.39542199208477	19.8429445246192	15.3527516230538
NID2 PRKCA	-3.38473873966902	19.7975339082886	15.1424511582549	-4.88899405696922	21.0936828275792	15.5243093933844	-5.63798192869045	20.938213818054	16.0910819888484	-5.24739848601353	20.8251327471494	15.8294865471697
NID2 PRKCB	-4.11179534709795	20.2701815816201	15.1486471584078	-2.82219367763101	20.6304985426255	14.8410298260092	-4.79291916987515	20.916572099296	15.7871363431203	-4.17845027503518	20.6027851979251	15.4990415993891
NID2 PRKCD	-8.09357538437664	21.4039021862358	16.4447001584188	-2.35156095296913	19.8723399569327	14.1344000965465	-4.58164883812109	21.2108511078535	16.0795285325773	-4.39098302045982	20.8518081678068	15.6565437257148
NID2 PRKCG	-2.61398782595269	19.8381454768511	15.269709268067	-4.60101113834742	20.6967582524877	15.6219180947432	-4.85239298380501	20.7269816715051	16.0194785427044	-4.06638472066764	20.5169281858681	15.7640800715018
NID2 PRKCI	-6.74767211867538	20.8822190951129	16.226925458705	-2.971490699218	20.0222364695819	14.5054744229307	-4.50022847991012	20.8881934868162	15.7512607671904	-4.79488624640815	20.8755726508881	15.8010837498618
NID2 PRKCQ	-11.679960845227	21.2779397704195	16.4183979078087	-3.08156957353962	20.3103375702054	14.2992549747392	-7.24261640842083	21.2029529428118	16.1327789663215	-6.0255447398493	21.0784526504047	15.781763384177
NID2 PRKCZ	-2.88979108788307	19.4868822760496	14.4965538274575	-3.26370903567228	19.7577756714433	14.4594483827267	-2.2967494524591	20.6238215609944	15.1103939040875	-3.24381338500746	20.1835376159735	14.9665689609879
NID2 PRL	-4.04101062524379	20.4785740067406	15.7042840328162	-4.23191942511975	20.3882446230101	14.8671487521862	-5.32188297906203	21.5219688692157	16.0466373502678	-4.52885632307488	20.5928750254795	15.7201453100329
NID2 PRLR	-5.0109213499227	19.4567681156562	15.9000060723144	-4.91321339994575	20.3039424357626	15.0375756217797	-4.06596333242862	20.1798653785129	15.6148795036889	-5.28260278967445	20.142747953266	15.7667358998415
NID2 PROC	-1.92019621029024	19.639042482391	13.5308529725015	-3.17833193719466	20.3642841168208	14.3771014817982	-3.37452161780284	20.5880127205095	14.7048780630571	-2.79974880191996	20.2414268306397	14.3554738074463
NID2 PROC.1	-4.54588020681253	20.2374437022476	15.1834939915858	-3.82244315008918	20.1110121515776	14.6712811865453	-5.17061025465033	20.8891045386074	15.8597230185011	-4.9857161111676	20.6427216107558	15.4714906883204
NID2 PROK1	-2.9094966894303	20.0497622164227	15.1187872083242	-4.21903539941727	20.5294994760445	15.3762534287241	-6.4928160174994	20.9145612703755	16.2975155058126	-4.50747472115181	20.7351870064954	15.7797447928754
NID2 PROS1	-2.70305779624235	19.4802288967379	14.436008889274	-3.57118344172308	20.2372320100978	14.3453487033003	-3.68145072402201	20.4395268011126	15.2174521405902	-3.18588572608915	20.2329934214369	14.8254323649988
NID2 PRSS1	-8.98161770828688	21.334067506144	15.7917829359044	-3.75482649129673	19.4355440034283	14.5450173897451	-5.27021479391873	20.3073082866184	15.4371357177258	-6.13686157453605	20.5898381443626	15.563259341271
NID2 PRSS2	-3.9942572914504	19.9975306843327	15.6838584299099	-1.87531732658547	18.787810691573	13.9315806005158	-2.67493028399886	19.5250586075275	15.2191534450918	-2.54900367069874	19.5991876752914	15.1528555043344
NID2 PRSS22	-2.13176692366303	19.1047060507828	14.5980798523865	-2.46684444740572	20.5349705239288	14.638319585275	-2.87229925761903	19.9229364937539	15.3072770271281	-2.37784546428087	20.2037024131422	14.9750550809937
NID2 PRSS27	-4.70283001505798	20.2135840537777	15.0923991767135	-4.29390980968053	19.9924075181738	14.769335480021	-4.40595906326699	20.7928721334388	15.446882820343	-4.94522315539209	20.6599644258754	15.5366064555249
NID2 PRSS3	-8.00355479854845	21.2976917626415	16.4523636099664	-3.24736262974166	19.930123531332	14.3813993988172	-4.08214483215639	21.133222790276	15.8841024666499	-5.55196022735187	20.916453999095	15.9112570127989
NID2 PRTN3	-6.20784747974164	20.7693795483512	15.7236584700388	-3.9991459799588	20.0341901084418	14.9906860171082	-4.85733331389836	20.7885109522965	15.6316565104946	-4.94466303389619	20.5339272521573	15.7823468402286
NID2 PSMA1	-8.25820240142638	21.4430660054161	16.8190283489258	-2.33596010004417	19.4670317491277	14.3075300742092	-6.43178512393004	21.2640712779475	16.2966080568214	-5.89847632028968	20.614392917573	15.8789229783236
NID2 PSMA2	-8.30797697349756	20.9881932760317	16.180813733059	-3.34717278392814	19.9641447133812	14.6922859875587	-9.13943460050983	21.5217172156355	16.5031473722202	-6.68015475133485	21.0723295071545	16.0803854241645
NID2 PSMA6	-5.26722418160754	21.0334407539431	15.8531161797254	-1.95670743852115	19.1956767263994	14.4764092631859	-3.8738898042914	20.4757762934645	15.5651903446029	-4.47867147473971	20.4361584904004	15.6387967744261
NID2 PSMD7	-6.66245382582576	20.9383621682199	16.0374055893291	-4.31068241100468	20.8558532574088	15.4827652396194	-6.76938629440433	21.2831730334563	16.2165497193099	-6.81317386148049	21.3009717860052	16.1719783830611
NID2 PSME1	-2.202986216766	19.6761078848689	15.158998361327	-2.6387112288875	19.4692217571107	14.7292668665977	-2.75976795804629	19.9193062089072	15.4892379325019	-3.29016283051195	19.9470301632166	15.4750471585961
NID2 PSME3	-0.523342413726135	18.5641155893138	13.4642497434137	-1.78538993570907	18.7714351377599	14.3167463327609	-1.10480182019017	19.0940413633234	14.7028000849183	-1.28821549852847	18.9676748442282	14.5573996294383
NID2 PSPN	-3.96557581343018	20.8698457013357	15.6749156902423	-4.50127132774534	19.8974229956546	14.9438082272859	-4.88072544422254	20.9147339080813	15.9778909778837	-6.28304818305685	20.6516513279861	15.8814871218161
NID2 PTEN	-6.43696544751242	20.8466083476955	16.6665880406434	-2.87435691671745	19.5498039506707	14.2433931153455	-4.12245273375911	20.2117904758207	15.5285516585689	-5.29570046332173	20.4364829227614	15.7450051970875
NID2 PTGS2	-3.60228946847241	20.5537395960029	15.5923035221237	-2.92752777360636	19.9237198865918	14.8931621685522	-3.30170030243578	20.3514705284102	15.7997184768827	-4.21604596240964	20.4137816455375	15.7175955524944
NID2 PTH	-4.66292229208383	20.9710545007635	15.4469921072908	-3.4038804794229	19.383886438544	13.9919521905943	-3.26860875076295	20.271778895659	15.0371041452868	-3.92121371992257	20.5146072591277	15.0959505531751
NID2 PTHLH	-0.390415826381649	16.8546151311887	12.2323848676502	-0.85759272707656	17.2052152001955	12.5686329506408	-0.756099283990912	17.477902765512	13.1370387492866	-0.569142813497544	17.2140107595612	12.6283643258272
NID2 PTK2	-2.75009805930928	20.5576822282879	15.9151926059096	-7.04131637771165	20.8678467377566	15.9261057251349	-4.33071254787136	20.8023201998981	16.1638795865252	-6.00531110451333	20.9660266746561	16.2786646971368
NID2 PTK6	-2.68037251280337	19.5328326643933	15.3460843259257	-3.25265823182035	20.0030121177692	14.7312080132959	-6.68883724653085	20.5864211928112	16.0826286408926	-3.50208712837911	20.2242994311336	15.5275934540666
NID2 PTN	0.711165775320356	10.1489016505461	7.49818577289762	0.59715696753381	11.0623492696989	8.18323331757636	0.607147411432068	11.1883774584642	8.36504338391711	0.650767418856414	10.7184114344952	7.98145418601967
NID2 PTPN1	-3.51150235410885	20.369531892546	15.6848955490626	-5.92446533396737	20.9552243838162	15.4035885098936	-7.24125856147535	21.0696153140478	16.0646035396125	-6.05242094410967	20.9282446268415	15.9274379286372
NID2 PTPN11	-5.22216217374753	20.3649459008951	16.4743865990129	-5.24400312636013	21.103390163918	15.434435460324	-6.28681451856808	21.4595317703725	16.5560968495553	-6.26066444899971	21.1185175105052	16.3640918602954
NID2 PTPN2	-10.4294840853537	21.0867850813724	16.5323875207524	-6.18320930139683	20.9076444018633	15.5182206881837	-8.85852803486512	20.9183481308213	16.1478357932171	-8.16706737459894	21.1636817504821	16.1892875124841
NID2 PTPN6	-6.46145188813834	20.4169232087461	16.221920395511	-4.95099643495894	21.2501834680388	15.3634924708761	-5.54847351389789	21.3275022731767	16.1918143931894	-5.84129968407516	21.1749832461926	16.1933594332482
NID2 PYY	-3.62471485970635	20.7527557673843	15.6577428372697	-5.40605633556371	20.8450531239284	15.5442632779601	-5.39282241423747	21.6325661964812	16.2259405806682	-5.51896897993148	21.1206342854909	16.1282284833439
NID2 RAC1	-5.83711589118468	20.4703331689655	15.8663762320618	-4.87392326753102	20.9757668568411	15.7940089674251	-6.73804308189582	20.9952469824572	16.2178586083252	-5.97050343552834	21.0219993403224	16.1978176734372
NID2 RAC3	-5.52480603239599	20.6886726318659	16.3705622685955	-5.24562460864721	20.3306236089402	15.2570015168311	-6.24383313947656	21.1140085959669	16.379739649284	-6.11841537886849	20.7162971595531	16.1190736341172
NID2 RAD51	-5.23426278581015	20.9045247601182	16.159019959788	-4.41104632155842	20.3111459560573	15.082328195972	-7.25792116790169	20.80341243117	16.2566593430307	-6.38697998543916	20.9743917832081	16.0785895154565
NID2 RAN	-3.00366068924449	19.528424848862	14.9094629418952	-4.68258671316355	21.3044181964338	15.4222467199472	-6.32088893364137	21.0810751955339	16.1224366988676	-5.51429730906701	20.823813479769	15.8297084063999
NID2 RARRES2	-1.24338398498572	19.2849226395158	14.3901901346213	-0.656906752386233	17.4102272507213	13.0105350964262	-1.0339306685973	18.4454135099608	14.0284645349218	-1.07196955014882	18.4641251360468	14.0243907308132
NID2 RASA1	-4.53416237793727	20.7431331472299	15.8885536787842	-7.24191416267233	20.7057765895975	15.6305848151543	-5.45573605055803	20.9318026915182	15.677190911017	-6.74843260071265	20.9551290091626	15.9315576553287
NID2 RB1	-4.96400032232261	20.8496021764775	15.6483417730417	-4.34246011191073	20.9697647196346	14.9236145085979	-7.77378150993196	21.5569211642842	16.4594017023108	-5.38088654257996	21.1712228912482	15.7917534601542
NID2 RBM39	-2.37713187218637	19.2857239297103	14.3298536088665	-3.05167727807467	19.7338791778453	14.8209469642228	-2.26536237603917	20.335045231654	15.152370874263	-2.72724828158103	19.9594188789806	14.9849210970773
NID2 RBP4	-6.01220495520912	19.845785190919	15.2462077064393	-5.16260376295415	19.8418060201187	15.3187562795348	-7.68900298371511	20.9490289924355	16.2672103889476	-7.25205577718726	20.7186536690035	16.2234701586716
NID2 REG1A	-0.921617177228093	17.9517613475923	14.0405974096086	-1.18016551608008	17.5312311039935	13.1071847726926	-0.709416473145984	18.0005607948448	13.867570317867	-1.06853540690417	18.0672555668359	13.9665874864404
NID2 REG4	-0.970145004495776	17.4170543981686	13.3268400663935	-1.6710151700277	18.3538482809127	13.8937130903947	-1.29856790650654	18.1465945309862	14.113697614208	-1.29272620500056	18.047229507754	13.8885726551724
NID2 RELT	-0.427058861092596	16.5133028121782	12.2611736729647	-0.662390130697175	17.051644242089	11.4895716460569	-0.524099541588783	16.9116316450132	12.2314965904999	-0.51292453525345	16.9008890864226	12.1842064238631
NID2 REN	-1.43388163374769	18.2431990704502	14.474839150325	-3.00608711671637	20.5681430664957	15.0753585896954	-2.75568576253469	19.944184620951	15.4018148004067	-2.2614500216689	19.7122709896552	15.268927402175
NID2 RET	0.442693140594521	13.8666036346677	10.2465966743263	-0.834848372385943	17.3750458286033	12.3065689844953	-0.372918904033285	16.4598496868089	12.1904975043692	0.028409625016202	15.9719003976643	11.5748878142187
NID2 RETN	-3.31313400196608	19.7795591843473	14.7121718663683	-4.17239163762058	19.944347183497	14.9816136427852	-5.60753040959407	21.0490804083159	15.9226260474901	-4.16606025098577	20.3459028913527	15.3614573555456
NID2 RGMA	-1.4209207610212	18.2693943406297	13.9928907275438	-4.72580034051427	20.021290785331	14.6942945566659	-2.57729904953703	19.4377604827863	14.9617569284584	-2.86998068795036	19.3440540894436	14.8144020770949
NID2 RGMB	-3.98773797086106	19.856160440482	15.332313037963	-3.51416193098089	20.7952857832103	15.218484226089	-4.09886825074564	20.6290727013167	15.6987764640674	-4.17255903248732	20.4848917529413	15.5613589859802
NID2 RNASEH1	-3.49966995205917	20.2744408080473	15.6874602226079	-3.17727505081106	19.496108042315	14.388552316378	-4.74084264438004	21.0004591108817	15.8299961300476	-5.40494506066414	20.24471383088	15.5418425375741
NID2 RNF43	-5.06063502335001	20.503641738094	16.3284000629949	-6.71866583899809	21.3863229856407	15.7822722398182	-6.2342318138019	21.3551500356135	16.5137815046776	-6.41817803794765	21.168340051074	16.297520606807
NID2 ROBO2	-7.2246475312483	20.6283013994517	15.6062796947857	-2.44973354018331	19.4871888286895	13.8780318911648	-5.83034691550675	20.9287157830622	16.0533988363297	-4.44585007532949	20.3326056335455	15.1523418302302
NID2 ROBO3	-8.19969053206296	20.4544148817854	16.3043170523821	-5.03556685334959	20.7116109955743	15.2103800881338	-7.03682150848265	21.2802060115836	16.4633890840162	-7.49209303319646	21.0938578234576	16.2432601084859
NID2 ROR1	-0.840756823431069	16.9097000743716	12.6136562984825	-1.97790116157206	19.131187364559	13.9361713584133	-1.28123969801037	18.2893678704136	13.6498756621022	-1.4911159711057	18.2352290040576	13.6114468520245
NID2 RPS27A	-1.5921421503454	18.8214957997752	14.8318225913801	-1.23532714911488	17.76117113458	13.6953481520845	-1.63262269929812	18.9235452717997	15.0481607919077	-1.52727917008703	18.6535994938377	14.7004680499615
NID2 RPS27A.1	-1.71472712499185	19.0392311017312	14.9861472451688	-1.05738407770971	17.5301889986891	13.0447743008813	-1.11115386007371	18.6628692641102	14.2227421630063	-1.33187246227687	18.7671535143057	14.4283219334439
NID2 RPS3	-11.1712964578541	21.2611363676401	16.5928288704174	-3.03805280145858	19.8328042761098	14.1689643275508	-7.36635489743615	20.996765275819	16.0076557790849	-5.93140245748879	20.8777269228606	15.767671494981
NID2 RPS3A	-3.70089252356598	20.2600722480398	15.5682282347951	-7.23998203036144	21.1870495211128	15.8508263403265	-4.99272459218369	21.0385633771293	15.9529880742044	-7.02768529850108	21.2113176102497	16.2757553224462
NID2 RPS6KA3	-1.07771823729044	17.8621162887232	13.8858529002025	-5.06470263573604	21.0788869377332	15.4364925335134	-3.91309823525838	21.1210525118531	16.1293435237433	-3.06552299494171	20.0231649002976	15.2950839071086
NID2 RPS6KA5	-3.74028331145512	20.5277061262561	15.6922533639679	-1.95253624086083	18.9241709538187	14.2560317957442	-2.32461861105561	19.9098123744836	15.3019023986809	-3.51412991899775	20.0539697418546	15.5355907502057
NID2 RPS7	-5.74605563236335	21.3200894991245	16.0044825516805	-2.06578133717181	19.0659072341223	14.2283675904207	-4.38260232846985	20.4112003045854	15.6790539437752	-4.69214956674783	20.4083037060042	15.5643332541269
NID2 RPSA	-6.02735679608737	20.2784528094303	15.6395013622029	-3.53410841856201	20.8764412756313	15.1275857847569	-5.42741833513742	20.9622549638889	15.921709108943	-4.87608269899154	20.8092615271088	15.5501893723331
NID2 RSPO2	-2.51418913560037	19.8607161830799	14.9339327404124	-2.52559020896576	18.7541205008255	14.4431601826714	-2.41243175436921	19.7011567828385	15.4324737824693	-2.31389759251796	19.4445456803645	14.8903466655531
NID2 RSPO3	0.505970883717586	12.9180884131504	9.59325656781989	0.13950287371796	13.9096067071509	10.1514589036558	0.319030933188745	13.5734538200176	10.0172053875341	0.255261885733092	13.8099525668821	10.253683860134
NID2 RSPO4	0.264248164101339	14.6017939253068	10.4716064473751	0.415459260414044	13.2833189196094	10.2318354404687	0.312466691328115	14.6256453011624	10.740674477335	0.305289767821672	14.4603150735092	10.7177866518588
NID2 RTN4R	-4.32798267502626	20.5991374220498	16.0979071174614	-4.6792319941167	19.9330110783902	15.0668089515373	-5.70428399181015	20.6650114776388	16.1715011304602	-4.92961331260109	20.5948927372324	15.9220780499874
NID2 RXFP1	-2.01461779232423	19.805922054657	15.2731590204951	-4.96675032200699	19.9744262550592	15.1961093931725	-2.98030920719087	20.2580987386427	15.5370441901146	-4.62290104205823	20.1904256116227	15.6648363343336
NID2 S100A12	-5.09564056585661	19.8441822867515	15.5286667639029	-3.45624942174195	19.7902066597442	14.4907847733543	-3.84341195892492	20.2457558841451	15.3605969452041	-4.39919382919661	20.2974812565146	15.5545154449926
NID2 S100A4	-5.83598441509992	21.1599259339345	16.3102001307274	-5.09715587180116	20.5194420115767	15.3789390781105	-7.21296114731264	21.0084726582347	16.4327359075976	-8.21351085327101	21.0800841398746	16.4674244555042
NID2 S100A6	-6.70687596649019	21.1847116186744	16.4020713688181	-2.4996895580305	19.9212753661885	14.2405232804238	-5.61844726711471	20.8745557961463	16.0516092687071	-5.5289979102485	20.5448418520204	15.638869334179
NID2 S100A7	-6.06081151799289	21.0227075617093	16.3251695991659	-3.51805998953774	20.0580661451224	14.7846921260192	-7.24354226483554	21.2735115660049	16.2423227021088	-5.6410765737349	20.7802597194444	15.9192046585169
NID2 S100A9	-1.09880979096327	17.8674710186542	13.6229509007803	-1.70741074119631	18.1367870400167	13.3935925590257	-1.15695929739865	18.3875836671487	13.8288760685821	-1.23888976454151	18.2656171266738	13.8419738209458
NID2 SAA1	-3.16814741551121	20.4000815676761	15.3998018869293	-4.29927841487609	20.5344514140098	15.4699894121325	-4.0856124655503	20.385981424767	15.8663810438586	-3.86499653065324	20.4846013892819	15.7076529612891
NID2 SBDS	-4.30745622954079	20.5995904034233	15.3273207707247	-3.24697589145105	20.4037010867447	14.8927530313213	-5.73123005925183	21.1225592904217	16.0559810512659	-4.33706758372076	20.8691634553443	15.5564866972066
NID2 SCARB2	-5.95145469511158	19.8999220575642	15.9583866461496	-5.05490309362814	21.1937816293709	15.2407207075836	-6.27242695749864	21.3018132588024	16.4087885247202	-6.2717734636711	20.9276052282787	16.1814947613426
NID2 SCARF1	-1.17378914832564	18.3083128847158	13.5833014550774	-1.1728267590112	17.8259167985757	12.5268207811436	-0.992474106187623	18.1875128041026	13.4840455411692	-1.08071895665683	18.1048087819623	13.3197101296044
NID2 SCARF2	-3.10351828314565	20.2801699036545	15.8655724743505	-3.60876639939266	20.2665318965019	14.9388501996823	-3.06822502358901	20.5523977258432	15.8494954222526	-4.11135676614216	20.6323139912502	15.7976519620589
NID2 SCGB2A1	-4.1767659219346	20.9437620807048	15.7666310762262	-4.80659619213702	19.6823565991689	14.9061642752509	-4.27712287098754	20.7034181856274	15.7462250925638	-4.88797145687637	20.8231112168097	15.7307614408466
NID2 SCT	-5.7047059210112	20.4422078468237	16.0440794887512	-4.79650593897698	20.8824673994085	15.5673322792833	-5.17447848369774	21.0066483623462	16.157576363841	-5.41380575875389	20.9701111088985	16.1407204454475
NID2 SECTM1	-1.78905573731926	18.5721790892712	13.7604471988021	-1.96171126559626	18.2163451410755	13.8145948196581	-1.68468203720783	19.1095820227268	14.7638535172561	-1.8828405122465	19.1565706293537	14.470450579378
NID2 SELE	-4.00352113039214	21.0495984424213	15.3549481098077	-3.05807115042658	19.7080304185242	14.1150422409016	-4.79979769015115	21.3421505075904	16.1039244534142	-3.62152933898669	20.6161911754144	15.1344134255669
NID2 SELL	-2.60081203292689	19.6759227048389	15.2342313987377	-2.4128358065908	19.5609098087727	14.4948281156098	-3.26612567851341	20.0733505958984	15.4342002059569	-3.06370217074431	19.7939351838418	15.2152459526928
NID2 SELP	-4.49798273085095	20.866301185419	16.0606415191994	-3.79068531936417	20.1495058782787	15.086864121464	-8.16536550657526	21.1487492663409	16.5003953781907	-6.15617868437284	20.7187774466831	16.0943015196385
NID2 SEMA3A	-8.67335708143488	20.854653505643	16.4835746920119	-4.9117589482905	19.9734026469308	15.2708588959919	-3.86250899790561	20.4499565552919	15.9887395122014	-5.6293692171751	20.4910285271726	15.9985265841939
NID2 SEMA3E	-1.56181267269973	18.371935421915	14.0942336296789	-2.29898162923033	19.1114096485799	13.6334670735024	-2.35121108742803	19.2408820310236	14.7228509123432	-2.16991516164665	18.9351572554814	14.2745431011617
NID2 SEMA5A	-9.83528548794826	21.9460702245775	16.8038684154157	-4.40813377474359	19.9346237993094	14.5445887916628	-7.03369456009423	21.5938515730619	16.4393132810272	-7.19028687037834	21.1336816305498	15.8904048793695
NID2 SEMA6A	-2.7441863315088	20.2455654814558	15.3674044738888	-3.67146358672207	19.4241508282993	14.640316519066	-2.65570687310534	19.8508367634075	15.358208815085	-2.84209663537208	20.0089834654639	15.153311039924
NID2 SEMA6B	-4.64630342948988	21.1605131327391	15.3075372896753	-4.93639837245973	20.4148455731765	15.1647995228503	-7.88646805212495	21.4345586214012	16.3427360956355	-5.54483620591955	21.2723293493449	15.7212953931226
NID2 SERPINA1	-1.06820311980092	18.2307820809216	14.7224442434323	-1.38497615490053	18.0753077996712	13.6875339803234	-0.866288952911103	18.408795935149	14.3326663946834	-1.12447575951453	18.3088210166986	14.4786129461971
NID2 SERPINA10	-3.25581418294941	20.678053631454	15.2699411570636	-4.45559523104946	20.844088943227	15.1516242632962	-3.59812548639617	20.9255263217119	15.5226911824191	-4.60745457612556	20.87867303534	15.5607640919935
NID2 SERPINA3	-5.96055224738396	21.1030724477242	16.4395872705749	-6.14161800756028	20.7866708082578	15.0569134992558	-6.42988031754538	21.3250534980751	16.3636560244808	-7.51479137050324	21.2949228103476	16.1646756915167
NID2 SERPINA3.1	-1.42306994208718	18.6330727805434	13.6201612145946	-1.79729927423487	18.5255347554492	13.2977287984271	-1.54283973289648	18.9668491139812	14.0282020943771	-1.76443632291408	18.9819226606561	13.8278532892083
NID2 SERPINA4	-2.62323490339065	19.870594263087	14.2185816272259	-5.44752421269635	21.3398552710132	15.5324300277427	-4.02886120520177	21.1901309929364	15.4690268690026	-4.34832837623615	21.0308632863801	15.489177817989
NID2 SERPINA5	-6.45411718157152	20.9242050967362	16.2651103204169	-5.54368076698073	20.7609306423972	15.611859262723	-7.29049084494316	21.1122882902656	16.4827207322495	-7.62696521930819	21.0865237218486	16.2990910891478
NID2 SERPINA6	-2.61212079275245	19.8383111185679	15.4620111985463	-4.95770539667855	20.2079276952395	15.5742620029165	-3.64516980318487	20.3321416305375	15.9212655922381	-3.9765858250163	20.391319340753	15.9794258891875
NID2 SERPINA7	-5.55538179695796	20.5807171318578	15.6362347273405	-4.38696804190481	20.5948902443877	15.0029367571056	-6.84807943287468	21.0206518565391	15.9528376439788	-5.88227388888988	20.8985470743406	15.7936593556792
NID2 SERPINC1	-1.36039442568631	18.0843490633515	13.2443857313189	-2.07201886694929	19.058062380154	13.9777086536706	-1.94953451240144	18.95832206702	14.1896979104007	-1.70702421412522	18.8131994441506	14.0696509958862
NID2 SERPIND1	-3.3240247196693	20.2908785538653	14.8550138162244	-4.61856064154725	20.480506541	14.819893556203	-4.10432175350068	20.4982295779266	15.2621891855239	-4.72442800829587	20.8152816486444	15.5271870346493
NID2 SERPINE1	-4.26571145251544	20.4846827512174	15.395252162956	-7.63696671260407	20.7635461680629	15.804183903601	-7.81791532939655	21.8362307522701	16.5455342138065	-7.00792748346542	20.9970157800715	16.1075971140192
NID2 SERPINE2	-3.69079007388968	21.0562513906953	15.4544685219117	-2.80297043058575	19.3354983565717	14.6300504246433	-3.51224815736698	20.6963390232566	15.8335914301919	-4.05084772226026	20.4442407632749	15.587907173089
NID2 SERPINF1	-4.35160730061968	20.4490411142203	15.4955417040262	-2.29095949637587	18.921095780899	13.5824153706167	-5.8830148124384	20.5291393780311	15.6936389269852	-4.05029466946995	20.2261785551446	15.2749531953958
NID2 SERPINF2	-0.0733785717517961	14.7822020478187	11.0130904825621	-1.06232273934395	17.9906075770905	12.6963361389455	-0.553599673471685	16.7694526353125	12.1139902133581	-0.460004948349029	16.5819475213517	12.1140026921851
NID2 SERPING1	-5.19434544235128	20.9044041178574	16.1313265139681	-4.93411086310245	20.4752213233063	15.4281242805436	-5.39030009432887	20.9421174191288	16.3538350177929	-6.5441244227287	21.0170790280104	16.2875924005921
NID2 SET	-5.14144388656201	20.154256599783	15.3526537816867	-3.74356728601094	19.9156070861729	14.903322858339	-5.27326201159565	20.1669057573837	15.6517868511944	-5.06050027668544	20.274792768258	15.725875232736
NID2 SEZ6L2	-7.54937037439563	20.6289392396513	16.5026559551847	-2.66451635089738	19.3054877626987	14.6201240802457	-4.14859150445628	20.3738250454708	15.7015872773291	-5.06829987365857	20.3723295569221	15.9298715723979
NID2 SFN	-2.83850979476013	19.5017890974886	15.0049432007185	-2.6808706494498	19.9045675600582	14.8952018348284	-2.87855521679811	20.08210100158	15.2680486817555	-2.93904216173913	19.9272352755867	15.2533018517518
NID2 SFRP1	-1.60167600313714	18.4617817810344	14.0803983679479	-1.1068837768318	18.7158707764454	13.5239992910429	-1.43440573049446	18.7634449008511	14.2653216737614	-1.5170414688856	18.7485825736406	14.1248015638559
NID2 SFTPD	-2.43023881938786	19.9868431048382	15.6924415728962	-0.842533449452726	17.7610535523736	13.2875050435068	-1.74600533623635	19.2709407043213	15.011964768245	-1.66876648376749	19.1192872008078	14.7417951607348
NID2 SGTA	-4.06746540863778	19.672769532814	14.8644811137508	-4.09741584148747	20.8873923334986	14.8773411634409	-6.36576954139204	20.8936282855412	15.7407191779697	-5.44460801845136	20.7236435659604	15.5170305597276
NID2 SH2D1A	-4.08687181077024	20.9448369450009	16.3629594451084	-3.36009578093294	20.5015325423676	15.0612387822471	-3.94265074375117	20.7074817156236	16.1481839519295	-3.92977742915549	20.9029725045703	15.9827220347507
NID2 SHBG	-0.634814603416852	17.5032989284501	13.4090586560712	-4.69014147379524	20.2986441291357	14.8556506920267	-2.42617021348415	19.6122410651335	14.8389537112515	-1.88885516586715	19.2321187011385	14.5209569076141
NID2 SHC1	-14.3919494316253	21.982622637976	16.9673394835688	-3.58821226797953	20.2628090650445	14.7652042801403	-6.88116125015354	21.5725419720065	16.3759767018424	-7.35688100843609	21.2112709897693	16.1746009004464
NID2 SHH	-1.2423417978275	18.7655278525445	14.7393810726118	-1.93402349980295	18.8703522273243	14.7696805387025	-1.58135124662705	18.9363008848463	14.9633350134946	-1.80466678516184	19.009373464344	15.0943379604858
NID2 SIGLEC1	-2.74402968977905	20.5982361586762	15.5042738335599	-6.37181632858943	20.7034912314108	15.4145812978977	-4.99285051167771	20.7706928540281	16.190887739003	-4.19041844121005	20.7648827967716	15.7952109248655
NID2 SIGLEC14	-6.41058865388903	20.7507084761722	15.9730761704819	-2.08024843686059	18.8374558941987	13.7198565363018	-3.23658423931536	20.2545203681894	15.3262756402225	-3.79422323942919	20.1998925833711	15.2789674865652
NID2 SIGLEC6	-7.27159163512385	20.5338209200215	16.0339624803321	-6.18759930763604	19.9435568711256	15.316586884692	-7.55168797504949	20.9216335312607	16.2363229044016	-8.87017096496085	20.5981068689849	16.1529768719176
NID2 SIGLEC7	-5.18018674436137	21.0542793660194	15.9336853511071	-4.33170927401394	20.852295491392	14.9485675335503	-6.04059297483388	21.0224330179891	15.9784349993393	-6.49214757475616	21.0584880477984	15.8889703502962
NID2 SIGLEC9	-5.37610108749209	21.3763552702961	16.399834942621	-4.68500976061289	21.0640552538727	15.6263843472086	-6.40161912689048	21.4124331870147	16.3952229391675	-7.97630103811037	21.2708678971087	16.4184598657441
NID2 SIRPA	-5.96770910329864	21.0546094785157	16.5605356869947	-4.83464234624997	20.3879434147088	15.2815574801568	-5.014658323231	21.0600689131069	16.1549996285975	-6.12647254131878	20.9314298652864	16.1283993561574
NID2 SIRT2	-3.53033526656472	20.0391029096597	15.0312099387613	-3.09743413610556	20.5813751537264	15.108237823995	-4.1206034920184	20.5863183928254	15.5388185279572	-4.57097521116298	20.8657996420513	15.6742762878497
NID2 SKP1	-2.41933392332859	20.1190784066418	15.6223842735884	-0.594564873553574	17.1511617859524	13.095948445288	-1.72301825215918	19.0515684026455	14.8364983953614	-1.99676700245631	19.1406805155133	14.9204343140288
NID2 SLAMF6	-5.69171717472015	21.4573002537263	16.1194646217754	-3.342715347695	20.0167785854305	14.7326299113305	-5.1213537294743	21.4369893324596	16.024818032102	-5.29397647093833	20.7664417197274	15.7968245965761
NID2 SLAMF7	-3.5179854724672	19.6674061784723	14.9450992465109	-6.32931891858953	21.0743708311202	15.5274596373182	-7.7200476793445	20.9369654410037	16.2145031464349	-4.40170645626126	20.6614922930839	15.745016957793
NID2 SLC25A18	-7.06557756133919	20.8024445515043	15.9392946298542	-4.89579991921449	21.2446117905706	15.5272488953602	-5.41214761035661	21.3873635723605	16.207350967633	-5.96979176806461	21.221049512876	16.1129337901616
NID2 SLITRK1	-3.12795246857625	19.9427720361433	15.5489106795086	-4.52924926959003	20.4549004978976	15.2779775003206	-4.54053992574324	20.6980974493766	16.0306407480247	-4.11846350021457	20.5701633989427	15.9466978717669
NID2 SLITRK5	-5.41978407476937	20.2196908018474	16.0270353656171	-3.80468699253807	20.9057562709225	15.1246718002903	-5.77425334232737	21.2790330861246	16.1490522269015	-4.62407503561887	20.6432771869188	15.8220812245532
NID2 SLPI	0.155424945094603	14.8510681274422	10.6703779951978	-1.65517458198717	18.2089819823153	13.0094756575668	-0.407405826992208	16.9814221004958	12.5015188105182	-0.410923312956473	16.8173900317415	12.2662825168265
NID2 SMAD2	-5.66189808278379	20.8200482825981	15.7498390831969	-2.6524984441808	20.1699349145052	14.3982925793974	-5.21127944017032	21.056278830515	15.8955953087549	-4.36883388897512	20.8540680051124	15.5460743000536
NID2 SMAD3	-6.85213476888379	21.1685531479205	16.2767401216148	-3.36523043251445	21.1253245415444	14.8968555430543	-5.79255023836198	21.4633779756579	16.0060676022972	-5.25769585394502	21.1509309553726	15.8744605616088
NID2 SMOC1	0.241546115626601	13.9722610554702	10.0097312729402	0.019084206362887	15.0720197958887	10.3060355608615	0.170730700054277	14.538648130132	10.1678434518634	0.169721307422962	14.5499284689864	10.2216743389659
NID2 SMPDL3A	-2.46403983558954	20.937725796424	15.7027610858976	-2.61988329187196	19.4486566396053	14.5692504967324	-2.88648255665334	20.291956453631	15.8984942150521	-2.76538104401373	20.6064917350103	15.4617256059599
NID2 SNAP25	-2.82904666468736	20.3851918780121	15.7823657055081	-4.79715999834527	20.1555166852255	14.9657256622177	-4.26771200824256	20.4290650051753	15.8146479748833	-5.44775331530763	20.6630091895616	15.76828174897
NID2 SNCA	-4.8134254257111	20.5645376287851	15.8660432853448	-3.5825721398111	19.4813798832698	14.597022571038	-4.11164068620526	20.6607419004126	15.8325529436139	-5.18982928081873	20.4707489518603	15.7006430675245
NID2 SNRPF	-3.45407160284056	19.6371390694135	15.2359139540279	-2.38638758030699	18.5890984658874	14.545985673776	-3.8547864311202	19.9899437184726	15.8266131264912	-3.87087061123147	19.504897363753	15.4375514010934
NID2 SNX4	-5.22990912944438	20.7253238897647	15.7426755820635	-4.57260689582965	21.3049686748221	15.8561916384371	-7.70186218122537	21.1812333643181	16.334607412804	-6.13533869961959	21.212992153246	16.2708144164602
NID2 SOD1	-2.23882648209142	20.0481259858172	15.2275768393527	-1.04992241588682	17.5395532725238	13.4288770387957	-1.73975642232981	19.278841983805	14.7122792309643	-1.74210121562164	19.1529550114813	14.6160276098874
NID2 SOD2	-3.40278742143368	19.5138522283839	14.9086451825575	-1.45266913176603	18.0177730322811	13.1703996244261	-2.12394884451118	19.0705319347476	14.5013949876863	-2.31593743352941	18.9634361213763	14.4482688764974
NID2 SOD3	-1.16155274919384	18.5086066075175	14.287281916492	-0.962428396465529	18.2834410190114	12.962071658	-1.46282423381534	18.7522565311197	14.3443278864107	-1.35514103131057	18.5132567027764	13.9286306687824
NID2 SORCS2	-3.86509626187592	20.3249974118086	16.10788533852	-3.80476477856998	20.5233437514979	14.8021710119229	-5.69978062737519	20.5442816797304	15.8348559453219	-6.15542559014641	20.7357502591069	16.0070581961409
NID2 SOST	0.418432885626743	13.480515668445	10.0676965931749	-0.196966414867318	16.0897624601321	12.3024178571734	0.0327258114468796	16.1592486768204	12.4394726412093	0.173344377132165	15.2431293209021	11.6380749565821
NID2 SPARC	-6.23167608664775	20.9465020252449	16.034147302759	-2.93849510632679	20.0022360732895	14.9654112684639	-7.14696215058155	20.8905357155374	16.3888558200286	-5.58639957372618	20.8159585031608	15.9122382578549
NID2 SPARCL1	-3.59845682646563	20.1847764874677	15.7316140041572	-8.94362497302702	20.6138870878019	15.6682970788884	-6.06255856014863	20.7974217748045	16.233490868517	-5.49344096651726	20.6297170443955	15.9412541702053
NID2 SPHK1	-4.46048239890481	20.2126716795294	15.3834310471415	-3.25478184635118	20.7995387040356	14.9983694945739	-5.53955110517036	21.0012508421924	15.9860835962746	-4.42840136795792	20.7472784415045	15.6497485966374
NID2 SPHK2	-9.60988346597193	21.7095042040565	16.8742081007725	-4.65500519900837	20.3408393229176	15.3979715094511	-6.39022722704059	21.2266288110689	16.5055681279724	-7.36834704472074	21.16987788615	16.336130613128
NID2 SPINT1	-3.90760183865997	19.3012412519548	15.5437856522539	-1.95869854065462	17.7903551225982	13.3664212732386	-2.57817463704101	18.8997151573138	14.948942848834	-2.83582285311955	18.8981689409702	14.8621523128497
NID2 SPINT2	-3.84058425749897	20.6399767195587	15.3544114927356	-3.42089632239376	19.7020300525922	14.7792451110292	-4.6125467115232	20.2620527365959	15.5734582029203	-4.40116410537136	20.5680103914422	15.5881449779728
NID2 SPOCK1	-6.70384112682886	20.8461476260814	15.9385299603263	-5.31928714244201	20.7341753236827	15.535083430497	-8.4569280148293	21.3026637112707	16.2946995184869	-9.34839545275296	21.1317360156887	16.3467844623974
NID2 SPOCK2	-5.86069520659842	21.6505736317771	15.6449623927662	-2.48888969554012	19.6928284729525	13.7777472031674	-4.16393336081447	21.0518516115859	15.2533232916661	-4.28347253945677	20.9463547956297	15.0636284551072
NID2 SPON1	0.238341365011989	14.6515299909193	11.0835067314368	-1.03777899416557	17.2118284696174	13.0444133666759	-0.239158628992726	16.4388052493844	12.4214157135376	-0.20570192082787	16.354727715375	12.4975490790602
NID2 SPP1	-3.15011911652538	19.1706154422142	14.6651153024118	-3.30254304414015	20.6341856241779	14.5259854513741	-3.53621963925898	20.7527000289036	15.3948510260444	-3.41313354190836	20.5240707182148	15.0631257469987
NID2 SPTAN1	-5.87479480378063	20.9094247219625	16.1896945668387	-4.23378900040839	20.8556617243707	15.1520724699813	-5.82268664014838	21.3895770564025	16.3408978725631	-5.90576869324808	21.1825743509465	16.0942581808738
NID2 SRC	-2.99402687919706	19.5908691780746	14.9114809804805	-3.79716129864301	20.8737525199482	15.1492922282112	-5.30792347879854	20.786224272033	15.8546814899895	-4.59352691927914	20.5100714588524	15.5719739036738
NID2 SSRP1	-1.59620633141965	18.7960426762458	14.5458646622958	-4.55483534715786	20.4708691332839	15.4227829847242	-2.54663492007185	19.7020112785309	15.4467759433986	-3.49318481981534	19.9599522232326	15.5028894570311
NID2 SST	-0.0255448733151735	17.0868916483565	12.9268278216013	-2.46998833050562	19.6844017081935	14.408729440102	-1.31499824200674	19.0623675056567	14.7384107486504	-0.832114307183202	18.6518370162458	14.0522513315319
NID2 STAB2	-6.18422183471207	21.0963568657309	16.3943337100702	-5.39579481526215	20.2605961618874	15.0907844784674	-6.09177717888078	20.9167688281237	15.9967159724021	-7.23206528469019	20.8645607295456	16.0118045541461
NID2 STAT1	-4.803792509795	20.397181359278	15.4826354201166	-1.51453539622833	18.6042964438809	13.3114473739944	-3.10340901983021	20.4018697718958	15.2504599690012	-3.10754910053536	19.8510686725728	14.8447716619739
NID2 STAT3	-6.98108692967786	21.0099504880049	15.9832321692934	-2.84934245346025	20.2247044542763	14.3892256208504	-6.78373351344385	21.4362348187892	16.0789111578147	-5.5319146340171	20.9747023992969	15.7364045790562
NID2 STAT6	-6.71119753717414	21.0312556210364	16.5265469034025	-6.04003831831925	20.9810581034644	15.5417551525575	-8.41630730912305	21.2305432461336	16.3189930501542	-8.26741084346422	21.1506879413771	16.322005705254
NID2 STC1	-0.419603146030715	16.249852553019	12.5792405698103	-2.36556373645859	19.4606324981369	14.1222351426881	-1.2128204206743	18.3729937876771	13.6737154203502	-1.32396640460947	18.3280602208751	13.7226848861269
NID2 STIP1	-7.34923686260052	21.4792360993668	16.4635348282728	-3.47027928489411	20.3611994155616	15.0154092512211	-6.01450373800427	21.493047128467	16.0779352790656	-6.96983997837453	21.1061968839576	16.0718509406123
NID2 STK16	-8.81974082911417	21.0881099626787	16.3249853960302	-4.77799795023513	20.8745301198094	15.4649375647035	-9.31353109058155	21.410005193706	16.4943967362071	-7.2881973185748	21.2203360174253	16.2129451741213
NID2 STK17B	-6.28282698004567	21.485576256703	16.1855144807661	-3.96209929173819	19.9063933582693	14.9958587858765	-8.24089739092135	21.4901558946744	16.5001537234554	-5.77701428120413	21.154800690551	16.0659871900956
NID2 STUB1	-4.0950242871625	20.0727191838281	15.9654610372637	-6.77878847918863	20.7473159940747	15.5778209631441	-5.6668890612344	20.4416691982396	15.7490810996314	-6.75815182389826	20.628742019541	16.1871618777842
NID2 STX1A	-7.50827281604583	21.5857376574691	16.2085505392647	-4.74218878914169	20.8354561158985	15.143702762211	-7.72316834560696	21.349712640914	16.0991841742299	-8.72290080925486	21.4487164975437	16.2338344437835
NID2 SUMO3	-7.61368696974058	21.0166458179836	15.910525859008	-1.82554004706031	19.2182268937906	14.3147590754141	-6.03225849337985	20.9929510241603	16.1251722255464	-4.25701197482559	20.6125284852219	15.7391648469945
NID2 SYNCRIP	-14.4416546776908	21.7395187083425	17.017892312351	-2.89690858168759	19.6384585461594	14.5454597250026	-6.16364688739707	21.185256659529	16.3606100047069	-6.04204982718984	20.9721569557515	16.0677979595017
NID2 TACSTD2	-3.42702887736576	20.0725678839841	15.1173391032704	-5.35894754060674	20.5943288306519	15.656457681722	-5.07553035857656	20.4370631749359	15.8857883322993	-5.59842602835215	20.6165414801727	15.7911530375231
NID2 TAGLN2	-6.42093235639088	21.3933907234728	16.6178009717818	-6.16899520664213	20.7746320536756	15.6462229590373	-8.15816816227613	21.6006069444067	16.5483721431005	-7.84019116617104	21.5427433553621	16.4816695572084
NID2 TBK1	-3.77103561012212	20.7317712382372	15.6282281685382	-3.09955266248766	19.7877615070291	14.8504032525449	-4.16668692562856	20.6348132398817	15.7143822207693	-4.17854958871866	20.6378862799679	15.6997211727534
NID2 TBP	-3.07595695742123	20.2477090704408	15.7388999036673	-6.01663831006604	21.0031600713491	15.4799056634861	-5.92149179634872	21.0579027845179	16.2050494641225	-5.94052482966379	20.979269213969	16.0680862155289
NID2 TDGF1	-6.26805895734759	20.784614096404	15.8930872740191	-3.67093563013233	20.7732306244526	15.3762597739068	-6.53772276567841	21.6884011612696	16.5367086916714	-8.07266624729905	21.0568984008485	16.2198247095696
NID2 TEC	-4.32871376160216	20.7547587845681	15.6503229875001	-2.48968777885606	20.5252099102604	14.419355244515	-5.93867608697863	21.1629481415356	16.1588412539204	-4.52538356820599	21.0773012196575	15.7785357766746
NID2 TEK	-5.6415351996764	20.6778404930493	15.9707475556343	-3.64464709592727	20.5720828297918	14.9678404221669	-7.59038341786414	20.840772992598	15.9615735151583	-6.32145556852541	20.795263454676	15.8291878586481
NID2 TF	-2.04752971090133	19.7496854020198	14.4381163234665	-2.73433788709795	19.2053974472077	14.2516752169299	-2.9749837911232	19.682396380534	15.2173283846089	-2.30716494443953	19.5863036398887	14.8308194751753
NID2 TFF1	-5.59336328550132	20.3980730781462	15.7475377678565	-3.4249974137391	20.1559899484089	14.6787322883016	-4.17889760223524	20.3768004929685	15.5225359687957	-4.59773930285547	20.5224251496973	15.6413002819218
NID2 TFF2	-2.67467933330204	19.3264710927643	14.5364718448487	-1.94251755739811	18.8301660467198	13.3503304315027	-2.23231322382849	19.1864417845913	14.1310603433518	-2.87551003922991	19.3118663944244	14.2732039042198
NID2 TFF3	0.285992183605689	14.4408747627085	10.3040152481205	-0.659787478219679	17.2626037259395	12.651496060869	-0.00299214407986126	15.7290181522656	11.5079089050649	-0.116659467731768	16.1782813187616	11.7269430516366
NID2 TFPI	-3.25318778367663	20.400497297285	15.9944494521617	-1.03329372935356	17.4790640845706	13.3375163647569	-3.4498044628286	19.9078074669013	15.7275628994914	-3.12003503695185	19.3731248854235	15.3340781459823
NID2 TG	-2.73087441064817	20.8277382187261	15.7591401342585	-4.69586327294788	21.3624898652124	15.2906483199026	-4.65625980400425	21.5830514018186	16.3386091146371	-4.24459961972317	21.3607127463037	16.0130505640046
NID2 TGFB1	-2.60809177418291	20.7323871122476	15.7473217403098	-3.39653788965563	19.4096125557941	14.7049642034359	-2.5497889125057	20.2793520663656	15.6754131864079	-3.07800156133308	20.1806246282336	15.6152499700544
NID2 TGFB2	-3.79607050399627	19.7298208730694	15.4128750447338	-4.87252806651219	21.4382300750563	15.7043820715811	-5.07703816843398	21.0163358486686	16.1207684251376	-4.54261629186974	20.7468770351911	15.78464919212
NID2 TGFB3	-2.48367399923733	19.4553839017907	15.2058133703695	-2.25092829681376	18.4017310666348	14.4054276241928	-2.22159250920741	19.3462563127876	15.1520838345436	-2.57952109404149	19.4800135620585	15.2086783128546
NID2 TGFBI	-6.99052580685839	21.1117068610853	16.412274789663	-3.42160077152451	19.7083940687192	14.3678524219672	-4.82171302464779	20.4635739791655	15.8289614136255	-5.69700572390993	20.720543424669	15.7836564115204
NID2 TGFBR2	-3.69701701600234	19.8873724209654	15.755731848811	-5.15774193666712	20.7896048084236	15.4464618368908	-8.13464396934023	21.6073007244043	16.4177663361161	-4.96286473799419	20.5518269401125	15.9172127924482
NID2 TGFBR3	-8.58884460389374	20.5170867489006	15.9803681938229	-3.54710110096798	20.7629583122224	14.9507927724914	-3.77535826050605	20.6255500973265	15.6634504758194	-5.09127484009433	20.8258771647777	15.7969341734021
NID2 TGM3	-3.3061691416211	20.028235820694	15.5880807278999	-5.09597156480462	20.0432758830097	14.7734316489386	-4.94363555966919	20.7971798706409	15.9315037145301	-4.02421828151357	20.5129274071924	15.6776446074084
NID2 THBS1	-4.285610250852	20.49850395671	15.7962313154814	-3.06340249723379	19.7273007168589	15.0601744167905	-4.40434814770838	20.5297754431041	16.2263422562786	-4.8444468364956	20.5153372026336	15.9059207120688
NID2 THBS2	-1.26854743324983	18.4501314344394	13.6995075516468	-2.54646195294083	19.1452366152561	14.108677923286	-1.89376859311694	18.9832062731927	14.2730485512658	-2.0716649519604	18.9224262211707	14.2860274505873
NID2 THBS4	-0.292710686672466	15.9443179612904	12.1054116329025	-1.22376832141013	17.6560307830434	12.7807804156712	-0.718158787159265	16.8597543931391	12.8266317579859	-0.706647265687598	17.0647754479963	12.8231555161053
NID2 THPO	-3.22852388143564	20.2274411879221	15.8625893710198	-5.62956201962611	20.624104227342	15.302473283586	-5.72495636393437	20.7421677579223	16.0182619361992	-6.55910186562458	20.5727949147801	16.0943707399821
NID2 TIE1	-7.82221917957185	21.2961139218656	16.4678604320567	-4.08830958889348	19.9968841115239	14.5116237802495	-6.50020696627104	21.1122013261795	16.0104324810621	-7.29318435073249	20.972203636857	15.8461781513923
NID2 TIMP1	-0.105542364291334	15.6645270355072	12.184095085002	-0.646890681084365	17.8833866443618	12.1014458838011	-0.227127229201659	16.8776978861319	12.0971756748445	-0.307441868895424	17.0651149950083	12.5099372961917
NID2 TIMP2	-0.964943743121437	17.9964977571504	13.5489586946376	-1.73742008565525	19.6544055685241	14.268785705523	-1.56443802537163	18.8617770212117	14.2744843854531	-1.51725475557277	19.0626366227097	14.2743751938087
NID2 TIMP3	-7.01295771540009	20.9475899446387	16.1565864718463	-3.84993042450333	20.0781610069875	14.9990317414867	-8.99668484390774	21.1884023687503	16.4690361640016	-8.7397779745731	20.9550675104015	16.2332535137779
NID2 TK1	-10.8177396570919	21.410240766992	16.4631805517267	-7.0257899482189	21.306468311994	15.9454263160338	-12.3686036411915	21.5415073660172	16.6755277083202	-9.55059669287399	21.566041455149	16.5500248707638
NID2 TKT	-4.28053981644928	20.7595239755662	15.5386792244305	-3.45971442056768	19.7672113915029	15.1513581771308	-6.66600052054176	21.066818533293	15.9495851152265	-5.49680088856325	20.576071004571	15.8254885529054
NID2 TLR2	-4.73817206336945	21.0249441992804	16.1197982182432	-8.00672322651276	20.6324431888756	15.3781438465984	-6.51058170821515	21.1600156840958	16.3148507005961	-6.1261893670423	21.0751705687685	16.0725954120317
NID2 TLR4	-8.13405888875066	21.5138579856348	16.3531535442541	-3.15747512857803	20.4535099536626	14.5570361255297	-7.18339615422939	21.5904374185182	16.2483655909197	-6.74648168918062	21.3247186909211	15.9478312880648
NID2 TLR4.LY96	-6.64913915320768	21.496207154198	16.2093203645949	-4.62357837422126	20.6198998859844	15.0402213036822	-5.6049674268895	21.4320166517114	15.9378284449654	-5.95657929960594	21.3003700014653	15.9101202793727
NID2 TMPRSS15	-1.62966988207659	19.4131733134846	15.5756565528257	-2.33974214425423	18.6050395959756	14.1175935836444	-3.19202365929016	19.9260756374079	15.6908188771381	-2.29498141627932	19.3304197165556	15.2603716041673
NID2 TNC	-6.78172701024479	21.6094938066401	16.3725595326149	-2.24269806186621	19.7007007230117	14.215063050109	-4.44249487774766	21.213953611494	16.2085890224398	-4.23871172251227	20.8147618899528	15.6339144167999
NID2 TNF	-0.118507093023557	16.0890358839401	12.3797783379219	-2.68374815516351	18.7354089760631	14.4052735583755	-0.992764079153201	18.8053002283546	14.5322575638664	-0.971818591360352	17.7227257441265	13.8547698008439
NID2 TNFAIP6	-0.846784245933413	17.3630551537213	13.0376764415637	-3.83052804857862	20.4763435336331	14.9773265763933	-2.61969783007582	19.9397949845611	14.9395713229778	-2.08148303691239	19.4154342657666	14.5017687610036
NID2 TNFRSF10A	-4.5088122311757	21.2411782997154	15.8466314159087	-5.54527319502661	20.3714330410565	15.287573450316	-6.30629560798345	21.0593755317392	16.0885501802294	-7.02114449415065	21.1231112679488	16.2241494238829
NID2 TNFRSF10B	-1.6156436426622	19.4872879537079	15.1859220985773	-5.72791527337607	19.7195221674448	15.2150612860448	-3.05232940270479	19.6523489623149	15.7426297035677	-2.8652290078545	19.7125801645321	15.5252930203376
NID2 TNFRSF10D	-1.23351294861158	18.8417847324251	14.4837159603852	-3.40551645891372	19.050957017615	14.9549379345533	-1.96367320278226	19.5026835007201	15.2479774883966	-1.75278653489967	19.3932111364606	15.1530451609018
NID2 TNFRSF11A	-2.05908984375285	19.7772527808761	15.1814169449146	-2.30927647926384	19.4282160664735	14.8584889074889	-2.67057158799376	19.8481055865657	15.7901851076063	-2.36110415603624	20.1229277137572	15.5958623710198
NID2 TNFRSF11B	-13.3075100841508	21.8241251420889	17.2633944151011	-6.77513176918453	20.8674096894144	15.487006499408	-10.924213718301	21.5589551315082	16.7012143425345	-10.4768172256917	21.5493652600915	16.5001700532377
NID2 TNFRSF12A	-4.03634876758511	20.3963960273255	15.873795033048	-4.57342933140209	20.3173965941195	15.0189915415514	-5.63794001306249	20.8519274266799	16.0521883503963	-5.53274745486848	20.5244607283053	15.7673721874788
NID2 TNFRSF13B	-0.712386148508443	17.8372467805187	13.993684183983	-3.08736829856576	18.9471142488631	14.3792339135739	-1.967615509505	18.8505107742425	14.8206503860239	-1.4237221272154	18.6497133750979	14.4682414126728
NID2 TNFRSF13C	-2.65127912516533	19.2728418917134	14.3785910998093	-5.65360902755816	20.2987193851174	14.8938107868061	-3.0818626659186	20.1299320255976	14.9914409183851	-3.58524823635335	20.1411121192114	14.9842461029683
NID2 TNFRSF14	-2.36709895665245	19.9478782134029	15.4799929969334	-3.86809096169006	19.9554042980652	14.8363761836714	-3.66310951379916	20.1631557104318	15.6241962973176	-2.94418609790261	20.0829339636496	15.3083681393605
NID2 TNFRSF17	-2.05977491380555	18.7200871017058	14.30992789104	-3.47455616738867	20.3223370723413	14.9790022943658	-2.80480810938438	20.1264797925987	15.5247981023542	-2.78231352805705	19.9295323607584	15.3046979348215
NID2 TNFRSF18	-1.89611492442039	18.8335907025796	14.3597906697649	-5.49242176088934	20.6841597624729	15.3054544054144	-4.70699458904453	20.6720795500971	15.9401949549455	-4.65658896146653	20.260014765301	15.5117676136328
NID2 TNFRSF19	0.177656233439004	14.8464168542757	11.1024444401874	-0.79028089507782	17.4886615899901	12.8383118110209	-0.206306588961749	16.6164992731968	12.350580659784	-0.262137786516218	16.4916812353869	12.2959316448112
NID2 TNFRSF1A	0.365243040547553	13.5243476683958	9.87355335684045	-0.16370991651875	15.5679559637012	10.7503653033247	0.117182719958926	14.8821874385436	10.7772278312795	0.136538286309957	14.7516320381696	10.6471085331688
NID2 TNFRSF1B	-0.293984574000795	15.9590029933607	11.1983201782997	-0.338494778883101	16.0269009342335	11.4700696528664	-0.210116721533939	16.1289500345637	11.697308415392	-0.277115668924067	16.1556295250695	11.7087437136155
NID2 TNFRSF21	-1.15745226599959	18.8541484976636	13.8311981927484	-3.4895259447371	20.2835278570625	15.1085659831873	-2.38992133816457	19.7731607420128	15.2657820754186	-2.05156429398637	19.7898955904878	14.8335342294343
NID2 TNFRSF4	0.0535686659637311	15.8220301136067	12.0192238500205	-0.176611653517604	15.4934627402662	12.1574030895215	-0.0753265511122339	16.4424152666302	12.7380867529999	-0.119268838735055	16.227926764184	12.5999308802118
NID2 TNFRSF6B	-1.85708722193716	19.2091286031649	14.6086642686213	-5.36393186257247	20.0965555088256	15.0875905241536	-3.08122791500517	20.056271621262	15.687342279835	-2.72469747957634	19.8730287538738	15.3023088423513
NID2 TNFRSF8	-3.38021651465854	20.7678585741168	15.3041692356887	-0.695724758931028	17.5799924316629	12.5996875866225	-1.82032081088075	19.9766606344265	14.3664454985441	-1.74546804751923	19.7242356877414	14.3243542241724
NID2 TNFRSF9	-1.55452704528451	18.798524755805	14.529886092513	-0.619064373574484	17.2151896387766	12.7274483067208	-0.973420124463803	18.6656231042526	14.1918011649445	-1.26650899176671	18.5689356299723	14.1087090668035
NID2 TNFSF11	-8.52384645044972	21.7430695050264	16.6534743220702	-5.85463762583807	20.8859799698986	15.2178147055627	-8.08801040474447	21.1649968742307	16.3044998475283	-8.6551355606062	21.4010296427161	16.1479448126931
NID2 TNFSF12	-6.62421503564695	20.7473982440653	15.740247282352	-4.75310917215619	20.3754016787074	15.1754214720154	-4.88867488164034	20.8322516545154	15.9894576667808	-5.62652065327054	20.7531522108617	15.8070909100588
NID2 TNFSF13B	-6.2221130821581	21.5918707516519	16.1040106893355	-2.84651888055853	20.3152662549565	14.5999134945785	-6.34340798416352	21.4633976430815	16.545459142283	-6.21484768253884	21.1783016482591	15.929173341479
NID2 TNFSF14	-5.2554427797181	21.0756257473197	16.3225780721147	-3.79728203430904	20.5987405536003	14.9266826910937	-4.49473142089432	20.7821656083313	15.8526190711998	-6.32929930749803	20.9830502869029	16.0195059649347
NID2 TNFSF15	-2.40491162530348	20.0614502910525	14.5274561510748	-2.16405478836665	20.6030299638101	14.4091808353691	-2.1577611176023	20.5389541888477	14.8980880063957	-2.6063080386887	20.508229660865	14.9138726696698
NID2 TNFSF18	-6.43007700229525	20.7939825895403	15.4858866704498	-5.52986862974148	20.7087852239445	14.9602151639153	-7.21055684589619	20.9489431829485	15.7678702925452	-7.34895475995762	21.114817143606	15.8480836412217
NID2 TNFSF4	-11.3489920948112	21.3773629138833	16.7914433729242	-6.18614184242	20.7086676776538	15.4580933460198	-7.86488290308768	21.4281221674619	16.4664134177494	-10.4067315173064	21.5078620302767	16.5789000793832
NID2 TNFSF8	-3.16677697168517	20.4604285847946	15.4175786049577	-4.46014521642886	20.5024614618442	14.8422460900093	-4.80000062245121	20.9974242421369	16.0178404838966	-4.10628668361815	20.6839622038769	15.5390117418582
NID2 TNFSF9	-8.15682565027327	20.8030686067215	16.5124108416914	-3.73840592212685	20.0405771106288	14.5647440205446	-5.17504885652008	20.9585326372532	15.7787192084681	-6.74638629680321	20.9987049574701	16.1654382596256
NID2 TNNI2	-3.17470244573096	21.0037531396158	15.429131534242	-6.38598773284145	20.8320792947294	15.2586910636928	-5.86323176206839	21.4712290382294	16.0336247755259	-6.2306961791105	21.3188940117531	16.0357186286987
NID2 TNNI3	-1.21003165232537	18.3879554394166	13.938323243089	-3.24961338875393	19.3698487945946	14.6027105103353	-1.77314805806761	19.0701032294303	14.4737503720926	-1.7538792032965	19.0271457102126	14.409469599818
NID2 TNNT2	-0.653063327623674	17.6071910969588	12.0305360683218	-0.623329803558768	16.3764846253515	11.7488987330308	-0.836348551473344	17.4506332596518	12.6109977643003	-0.6845449070993	17.1453492865507	12.3010651728243
NID2 TOP1	-3.28164446538548	20.337066849591	14.8519281349909	-7.54411469142353	20.8399413164306	15.5642004230968	-5.81280208010912	20.8557738015764	15.8988508173536	-5.53911002212926	20.8497676276591	15.5355092860198
NID2 TP53	-3.22759263744591	20.1940804204427	15.6232097813874	-5.5482655937383	20.9630719093702	15.3046547314156	-12.8786348083804	21.6189399736262	16.6599178457292	-7.36682739384283	20.9493663652726	16.0437773422375
NID2 TPI1	-4.92367974131072	20.6172370382618	15.5954574988989	-3.86543761221683	19.8097958039564	15.264745348311	-6.41416234822139	20.9561145809578	15.9978134688235	-5.390410348297	20.6933077530418	15.8964662648767
NID2 TPM1	-7.85052764992446	20.892905630662	16.0205754888201	-2.85962166955504	19.4553057364739	13.9275054510384	-4.65527849702574	20.5943670323572	15.5170656976743	-5.37931163391521	20.4296962260077	15.3482533316655
NID2 TPM2	-9.95883209263282	21.5962534940014	17.0509228593583	-5.20585229451259	20.8018848918638	15.2814871512239	-8.89398655386801	21.2348562149221	16.472611009162	-8.27227572601825	21.333555498815	16.4404994115114
NID2 TPM4	-5.01528632522144	20.5313420292996	15.6829078277305	-5.65916072295254	21.0267893751559	15.8487747769664	-7.04034835017517	21.028724978106	16.1491328691937	-6.43796929892415	20.9422464886956	16.1353116917711
NID2 TPO	-6.99814308114594	21.693353977903	17.056030910741	-5.42904332238808	20.4256726730171	15.5904903346574	-8.0897680101625	21.4343829216582	16.7462164545302	-8.28635970030024	21.2395513045333	16.5858080668509
NID2 TPSB2	-2.497106598716	19.7206243270721	14.82018443211	-3.75674428284412	19.9275325313485	14.5546375756657	-5.03272653943688	20.4533713659724	15.6845815169986	-4.27886737779972	20.1931153848152	15.2072393116987
NID2 TPSG1	-4.49561655505082	20.7365517457286	16.3297257412434	-7.81313239734522	20.909264435028	15.5888205672443	-6.68599125885527	21.0567600962367	16.4335547706068	-7.73602487876635	20.9790970305465	16.3757073207793
NID2 TPT1	-6.43436425816506	21.1928773657646	16.0702162096254	-2.91107708091182	20.3833721117094	15.1642145449941	-7.20020666862778	21.4750299220618	16.2969040178257	-5.02668225090157	21.2263149178482	16.025806489288
NID2 TSLP	-4.31917383784059	20.8030569753484	15.867650368889	-2.22394167031461	18.8161250577194	14.32975365664	-3.11429920831206	20.0452956954969	15.5023228894904	-3.94146643179865	20.0549562383581	15.5254295775866
NID2 TXNDC12	-6.93507235332979	21.7031643704919	16.5345192281739	-3.04650452246436	19.3807957989425	14.604747213186	-5.8297389862771	20.7916861058751	16.1710132332125	-5.83591200949023	20.6516071360559	15.8425684417556
NID2 TYK2	-4.44655748244868	20.3390689551315	15.9116537585441	-3.77550384398092	19.1823997263856	14.3020426259827	-3.98900301476328	20.2852950642919	15.452884720355	-4.7734873681457	19.9885712236496	15.3703296786212
NID2 TYMS	-2.61453644633532	20.1793185588931	14.8831652067312	-4.62579922364917	20.1403495591969	14.9798693382813	-5.60810268649579	21.0649824845177	15.9897320748292	-4.58348204715183	20.4823814330854	15.349054678691
NID2 TYRO3	-4.90424626212685	20.421259017335	15.94885365459	-3.76144882588906	19.5308688079415	14.6304521497713	-3.76951994313207	20.4527386274188	15.8616874624525	-5.10189309820276	20.1489491142592	15.8821960306927
NID2 UBB	-3.10715675741553	20.6707200567357	15.6593617520835	-5.42183951769692	20.9865975807569	15.4642628641892	-5.83274678212714	21.2522720671824	16.2238766177112	-4.69019766329026	21.1564568439743	15.9599966072862
NID2 UBC	-2.4303352348321	19.2103403473585	14.6062319710344	-3.03973773638967	19.7919823469453	14.0827226269015	-3.23142183165246	20.0346101975847	15.0183379802756	-2.68150147338133	19.8971877196673	14.8731128722833
NID2 UBE2G2	-5.37986742055247	20.7010745894942	15.9494727702532	-3.07926293951704	19.9562939706456	14.4091322687493	-4.83884406056899	20.4316664047573	15.8194567534599	-4.7842368838407	20.4327627392698	15.5592054551335
NID2 UBE2I	-5.50937465040352	21.1344257887952	16.0597369209029	-3.46581325754774	19.3858936948165	14.8657725559835	-5.4925422267784	20.8630978398146	16.0598702457581	-5.00289727174172	20.6862396770915	15.9282380397559
NID2 UBE2L3	-5.99345510546955	21.0163072924944	15.8715905228485	-4.32747549669801	19.3740065423908	15.1431365559101	-5.55979551127133	20.6458564945384	15.9273134194647	-5.45803397261576	20.6420504581118	15.8770597629979
NID2 UBE2N	-4.94336803203252	20.3507499002022	15.6099269811219	-3.68362199406889	19.7058927226968	15.1334512289628	-5.48285899000703	20.7153918729617	15.9075582295521	-5.05756038721361	20.4564708961184	15.801978401933
NID2 UCHL1	-5.09610466491083	21.3833146100931	16.3994350947677	-8.1326570868478	21.3591358120946	16.0002050090917	-6.51143459857986	21.6114098719358	16.4646347210616	-9.5078436736307	21.5646116851401	16.6516659298527
NID2 UFC1	-4.05711450669133	19.8298581867792	15.5676136539707	-4.16549442159087	21.0362900581463	15.2443859669282	-7.10571156921787	21.1167298168884	16.317002627863	-5.32509984843651	20.8659182625939	15.9990830661363
NID2 UFM1	-1.75734961003137	18.9452212886942	14.3120939402785	-4.70837746013135	21.3443612151377	15.5704923670638	-3.87958898649383	21.0164072180874	15.950733680165	-4.12128462293861	20.5557640110799	15.5907686563468
NID2 ULBP1	-5.57750915161429	20.5519274545932	15.8535559334519	-7.31313006517232	21.1049855505913	15.7934276825004	-6.43733273992529	21.0796003625306	16.3022995413536	-7.96327245685862	21.059492232811	16.1690141179236
NID2 ULBP2	-11.541427865374	21.2983603088823	16.7379782154015	-3.95461184582773	20.5661862164816	14.698269716687	-8.12126282729305	21.5689678662049	16.7072402111355	-7.52282370117641	21.4116515219401	16.3216886983472
NID2 ULBP3	-5.7526164723505	21.0615225843352	16.1266286528719	-1.50263503225256	18.0556388781199	13.8373524518608	-3.65494043914221	19.959118111041	15.6071849096149	-3.26489358584483	20.0233358656493	15.3493486058904
NID2 UNC5C	-0.165307984895235	16.4793255967549	12.703045608204	-0.471620020116455	16.1298996626137	11.9487295487915	-0.437098870722407	16.808266867392	12.915916106154	-0.41505584670714	16.5720031293223	12.7813731711141
NID2 UNC5D	-5.26593660879147	20.1621684749144	15.3626237869495	-4.62368068070728	21.3476069620257	15.641730667754	-6.88544615720591	21.0520100459777	16.4483826491441	-5.38935830495473	20.9200590787885	15.864498542182
NID2 USP25	-7.47123361122826	20.9054002856038	16.01919464585	-3.84229337583402	20.0653927714407	14.583092906374	-8.88724480580156	21.3482322878322	16.3529123012838	-6.10499916010119	20.8632200129119	15.816427804285
NID2 VAV1	-3.18299918501241	19.6258312026006	14.6500636838918	-3.52847148553328	20.6240973011351	14.6911030311787	-5.65678007643147	21.201019437189	15.9326483135125	-4.97843074566917	20.7520898726459	15.5362581667221
NID2 VCAM1	-1.72465151848952	18.5642412979254	13.8499488677271	-1.82534587383568	18.4153631838193	13.3580438530704	-1.66474560966624	18.9503188159986	14.4140870778703	-1.6371897991374	18.8836861059953	14.3059863871169
NID2 VEGFA	-0.356394368895589	16.5083697702576	13.1157520219748	0.0179963095873437	14.8844666946585	11.2172464687521	-0.143491268528668	16.315377914994	12.6220296468696	-0.298303369424233	16.1707437068007	12.6285920750791
NID2 VEGFA.1	-9.82162859836814	20.8463862346458	16.3505897562283	-3.03978548932908	19.9291875749036	14.5845699660614	-4.8999320545577	21.0745163172565	16.0413434461993	-5.55255228697504	20.8319357617783	15.837393619738
NID2 VEGFC	-3.36477980741859	20.0895788921951	15.4577217863486	-0.795583103789686	17.4057458051753	12.9119402053662	-1.39091155960795	19.0070994065949	14.3181264758053	-1.47943846975101	19.0795050654426	14.4949384953152
NID2 VIP	-2.67593846396627	21.0166943825609	15.5357782304003	-1.85257319397941	18.9222772146346	14.2506185894684	-4.06073820385336	20.5424128078483	15.7502271249348	-3.37821624541064	20.0885891936688	15.4486475401246
NID2 VTA1	-5.63817363890833	21.499249250455	16.0484236144618	-3.88120896591023	20.8680290039026	15.4949751659552	-6.32901426228751	21.5163627791874	16.3960732502196	-5.99686455562622	21.3411130147559	16.2538574750186
NID2 VTN	-3.68268732368961	20.6948719400847	14.7770728994922	-2.1981561310622	18.5129501337714	13.7388940749393	-2.93519627120463	19.8999490522507	14.6704491076197	-3.58171133927373	19.8527098407881	14.6143283828994
NID2 VWF	-2.49266108217567	20.2479187273109	14.4917982625939	-4.81836248290558	20.5034812925642	15.2856683281045	-4.33923050981651	21.0218816613551	15.7564689101596	-5.93768877418544	20.929320300999	15.7925640405198
NID2 WFIKKN1	-2.47957437561745	19.3631088198985	14.2316283668607	-3.25223009367051	20.724837219941	14.6080532161111	-2.83247324555699	20.4054900963411	14.9662810143701	-2.93314775591622	20.2301132885784	14.799001410154
NID2 WFIKKN2	-12.4092356584667	21.7254576491687	16.7560347725304	-4.95914486150827	21.6359540415827	15.5938673339185	-8.88855817682938	21.8198541046139	16.5756222113988	-8.07080745192599	21.7964409195494	16.4634594159297
NID2 WIF1	-6.05443891350016	20.5397159837247	15.7771963638134	-5.65959655391621	21.2724000978039	15.4897337138338	-7.16872907003679	21.4375182056829	16.4329595191264	-6.90758994326679	21.2978546353911	16.2974892612422
NID2 WISP1	-3.94441282109838	20.4981480854483	14.962397541416	-3.63916027917146	20.0973201058877	14.9409059410533	-4.95169833278789	20.5774392559267	15.599320728992	-5.47034309494141	20.6193794227608	15.5793375619555
NID2 WISP3	-2.75944518760496	19.9414576806567	15.5066047233267	-4.01574751598021	20.9299172095927	15.1247072191608	-4.92624912538441	20.8476448115771	15.928563913293	-3.78193938434811	20.5898603494798	15.6399387416204
NID2 WNK3	-6.41502045011425	21.0751686603943	16.3616236537926	-5.90873697479609	19.8247400137229	15.2953730250072	-7.0488242327828	21.1801151392424	16.3244581938925	-8.54122311401645	20.8100935886817	16.2269067284922
NID2 WNT7A	-5.12419777997852	20.7283030633751	16.484130519587	-4.10077004865897	21.7983596906134	15.206988200463	-6.29165056445182	21.7780080352347	16.4332818019449	-6.30255631363532	21.546472736854	16.2450448036663
NID2 XCL1	-2.40436504869133	20.0371647236104	14.8245461404134	-5.14781271734247	20.4134052617128	15.2954459466943	-3.62492465225808	20.3014358101547	15.4899666558043	-3.92363418192453	20.3047546358761	15.3867846663701
NID2 XPNPEP1	-1.97423874460989	19.1978008047994	15.1618564579116	-4.58810664578859	20.6308533285276	15.0877062872526	-4.49054681769524	20.6420232029486	15.608986148523	-3.43809394253937	20.2090081211528	15.567966235467
NID2 XRCC6	-8.26194254895539	21.4182973357682	16.5652699078327	-3.51296218378405	20.2193370826461	14.6195659630303	-6.74709445381745	21.2268005522492	16.4667580732228	-7.25417959516718	21.1977839255092	16.1402202944843
NID2 YES1	-7.40778487749434	21.2429926335904	16.1802941548481	-0.835745501007295	17.3446752838936	12.5616282962081	-2.480189787795	19.8618935763072	15.0649444233714	-2.813756209652	19.7233242485639	14.8247049087727
NID2 YWHAB	-7.50028637285922	21.105782048578	16.1227564635469	-5.5983125900511	20.7137754112921	15.7021792273019	-10.8641973777401	21.6006152546874	16.4757125014453	-8.63801915503359	21.366393521446	16.4530125116655
NID2 YWHAB.YWHAE.YWHAG.YWHAH.YWHAQ.YWHAZ.SFN	-7.74592244531789	21.555532835741	16.303199509191	-3.55660967749853	21.087932693675	15.4570726507291	-7.60450266091544	21.6209183372127	16.3711524555111	-6.13311592534293	21.4550997249413	16.1960776638892
NID2 YWHAE	-3.03625740163335	20.5098905463343	14.7934253638718	-3.77417984426059	19.2035549157818	14.3293798145883	-3.40183867226832	20.4744476400073	15.2976158162171	-4.64240505426503	20.1706573168107	15.0822561873709
NID2 YWHAQ	-5.12297293062666	21.2595540496455	16.1951549500365	-5.77515725571118	20.3007113418528	15.1504271163419	-6.59947693352425	20.9639315894347	16.0678089347761	-7.73231779763869	20.9234350505356	16.1559730259835
NID2 YWHAZ	-6.35813036578122	20.584668222799	16.0097911046758	-7.74041482882708	21.0771918580761	15.7605715882543	-7.81276795111505	21.2005056120162	16.3256033425018	-7.50473801152163	21.0513301471919	16.2183366923257
NID2 ZAP70	-7.66119215061424	21.4379200595936	16.9343475068561	-5.41270192284356	21.0280502822509	15.5221426690836	-8.16322828004258	21.3388712410843	16.5573720983951	-7.74165384920168	21.3256003533983	16.4384817749633
NID2 ZNRF3	-5.13242395059959	20.1740403273001	15.9266906334125	-4.61719449750757	20.0337906231935	14.547746915015	-5.00000144826913	20.7898119054977	16.0935679888849	-5.75661942242287	20.510032839146	15.6391719096338
