protein_name	r2_male	rmse_male	mae_male	r2_female	rmse_female	mae_female	r2_all	rmse_all	mae_all	r2_all_sex_adjust	rmse_all_sex_adjust	mae_all_sex_adjust
NME1 NME2	-3.14544905024759	19.2141053498625	15.484455132845	-13.3706195459489	21.3720171809983	16.2273305562586	-7.68678830365991	20.8973045368563	16.4174998128532	-5.8327996382367	20.8573488342256	16.3036755106575
NME1 NMT1	-4.38349675960201	19.7816767786616	14.8674013884724	-5.08458671521918	20.2708674064844	15.1140655441969	-3.82906510981807	20.1396587972502	15.2605962627424	-5.30954370555333	20.3726055748593	15.4299582112392
NME1 NOG	-12.8546588812881	21.5398473406437	16.8855264548503	-6.66935819411667	20.2680582337865	15.2800501598482	-7.5208706656569	20.9611452022211	16.1738343378708	-11.7889148851665	21.2675060023272	16.4615422059948
NME1 NOTCH1	-3.08885454963927	20.3710480279143	14.8135975593471	-1.82852471087252	18.7533913372321	13.519850778404	-2.148025333296	19.4926305518285	14.2976243991085	-2.55489594347486	19.6041803227303	14.3557117806316
NME1 NOTCH2	-3.57523659011286	20.0373276825579	15.1042911941747	-6.09897166924457	19.9687634313497	15.2397986536356	-7.19513504056352	20.8445857408275	16.2982156977279	-5.35930759190734	20.4959693068972	15.6519802041471
NME1 NOTCH3	-0.332889194824813	15.9281781498731	12.2593066390458	-1.36381685481375	18.9505615711113	13.5805844052438	-1.08439880117376	18.369759756662	13.7782312921826	-1.13709852084979	18.2853384775327	13.5816559300939
NME1 NOV	-9.00989599951083	20.8794109976958	16.5963810553803	-2.58663181358802	19.6607111697369	14.1227504561451	-8.59550291738125	20.8352477374794	16.3196144123562	-5.95902003525791	20.4593243712432	15.7192007411747
NME1 NPPA	-0.667663368008356	17.8323795789022	13.2484012059015	-2.65760912248897	19.1224644475214	14.352143518908	-1.61414360056298	19.1157834376945	14.2598054502509	-1.40751792817694	18.7495678273232	14.0834274057015
NME1 NPPB	-0.652967409830199	17.4015149381998	13.3976391075516	-2.63043086089507	18.9843536046125	14.2780467346111	-1.22459877239419	18.4450108253463	14.1121451726621	-1.3745019896276	18.5242389720507	14.2451443228999
NME1 NPPB.1	0.23413035695799	13.9653855380965	10.716290964565	-0.398803078857904	15.7242645167957	11.6899684254936	-0.0433349680114705	15.006439053477	11.5871072130151	0.0147560018776042	15.0446885088426	11.4935449469865
NME1 NR1D1	-2.68424632852683	18.8935881321624	14.8242163637557	-2.79264909622166	19.2867336494522	14.3776773716502	-3.25382215090851	19.7023019068931	15.284618112973	-3.89356143230757	19.7317889751448	15.3881250182099
NME1 NR3C1	-3.98805704945143	21.3134106269571	16.0859362845838	-7.25716882038948	20.8728603570699	15.7470217357845	-8.20108211591471	21.238608150455	16.40046099347	-7.32090267366598	21.261871764398	16.2816434040266
NME1 NRCAM	-3.5274757184075	20.0933756372359	15.591022780115	-4.19288982673947	19.706642369552	14.979016361822	-4.99538902477918	20.1901070507115	15.909396914257	-5.2974076996327	20.2527539807776	15.8129216165701
NME1 NRG1	-1.87276516165318	19.5407759344509	15.0859310324051	-10.704070689757	21.8213445859007	16.4369136861722	-9.85445320020913	21.3776877108974	16.7379050896496	-5.87761206466581	20.9445476085836	16.2248122262375
NME1 NRG4	-7.96942209166999	21.0136409285972	16.9157233268225	-10.3910197482989	21.370464230976	15.9902023408359	-30.4883392456106	21.6285641239625	17.0201133374511	-11.9969301078309	21.3771057627614	16.6055124862719
NME1 NRP1	-9.48825738209289	21.4532399377177	16.7057826052653	-4.65153566484607	19.314955692529	14.7164765189684	-12.7346262970922	20.8684836006196	16.4791383930139	-9.08709024363435	20.6299707444709	16.0696959045924
NME1 NRXN1	-2.78965387032047	19.4222489383228	15.1275965662015	-5.26922744457362	19.5125750002688	14.3410423096285	-5.3315763992957	20.354113840228	15.2795312659834	-5.71574519590795	20.0533085719077	15.3978649207173
NME1 NRXN3	-1.21101911893122	17.965150866132	14.9638561769895	-4.52521508344741	20.0543734560425	15.104622187193	-2.6593800912259	19.5354080626621	15.3386434913485	-2.41692322110002	19.2843948821278	15.3932484634682
NME1 NSFL1C	-1.72501962226971	17.8646523196184	14.4702555542817	-10.6380830838922	21.1317321106243	15.9653939553025	-3.71896886298708	20.1456030370917	15.6632842220236	-4.45020883187299	19.9817308336132	15.5777183213066
NME1 NTF3	-3.95300187661737	20.3667716720516	15.553566243127	-3.17116694466733	19.3736999707202	14.628467114173	-3.44440472247476	19.9668996098145	15.3324931808667	-4.25033082661978	20.2777667318239	15.6702463122321
NME1 NTF4	-10.3017967086688	21.2318471619723	16.4306501580891	-6.1936827526731	21.5895656193887	15.7156319275994	-19.9915686737108	21.7127480323779	16.9056697445707	-9.87896245851658	21.5345393456046	16.3574150493081
NME1 NTN1	0.266077345556217	13.8225485855606	10.9150374194195	-0.710755131859972	17.3837996089348	11.4647549763606	-0.107634996686023	16.0426379837148	11.7254938937443	-0.0743320926505495	16.1058491661541	11.4009253319396
NME1 NTN4	-3.0708118096032	19.5427080460687	15.2528102457949	-9.73595380488828	21.2715906499108	15.637129212207	-10.0771662357038	21.2032259762825	16.3372179339798	-7.07582627341679	20.518683211906	15.7353999530268
NME1 NTRK1	-3.06578911343251	20.968925654593	15.8445304882811	-6.80977268154074	20.9620405565251	15.8734157157328	-7.32702772889183	20.8901274925896	16.4048753466493	-6.26561476297893	20.9522378880988	16.2666548166155
NME1 NTRK2	-4.65724414729479	21.5516379610994	15.9355575166737	-3.80362733618993	20.0750655070154	14.0460120117851	-5.57163948731563	21.1126773981696	15.8498097542505	-5.12896161747025	20.9082238727229	15.3983615822306
NME1 NTRK3	-3.06975719023996	19.9834480554506	15.3325092797531	-4.56455430459991	20.2806846995275	14.791757262343	-5.43269396751761	20.5629857614879	15.5699232664411	-4.4874426400297	20.4931242017369	15.5449177817298
NME1 NUDCD3	-7.42202483909903	21.8212482796398	16.2463354192756	-4.52789996739502	20.4546623750684	15.0941967391961	-9.00859480591535	21.7596788531537	16.5911735713737	-6.81547769312537	21.3933487033135	16.1284166520682
NME1 NXPH1	-2.50257930537139	19.4848672417932	15.0600745593303	-1.82503186354534	17.9751277484749	13.8452389602859	-3.13514615703833	19.2891949927667	15.1875417884161	-3.09874688893044	19.1749514060132	15.0589330483931
NME1 OAS1	-6.69093768563411	20.0151440972728	15.6202002756174	-8.36966936310504	20.2682124903919	15.5219446670393	-7.56796879690395	20.3702476088434	16.0612968684987	-11.0993207122935	20.5191487543658	16.0727124365315
NME1 OCIAD1	-2.66160189099979	19.9790585157876	15.5263739167589	-3.74270840263072	20.1124791489077	14.7116711552477	-5.71015407504195	20.5410394365439	16.0881994466354	-4.49366822579488	20.30826614411	15.646166837879
NME1 OLFM4	-2.98733295413213	18.839853689067	15.2595600036248	-8.80580087585074	21.1215982132561	16.1496528149561	-3.90107659205793	20.2774623440522	16.0754351499283	-5.37587351676997	20.3208581533454	16.0909976757956
NME1 OLR1	-0.773842463100476	18.5539930604486	14.0787687740396	-2.64912130974313	18.9744179498694	14.0450075113039	-1.37112934222971	18.6781978507197	14.3701883705204	-1.5487411809057	18.8844678261388	14.4217622249922
NME1 OMD	-5.81594562348799	20.8375784844967	15.5944704608651	-5.03791355476653	19.9190622414208	14.6155817331128	-4.81860024087583	20.9195264469222	15.4013823702317	-6.26863239911202	20.6790226355262	15.4849560823444
NME1 OPCML	-9.39221557621912	21.3984646109142	16.2619154275792	-5.12815106990459	20.3193986360992	15.1492847767108	-7.72047909884527	21.5316547504579	16.2460221105878	-8.3917478703725	21.2489789525149	16.06409575541
NME1 OSM	-11.2859599616213	21.0438710400444	16.793456535931	-12.0060783912189	21.3606091408204	15.8941414364175	-26.3135221198249	21.7861371612525	17.00944424384	-18.3580240633378	21.3656227306832	16.7371169642661
NME1 P4HB	-5.79327759905553	21.0281396068019	15.7119301808897	-10.7553780199869	21.024607590478	15.6457505667617	-14.4499296195765	21.9443272729728	16.6214829985917	-8.09271609731387	21.5506767862451	16.0655991729908
NME1 PA2G4	-4.13131353546313	19.6658194954187	14.4678266629349	-4.42971249725324	20.7823246975861	15.4988597052411	-5.39661187799361	20.3836018716054	15.5101607977139	-4.88327980609423	20.6661680687985	15.4149620014964
NME1 PAFAH1B2	-0.480451241408351	17.6081351719899	13.0906726873569	-1.46037000192933	18.8271589623154	13.3196580479328	-0.830872773116908	18.8781254261171	13.8086296907139	-1.18711856309992	18.5936253088609	13.6740035810119
NME1 PAK3	-6.95232847362543	20.6413780736421	16.1777974158522	-6.77682380250666	20.5090186829974	15.6341506205017	-14.6290895716275	21.2459741473517	16.7644928052165	-11.100158868463	21.0174694802657	16.3325646043951
NME1 PAK6	-3.3200649776161	19.3107321942968	14.8093816664584	-3.39387415292434	20.1389176309255	14.8897717806004	-3.20288576800025	20.1006207598162	15.2098967605368	-4.0437122001143	20.0536047232648	15.2755184599336
NME1 PAK7	-7.47506677939954	21.5048885205999	16.6514662507332	-2.47248029388934	19.011511295269	14.2583647319677	-8.39326054161094	20.89398586455	16.4651056162315	-4.47203690070276	20.4906371445917	15.7574008391765
NME1 PAPPA	-2.02629107055831	20.1004903104135	14.9808877371643	-3.11064340244519	19.7471632942046	14.2271716375504	-2.49193131959961	20.1167559194203	14.7330818528627	-2.5823844268849	20.1386667462148	14.8607965843131
NME1 PARK7	-8.86051789249859	21.2129223667222	16.5037693474867	-2.90683482176619	19.4262790337278	13.8673470900695	-5.62751387286542	20.5230203069593	15.6702550321211	-6.21470260627756	20.6748380405263	15.7358613736948
NME1 PCNA	-5.21880183590235	20.4024869745237	15.4111127762755	-2.88300630459699	19.8629213258274	14.6880560360275	-4.63321505705064	20.1182306890461	15.6471042009288	-4.5489379218862	20.1493513668422	15.5467869386774
NME1 PCSK7	-2.22962454381525	19.0195826109842	15.3905715629651	-2.89207099976067	19.3448668717853	14.160273504587	-5.06570225433108	19.7021311997581	15.724212736642	-3.16288494968606	19.4271262297559	15.2514499488936
NME1 PCSK9	-17.9240174293718	21.7448923255098	17.0137908837998	-14.8924954323286	21.2151984915867	15.9858292703285	-21.8400026785062	21.9390497279606	16.9078515634037	-17.2024171916893	21.8657470982583	16.8089184613937
NME1 PDCD1LG2	-5.66960133832754	21.1990049721322	16.0468385461045	-3.09109097422618	20.6198984871734	14.6231066285621	-11.0061001462249	21.5674955849032	16.7359352720401	-6.53651284752184	21.0747326891088	15.886679635608
NME1 PDE11A	-1.7609669748315	19.1543324030116	15.0936533812043	-5.90446469940367	20.6309522983086	15.3181590345492	-6.55836164211192	20.74852838196	16.0159442699501	-4.18390750524484	20.2227079022717	15.539036737453
NME1 PDE1A	-4.35217547761686	21.4270987388744	15.9767195386267	-3.22354598376958	20.0661295467552	14.6579825129821	-3.74695740933575	20.7520045240413	15.4637100082065	-4.0337627444144	20.8608092872738	15.5205353935926
NME1 PDE2A	-19.578184832667	21.9670991807514	16.9022132863568	-4.86406640158759	19.8766342794197	15.1629395277769	-10.5763202569237	21.1470712790296	16.4722673228907	-10.4538581641843	21.1192616081577	16.3364922355587
NME1 PDE3A	-1.62123856955875	18.2128210260067	14.5742625957311	-1.56709251799316	17.5722304212893	13.3835750860538	-2.02706920083256	18.8782159182099	14.8466348804481	-2.26791549626798	18.6534522526153	14.623382669698
NME1 PDE4D	-1.50695076967846	18.6640829343833	14.628822259602	-1.65614278725688	18.4283657833036	13.6881221906083	-1.91547081346409	18.8433636520917	14.5788146422152	-1.88814589648843	18.9060285332694	14.476842635105
NME1 PDE5A	-4.18828254648029	19.8567873656327	15.1554045037394	-3.16943931377903	19.7215661482871	14.437078054319	-4.10572555229402	20.4051634327943	15.3131477978585	-4.7218707501277	20.2354027534359	15.2202219295843
NME1 PDE7A	-3.01983836062782	19.7798062546121	15.6168425019962	-8.70627104014621	20.756798100901	15.8763847458679	-17.7198202280614	21.2579617213591	17.0459156757087	-11.0558735470044	20.9476126610399	16.5099642202803
NME1 PDE9A	-0.855776526253436	17.8551406057279	14.0562020125273	-14.251599136348	21.7506289891992	16.1322603133282	-7.79713605083399	20.8891358271938	16.2655803831613	-3.58726773689655	20.1797786572467	15.4735720527513
NME1 PDGFA	-3.28702008409448	19.4002341420087	15.7095808246659	-2.96248748850112	19.7695129090493	14.7875015648502	-4.26533350113596	19.9873507435533	16.1306555788157	-4.51637228829691	20.2339194629533	15.8252310582998
NME1 PDGFB	-5.44598019332845	20.1178557635488	16.1219605721232	-3.80136962873194	20.2147902977413	14.8830981970352	-6.96769950302603	20.6607561114144	16.2348595996094	-6.77075252144837	20.7009597390502	16.0197309420649
NME1 PDGFC	-4.75887103270044	20.5864157683042	16.6048576918876	-5.47131911357521	21.4818245093684	15.7606485195294	-13.0697116898036	21.4866781104823	16.8177861713909	-7.97322572204561	21.103846984455	16.5974931564388
NME1 PDGFRA	-9.08654596517212	21.5606806038895	16.4472634261175	-9.28617119793441	20.9049361488334	15.5662417620253	-11.0271314501109	21.4764280179971	16.5175232307493	-11.2211384250558	21.4803666462409	16.4203195586864
NME1 PDGFRB	-5.92086650589534	20.3398725680111	15.7693312867673	-3.51289819336433	19.9708465059913	14.7898757824842	-8.06785679918324	20.622165417622	16.0758323487526	-6.5778007598411	20.5738053584982	15.8155797893448
NME1 PDIA3	-9.87965878723189	21.1941080752764	17.0922556785344	-8.86799251487823	20.9979017012312	16.0562688855808	-16.0603634944264	21.5728420055201	16.965508302564	-13.0907809087479	21.3430043221426	16.8615683890949
NME1 PDK1	-7.25979848181273	21.1748637799423	16.3973752796202	-6.73504174339414	19.8691709305775	14.9114408977513	-15.5680873447305	21.2702660306893	16.4871890075381	-9.36191293032587	20.7962879471637	16.0596324342208
NME1 PDPK1	-2.93667473374258	20.2647345403816	15.9810341339832	-11.4335503663026	21.5158116394739	16.2581679941346	-8.49218858619108	21.2028180729279	16.7259518358342	-7.93544089870463	21.151026415842	16.4891141252371
NME1 PDXK	-4.51203793853075	19.7770325603318	15.4361701358339	-6.20454113167154	20.935473059365	15.3897617193525	-5.66343181175867	20.574836139115	15.7891905415255	-5.73020867218691	20.651860031494	15.8038946866903
NME1 PDXP	-4.35088713246735	19.4177084417972	14.7483710756639	-2.80404520136074	19.8181982839745	14.2617207910516	-4.32775078314797	20.0040291157735	15.2225915946154	-4.50216121654489	20.1426326647555	15.0322592410284
NME1 PEBP1	-1.5893568443518	18.4680239785342	14.5267072248098	-1.95553142636857	19.2725084509821	14.2600184257949	-2.52915665717596	19.2333377840993	15.1831152882092	-1.99583953130524	18.957775865691	14.69086083626
NME1 PECAM1	-5.26750788406644	20.7280214413717	16.0496961981267	-2.22538911463006	19.1013635078231	13.7288539916624	-6.40089329558565	20.7411681287822	16.0358715961061	-4.51542098462804	20.1805472689725	15.4371122105744
NME1 PES1	-3.91572686703984	20.2642132799528	16.1053122433316	-4.32671276083041	19.6104364666287	14.9947998104217	-4.49880442919511	20.4235887467389	15.9194653649224	-5.32511502349055	20.3272719732338	15.9031457598968
NME1 PEX5	-6.63542702569636	21.2997670375947	16.4598940554742	-9.6951456946551	21.1015843554235	16.169037202283	-10.6987763862013	21.3305922929137	16.6458912858803	-9.11883652132384	21.2953717857248	16.572106618049
NME1 PF4	-3.4523285225186	19.1793051703435	15.6089442057284	-2.93975042578274	20.0560718967961	14.8799136599423	-4.10005283381765	20.1492392345219	16.0649048721137	-4.2321207306036	20.1751678094124	15.6803124619697
NME1 PFDN5	-7.39716578317099	21.5002604531751	16.1857570822422	-5.74703741533617	20.7094273717391	15.8085494642294	-8.50476409378307	21.28754869157	16.489681876236	-8.71073321367702	21.2369943096715	16.4621734139391
NME1 PGAM1	-4.96985372963188	19.6853454669305	15.6145618033152	-4.28856327110324	20.2223660627589	15.7853828567327	-7.28166806916439	20.4708811917457	16.4271666593056	-7.10709388925212	20.3652858664962	16.2487028235959
NME1 PGD	-6.14202247568073	21.1877923530379	16.1793829316597	-4.76416889996337	20.7839746977433	14.8198411778968	-13.2230558471182	21.5172677216699	16.5917009399227	-7.02398927884886	21.1710339420671	15.957407199598
NME1 PGF	-2.56734547591235	19.2523008955207	15.0861252021795	-10.6896403932588	21.1361284898384	16.0565611850272	-4.85956537408692	20.196663088602	15.8773379250583	-5.55614565993486	20.2718091095195	15.8757480720357
NME1 PGK1	-12.6264452442878	21.4781704388673	16.7438245030115	-2.47318158274221	20.0284341247535	14.2817231521791	-6.48049443795196	21.3166741421016	16.0805238181173	-6.16290560921591	21.0228784448508	15.8300936858192
NME1 PGLYRP1	-2.65967681804107	19.5034191284032	15.4103702935299	-7.06065142804468	20.8084849311298	15.0941436684938	-10.1807829637963	20.8188733122198	16.0982918015759	-5.88601761866333	20.5508880721799	15.7700483103099
NME1 PGM1	-1.48556138854778	19.1631456376159	14.7273387506305	-4.70820143460307	19.9784968882128	15.136915602613	-5.60150553058326	19.9102786937789	16.0258638719955	-4.20468740870994	19.8568607348957	15.5140657248804
NME1 PI3	-0.24616082354059	15.9262416007905	11.9124102366133	-1.76173693474564	18.9480738326443	12.7448125634633	-1.05966773478718	18.6079306210188	13.0444508028873	-0.975830393569832	18.1612690510548	12.7278557706911
NME1 PIANP	-2.25516796597332	19.3496489257969	14.1652878310345	-4.8889430628797	20.4781639536636	14.9101672894392	-3.25590292174951	20.6610504339032	15.1557263604892	-3.33746920984972	20.200791500201	14.7393601014347
NME1 PIAS4	-3.10985222208659	19.9351927085706	15.0489827946429	-6.89725213530524	19.9292303547364	15.4738253814956	-3.71537587224752	20.0112695992904	15.8670867991319	-4.74034488694329	20.0349608477132	15.5275000617698
NME1 PIGR	-4.88345994726038	20.7943441739726	15.495003928615	-5.12952643942958	20.0959549356036	14.660055269025	-6.27509948878317	20.6796522741164	15.6534763510498	-4.77611022987236	20.5794485207966	15.2137177808603
NME1 PIK3CA.PIK3R1	-2.34455097740602	19.7224180236899	14.8117864307088	-8.19148219551234	20.4505375351894	15.259811201687	-12.5060863311872	21.1215088062623	16.4245872635884	-6.31872588806998	20.5565458533489	15.8682329462587
NME1 PIK3CG	-7.85554289451437	20.8627550973306	16.2572202990247	-3.13160638238891	20.6988626443475	15.0922894325697	-9.28720447951024	21.4077916457701	16.7274845919312	-5.42687091965089	21.0001580827658	16.0027536560089
NME1 PIM1	-9.52969242370856	21.1196504771421	16.8814975758018	-8.35311714581619	21.1136348017024	15.7840198186668	-16.0817513422959	21.3147935036445	16.6924640875936	-11.586138455616	21.3135248961421	16.5495461087638
NME1 PKM2	-3.8328446032342	20.100116659242	15.3544580600122	-3.82174470805774	20.2402954275698	14.8509722511165	-7.20282317075215	20.9865043043014	16.2108743122692	-5.17154064047966	20.5925934882416	15.4910327954609
NME1 PLA2G10	-2.98675532179846	21.1348390053494	15.3840042092895	-2.31761568280514	18.3282624264362	13.8939026695324	-4.08958132248638	19.6557064135626	15.6527542272496	-2.65790529796253	19.6944309623549	14.9429269672601
NME1 PLA2G1B	-5.1641059301545	20.6907212859947	16.0482963140886	-5.63493744187234	20.9335709428857	15.4892287810245	-9.62388717792912	21.4782958744366	16.6422720460514	-7.53821176038051	21.1685592573495	16.3060231366123
NME1 PLA2G2A	-0.689416996068481	17.4368530402276	13.1022432563727	-0.697296946373016	17.6800714885984	12.4813014710606	-0.816942630640087	18.4626012766736	13.6446713672675	-0.617951479617999	18.0353601115075	13.1813757373561
NME1 PLA2G2E	-12.2023882815319	21.4564221955333	16.6373996834952	-3.22699132988645	18.9677928791362	14.7783719774228	-4.80612430379495	20.5042483469938	16.079390674693	-6.32695896156432	20.1987625537796	16.0403781775306
NME1 PLA2G5	-2.21524401277022	19.8727720212622	14.8603055277258	-4.09529670684674	20.5306970245996	15.1665336401217	-7.39729553249165	20.8060399498563	16.2510515718735	-4.91427230103565	20.7223754309113	15.8461279079973
NME1 PLA2G7	-2.58417991932662	19.8088560259999	15.0866899507243	-8.38673437029489	21.1058730788774	15.742942421008	-19.1418887840261	21.4186036553689	16.7373380822519	-6.86747726009826	21.0073935772137	16.0485447335439
NME1 PLAT	-0.502881162588231	16.9168554320825	13.2675742167669	-2.82279849347366	18.8721455563967	13.9754859336203	-1.81163421540487	18.3786276223976	14.514186818642	-1.46221109927088	18.1023657418683	13.938607484658
NME1 PLAU	-8.07053372295163	20.7243991014092	16.8529006915469	-5.75673159598489	21.3066663054196	15.2971953751688	-10.9412586714567	21.1310634551912	16.4171291954081	-10.1106007320374	21.2731552228264	16.4287060368583
NME1 PLAUR	0.125051372660198	14.5135205101162	11.3094821650878	-0.383590882389861	16.2618073622834	12.0245337212044	-0.121854926669574	15.8954397512353	12.1104709106637	-0.145105346036865	15.7475727144685	12.0000375055941
NME1 PLCG1	-11.2985855017647	20.9438426462671	16.5697566458592	-8.36358477100125	21.3038386966821	16.0315193180393	-18.2727372072724	21.5506291462939	16.8148201835519	-12.7423436712561	21.6065058433783	16.6525512700029
NME1 PLG	-2.10485799701308	19.3229284725341	14.3431133316792	-0.896750383863678	18.5607580753992	12.0588357801771	-1.41677461316386	19.9714085353909	13.9769683730497	-1.60895248190889	19.2623901880975	13.5196859112739
NME1 PLG.1	-6.28203029822549	21.3082552088997	16.6085020683354	-2.50927690871306	19.0696090158158	14.0815087502378	-4.56580101767901	20.1929505316889	15.5451492973616	-4.45153286581562	20.2381233506608	15.5243274031415
NME1 PLG.2	-3.88550129466079	19.6935961142923	15.1060962125751	-1.42274634696065	18.3323920727408	13.2285602193868	-2.51252740357059	19.5938409596139	14.6286127628544	-2.13972363594101	19.312483966675	14.3138255046598
NME1 PLK1	-4.81912415547598	20.1508111307297	15.7805062160727	-5.81538210845018	20.3906503693792	15.2736764048703	-8.27049470722715	20.713257256506	16.1205725564637	-5.46759131088774	20.632846501767	15.8415532189045
NME1 PLXNB2	-5.43728073961426	19.8304677823297	15.5631042878969	-5.31202176050848	20.2999724224829	15.296976197159	-6.4476587280834	20.3498374760655	16.0421902094936	-7.51858707082699	20.2880495787144	15.9692965523402
NME1 PLXNC1	-17.5078763759024	21.4831287120671	16.6766125945754	-9.78343896294319	21.5219620229736	15.5692554325207	-13.2572151451703	21.9377147680584	16.6146009743377	-15.1105999301969	21.7884247415759	16.4954127549291
NME1 POMC	-5.0073943083692	20.0187526257424	15.4374669454353	-5.37894375318311	20.1265535950272	15.0656359127202	-9.38588129036044	21.0331507307357	16.4830665298508	-8.15342217741344	20.6686272649853	16.023079056935
NME1 POMC.1	-2.31445292908631	20.1425597557185	15.4996352775914	-6.93808409492051	20.8226091898155	15.5376197237877	-4.25609431374558	20.4048963024264	15.7605574476678	-4.43723071948769	20.7273660576757	15.9218675218929
NME1 POMC.2	-1.26595401709079	17.9475757294595	13.4608603358665	-3.47078475882751	19.8036666095762	14.3435517642704	-2.10930891786711	19.5833491193144	14.8408762669185	-2.45818120093417	19.444019832615	14.5996727237967
NME1 PON1	-15.1539061719614	21.8634760118546	17.1200907981424	-4.05179168104844	20.8347108999149	15.3606254296051	-17.2564158122261	21.502860856005	16.8369935988112	-8.51666596563737	21.3453755156911	16.4087808703182
NME1 POR	-1.26142472553122	18.9160202334422	14.2713940005437	-2.72032852688047	19.0247030028278	13.8140867504026	-1.98535949866947	19.6091240960743	14.5602196677328	-2.32889029564844	19.3017424828577	14.3964217682661
NME1 POSTN	-0.0841669433828545	16.4394028018629	12.7052757119305	-1.11984132670821	18.0409918577363	12.9152618198545	-0.891073210442267	17.9751816304606	13.6672544032777	-0.632503093770129	17.5567504588368	13.1779300787277
NME1 PPA1	-3.64090889532509	19.8280252431788	14.9998394642613	-5.44673953653725	20.7368210473201	15.2455149610419	-5.30927481980083	20.2660213371799	15.4964645360819	-5.66620931114892	20.7714635314437	15.7925800916936
NME1 PPBP	-6.09531553757128	19.9337979495769	16.0475535788894	-4.09906053692406	20.5213389079148	15.0902270883136	-6.23623416166445	20.5960295305125	16.4026579166228	-5.63317432462489	20.7839392099194	16.0058085819294
NME1 PPBP.1	-5.59027196719785	19.8025002413959	16.0413207943503	-3.44953507608287	20.5627724696485	15.0515080553649	-6.40019457979773	20.5033758125388	16.3576809207166	-4.90646254996459	20.7135677342122	15.9085968392256
NME1 PPIA	-8.42283007886371	21.0308293602091	16.233674676674	-10.1846714896956	21.7742669725481	16.1465457832685	-11.4717315076587	21.95965970238	16.7459583169393	-11.0890539754906	21.7230212374462	16.445613339907
NME1 PPIB	-2.04750007778415	19.461701941622	14.9741027714062	-4.63863123112919	20.5566564205149	15.385524302331	-4.04700719783466	20.2338586884714	15.7282299778419	-2.49750383910285	20.1880708110452	15.3765646998656
NME1 PPID	-3.58483941279677	19.75478908398	15.1635090281899	-5.23202588147073	21.2089783954049	15.4820365756511	-5.67816314207371	21.1530279443949	15.8106355896555	-6.1662895305833	20.9932447714227	15.7756899848592
NME1 PPIE	-14.7046350145073	21.265860414484	16.4739485968496	-3.65500383510232	20.2581343798959	14.9628306471995	-6.3611697397298	20.780941599373	15.9395916548575	-7.16763466737394	20.9240572494652	16.0299877041326
NME1 PPIF	-2.55058869133039	19.0020589149251	15.4229694921472	-9.35218709684021	21.1818142007792	16.218727801364	-5.14641635309158	20.3349251497022	16.0613522530705	-5.01366110982207	20.4592758528926	16.1918721352806
NME1 PPP3CA.PPP3R1	-4.96333928469981	20.6444423303528	15.5515149792785	-6.4063908635347	20.6896744764051	15.4758106692609	-12.9734901420608	21.5802425848107	16.5252662512874	-8.88688484892599	21.0362650837663	16.0804904084377
NME1 PPP3R1	-17.5512319428786	21.7104908672397	16.7351773249303	-8.58471631514341	20.4678237162469	15.5675514602015	-14.8870423838893	21.6702164988442	16.5707011494424	-16.0090989361311	21.3383207905655	16.515638312206
NME1 PPY	-0.584863525404934	17.461546095068	13.4437895442066	-1.71780576193946	18.0004726231712	13.4284698665871	-1.27616336852872	18.1150329481762	14.2118206060781	-1.11457230331969	17.9026819799342	13.9460204897209
NME1 PRDX1	-1.8508269069834	19.2506269219852	15.059840142763	-3.07511877828676	20.1730690983545	14.8007516546512	-3.9149410625352	20.1987482774957	15.7834965935685	-3.0633382180162	19.9673740468951	15.3532303387149
NME1 PRDX5	-7.89695633519312	19.95371163317	15.8526803139364	-11.780653129183	21.7354592951491	16.1625218799131	-20.9714474020181	21.5077244296338	16.9009657213889	-14.7629586857786	21.3594153882094	16.6681844034154
NME1 PRDX6	-11.0670048981829	20.5046580357687	16.3039581457001	-6.84633843200067	20.9998725836851	15.6915580278049	-15.1321638137617	21.1620519516756	16.4941788552103	-11.2206385853617	21.1186046886397	16.3929545321719
NME1 PRKAA1.PRKAB1..PRKAG1	-3.69569726688674	19.2641522992731	15.8463098324021	-12.2851071067107	21.1386204373937	16.1811407059274	-8.7860046847638	20.5034261841738	16.4488094846205	-11.7392209601806	20.9042696903428	16.6163801416662
NME1 PRKAA2.PRKAB2.PRKAG1	-3.77196050827559	20.5099954309646	16.1002404800439	-10.2007968679136	21.315317580351	15.8224834265927	-19.6220170383193	21.9056512076409	17.1259697321914	-9.35792374449653	21.2689889961309	16.4449564468441
NME1 PRKACA	-1.61421421316835	18.0630207987166	14.34463384552	-4.84513080725749	19.9897084747909	15.1312657306728	-2.94730118687588	19.7165106535274	15.2505595545974	-3.12224417368859	19.6550959038617	15.2660628748085
NME1 PRKCA	-6.06491430641357	20.2512026050332	16.0489589899688	-10.5523141898106	21.5792562939706	15.9918763159897	-15.8706921313163	21.7936668021149	17.0802121484944	-9.63878888532244	21.6308301949722	16.4881932733233
NME1 PRKCB	-5.51115912388599	20.7622174418643	15.6932136011197	-5.80182617638564	20.581168763192	15.1169417869198	-7.19590764724734	21.103493526034	16.1547248118822	-6.16254650925388	21.061775988133	15.7279156914553
NME1 PRKCD	-6.25564735584995	20.2729989352238	15.7798055156395	-2.59188151807847	19.7971247236494	13.9086852673499	-4.76628758970576	20.7806643614322	15.7552664463689	-4.71140085193119	20.5739895323222	15.3800693092556
NME1 PRKCG	-4.24522817817626	19.8373795243689	15.4578295282889	-7.00342662093483	20.9426138163202	15.6600850921837	-7.68207740633364	20.8527829094985	16.2324350904581	-6.00224890646722	20.5912334332868	15.8586124586139
NME1 PRKCI	-2.25212543955779	19.580522445133	14.6407371857091	-3.95963732333952	20.3824225161764	14.9992142459165	-4.00333596533332	20.1752355502355	15.3045475541876	-3.93071114565166	20.3149748991611	15.1801630703993
NME1 PRKCQ	-10.8029896844394	21.2889480010741	16.3747887192649	-8.25149910679916	21.0340306988571	15.7479229076718	-13.3844210184436	21.4829610004941	16.5239378065002	-14.0349329898966	21.5835202058613	16.5550353816352
NME1 PRKCZ	-1.71578522258271	20.3040811176546	14.2850749976269	-2.67438323537706	19.5570141772778	14.6843532820854	-2.85844395371323	20.5926288802752	15.3221556959238	-2.52367881695069	20.1378168754672	14.857738167284
NME1 PRL	-2.76298095517749	20.2866676074756	15.3124706682025	-8.72817371335261	21.4076986450333	16.0159954599103	-9.3775028758062	21.7154075101423	16.7135119589499	-5.6008553515224	21.2483845859174	16.2313890233162
NME1 PRLR	-3.72078133473421	19.6225692868081	15.5518739703381	-7.72263383805253	21.1813138694251	15.6541840596843	-6.44467235633307	20.7312585577166	16.0700118579963	-6.850202065263	20.7907532187514	16.0366883593374
NME1 PROC	-2.12029118245196	20.1643303906759	13.9932028600174	-6.9873488751756	21.4092704112934	15.6955414105742	-3.57785201528718	21.3461234160374	15.397538446874	-3.7703380009102	21.0331912758977	15.2400555200704
NME1 PROC.1	-4.77794518672633	21.9319017243378	16.6316709546774	-6.39987043413839	21.2688904616353	15.7709365082757	-16.8840721425382	21.9636811655186	17.0579936485478	-10.3492957477217	21.6369531764448	16.6835095183839
NME1 PROK1	-2.59034538430089	20.3330885363075	15.2211063516959	-4.42214093198561	20.5265673095489	15.3754756906873	-6.30332329534118	20.6372624731903	16.1877250316772	-5.37621323205546	20.7199316441664	15.9901970213956
NME1 PROS1	-1.56328070212422	19.1994206282606	13.9232681072999	-8.51320948626652	20.8192574319505	15.822247588953	-4.34449406862726	20.8521070951989	15.6341521981292	-3.65751720914657	20.3799648989183	15.2457776936686
NME1 PRSS1	-9.16631312807864	21.4303253457477	16.0990133417341	-3.09661931223936	20.2715906346212	15.0804969835529	-5.30968612355474	21.0419723711388	15.8536699027127	-6.12857491868369	21.060689682111	15.9058210224636
NME1 PRSS2	-2.44337946611508	19.4961693140242	14.3607694346344	-4.07557641855016	20.4780848466703	14.7633315624756	-3.84228342273139	20.4017475956933	15.4292379751041	-3.51212944441078	20.5710257005114	15.1280842808655
NME1 PRSS22	-2.63895637107709	19.0213196633776	14.5809562495708	-3.33745041495656	20.283091856896	14.4385219799317	-2.80279969507367	19.9754514711403	14.9825574657487	-3.4128927114406	20.0296118833828	14.9516362915779
NME1 PRSS27	-4.5046799114224	20.8578546917648	15.6277834772032	-4.60483428952658	19.7699598665259	14.8420801550271	-5.05300475199034	20.8079552927865	15.8361151066395	-5.20554801626436	20.6178138711551	15.5646944471259
NME1 PRSS3	-11.8120046434267	22.0664018325621	16.8284310118335	-9.66682529611953	20.3827270866628	15.5768152856638	-26.9071015629415	21.5893297703017	17.0525728580825	-11.0703760516913	21.5154532250967	16.5086091499009
NME1 PRTN3	-10.0631029288414	20.78590784856	16.404795846566	-3.63307399743051	20.0435250852701	14.895607156348	-6.24895249017794	20.7380654307562	16.0849854413964	-6.20086833066613	20.6097271545654	15.9904352178976
NME1 PSMA1	-11.793255318797	21.2132521832478	16.5889535649724	-2.84869385260839	19.9356525856854	14.5492690632459	-7.42256463198665	20.7742322887974	16.3078607632029	-5.53544031158173	20.7274801198964	15.8208239885306
NME1 PSMA2	-15.7566631088938	21.7458698914614	16.9788510130514	-6.55376984579784	20.2003229735135	15.0558407610505	-12.9623394562014	21.8458140494209	16.7444535143371	-13.9114916556221	21.1446880540648	16.3826878715022
NME1 PSMA6	-3.38781950900569	20.1673078369142	15.232255375016	-3.23768617402724	19.7291418906362	14.5682646878346	-3.52821778330823	19.77862388634	15.2104133815864	-3.92411955982683	20.2919020938774	15.2612162095381
NME1 PSMD7	-16.5753035912636	21.6049809955588	16.8711296941029	-9.05687430917689	21.3948934854261	16.0943121747216	-32.5731612563396	21.8473593316126	17.2845317875362	-17.3196546624404	21.7564263337818	16.8676640616927
NME1 PSME1	-0.869268263546561	18.4576238413563	13.9766979565451	-5.18566992419323	20.0790944616495	15.6852332703931	-3.24481932533519	19.6000060935094	15.6033659293939	-2.90136031332036	19.3682789333411	15.3004079903053
NME1 PSME3	-1.10595650471007	18.3833079174235	14.0051597365389	-2.19632818438467	18.9494901675827	14.3598991112941	-1.52340411897884	18.9583753156265	14.837855229808	-1.79736824463954	18.8691264130473	14.5599935920351
NME1 PSPN	-6.73904344251461	21.4777952039353	16.5130687972246	-3.35506221498369	19.9252981418205	14.9209133770411	-7.72617874560635	20.9322622814894	16.262251497006	-5.23493945495177	20.9156105305503	16.0413585014859
NME1 PTEN	-4.95195277531477	20.3242836616209	16.129598051047	-4.36842032955825	20.145696990197	15.1331562522213	-6.35538689340282	20.5857154906488	16.1592997880642	-6.21894174305537	20.4085522493209	16.0359950970788
NME1 PTGS2	-8.98667064077309	20.830201401247	16.9942815524616	-2.86592014978005	20.2109921366434	14.7092246989512	-5.39048935594722	20.9184100580208	16.4766706400733	-4.80638985353831	20.690217960821	16.1094842625536
NME1 PTH	-5.24700149484948	20.6644098471008	15.8664170980618	-4.28637872440593	19.9883753336596	14.6992997898186	-5.00356593109519	20.6918854420824	15.5242260001603	-4.90743468801154	20.6687664113329	15.492456267854
NME1 PTHLH	-0.517357702870349	17.0807066915678	12.4065162528267	-0.583183317402611	16.904180554397	11.9569892508801	-0.68848989034776	17.2724551943735	12.7070397517133	-0.520481212487797	17.230758171393	12.4292862822495
NME1 PTK2	-3.47735965610903	20.5156414481134	15.8567916461764	-4.83246027313376	20.3918767209246	15.5039384385426	-6.53077349674408	20.8940413885029	16.2692077068568	-5.03482239347823	20.8084113200259	16.1511086615467
NME1 PTK6	-2.47493642938758	19.8891753092897	15.3585496518456	-3.29484998720527	19.1498307372097	14.1837292151213	-5.38569545525474	20.1989006314342	15.9141572587139	-4.42241874708802	20.0056586459398	15.4593045273316
NME1 PTN	0.740316740995565	9.63230916248244	6.87922892376351	0.60734117067359	10.8220241875915	7.82286304138606	0.647741076274807	10.8517686940587	7.92290495756612	0.642959005700968	10.6664996185398	7.75301173850901
NME1 PTPN1	-3.91432467169525	20.0542478939443	15.6026839491725	-6.78512720968942	20.9469736255753	15.6151658670054	-11.5369705178615	21.2401314206627	16.5943255192518	-5.97890380866364	20.8879506475854	16.0536910950061
NME1 PTPN11	-7.35754384795449	20.8445023078927	16.5809591309138	-6.51834878930151	20.8615197057982	15.3353571262185	-12.0255964644403	21.3294237987045	16.7769556958463	-10.2398936329005	20.9670817436572	16.5576758872477
NME1 PTPN2	-9.78864712423509	21.2209390285062	16.4495927783342	-7.76500492214774	21.7376006873972	15.8890653745541	-13.5138897656839	21.7867869145329	16.7976087834161	-11.5277713502562	21.5943223584395	16.532124241679
NME1 PTPN6	-9.58381762018911	21.1838309982679	16.7053656238389	-11.607250428806	21.5435340200725	15.8456260561027	-17.6875901072675	21.7510948072645	16.9474351777056	-11.6298121264659	21.5989599396539	16.6138845308197
NME1 PYY	-7.92673100810268	21.1545451451806	16.585332060595	-7.34837296135619	20.79487200066	15.6444392710747	-21.8827893397585	21.6733675743478	16.9331624757198	-9.67326416081615	21.2477437767479	16.5214743977529
NME1 RAC1	-5.1499642218971	20.5753728907019	15.9729611024444	-8.68610325042282	20.9420468295012	15.8008140139519	-8.61765322080329	21.3408684877414	16.6273774724939	-8.57493565535094	21.2271664927126	16.3307615399179
NME1 RAC3	-4.29487311204769	20.6293057089174	15.9178168938306	-6.88313075991177	20.368716532265	15.3544005392756	-12.2030957032674	21.3867626576075	16.6361898752595	-9.78411669368908	21.011984855657	16.2816122285456
NME1 RAD51	-11.2076746833122	21.8227459411334	16.6163757146062	-12.8660291720384	21.3685694740451	16.3255824134077	-17.0355096107293	21.6960071872812	16.8492973550876	-15.2307252145112	21.6984494429615	16.7894081245303
NME1 RAN	-8.81933685105483	21.0311787825463	16.30974510439	-9.50898065288539	21.9182541599154	16.3246035727363	-18.3951928248426	21.7247812827271	16.9594169651686	-12.4769862983707	21.7200268551231	16.7548896263353
NME1 RARRES2	-1.18395288701727	18.8483272740165	13.9799735299077	-0.915225834067718	17.7937711506444	13.2832937758572	-1.29396751516344	18.5575789825641	14.3115078973608	-1.14419485661125	18.5334988733962	13.9690740526124
NME1 RASA1	-5.63339351928047	20.5769181998816	15.646789645776	-8.64057451172499	20.5671646702336	15.5769919942996	-7.85694486569104	21.1290967355926	16.1147946054085	-7.59281181313744	20.9843912485111	16.0892116498337
NME1 RB1	-4.68379187695992	20.8477997550572	15.9662493696259	-12.204703641218	21.2346084505899	16.0119097635303	-19.0800729236953	21.6136763578331	16.6217238734523	-11.9838841987266	21.3350338803437	16.4759578982827
NME1 RBM39	-2.29968005394967	19.9723422226589	15.0452137350147	-2.38130743736607	19.4024590911384	14.5628286249037	-3.35698385388706	19.9899029016798	15.6092107098987	-2.50865471400725	20.2045611663831	15.2759143838644
NME1 RBP4	-19.2511112314951	21.7753620402116	16.9915705330142	-11.1356238634223	20.4885159764177	16.1588846234752	-23.7121420826939	21.5290192049866	17.0149259619296	-17.2294765825017	21.3984148456233	16.9141477347689
NME1 REG1A	-1.02461341194855	18.2711418876978	13.8949386670713	-1.26852060577155	18.758049747025	13.7803180571496	-1.27948288209774	18.9089700321364	14.4750061286089	-1.13355219788942	18.7587062440673	14.1817543558408
NME1 REG4	-0.579515935108644	16.9943344024824	13.5037525671744	-1.39261723682493	17.9194370352816	13.3762420291103	-1.11900014973593	17.8695983072559	13.8809700775339	-1.01425505349269	17.7744728178054	13.7376958559587
NME1 RELT	-0.463422432095788	16.6822859717097	12.5719944793461	-1.04838374481921	17.6593993258119	12.3291701297486	-0.684766241478435	17.442272701551	12.6527809152674	-0.714535474766397	17.2687788353775	12.5859770452743
NME1 REN	-1.18787383289463	18.2048779264472	14.4042626229068	-3.64761428058796	20.3538818396681	14.7346823616602	-2.26753157579057	19.8476127431958	15.2092152039208	-2.46106415331386	19.7609833417538	15.0998069097919
NME1 RET	0.287251260133358	13.6160339580479	10.3571376160601	-0.991929142516416	17.7960107335605	12.4305861002405	-0.340440220105734	16.628489923956	12.0470729608535	-0.257018993702378	16.2649631581605	11.8582450399205
NME1 RETN	-3.24867264385052	20.0508490699822	15.1918443931077	-6.26535423448985	20.809256185057	15.3179342107592	-7.67532933569547	21.2906064603098	16.1416729950005	-6.15881393115399	20.8559092743428	15.9048975833878
NME1 RGMA	-0.277176096625949	17.8875350132764	12.5384244355533	-3.28767569016362	20.0968943756562	14.345470155032	-2.05307926690389	19.2998510856412	14.5337315792251	-1.25650922840032	19.3097158676957	13.7966181649408
NME1 RGMB	-3.66007519639251	19.7904152678225	15.0616612462331	-3.07848118889672	19.7046676644183	13.9894617724095	-4.68121353938604	20.5061990705207	15.5308660093594	-3.56449818866964	20.2301569509765	15.0376460977095
NME1 RNASEH1	-8.67486085374275	20.9662417918361	16.3029431505868	-3.25164041972424	19.2906512823777	14.4171658565218	-8.52054981010051	20.9956903809945	16.1528788481215	-5.63242588301946	20.2598721462329	15.6441509286873
NME1 RNF43	-4.38824993481138	20.5313331611412	16.3200011854607	-18.1267099546762	22.0885403249641	16.7855620324602	-36.5922874546056	22.0181340956589	17.3231341274086	-9.28106066171573	21.5308550534976	16.8674788376135
NME1 ROBO2	-10.880805439386	21.1141579608405	16.519489746828	-2.71565326157454	19.9232221806287	14.1391935623864	-6.45270721220381	21.2703425648637	16.2903392762677	-5.70261132857377	20.7882842502868	15.6893942078044
NME1 ROBO3	-9.49961109419503	21.2350307465472	16.912232307537	-11.3440853689271	20.9839129042724	16.1014066471433	-12.8289614320608	21.3502302313304	16.8460355293203	-15.2247861819822	21.2540570204727	16.8966345370318
NME1 ROR1	-0.546007121155289	16.4129939067114	12.7674853771096	-1.92311261673577	18.5240583288908	13.6325745383964	-1.20733523530961	18.4749847204441	13.8079498269103	-1.37524476839144	18.0510455105701	13.6206938718882
NME1 RPS27A	-0.850329920633066	17.4945100525208	13.6599685776509	-2.35268011643425	18.5440708984559	14.0700623347182	-1.4745636418875	18.3893797487767	14.6028445437873	-1.6143916009571	18.1360915772095	14.2059112609474
NME1 RPS27A.1	-1.11271516876663	17.9644324391809	13.9900682527422	-1.81229913562345	18.052987292528	13.6736196771187	-1.56990755314989	18.4854573623304	14.682794002449	-1.71657846574259	18.3910299200692	14.1525440886304
NME1 RPS3	-3.90337202202821	20.7368318747725	15.2600376007155	-5.66173327114972	20.4251462118547	15.0471694832494	-8.48165826132996	21.3670241930543	16.3800761727847	-7.97213435565603	21.0289281394802	15.9100845039695
NME1 RPS3A	-5.90266130944914	20.3610647650747	15.7268289318309	-7.66616643092901	21.3012146791047	15.8910212527387	-11.9457646210385	21.2607182546096	16.6514228225617	-10.5116779093143	21.3107326837003	16.5172188812455
NME1 RPS6KA3	-2.47529408584203	18.6466385004164	14.9638203872318	-7.85381068215577	20.862471991778	15.4719671331443	-6.57371942351846	20.7318991843732	16.1762400055046	-6.14014433123875	20.1690827439678	15.6664286736831
NME1 RPS6KA5	-1.48047351326504	19.801067581466	15.0930632739034	-2.95513866144272	19.5246783686764	14.4077827038013	-3.47045496546909	19.8665362817645	15.5606542916066	-2.42525664205968	19.8603442798938	15.1079810753987
NME1 RPS7	-3.53611502836757	20.2974127167111	15.6617229960717	-2.74295989137168	18.5676577359795	14.2325634917283	-2.97177532500572	19.8232172359441	15.4119500475612	-3.66325241325206	19.7909320153718	15.2790252254691
NME1 RPSA	-5.9059140995462	20.2719535708354	15.2280854213794	-12.9053958012071	21.7258245076561	16.1362006744595	-13.1956646120697	21.7480003665305	16.7192350191258	-10.6711621868739	21.313369759806	16.1373184335429
NME1 RSPO2	-1.94143883746498	19.4884395475245	14.6189389312035	-1.5643256541161	18.8780686551576	13.659981771368	-3.26663212232926	19.3932761531894	15.179204064391	-2.3452098347285	19.1698664990725	14.7281765688148
NME1 RSPO3	0.405533433913308	13.1505288484692	9.58876913946019	-0.0267440887889367	14.6885577065867	10.1290848327381	0.222163406605073	14.2417044758133	10.1658529372965	0.251204129840711	14.246378925035	10.2622560738549
NME1 RSPO4	0.281633087359312	14.4174901808542	10.3684843683166	0.187066973002965	15.2276614055045	11.3316778604025	0.253423232376609	15.1620732719946	11.1913404568038	0.222747779682279	15.3019538136871	11.2611923260803
NME1 RTN4R	-13.5968197799979	21.568532950472	17.1045032247288	-4.34457635791934	19.778393236259	14.8616479520163	-7.762714638698	20.990237120162	16.4296920103321	-7.50672148008544	20.8904465080402	16.2606023422338
NME1 RXFP1	-2.81200450288401	20.415667575345	15.5958024198282	-5.98037887118287	20.2655408454491	15.5650621387839	-3.5248072458799	20.3587374320569	15.7394831471876	-4.87937422214509	20.5071245300377	15.9914911141556
NME1 S100A12	-4.08283259096288	19.8116655958303	15.1788322671533	-4.94875448444307	20.225252816548	15.2275156690517	-5.19462512852119	20.6285013452445	15.928677820858	-6.39791397942382	20.5313893220692	15.9304233360257
NME1 S100A4	-13.7862722929271	21.514206714692	17.0581530721174	-7.3095087889375	20.5662362004444	15.5467678438955	-17.3552112074889	21.2126128894404	16.7481440860558	-12.8507534859833	21.1960870830891	16.5797984834328
NME1 S100A6	-9.23697600552374	20.6725002143264	16.2537412992892	-3.84769662400782	20.7201799151735	15.1003537504842	-9.67240004282279	21.2695320062199	16.5283201445313	-6.87247471438023	20.8611722059254	16.0213446069721
NME1 S100A7	-7.0321881815941	20.5168976771873	15.8308606800943	-9.60301881557968	21.235039114537	15.9285322221026	-14.3483630608624	21.5191532758795	16.6835495936284	-12.3010083903046	21.1839565169909	16.3799442808199
NME1 S100A9	-0.561494915915442	16.8279217185841	12.6081192070276	-1.95668265178461	19.1737873739619	14.0567728831538	-1.21509812409754	18.6737509136138	14.0892138031629	-1.16984262923988	18.2277168136102	13.621101052744
NME1 SAA1	-3.52760075863282	19.2137879589821	14.8919671111841	-6.13530349620856	20.9729908185246	15.4021516823442	-4.17661941523024	20.454474626417	15.8939049429097	-4.96223604326762	20.3355368500628	15.7444752367449
NME1 SBDS	-3.94184628256753	19.6565537965404	15.1928507536391	-4.83946719701889	20.0999864585037	14.738530698716	-5.4037632602859	20.9119707066839	15.7569180997228	-6.46884592242108	20.8355025674831	15.6372032063576
NME1 SCARB2	-4.09461209976523	20.3437676493956	15.881976760874	-6.05147483770918	20.2040656698114	15.0649927866877	-7.82666435978147	20.9975390740597	16.5088726950378	-7.61284529358186	20.6008279650495	16.3333788856825
NME1 SCARF1	-0.692313388609861	17.2092171538596	12.8694823308853	-1.3439059550972	17.7881328045044	13.0244594969819	-1.05604866388483	17.7724221543299	13.363666658054	-1.34279720964786	18.0794025498095	13.4746948642285
NME1 SCARF2	-6.0106032148943	20.9030553608052	16.6879287364248	-6.59159092197534	20.3507905180519	15.7713122909371	-6.37753931542318	20.6698838210352	16.2663669910115	-7.74179282146189	20.7668168950624	16.4704180473099
NME1 SCGB2A1	-6.057447902544	20.3531618837823	16.3966276598113	-6.54879698822583	19.8569158195563	15.0409115787888	-8.5212416626117	20.5993808353904	16.2293712787188	-8.25941557748796	20.614197351931	16.1672321226426
NME1 SCT	-2.60842982048252	21.5042949576857	15.7570127328667	-5.48473163947707	20.6216041557024	15.4864246093697	-5.34814961561061	20.9852703859629	16.0662263739403	-4.3771625650147	20.9473181810981	15.7982559942979
NME1 SECTM1	-1.8385376629828	19.0354765113888	14.8495610286506	-1.40784022111028	17.6946874247677	13.0678267411367	-1.80476342174251	18.8918067802471	14.4939712000634	-2.18772341206677	18.7587891277083	14.4542093850879
NME1 SELE	-4.69228043103814	20.5206519469336	16.0453022467841	-5.20557762078573	21.2997253056128	15.1923812138812	-7.16009410811166	21.3295582935763	16.4730509018623	-6.69071257198279	21.2133298339148	16.0624409887475
NME1 SELL	-2.9978524762677	19.4986387146303	15.5532773111096	-4.37642234288297	19.6235207126074	14.8964810905667	-4.87578447073033	20.024037643286	15.7094502479981	-4.24625907555073	19.7205304639194	15.4504833535246
NME1 SELP	-15.9064883293288	21.5465974014481	16.9681239009667	-4.94512854900834	20.7120051707224	15.0614889687861	-14.7202112882779	21.3953457796777	16.5248243988933	-10.4997586142146	21.3832589461371	16.3882859126032
NME1 SEMA3A	-3.41862782665174	19.5033099595164	15.5912956130019	-4.28802146866834	20.335283001768	15.1502506385254	-5.76883054406635	20.6384375638644	16.0587302632058	-5.1036121567401	20.3988988003418	15.8132297921889
NME1 SEMA3E	-1.50924984522713	18.8766625896528	14.177195872644	-4.43092904298056	19.4444999577872	14.5927067047425	-2.03090275270984	19.1192795294103	14.7678383323919	-2.6244762274103	19.4446008431432	14.719693693528
NME1 SEMA5A	-7.08162343902205	20.7248317572729	15.7269908120674	-7.44694144732344	20.3612710766614	15.0098078127752	-10.2723406942601	21.0164298133309	16.0953792263394	-9.24242628308743	21.142208523524	15.9067687079314
NME1 SEMA6A	-1.20663216433659	18.9797738440105	14.3573707704845	-3.77733323306581	19.6907712444663	14.5097114206624	-3.38543032827543	19.5571624457475	15.3818329287438	-1.97108567153224	19.4648651655418	14.728915746933
NME1 SEMA6B	-8.72391876250984	21.5760828538677	16.83148448033	-5.78229449260715	20.9109382851044	15.2574243962896	-16.5151814620615	21.8445843679521	16.7357611662966	-9.00927643752716	21.4071712264181	16.307121434888
NME1 SERPINA1	-0.592000693009973	17.2422284865261	13.9992493682216	-1.51413087034236	18.3778764462515	13.7886304761876	-1.15836086975569	18.1743274110342	14.3560544562814	-1.14582848086164	18.0264189157731	14.1761578921492
NME1 SERPINA10	-2.45728587625568	19.2872720964499	14.5146016544536	-5.10215592060736	21.2787329592337	15.2712661513592	-5.4358518537836	21.0484614476017	15.831497996198	-4.48205947436681	20.7282268001696	15.3292143215806
NME1 SERPINA3	-9.44959165604413	21.3010031856515	16.8052806914712	-10.5892632210779	20.7963649904136	15.9449142573081	-8.75882725605623	21.4110608966767	16.6323675139783	-8.78686833232634	21.3789469376082	16.7405071289488
NME1 SERPINA3.1	-1.87239316434837	19.2363268814449	14.2687930967754	-1.50706989706761	18.8595200191799	13.4613892361641	-1.64637703974559	19.5293883555887	14.248997385743	-1.74405195553806	19.3833398039727	14.1153354199125
NME1 SERPINA4	-3.28175159384657	20.2060673316513	15.0311426907061	-6.40339039496238	21.2522923179088	15.3455535479352	-5.51888121014256	21.2256946430976	15.8796623842035	-6.36288051369153	21.0612220862038	15.7971463984242
NME1 SERPINA5	-8.60094037576196	20.2436368592485	16.0961081092176	-11.5708615631404	21.3869430565498	16.2878304085543	-12.9395127374817	21.3302397780973	16.8088994546281	-11.595280715738	21.076132315104	16.4977656319485
NME1 SERPINA6	-2.13805051063311	19.3753477355814	15.6492536048726	-3.14521157247724	20.0987343542461	14.7809844581582	-3.4493082158474	19.8843100182271	15.694696775431	-3.54932672510215	20.0684090747118	15.6452698581375
NME1 SERPINA7	-6.46030054896844	21.0111872652194	16.114530073206	-6.85342289158996	20.6382215354479	15.4290829761723	-9.53195683268123	21.6130848335489	16.4198927918129	-8.00003724750941	21.1742971744349	16.2710001128293
NME1 SERPINC1	-1.19718783128087	17.6843740447326	13.2598458669027	-2.42491977851077	19.1737816173733	14.3727637939719	-1.91862711635222	18.9972760455866	14.4355610428603	-1.79749323272227	18.7084657535595	14.23720606107
NME1 SERPIND1	-3.7847399956658	20.8329758781596	15.7523292359889	-4.69185509388938	21.153662198029	15.3369296916341	-5.12909099625913	21.2877287151199	15.967137359241	-5.57490891979867	21.3443846377317	15.9881106889214
NME1 SERPINE1	-8.43900189715495	20.5588441530006	16.4428044027335	-8.33552260982509	21.0254068522554	15.4818498243887	-12.6419851682399	21.5066069815862	16.635903810232	-9.6267246861004	21.1116134365035	16.1988899857086
NME1 SERPINE2	-2.80523854866281	21.4683853134308	15.838119176349	-3.48757565974538	19.6584745668781	14.6885379188489	-2.82845174923567	20.5628415624367	15.6272970247743	-3.6718217562827	20.6587738137347	15.5757128349835
NME1 SERPINF1	-7.35685755534089	21.2513418701782	16.4246798292022	-2.92566078167938	20.4331827439957	14.7567575050414	-19.1583635977237	21.5317858731237	16.9870865063302	-7.04588706839439	21.1670349994876	16.2785718525524
NME1 SERPINF2	0.0192512853346222	14.3940350837437	10.7445787228437	-1.15817633755658	17.9494650630994	12.9385223137502	-0.633251100943365	16.653972283716	12.0558574637975	-0.638638967720256	16.7125989862204	12.2660967350142
NME1 SERPING1	-6.66363244007682	21.6015500121153	16.5911783162886	-8.43618185984726	20.9261143043739	15.9710350944202	-9.17872582122695	21.0752760828551	16.6288293096741	-11.7857965819223	21.2909130259621	16.6357324746657
NME1 SET	-4.31127775056119	20.038855963694	15.3890747550647	-6.5028508800718	20.0355248871271	15.5495451269838	-9.38322512047747	20.5886077152408	16.333864348031	-8.64175334120442	20.4120095610256	16.1727431208709
NME1 SEZ6L2	-6.06629974946971	20.8514353767655	16.3538701664431	-2.84516024496574	19.959665836199	14.5089677282188	-3.70240918078672	20.7215672475502	15.8811762547835	-3.80860084084362	20.791271600396	15.7489843470931
NME1 SFN	-2.04920167382356	18.8300641077236	14.6283422455389	-1.79384804607515	19.6373063327861	14.3740939280232	-2.2718118898985	19.5134620083372	14.9417468833174	-2.1435056997027	19.65252745533	14.8869287920338
NME1 SFRP1	-2.12644226658027	18.8755521662195	14.4404509799173	-0.803555805266228	17.6364683959296	13.0742177056899	-1.19059605536602	18.704088310741	14.2095501338626	-1.32586208315724	18.5344844058182	14.0909160826355
NME1 SFTPD	-1.31053744540709	18.5879282057317	14.3518057913335	-1.66245839462881	18.627363428733	14.0551782971848	-2.1865195645886	19.1685366063986	15.1802303354348	-1.82097670507527	19.0311977138118	14.7839806471757
NME1 SGTA	-4.45185050264459	19.816850630058	15.2930736785583	-6.84504896181318	20.9163256860915	15.1697473269732	-12.2524383211301	21.4160487842059	16.5088898083885	-8.9988546231959	21.0519333051876	15.8683101514382
NME1 SH2D1A	-3.31103411957781	20.6847336010717	16.3239567364129	-4.0862210764167	19.22476862144	14.4425954624848	-5.77686642694547	20.1952655695706	15.8739688773511	-3.54357776150706	20.2366728310102	15.6938217521678
NME1 SHBG	-0.73077364729711	17.152274019334	13.4883940508387	-4.34679893035837	20.6362364205749	15.1725528626585	-3.39066313483734	20.2435754551967	15.40919507171	-2.55842965384688	19.3071561014043	14.7948510086344
NME1 SHC1	-6.48107653682477	20.9281949198417	16.0131464906691	-5.73698213978211	20.1209096096485	14.9522834288571	-8.43662767896745	21.2492052741736	16.2012133716289	-8.27925696053733	21.0733968529219	15.8849823664836
NME1 SHH	-0.881651271714525	18.5229834728965	14.6876925127012	-2.13031778887208	19.2398747462746	14.5250877353522	-1.31227314115952	18.9550736560733	15.0385027609169	-1.4110268870525	19.0728541518875	14.894413993537
NME1 SIGLEC1	-4.72293296571297	20.2161097944901	15.8376655266187	-6.03418227642113	20.6124199996488	15.4632464811093	-7.29244969780326	20.5649130389773	16.0074293612285	-5.80628955578691	20.5328622480634	15.8432325738644
NME1 SIGLEC14	-9.2084235261853	21.1595436074378	16.8140227976464	-1.4982310227495	18.4064500276248	13.5574074632182	-2.82285205732871	19.8730944901566	15.1898986513699	-3.52237197103832	19.9643480653466	15.3242704809906
NME1 SIGLEC6	-10.2366672341043	20.4779012687534	16.4610655970635	-6.92245726007623	20.8588975086129	15.817517824773	-10.1637660807487	21.0403850130936	16.5140462240661	-10.9216406584125	21.0925968742202	16.5037639392707
NME1 SIGLEC7	-6.06198476219669	20.6214867461419	15.8755576198216	-10.5752278695256	21.4142277306333	15.8540992799263	-20.4918117296172	21.5832510245787	16.8221889247581	-9.54178980116764	21.2702175402404	16.2135011635489
NME1 SIGLEC9	-14.051602514678	21.6798141081875	17.1631028667822	-11.6147425022784	21.1050506151358	16.1384221948539	-30.5549797357909	21.7909371569406	17.0206674864957	-14.0483945892427	21.5114840148017	16.816619318596
NME1 SIRPA	-5.31595933586135	19.7922468207474	15.1839656596577	-6.99926464992405	21.1824064706796	15.9050442347276	-7.17358490490687	20.946937603598	16.145119324102	-8.71305006115897	20.9657546967887	16.122004619104
NME1 SIRT2	-8.02629749327329	20.8425829346384	16.296890095294	-7.94715913926558	21.1584533273012	15.929164236402	-13.7534489244161	21.428118110245	16.7647570559739	-10.4742394705889	21.2386555961204	16.5355117142935
NME1 SKP1	-1.43468798493101	20.0387761115713	15.0610416858309	-1.60921689662285	18.358147724762	13.8991485128485	-2.15114173167689	19.2174408150294	14.7618618671396	-1.74730505865286	19.3010674874832	14.7134384373147
NME1 SLAMF6	-11.948287951824	21.3378240536545	16.8304636354329	-4.36565823377284	21.1050365516318	15.2687622801867	-6.77022862747675	21.2029854720767	16.1169682862117	-7.43584558673994	21.2162405422818	16.2544748144134
NME1 SLAMF7	-3.00480431749633	19.0152056802557	14.9739010085949	-8.51680358424391	21.3822228292151	15.9250181335041	-8.39058049152749	21.1586889457231	16.4331763383497	-7.62103955576157	20.8841728889447	16.1820856179189
NME1 SLC25A18	-9.79860017812401	21.1637195820628	16.7155966686135	-8.26840905511817	21.4727639152233	16.0969397616812	-13.1373666641369	21.5839171781266	16.7400075451571	-10.6245578549292	21.508657992823	16.7348015796743
NME1 SLITRK1	-1.90297090691048	19.7126063079483	15.3491446405644	-4.31605131438887	20.2218397693947	15.1995915319057	-5.38567140110928	20.7118531077076	16.3165770291216	-3.61795886340263	20.0952948653874	15.6714874366715
NME1 SLITRK5	-5.56568800147515	20.4577421735808	16.0411156537322	-5.05216598927446	20.7384481958112	15.097059960545	-8.47015421000992	21.3621560532161	16.2931147286432	-6.83166474827567	20.8027881320544	16.0360300374238
NME1 SLPI	0.222298653472351	14.5576664029831	10.561734640014	-2.1904680204737	18.8731700489194	13.4038937015661	-0.629862735707388	17.2873990171969	12.703337539454	-0.498851601147196	17.0322067182292	12.3419755839993
NME1 SMAD2	-5.4701122226682	20.5546772947519	15.9528496851028	-4.0936661727709	20.0776781293112	14.5153807285591	-7.19085178613942	20.9644174483438	16.1019498292118	-6.80310214479465	20.9204180499277	15.7022947033362
NME1 SMAD3	-5.67548040186522	20.468188556021	15.8370792638619	-4.58140127622995	20.3418897281704	14.6989989038342	-9.40850742744977	21.5253577557499	16.2252527630538	-7.34982367561589	20.8288738726434	15.6324390250779
NME1 SMOC1	0.280632023562111	13.6146024939965	9.34272833887156	0.140630831168765	14.7054146623856	9.8979257054462	0.263301048391446	14.2289334903744	9.66264941870353	0.256027403230039	14.2835359353341	9.81780287425533
NME1 SMPDL3A	-4.98820450471998	20.1516289368533	16.3460749087657	-3.22764911791587	19.72193602957	15.065681017701	-4.15819647825049	20.1530876173014	16.0830423950334	-4.88843683328654	20.2367588414775	16.1679922461215
NME1 SNAP25	-6.47594275813317	20.9911354912961	16.2976642504103	-9.38131240605238	21.2206957401872	16.0657624943522	-17.4076837625109	21.3660921935152	16.793890953662	-12.1760383749553	21.494059821083	16.6056999182114
NME1 SNCA	-3.32389648640225	19.1928707254556	14.8616130756274	-5.43121641778037	20.4161472111143	15.094689523752	-4.38025997337267	20.3340680870771	15.5064080465811	-5.16588929519267	20.3599173136552	15.5348403977143
NME1 SNRPF	-4.50244703182475	20.2536537964633	15.9663786401248	-1.88282239316453	18.693638542657	13.8560544577071	-3.01753559503734	19.696690142237	15.4487528912924	-2.72460261774347	19.6915337508619	15.0667116133505
NME1 SNX4	-7.82705067249077	20.6106027541948	16.4443833359092	-10.0412146387505	21.2353828632612	15.8675514184057	-16.1770231944491	21.8220283633129	17.0374766747978	-11.8884487288131	21.4453559140174	16.5108553303827
NME1 SOD1	-1.58076242991204	19.4661725796487	14.799252251433	-1.58772387191314	18.3093003838034	13.617857870254	-1.61540214969807	19.2720629696957	14.6680778863493	-1.75039184201825	19.0602012008925	14.4565651591371
NME1 SOD2	-1.50858715634332	18.4815875942244	13.8632537732177	-1.71153830528622	18.575731354954	13.821997712251	-1.56356711348232	19.2439428895688	14.6348552076361	-1.92905956479849	18.921735928937	14.2726969771848
NME1 SOD3	-1.34356254888327	17.8117649907954	14.0635080746211	-2.64484526710474	19.2957030991785	14.058359145301	-2.00001403215087	19.1407086039082	14.9455801398427	-1.73201642479938	18.8589695140273	14.3974550984858
NME1 SORCS2	-5.03201483720107	20.490210220807	16.0631091737558	-3.93318943793669	20.0949192329467	14.7988472145517	-9.58171492790489	21.457040938421	16.5150102699228	-7.292276828904	20.7200246590223	16.0541192272211
NME1 SOST	0.336310751077718	13.9849171871089	10.1939574748927	-0.462351836559939	16.3214013726896	12.4495462783417	-0.0821145012452398	16.3756832994683	12.6101415874495	0.0401358695903861	15.5503054945066	11.7040590389789
NME1 SPARC	-5.32567294441333	20.0676044455872	16.0310216624323	-4.21942460673556	20.1634579780153	15.0948256521239	-7.26923292001554	20.6849071424183	16.429923812209	-6.62034454433953	20.8794195261972	16.049143309896
NME1 SPARCL1	-2.96494693886077	19.4408629870567	14.9688650382674	-5.91126666636943	20.8078233736578	15.3622917557956	-5.79095202384471	20.5938898360887	15.7826177075834	-4.79483031909659	20.6127973033395	15.6419861974807
NME1 SPHK1	-6.19219484434053	20.623510650055	16.3018407915066	-5.50818069495007	20.5002808953584	14.837209893956	-8.45656859904339	21.190764743102	16.1566950703781	-7.19076190838807	20.9212773770091	15.8696940404507
NME1 SPHK2	-13.468300261503	21.6972252028333	16.9620122975592	-5.00101953148623	19.7870604509096	14.8304856333011	-12.3636348418837	21.3024664519834	16.801299497922	-10.0211137223755	21.3274459432053	16.3763058631732
NME1 SPINT1	-0.794175140581308	17.879249312993	13.4159587841445	-1.83104100220028	18.0575098104649	13.7797343131029	-1.89318817131876	19.0176065606418	14.7631778552269	-1.5904816356115	18.3595229346234	14.1569355124018
NME1 SPINT2	-5.42558576461696	20.3545533215343	15.7605720074077	-4.2751621584789	20.0437061495756	15.2039921663315	-8.78904614111913	20.6576699628816	16.1665743780901	-6.78162060527383	20.7001114387148	16.0173564405292
NME1 SPOCK1	-13.8122213560991	21.2793090381819	16.8670469975782	-13.5637428600805	21.3075803594805	16.1682976055343	-19.8073581720136	21.7515960393769	16.9504537519117	-19.9082736399321	21.5517438542088	16.8798767882432
NME1 SPOCK2	-4.6427523741247	21.5617562736602	15.5891962830657	-6.27160863064147	21.1270601388846	15.2862149349142	-6.11863961405559	21.9047104345344	16.1041274977171	-5.82588401107069	21.5912408507177	15.6517030652602
NME1 SPON1	0.251461436963763	14.2467719445643	11.2594057135547	0.0382037563202856	15.9524505911429	11.5031991905539	0.0061788233050567	15.7729333440643	11.7455806711175	0.111618317700797	15.4397073356283	11.6332583390317
NME1 SPP1	-3.81360154756825	19.7526106381398	15.19365878861	-4.56844633697804	21.0620623915475	15.0552706279033	-6.17706055844624	20.6635664344455	15.9127503175779	-6.89984829670384	20.7328664694295	15.6931386922098
NME1 SPTAN1	-7.45905970559546	21.2507249022857	16.8096486936592	-6.24635484765795	21.0018381321354	15.5718963049302	-22.0941309206152	21.6566113727766	17.0099040637231	-7.96507724886243	21.4066593492694	16.5873790786251
NME1 SRC	-3.93237007168704	20.894116546436	15.8319025109303	-7.99081876254725	21.6166266875361	15.8616891981498	-13.5499250918958	21.8831519405246	16.896407196696	-8.52096019680111	21.5018727348345	16.1423206555036
NME1 SSRP1	-2.30363145854385	18.5164441411067	14.8547148977216	-6.77608457632848	20.6630420712621	15.9550032731684	-4.67436576633558	19.8846198815684	15.994130026228	-6.38089226685449	20.1322322880362	16.073166214589
NME1 SST	-0.302201149273657	16.7883745086474	13.0228186513396	-4.16738426929533	20.3877809209216	15.394360484811	-2.15989565614896	19.4480168046995	15.2113470748851	-1.54249592724332	18.9629971594288	14.6218011461251
NME1 STAB2	-10.5637603479592	21.4976750330073	16.7601693389382	-2.95764869746219	20.204897574931	14.4611995628786	-8.98606740472436	21.1521780934241	16.3974062862324	-7.76556832806868	20.9710959522975	16.0984234863778
NME1 STAT1	-3.13255834025945	19.95453911657	14.820194093906	-1.49104642770646	18.3212135094922	12.7877300152948	-2.05264830864946	19.2965345355163	14.1363867106286	-2.53772296015376	19.5357035817635	14.1753330877096
NME1 STAT3	-6.77916601472902	20.6868402879546	16.1039448736095	-4.76801146532035	19.9973633786068	14.6868860037526	-7.18215474122966	20.8142383650112	15.911002469437	-7.65612424091087	21.0662798202529	15.8889263855062
NME1 STAT6	-14.9202099234949	21.2255881262415	17.0962299108745	-13.7913220012021	21.5342890532459	16.3103534820354	-15.518728607692	21.5725998582717	16.8661013969543	-11.267365775351	21.4949411935436	16.7603387238587
NME1 STC1	-0.360223051489143	15.8192923865574	12.2266367983022	-2.11043303582163	18.9962232609439	13.7931767043749	-1.52211375915458	18.6237050548793	14.1762762791948	-1.49537403827062	18.1077619123622	13.6772725935481
NME1 STIP1	-5.93448619029767	19.5078745730765	14.9814442515324	-6.18738016338351	20.5958349118612	15.423623131943	-7.50000380984411	20.4888398224296	15.7912400719136	-7.55551715364921	20.6299070535102	15.6785768410372
NME1 STK16	-7.87312568003659	21.2599741418276	15.9038054700323	-15.0369137195434	21.6479555754872	16.2668664878938	-21.4457731475358	21.910154104845	16.8943729500158	-14.9475760507291	21.7259628800211	16.5669842632772
NME1 STK17B	-19.8767065367893	21.7058536601331	17.1140982990384	-6.3341603724995	20.42011110587	14.9781193126827	-10.0144209742664	21.2548157902743	16.4006996879532	-12.555939753496	21.2706326707713	16.4119741359293
NME1 STUB1	-4.78221821851962	19.6473212973878	15.4086992714073	-11.065382821171	21.4887141748123	15.9614617399926	-7.37976940787104	21.0204843122382	16.2127676289533	-11.0998672796329	21.1184222181604	16.324791677644
NME1 STX1A	-12.9056027437269	21.5284556472783	16.5596251056155	-4.51120387690025	20.1905244131823	14.9251671829708	-9.15731179040115	21.4155904349419	16.5944419182626	-8.59931246603405	21.1905718049292	16.1411026938749
NME1 SUMO3	-4.15924007106873	20.3924816991481	15.3706954952399	-2.65273465789509	19.4904487982991	14.4248874305477	-2.83085763432286	20.0088511878078	15.2432419190751	-4.01391524347777	20.2574630352027	15.3676352525691
NME1 SYNCRIP	-7.85096004739589	21.2992304752149	16.5569973667264	-4.45125580276227	19.9622572790377	14.4899534462819	-8.95251002018508	21.3392272245714	16.5267960463197	-8.02671928513627	21.0496840483079	15.9801120144358
NME1 TACSTD2	-4.7051824950864	19.8407357380781	15.7631439444152	-2.49464610503698	19.1255851623267	14.4941758516479	-3.75449099224343	19.7787692656732	15.8261590598265	-4.04688534397668	19.6772705808147	15.4872320895602
NME1 TAGLN2	-22.2864256361847	21.4248811229202	17.1506282507784	-9.11595839339432	21.1131646451157	16.0297022839391	-22.1359687494386	21.6015330248878	17.0207537075768	-15.3294555951621	21.6149680120648	16.8349354906659
NME1 TBK1	-3.23806243406681	21.1414478203029	15.1914079764679	-3.52281378864353	20.4525083520607	15.1338770290817	-7.13581243222077	20.8848510550565	16.1075015582962	-3.87107913429033	20.9243650123788	15.5902133363748
NME1 TBP	-9.09182630116602	20.5412269445538	16.5951708382523	-11.0321703341283	21.2632228854729	16.115596238368	-14.9531493229861	21.3209646027588	16.9047232800109	-14.2564539218192	21.1793064391193	16.6963555297779
NME1 TDGF1	-10.7966559612541	21.3731795318416	16.6889812120572	-5.82274199245222	20.5905313151098	15.3206907347606	-13.8885406913873	21.5628881677403	16.7174968325024	-11.4240918593834	21.1749823287506	16.3435399928753
NME1 TEC	-7.99258106231783	20.7531513911645	16.2273661606446	-5.95558225936082	20.5333845791743	15.2250079679033	-10.0799398431131	21.5185517821809	16.5184247797606	-8.99912358738137	21.1298213484875	16.0787044836788
NME1 TEK	-4.90986204371924	21.3003027201045	15.522361367169	-7.43793985552105	21.0308476116596	15.3740838280153	-8.94022236082185	21.4982018680993	16.2980727350837	-8.0070473816755	21.4613407431974	15.976972247884
NME1 TF	-1.29029637710664	19.0201627320153	13.8443647848541	-2.73449784695547	19.0361416493166	14.4001179345702	-3.84398208108199	19.5662989777783	15.3935158540835	-1.92933057059796	19.2170673212672	14.332917678209
NME1 TFF1	-3.23771909959794	20.3681663009584	15.8704777092415	-3.35038368628909	20.4548048084546	14.8126821589993	-7.32034613797335	21.0011616419281	16.3868798394261	-4.01396640455382	20.6803754259443	15.7499654792987
NME1 TFF2	-3.58586304247188	19.9726689341719	15.2386497276093	-1.49087642460805	18.0962407836033	13.2079504102586	-2.6956414467235	19.6640862006233	14.9492375764792	-2.48665624462748	19.3852876898028	14.6102233121979
NME1 TFF3	0.187144220203598	14.4989531110071	10.1868353406844	-0.891323683826646	17.4097678678669	12.68702980574	-0.217959050995281	16.3744197416902	12.037054891951	-0.142970452547176	16.2170706334899	11.7709227131456
NME1 TFPI	-6.71982078627128	20.7084655520472	16.3866633683164	-2.07527054595955	18.1520252370409	14.183885551874	-4.2408678907384	19.6690876093904	15.6296456333749	-4.87325184491429	19.7684129460881	15.670158787727
NME1 TG	-5.67102020544515	20.3534984165727	16.4470420833119	-6.74344053361199	22.2927458307806	16.1816904754264	-10.5418327422219	21.3709412825571	16.7215634586657	-6.88172862272183	21.4814645868259	16.5386923936178
NME1 TGFB1	-2.11107570417012	19.6390631503986	14.8644347103418	-3.57189893557788	19.7834605085801	14.7630881373259	-2.63024134709675	20.010254582923	15.5033009200317	-2.68179708950488	19.8177984371869	15.1418458839073
NME1 TGFB2	-1.95586442468914	19.2195283810708	14.8241254875651	-5.891534154542	20.9109127385589	15.7859886089451	-7.2485445724364	20.5306850486421	16.2109282072091	-3.49211422950675	20.3951007099713	15.6136397624016
NME1 TGFB3	-3.09566560843669	19.3828542065137	15.4118585552163	-1.78890724354435	18.4918736447941	14.1476431119827	-2.81418120157593	19.1256386068273	15.2601094862644	-3.09963309766642	19.2279404883256	15.130519846904
NME1 TGFBI	-9.52936832693387	21.4503605042588	16.9064140280587	-5.90694418309566	20.9563276044948	15.4915007415894	-8.63338973721338	21.4679870131153	16.5478619198861	-7.73621057365731	21.3482515491158	16.4328013937915
NME1 TGFBR2	-2.54293626779504	19.4981765253009	15.4731454686512	-6.68805681812498	20.8653935942183	15.6660792977692	-35.1394330203486	21.9404035702062	17.2676294378471	-5.37215813067976	20.6090751581455	16.0852396595074
NME1 TGFBR3	-9.26199368210841	21.070690267825	16.5859652375696	-5.00529615222375	20.2399184351539	14.9795841717525	-7.63322127662478	21.3112427516472	16.3428730218121	-6.96631947360039	20.9513101749376	16.1213825270307
NME1 TGM3	-3.43664457484285	19.7405396863143	15.2038927763723	-7.00424859716516	21.0561435319465	15.4990470967014	-6.51849943939276	21.2604119624076	16.4128430980315	-6.03478423786041	20.8728945219832	16.0189654652528
NME1 THBS1	-2.48013770931116	19.5457786230695	15.65583283088	-1.89805621783068	18.7194438657751	14.1178598186558	-2.71000073055745	19.4214403308554	15.5271611965171	-3.26529603456015	19.717329265311	15.4236630370463
NME1 THBS2	-1.77617837518655	18.3635597664029	14.6616716550486	-1.9138271829413	18.7253862476143	13.396341484846	-1.85883722343414	19.0246278903887	14.3337444413543	-1.78692084224141	18.8335047420026	14.2827084080509
NME1 THBS4	0.0127933166749015	15.1106336766948	11.3280858899443	-1.37746317783388	17.682709309923	13.3035351416168	-0.733211310683979	17.1335702986383	13.0871628071193	-0.668421056075021	16.8529878382146	12.7597787871915
NME1 THPO	-5.21593482819118	20.2443441404655	16.0949324031724	-8.6899775013751	20.6311652341166	15.9321994462088	-9.70965956938119	20.5911529548362	16.1365625807498	-7.85064346655272	20.6692352897086	16.3888928091501
NME1 TIE1	-10.6884599979333	21.8344182635666	16.8672957810355	-4.31250767243993	20.5203989425487	14.8465074915068	-11.5029790243675	21.392826717247	16.5432073989383	-9.05173755052426	21.3989100579379	16.2181757905043
NME1 TIMP1	-0.0393049679795092	15.2351736642057	12.0566278969614	-0.598053246691958	18.1560031432004	12.4212177042034	-0.290776409844987	17.0686731379172	12.5683167526569	-0.328954656617483	17.1631169957512	12.4478170722851
NME1 TIMP2	-0.706419574377465	17.4028522165327	13.6071556188784	-2.47139644786008	19.2650544170674	14.3757140461861	-1.4801465498884	19.1883387129883	14.5009426365432	-1.68628491821816	18.7478402536594	14.4679933853712
NME1 TIMP3	-10.5025213651502	21.0831081046268	16.6299489655362	-4.42348849198489	20.0634972839471	15.0768297436919	-8.57390839124291	21.0078538680471	16.3741468807175	-6.52602779359425	20.7172507017239	16.1031050839861
NME1 TK1	-5.85020861290233	21.1459539751686	15.9614628992502	-13.3725832776343	21.4195049789699	16.2706847189286	-18.3915477896073	21.7470965007797	16.7844278112525	-13.1976809486717	21.5796731739181	16.5656211713512
NME1 TKT	-5.04901712290416	19.7100899464606	14.9526510095104	-4.02933786752016	20.6116186990217	15.1989180095526	-6.99768259469431	20.7142193299587	15.9381669334846	-5.51428211974243	20.7550831040678	15.5870532719398
NME1 TLR2	-3.12456759435591	19.7577519566792	14.7722854447566	-13.9663066995016	21.1223035079534	15.8831151721378	-11.9396046632263	21.2789236315704	16.3699390899282	-8.0179077568574	20.7447592193072	15.8283273627165
NME1 TLR4	-9.04328010744553	21.7806375234699	16.8602263578808	-7.31496538131808	21.3175426184285	15.4222177637877	-18.1454278535771	22.1069453951888	16.8901983923958	-13.0429530458969	21.8079224839042	16.5932340570892
NME1 TLR4.LY96	-4.39024900560049	21.7027863901658	16.5613955470086	-7.06918409015353	20.1299524637134	15.116865733309	-18.1827829519941	21.5813246936933	16.809385692068	-7.63914664883024	21.2298681913965	16.2749019313641
NME1 TMPRSS15	-1.56501263920907	18.6272186313084	15.2018294722086	-0.841184542640284	17.8111427309952	13.1992742779718	-2.07065837522998	19.5020687195495	15.0775725670051	-1.39058981878802	18.5488368043017	14.6621676845375
NME1 TNC	-5.86914672248667	20.9022016807106	15.9881290350624	-3.78415861914695	20.4608959933022	14.8311736226794	-12.47921462833	21.1261179989297	16.7183424718439	-6.39029680751104	20.8779133483188	15.7837782966021
NME1 TNF	-0.041311603158444	15.8129301745025	12.5089920292818	-1.97936740111781	19.0000859032387	14.4199922543648	-0.962231427376386	18.5676423920557	14.2250154930828	-0.636922127639866	17.7485093056583	13.7391152804261
NME1 TNFAIP6	-0.803710747446486	17.344805510875	13.1443084233097	-4.1581586443799	20.1250813209404	14.5882413967468	-2.6613049804112	19.8245325062854	14.9157870882959	-2.39251446827293	19.264453976419	14.3830536432288
NME1 TNFRSF10A	-3.89942502511753	20.2673764993145	16.2468110832108	-5.64476794803849	20.7348782499674	15.4250456476998	-7.01727016138434	20.7514724484075	16.1945029513763	-8.12157885281134	20.9072576946658	16.3682666830564
NME1 TNFRSF10B	-0.976685216060919	19.0330220398102	14.155742277656	-3.04678852310194	19.7155698781911	14.7189477320409	-2.07967641646332	19.3930730533206	15.0332612894351	-1.82064659503021	19.5402839325252	14.8813891158043
NME1 TNFRSF10D	-1.58566339973701	18.3074641682953	14.4775798917356	-2.0908144303651	18.8322137846348	14.8420310666007	-1.60704225081741	18.9710201927523	15.0018392929441	-2.03703858351093	18.9055985391342	14.923937748287
NME1 TNFRSF11A	-2.3502971190923	19.568692322752	15.1714995461223	-1.78555733623705	19.0099695320495	14.1047570704669	-2.26657636221694	19.3490716953631	15.1741941990652	-2.4686047235717	19.5021957760849	15.0155651899222
NME1 TNFRSF11B	-13.6674708338818	21.8635300226981	16.9390925417945	-12.4589352250298	21.4873596686731	16.1944694183085	-30.6102311626729	22.1609732006282	17.1293199360311	-17.2859291171908	21.9637155378395	16.8953582628636
NME1 TNFRSF12A	-4.25351045274798	20.2395466651707	15.7119327536752	-7.19308494882234	21.2617088358204	15.8367504844563	-7.87592366940752	20.9878626922294	16.2126504063823	-6.52363160897082	20.902294733398	16.1151193339802
NME1 TNFRSF13B	-0.66262454213986	18.1190414848785	14.1571486679638	-2.75159326577709	18.7200046504201	13.8086784730537	-1.581589346855	18.6619078007327	14.381670948831	-1.41944564092483	18.526892717605	14.2918001439006
NME1 TNFRSF13C	-2.45106309999474	20.1843479372736	15.1797645068676	-3.21379559606707	20.2533497961286	14.4573974042367	-3.89489567737446	20.4174975857749	15.4521324371845	-3.1473405423856	20.304247941345	15.0146625817447
NME1 TNFRSF14	-2.39970099359859	19.4743647006509	15.2370825080078	-4.86691813034912	19.973802909076	14.8517618044663	-3.47944170021166	19.9109228677938	15.3663534034448	-3.41853593476421	19.8745012978136	15.2602719125068
NME1 TNFRSF17	-1.93885229416215	19.2803278178866	15.3058158152349	-3.95152673131971	20.4352936882978	14.8769720400048	-3.20439906639585	20.64361326074	15.7142038774459	-3.16919270042143	20.2133802266366	15.4924255439371
NME1 TNFRSF18	-1.79906336572954	18.5264047275214	14.3899139007187	-6.37749993543146	20.983281265047	15.5020524865461	-5.58768966470847	20.5173076647185	15.9778868163036	-4.06934055423284	20.2808968576003	15.4388056205176
NME1 TNFRSF19	0.158535204164914	14.7235149874545	10.8318738880722	-1.07046633142969	17.7040072760031	12.8050727100958	-0.440076841195543	16.7751973212531	12.4457207387867	-0.276811451547772	16.5299854070014	12.1084659702498
NME1 TNFRSF1A	0.385085099397632	12.9889980165211	9.68554490496773	-0.150056364055677	15.6942179226821	10.8790183592147	0.188750917270284	14.7166507949806	10.6206841949381	0.136070476808523	14.6839610417588	10.5826795540133
NME1 TNFRSF1B	-0.124601627775259	16.1321612399967	11.6751280513097	-0.287480806366046	16.4103760608107	11.1989675925206	-0.200233086945678	16.4957214577871	11.7522662505284	-0.205782154974608	16.3510759746888	11.6263349479264
NME1 TNFRSF21	-1.04149594244248	18.7144368233737	13.9933084691328	-2.73450334419881	19.1694074360795	14.1226812485987	-4.07715568617706	20.124309424047	15.7676191331632	-1.70474864550299	19.3118478225813	14.5727103521971
NME1 TNFRSF4	-0.11338722451947	16.100041489695	12.3306807817752	-0.278566834513562	16.6343415144207	12.7579767570294	-0.161682962871184	16.6820407298342	12.7216288760673	-0.242691542611171	16.814907798257	12.9105328753167
NME1 TNFRSF6B	-0.733140139788429	17.9509503240826	13.670742487338	-4.49740516143204	20.5913885831496	15.3950211459085	-1.67854434255315	19.5208940940272	15.0764382536661	-2.00791170041585	19.453369498275	14.8424670205959
NME1 TNFRSF8	-3.85581574167436	21.3464265786028	15.3945743945687	-0.707614540634524	17.5625250309405	12.3769202503636	-1.89307786194932	20.5810638859799	14.5832747275599	-1.82244027654577	20.0041558451217	14.1802123366638
NME1 TNFRSF9	-1.18324678637018	18.7122361177773	14.5097105993723	-0.578644139488625	17.2212844604355	12.3852405319021	-0.741988601190459	18.6046186816615	13.8595287766917	-0.952463233062817	18.3777036989051	13.7646214126171
NME1 TNFSF11	-10.3019457221257	21.0160685965639	16.5622525879218	-11.2500492957291	21.6091162110323	15.9807425790908	-13.8855376887231	21.4368215802419	16.7678975692044	-12.1282014999218	21.4081341832218	16.5152249466551
NME1 TNFSF12	-4.04848778321531	20.2073736398398	15.6100525669242	-9.4356494166877	21.2275585429982	16.2410175301426	-8.89040422170403	21.1767859878424	16.5722472526218	-6.4889735858669	21.0480563731436	16.1905566513547
NME1 TNFSF13B	-14.088123772145	21.8203093592296	16.9013346592591	-6.21537452699396	20.698291465862	15.5528738075523	-25.757048849457	21.6385867437812	16.9913403452022	-11.4672487615497	21.5841447213278	16.5864095930939
NME1 TNFSF14	-6.27262785726052	20.9801622815441	16.6319281116378	-6.49974264373518	21.2402259988184	15.8051572480905	-8.11658561157349	20.9971466643845	16.4495578701146	-7.41033160520243	21.232951368932	16.4887359864734
NME1 TNFSF15	-4.56148892871627	20.041154851146	15.6041900980298	-3.73245491392901	20.9134047732243	15.3227489944472	-3.88353812101065	20.637699764603	15.6674070561983	-3.89489159170477	20.7633921290463	15.6738376017658
NME1 TNFSF18	-3.87346525902103	20.560265111208	15.3919420533219	-6.28676522242481	21.1493643516511	15.2666351746886	-7.96053225803716	21.5650968611591	16.1835949971603	-7.55225452221679	21.3213033164708	15.8662848806409
NME1 TNFSF4	-15.0450116248256	21.5140693131266	16.7930978194322	-7.03213115359261	21.356132983322	15.7348735716673	-16.7660962988939	21.5503413318949	16.8045239644573	-13.5906924909642	21.5863628945687	16.5914435786063
NME1 TNFSF8	-3.76298446257382	20.4524718134599	15.9457934599347	-5.85821216251989	21.0463105070772	15.200052352493	-5.32433447999046	21.1486880586283	16.2273306935128	-4.86928442665002	21.0313164206649	15.7925864689501
NME1 TNFSF9	-3.64161111236235	19.3424976210089	14.9903589962743	-4.9190975244037	20.1735868292118	14.9683135417779	-6.73488311474255	20.5474213718917	15.7267738969019	-7.04622222465083	20.380465788376	15.7427435760933
NME1 TNNI2	-16.1938760092699	21.7317529787249	16.8471812106191	-14.8420515731659	21.7170490118665	16.3201507723013	-24.129994960997	21.9533408459371	17.083869961975	-16.3218511328838	21.9353758770331	16.9668506628892
NME1 TNNI3	-0.982316257506957	18.5202828980877	13.9122377214906	-3.98994841514502	19.8671875443476	14.8982297606736	-2.16339393534397	19.6744479992662	14.8341613036581	-1.88761880121139	19.4332017725409	14.7756646944837
NME1 TNNT2	-0.600792867318698	17.6366307871553	12.2701476382678	-0.418457522187541	16.0230312022407	11.3640512890259	-0.837917607105138	17.8529003200655	12.6149653609182	-0.576106749850584	17.1907438049007	12.2531925663907
NME1 TOP1	-6.18586464080106	20.6200312349879	15.7112987467258	-10.5437324611977	21.0481680965198	15.8132754379151	-8.49148023461363	20.9570809057606	16.1213888306216	-10.8799352454881	21.0251093146782	16.1734002924399
NME1 TP53	-3.40116636168613	20.3564220722134	15.7753629647547	-7.73004182071356	20.2814040960534	14.748878933448	-19.2402060651478	21.5674780956872	16.6699833364345	-6.87306606289582	20.5499814619372	15.6889253208458
NME1 TPI1	-4.35010773395963	19.6405905430411	14.8250439117197	-4.13645509206	20.8221317641835	15.3544661453049	-6.74587806920994	20.4756181250409	15.9693105607055	-5.71686230762155	20.716971142389	15.6272709032773
NME1 TPM1	-11.4315919707818	20.9677536095097	16.4287477798332	-7.05192482898414	21.544261054481	15.7358180385153	-9.90324436243243	21.8046270199513	16.7289828210206	-9.40102483110641	21.6062445207462	16.4166578174115
NME1 TPM2	-19.8109929417868	21.6316947522545	17.2926097392154	-10.9372478805021	21.2282774510849	15.9642716109437	-37.0279739664455	21.9130839887979	17.1705810661198	-20.7472677225496	21.7103410693305	16.9667962439463
NME1 TPM4	-7.62513586016761	20.9238295747706	16.3056851724546	-14.2880918389856	21.9463615990814	16.5544471431497	-15.2577869461947	21.7858616602415	17.0142073649122	-10.0298128537417	21.7432821022176	16.6571889976766
NME1 TPO	-13.6384820572618	21.6527795260764	17.2833567736636	-7.56670191503629	20.5220781768161	15.7667100187226	-17.4020659956774	21.3853306118806	17.0388603884645	-10.8807880793615	21.1937081481226	16.7324639716383
NME1 TPSB2	-6.16750643136393	20.1323346485068	16.0468572623774	-6.57643175560153	20.998873294651	15.8251780732005	-7.86020900655694	20.8179853356799	16.2111880554891	-8.23921247526779	20.7855300102582	16.1433247511594
NME1 TPSG1	-6.18658331150806	20.476989135963	15.7130220411926	-8.66418726299687	21.5320549402601	15.7769937034913	-11.2543943998818	21.3772965446515	16.560177222473	-8.87569266402922	21.3322619075044	16.3422252830811
NME1 TPT1	-8.1220650140528	20.5615090318022	16.160802705577	-6.75357965840302	20.8836840165874	15.5845447176906	-5.91785002720646	20.9527606014794	15.8760293557233	-8.34764919585166	21.1695075235502	16.0954473086073
NME1 TSLP	-2.76933954029733	21.0100890872683	15.3944960752859	-2.16301825484041	18.7711555040101	13.785203488545	-3.13857397534793	19.968902271462	15.1910862195954	-2.74413946091955	19.9449051798447	14.9306388714546
NME1 TXNDC12	-6.42908102893942	20.6423581481527	15.9726457843545	-4.20490620403674	19.6267814120132	14.7323851246161	-16.2638090455604	21.2578766866966	16.7208566298583	-7.54687874050787	20.6829437239803	16.079874166564
NME1 TYK2	-7.23858700592084	20.8855937543783	16.3038765318275	-5.13010173872802	20.1305826517739	14.8175775178114	-6.41945926894127	20.7955199243821	16.0000145077704	-6.60391057722994	20.7745489931625	15.8364249328346
NME1 TYMS	-7.05347796432584	21.0318122255325	16.1736180693481	-6.65841970340071	21.4324867892029	15.840127049042	-22.5325103364336	21.8335869102596	16.953973816565	-9.55414706173598	21.4807116787674	16.4713958528471
NME1 TYRO3	-1.40244150064835	18.4677557193154	13.9943773985925	-5.84457728363838	20.3615417248286	15.3095595500784	-4.36861227520945	20.0308803011841	15.5101900400517	-3.84802930893685	19.7044211762273	15.2215504696745
NME1 UBB	-11.5080175597074	20.7387302370236	16.7153777265839	-7.5912886205542	21.5212932034422	16.1001010647359	-18.5154628429704	21.6916867441578	16.9363598588662	-14.6797154178821	21.433925737102	16.80571095056
NME1 UBC	-1.39112188394227	19.2069350902131	14.5007151823058	-2.79098552229434	20.0806064473725	14.1453957070332	-2.3939866961313	19.8554942312735	14.837603363078	-2.47646615302408	19.9122759747651	14.7310044881268
NME1 UBE2G2	-5.78166834983903	21.0354485170754	16.1422129272365	-5.18481441204522	20.1084246488545	15.0891375203463	-6.2051898877546	20.7929882647435	16.3558140986127	-5.79969649548348	20.6549645708122	15.9066363801123
NME1 UBE2I	-3.88156727267417	19.553937202894	15.3196103107732	-2.80745431602092	19.609524482779	14.6688367441383	-3.49911707742104	19.4960943743381	15.308243267646	-3.91773649498896	20.115077439045	15.4084006543278
NME1 UBE2L3	-5.65047024085244	19.9348050907602	15.7020997333058	-3.04070412290857	19.5791657783638	14.4299942724879	-4.83448064746311	19.7328088028071	15.5171614436596	-5.08399021025434	20.1919354988753	15.5349381687074
NME1 UBE2N	-3.8232183556337	18.9055530878748	14.4637538042938	-4.08464465660076	20.6984062055417	15.1948435745657	-5.21294488752442	20.3478483198464	15.6652427638209	-5.22076742460045	20.3001913818766	15.356161084419
NME1 UCHL1	-20.9169433305533	21.6446355459362	17.3903936899052	-16.7369457817377	21.5368842659642	16.3668158137532	-21.0028289179226	21.5747758423307	16.9467605900288	-20.4005928723338	21.7430779033891	17.0096234392408
NME1 UFC1	-4.74967070036125	21.1805634847001	16.1894262153213	-6.1909122188085	21.237512705338	15.3515114866444	-17.9975915739379	21.9142788799379	16.9990747689514	-9.63306501939069	21.4032538349264	16.3310288580473
NME1 UFM1	-2.82282961699547	19.7854171991754	15.6249684263974	-10.5483165788328	21.7364818139019	16.0092726371075	-13.0330804277609	21.2726765623222	16.7257757827103	-7.1705327453352	20.9918743634233	16.2738241699379
NME1 ULBP1	-6.11704468265237	20.4725534026645	16.1588888036466	-13.430706064179	21.7887799209244	16.4457782593605	-16.3893400844612	21.3218539025211	16.6871445058991	-10.824383566785	21.3151626916584	16.5454967771931
NME1 ULBP2	-10.5909503041254	21.3420438111835	16.7708765578482	-9.48118396141705	21.1139835793993	15.8895051444268	-14.2052057467807	21.5919215728008	16.7519108176249	-16.8440290918376	21.5287199036171	16.853927489446
NME1 ULBP3	-2.65805626332515	20.0619294738864	15.3189995082277	-1.72837068476569	18.9582234114497	13.963366216232	-2.20864717697809	19.6130707692631	15.2133796621831	-2.29444780178068	19.6775844512271	14.9206492522406
NME1 UNC5C	-0.570265627766635	16.695782947417	13.2188493476893	-0.106191381834681	15.4460231132385	10.9708684443913	-0.205880631239334	16.3012054042496	12.5077166881418	-0.254259981271705	16.2860931876768	12.3465131768207
NME1 UNC5D	-5.49493380935627	19.9155344947938	15.7269437962015	-4.99440391785544	20.4856137262763	14.8163031100015	-5.29867013052311	20.9224605451398	15.9409084283389	-5.9196697214944	20.5331246892671	15.5172242030883
NME1 USP25	-5.36220024925734	20.1569992259833	15.8169258952832	-7.00308303946334	21.1375143308471	15.5532120282929	-23.4393682770787	21.4437318186289	16.7472678179372	-8.91760753028126	21.0416911529396	16.2026218911427
NME1 VAV1	-4.83326853323584	20.8383089904599	16.3480462783413	-8.55874610412191	21.2521327147704	15.7402490540702	-14.3514375470331	21.7143691509057	16.6997173848273	-10.9246810770492	21.4660247674861	16.3739283260377
NME1 VCAM1	-1.59060906876347	18.5076981907885	14.2995908719481	-2.08289716969515	19.7251885345805	14.3448546141054	-1.52415455213793	19.4842185120624	14.6239125998927	-1.97662232663246	19.5087769238769	14.6087962549129
NME1 VEGFA	-0.465572825562242	16.8116405539982	12.9209973167251	-0.349449809952511	16.6246030817706	11.8912828405407	-0.478407123732974	17.0480511316025	12.9433068125113	-0.445498604532848	16.8917194744731	12.6581685581082
NME1 VEGFA.1	-7.37494842956156	21.2680544313528	16.581550060506	-3.47662462735117	20.2532866431136	15.1892126786781	-5.51062611144786	20.9901806426338	16.4328442387975	-5.68038965960877	21.1316386746639	16.2293917244324
NME1 VEGFC	-1.16605325687452	18.6528820503243	13.6845051909478	-0.755821183870132	17.2899684601574	12.481059833286	-0.741180231178546	17.812298462032	13.1779642827187	-0.925579960047219	18.0619652207409	13.4050288261507
NME1 VIP	-5.745831391872	20.7633496663766	15.8859404836765	-1.93985055034006	19.5654087151834	14.1619966441735	-3.52279232205369	20.3084525943447	15.4403149124117	-3.27594108494113	20.2246016848534	15.1520207882159
NME1 VTA1	-6.37198006056423	20.5438999610845	15.7461549538694	-7.86978065965914	20.8675759574671	15.2969355130402	-8.7538334473739	21.2306709077046	16.4319723359044	-8.91471422615534	21.1883205256857	15.9961770050891
NME1 VTN	-3.43322052603181	19.9827905073851	14.1609151968628	-4.56280098117766	19.8824043252488	15.0856235453592	-3.80625237820479	20.2357389978473	15.0474079912368	-4.56210011487738	20.4368576316502	15.064550039796
NME1 VWF	-15.2621533058203	22.5726271569172	16.8016925639256	-7.79227718830214	21.1130338728261	15.4607245272441	-14.007695022134	22.1695518154872	16.909665587597	-11.5105678653213	22.0191743453484	16.4391286400994
NME1 WFIKKN1	-2.37407162411067	20.2106284122974	14.4844436174504	-4.75509124238576	20.1634342932081	14.8620958035139	-3.7825632603116	20.943807411686	15.4963074296714	-3.1777193137161	20.6032481892792	15.1406837973397
NME1 WFIKKN2	-7.27864059967	21.086818493038	16.2200000376314	-7.03766197049151	20.7906986787993	15.0884817127633	-15.4158053675938	21.7349398853506	16.7109369340778	-10.792077693563	21.2640568297943	16.035215286132
NME1 WIF1	-4.10785761611196	20.3479398735467	16.144643160548	-4.39983201322591	20.6856457989541	14.830004243098	-8.7680782707861	21.6195262659742	16.6285137428643	-5.34011663925655	20.8982032572963	15.9225583667704
NME1 WISP1	-5.04587334150078	20.179539197454	15.5418748457404	-4.65700664213697	20.2926019081067	14.5898832965742	-5.4893108266726	20.9328274927969	15.7813573413554	-6.16116878223397	20.95354274254	15.6690582917585
NME1 WISP3	-3.25417691136408	19.288516610977	15.3529667630696	-7.34678030880472	21.1050801099046	15.3435654882287	-9.19108233075009	20.5921678001142	16.3872403340858	-6.58302698769924	20.364882959988	15.8633567685229
NME1 WNK3	-8.17397875297149	19.6879816358972	15.670158158735	-6.0502546262025	20.7706008887295	15.5111044059067	-10.084283215166	21.0104143799485	16.5387790618481	-10.8927716103165	20.7638147830379	16.2365488185305
NME1 WNT7A	-6.82911678817928	21.7141026275009	16.4684894190261	-6.34031758710673	20.5001187330813	15.1689449213694	-10.7667714257155	21.5800596791228	16.579804070237	-9.56568239383698	21.3741725729405	16.3309011736441
NME1 XCL1	-2.62920864365944	19.4280997713069	15.0540213707601	-4.13226772842734	20.6877810594418	15.3116824662563	-4.53499824410765	20.3355514389931	15.8841392592933	-3.95917380297046	20.3106328312277	15.5616849273539
NME1 XPNPEP1	-1.35088716475153	19.2399287816258	14.7812595054916	-9.78387834624255	21.0083226301972	15.7463531837185	-5.76957223946515	20.8060051601089	16.0580188957227	-3.41421221608407	20.4381057998445	15.631783722427
NME1 XRCC6	-6.76206048940666	20.6152176607099	15.7558774702999	-5.9505734264406	20.540083893352	15.2733231665834	-7.79870435645798	21.0473606030027	16.2093772674317	-6.32329911648608	20.810771555498	15.7340241896317
NME1 YES1	-4.17117278655092	19.5422212689962	15.0885048500818	-1.18010942771393	18.2205968159325	12.8438004317301	-2.40186264865523	19.3630767347342	14.7607645312873	-2.56502593389667	19.467741353341	14.5161156969763
NME1 YWHAB	-12.8093710190816	21.6426081394424	16.5208685868713	-8.42307447784176	21.10137563781	15.849595388596	-12.6567479791279	21.6762310927461	16.7050037881188	-11.0211180187136	21.6279149863557	16.4272003075953
NME1 YWHAB.YWHAE.YWHAG.YWHAH.YWHAQ.YWHAZ.SFN	-8.54683561162716	20.8022320254012	16.2206920576954	-7.39172269224897	20.8648416091613	15.6223002577559	-7.29593918520894	21.0999719500696	16.192864363964	-9.36640698141769	21.1747125455584	16.1479188392038
NME1 YWHAE	-6.381222523109	20.7470512597851	16.1116137766805	-2.97574906562063	19.0333693250068	14.1218449709956	-5.74662352610869	20.207167334462	15.5441110728733	-5.82552047962788	20.1471018776914	15.4943424101941
NME1 YWHAQ	-9.22325868931703	21.0676224951351	16.5305478842908	-7.22315724203345	20.7892007622133	15.6441238964296	-8.2104717678751	20.8679439125854	16.2053587049621	-9.11076599296178	21.1567761714946	16.2820259683186
NME1 YWHAZ	-9.00857869713066	21.0305113815779	16.7323106832616	-15.1401509612463	21.9988060117326	16.5178799470198	-26.829631211898	22.0787623196742	17.2092649321944	-15.2499094857906	21.8497087774732	16.9233118121907
NME1 ZAP70	-9.26170458021803	21.2319135423019	16.823192296926	-7.39598675589839	21.3603145423981	15.7888855009931	-24.2254033840284	21.8486007354755	17.006277591858	-10.3083731737546	21.5215968195313	16.6039765562682
NME1 ZNRF3	-4.82491663399118	20.3860714939985	16.0076035598106	-5.18001116582468	19.8905813321117	14.8058872307831	-11.8575186527667	21.0021723216463	16.6326922733095	-6.73499379448945	20.577086385807	15.977515365794
