protein_name	r2_male	rmse_male	mae_male	r2_female	rmse_female	mae_female	r2_all	rmse_all	mae_all	r2_all_sex_adjust	rmse_all_sex_adjust	mae_all_sex_adjust
NOTCH1 NOTCH2	-3.24300085837309	20.217049766995	15.1567558765746	-1.98886931282731	19.0101768593994	13.4917856435802	-2.63875841396985	19.8482115860359	14.6075612834187	-2.97688558760026	19.8884155447576	14.633947155815
NOTCH1 NOTCH3	-0.543614859489419	16.5612000631114	13.2559376179502	-0.793708891492243	17.5324898245777	12.6163069063416	-1.05008669043705	17.6603320369317	13.5443606467211	-1.01545272278575	17.5508921835219	13.4401939446103
NOTCH1 NOV	-3.04030722500462	20.0391646519339	15.3347403783301	-1.35462834263221	18.3090850519781	12.767391081386	-2.57940506913062	19.8295629775309	14.9031117577889	-2.45015162400774	19.5714882330354	14.4215606403393
NOTCH1 NPPA	-0.663516152740921	17.3742565113482	12.6631466086889	-0.642904590918875	17.0559506710508	11.7028994786247	-0.733206016922502	17.6756101860606	12.5763961011045	-0.698107651359753	17.4358515843737	12.4693431447281
NOTCH1 NPPB	-0.509792085995558	17.4236792654188	12.5699668408391	-0.984688430187322	18.1182148506285	12.6894608668725	-0.606607218543207	17.6118842450882	12.8418482485559	-0.670194108632105	17.78050704737	12.7452517843488
NOTCH1 NPPB.1	0.215317279150263	13.8224835869745	10.4399602501377	0.196102374075947	14.386683053203	10.3120272710008	0.0731342129131695	14.4626366982296	10.8754818057271	0.241688116339422	14.0434365176514	10.5076893520407
NOTCH1 NR1D1	-2.62690409890242	19.6239683697517	14.8741457392591	-1.26193525859743	18.5518407275157	13.5244251868881	-1.50613362756464	19.1088295434323	14.3465492367916	-1.88703506204646	19.2750012865681	14.4868660440634
NOTCH1 NR3C1	-3.51777416631907	20.762240311711	15.6298621701631	-1.94311237448782	19.4758162080715	13.9435932954627	-2.37203214304517	20.3309003483931	15.0897273226213	-3.07528612147089	20.4583161840444	15.1454374308715
NOTCH1 NRCAM	-2.45968425514416	20.2229930294093	15.2194902673789	-2.15015396434803	19.3435875447997	14.0325018042765	-2.27868905045812	19.6320346559957	14.8615459305686	-2.5729532068332	20.0104922491774	14.8474702977082
NOTCH1 NRG1	-1.1504838324943	18.1635151189235	13.5442691423904	-2.26193993349788	19.3858534106204	13.9404254107524	-2.24874499761264	19.6660154649372	14.6976113275586	-1.97585231373446	19.0815722796748	14.2115686410573
NOTCH1 NRG4	-4.53189665104808	19.8996118680533	15.3658317457103	-2.34910257771449	19.4215775363479	13.7473944052957	-3.3246683844236	20.027357674502	14.7937076912722	-3.70674060361166	19.9166065138873	14.8461489586906
NOTCH1 NRP1	-4.10766545215341	20.952017467399	15.4133711949655	-1.30976918564483	18.3891464026691	13.4522190360512	-2.76076413037683	20.2699433161473	14.8852142391044	-2.62381964429042	20.1442214539352	14.7310776934933
NOTCH1 NRXN1	-2.5901473997599	18.761240993926	14.3285362161319	-1.77269494118311	18.5000293699971	13.1438794829678	-1.98744633336766	19.0429834881668	14.1277399970465	-2.10649008513952	18.9489497368252	14.1266151341099
NOTCH1 NRXN3	0.204410448716724	14.5246473576019	10.8594006563338	-0.832101276522602	17.3298828698036	12.1135816023783	-0.19057840904201	16.3020886582755	11.9383131148522	-0.213275883376391	16.3114220838341	11.7587643637803
NOTCH1 NSFL1C	-0.391357913169412	16.5010673125585	12.650248309375	-1.08236551447397	18.4199306032057	12.6969974417393	-0.740543200426191	17.6562050669348	13.1859912293218	-0.742264814114585	17.574710696228	13.0110510421199
NOTCH1 NTF3	-2.60882063118122	18.9050064322918	14.7376037939989	-1.07058329194428	17.9726508623246	12.6656127993194	-1.97629947675459	18.7629020787469	13.9537083624089	-1.88472406412866	19.0768713779371	14.1514202407606
NOTCH1 NTF4	-5.97030199522601	20.6239789805918	15.747698065568	-1.68138015209506	18.9783627881647	13.181332767998	-2.82435370473527	20.1283406048012	14.9873811930427	-3.07052637447447	20.147219922438	14.7807769656898
NOTCH1 NTN1	0.378099662431824	13.2629317092596	10.4717602797465	-0.447971783546064	16.1116184477573	10.738095765613	0.0269310312683343	15.2078496145589	11.1908281428066	-0.0138048530963697	15.0563428595432	10.8900444913482
NOTCH1 NTN4	-1.42953769761306	18.4714610163976	14.1957479257916	-1.66081527781541	18.8829924026341	13.2635309848514	-2.78388769578398	19.7048442350439	14.7463071317134	-1.99735088924379	18.9100033653567	14.0733634564887
NOTCH1 NTRK1	-2.20632634053448	19.5339691295046	14.9841191347019	-1.4637994029236	19.0528545795203	13.6462192706555	-2.47975187443522	20.0072020166363	15.0072413387476	-2.08133802569548	19.6961987340685	14.6460167651159
NOTCH1 NTRK2	-4.53688509569208	20.9520582881769	15.3967348628156	-2.53760763241259	19.3994998276786	13.8241204024948	-3.43462405155298	20.3801174428498	15.0012006270118	-3.64816403959332	20.3283191379139	14.996335549895
NOTCH1 NTRK3	-3.18691138027523	20.6093000947546	14.7768513078815	-1.90390519968249	19.3455161592215	13.8485583705792	-2.21245865266637	20.0507705411309	14.5841291926635	-2.33495177921179	20.1516276500076	14.4655528735255
NOTCH1 NUDCD3	-4.57269326533293	21.1011147790512	15.4579202882909	-2.63207998130964	19.6170030168433	14.1782474407947	-3.8262178874599	20.5880374090448	15.3977259689069	-3.65604688677979	20.5350434218928	15.2232460703562
NOTCH1 NXPH1	-1.2798672632828	18.6639072220166	13.7737202652694	-1.0994664368727	18.1157200203956	13.195243328777	-1.02974549748819	18.2298375802593	13.760149071333	-1.39111513415805	18.579115479121	13.8320412501742
NOTCH1 OAS1	-3.68971271958134	19.9755497556321	15.1886913217962	-2.58878943361875	18.8233176779858	13.5483975521371	-2.32162475163352	19.209928065722	14.5086406658353	-3.32386710642025	19.7949426517105	14.7208518556424
NOTCH1 OCIAD1	-2.72102095547748	18.7673944104068	14.2657506520831	-1.63280252674466	18.9770206045653	13.262126455655	-2.24531681061192	19.5198568010339	14.5442282675386	-2.2806748114134	19.590688636649	14.4174025200721
NOTCH1 OLFM4	-1.15191715669559	19.3485105439647	14.5698601650647	-1.85593748895281	18.8218173334209	13.5343537224869	-1.29504635710661	19.0801940217599	14.0665222963738	-1.45819798700653	19.2999660485253	14.2414291382706
NOTCH1 OLR1	-0.427876378027848	16.7863000219178	13.084212510867	-0.831858949787009	17.3625859547817	12.6570096203303	-0.458942282309588	16.9736764955064	12.8666131006671	-0.637382492794397	17.2642488566525	13.1151174043195
NOTCH1 OMD	-3.34102784950538	19.9382685187705	14.6878412306224	-1.394505699493	18.8230523795136	12.9513307187289	-2.06951184014892	19.5705265660637	14.1023353103503	-2.13997222336845	19.6546111591953	14.1223208297845
NOTCH1 OPCML	-6.12459858683863	20.3444151020795	15.1258795863742	-1.9981718162649	19.3458094099621	14.0160352392678	-3.65648756411267	20.2584772160987	15.0657185149256	-3.50504537307553	20.3638879203046	14.999666883712
NOTCH1 OSM	-2.22068558226272	19.9576280307801	14.7699549838202	-1.22935665560159	18.8943278327644	13.3389756973015	-1.95577258838969	19.7771236756634	14.7296541007497	-1.98441345393486	19.5688963355129	14.3973895085391
NOTCH1 P4HB	-3.97205299311402	20.3187706397252	15.0389483699809	-2.36163225316845	19.1870916236252	13.7409626394356	-3.11096842716002	20.0034323273278	14.8360011469368	-3.1800664630666	20.053072837656	14.67831941063
NOTCH1 PA2G4	-2.99958674379105	19.6163384188437	14.22297115106	-1.87115943557711	19.5781252016758	13.911208511054	-2.27539820623092	19.6401805768426	14.4229227501943	-2.61792369952848	19.8916803359461	14.4517839427345
NOTCH1 PAFAH1B2	-1.28956379908312	18.7328795802278	13.9433632106535	-1.29794091604678	18.2007506262832	13.359240685827	-1.43842716152829	18.7797139695071	14.0223913737872	-1.47219617865986	18.7618672751894	13.937177865299
NOTCH1 PAK3	-1.65095494497522	18.6352623726713	14.1687834871209	-1.05278730046384	18.0457353326972	13.0142448741419	-1.27249468613678	19.0660918045977	14.403164019593	-1.67004579759331	19.0533850800706	14.3421731821826
NOTCH1 PAK6	-3.29345968417636	20.6481373629595	14.9945156453673	-2.12139233322256	19.2511514821294	13.8685684524284	-2.81772071337179	20.1922072307245	14.8051354066857	-2.98585917114089	20.1513720808039	14.7538301385127
NOTCH1 PAK7	-4.64008984686862	21.0565656435017	15.8146607528429	-1.29253864174551	18.4699174094929	13.1956820146001	-2.29218434420855	20.1729540799077	15.0456783480722	-2.33323204429571	20.0334997022225	14.7277708456967
NOTCH1 PAPPA	-1.38275456145044	18.8528110728523	13.7292697876782	-0.951177594244877	17.8167140078622	12.284052817367	-1.07627561719988	18.6137620417197	13.1122194767586	-1.34684139059965	18.7679815887056	13.3463533195878
NOTCH1 PARK7	-2.44664125703865	18.8945532889692	14.2996412550649	-1.40956613259163	18.0307306952765	12.6119779304358	-2.0450833396471	19.0913103086197	14.2504360949894	-1.88308488353357	18.8181721689426	13.8727278280519
NOTCH1 PCNA	-2.27428380418122	19.4289611562872	14.4892454124055	-1.67229230181281	19.3523973169316	13.5176267120184	-1.72589267741646	19.5494062076637	14.4516061447916	-2.30473866617807	19.7299360601186	14.4840582148178
NOTCH1 PCSK7	-1.66824859284799	18.3994095171708	14.6951198769289	-1.3848118674029	18.5112433174676	12.9040363899613	-2.02134754284074	18.9241672568377	14.4844404202868	-2.04167633577037	18.958628947533	14.2813832466511
NOTCH1 PCSK9	-4.89193464963468	20.5434598414573	15.6955412317566	-2.77871671806383	19.6118812551386	14.2861384275359	-3.96298506568812	20.410053269954	15.2237313807934	-3.78154818192393	20.4760734146639	15.2338738071062
NOTCH1 PDCD1LG2	-4.17758516540857	20.864614853876	15.1890426956385	-1.48422973198125	18.6019398131959	12.7145972064885	-2.4661628752301	20.1970347735141	14.4377229064028	-2.47972377429733	19.9177965521561	14.1422575416891
NOTCH1 PDE11A	-0.470100296079237	16.7395645158554	12.300013682276	-1.81904219567499	18.8034556560018	13.5882486723185	-1.17693979496477	18.0950967460879	13.6246953392923	-1.07742502131335	18.0160424852764	13.3074566754378
NOTCH1 PDE1A	-3.94495800056066	21.0449103777507	15.4923258133513	-2.00877246905095	19.3099909910941	13.8489105295375	-2.66144548612094	20.2637800285111	14.9456153847545	-2.98267752127313	20.3241450305645	14.8832037612813
NOTCH1 PDE2A	-4.06085599793492	20.9534861396081	15.3785943176125	-1.99521395185926	19.4504200568526	13.9445585053323	-2.87498345582063	20.4323199192218	15.1505993123417	-3.18404500293481	20.4629142832207	15.0152231761307
NOTCH1 PDE3A	-2.12314889681042	19.5115642377907	15.1123632609743	-0.899464810715422	17.9116751022513	13.5313741702034	-1.86506097613283	18.8470327143142	14.6224637743748	-1.48667915255348	18.9142465196626	14.6911585413402
NOTCH1 PDE4D	-1.60035303530151	18.85917769021	14.2411040606605	-1.13993021254897	17.6044304095489	13.0881403379451	-1.42285220717018	18.6351017562977	14.1215824931801	-1.53396818050898	18.480159052434	14.0379814806718
NOTCH1 PDE5A	-2.5561652904136	20.4221344627799	15.4713623575807	-1.94852830820948	18.723780912303	13.5269119644652	-2.81507545642906	19.7582334368776	14.7711085095006	-2.59029940175111	19.6768029393596	14.835449082814
NOTCH1 PDE7A	-1.79700294809784	19.0891330479817	14.6139443668461	-2.52707336453769	19.4825565099254	14.0369264947171	-2.65787302499181	20.2608857810207	15.1995175968834	-3.34743255391404	20.3075362633323	15.1491556418466
NOTCH1 PDE9A	-0.639988383056202	17.1259801649458	13.0503547090886	-1.971345917866	18.6944307773647	13.0100906454365	-1.90369250063559	18.688141353647	14.0395217291275	-1.17397063701166	18.2844591155816	13.3777204766931
NOTCH1 PDGFA	-3.05699990818337	20.9309726453083	15.551870016555	-1.99008299239445	19.6599330726284	13.9282593597593	-2.5644509435094	20.3906180622251	15.10679833734	-2.79346092835308	20.4963656518594	15.0127029323478
NOTCH1 PDGFB	-3.86319206071561	21.1830689893385	15.8093703295451	-2.40576803252752	20.0291739365046	14.1859834610316	-2.85395967221897	20.5885303165691	15.2572802899613	-3.1413185062271	20.6719199417199	15.1281660129933
NOTCH1 PDGFC	-3.5653706940815	20.0270349861255	15.399494424184	-2.19023732784125	18.8265788646126	13.4418451622313	-2.94734006501926	20.0121171985748	14.8855216523621	-2.80607520411826	19.6269537075048	14.6050250112705
NOTCH1 PDGFRA	-3.1479221082893	20.3755133112569	15.0795935276989	-2.31846814516471	19.5710906512904	13.7559069932252	-2.62227981293662	20.0888965597935	14.5932194031256	-2.85390575241887	20.1046349063951	14.5643687961382
NOTCH1 PDGFRB	-3.08666072636051	20.1289245564056	14.7846880356729	-2.12845552257747	19.698909750886	13.8770768483342	-2.68292969814353	19.8611797664682	14.7888128430764	-2.94871833981966	20.3088833948018	14.8576543542918
NOTCH1 PDIA3	-1.41819354199901	18.8726127120359	13.657323805191	-1.49881444196482	18.6974746182902	13.0877215114681	-1.49925540539097	19.1555566614378	13.7426034460798	-1.5183356765777	19.0182306472881	13.6914205762438
NOTCH1 PDK1	-3.13907424243021	19.7237067032924	14.4629808326954	-2.0529463918149	18.7989431721493	13.4295321333487	-3.15490256678465	19.8443622164829	14.6891628424464	-2.8525473849488	19.7452164904	14.4898374303888
NOTCH1 PDPK1	-0.977812273685461	18.5515019635785	13.3284862851812	-1.62589840678362	18.5505178077447	13.727164005525	-1.24818841467628	18.5760328225956	13.7849611832751	-1.15162526581862	18.700512402813	13.766720743242
NOTCH1 PDXK	-1.5144340904317	18.5546258672515	13.7872875834103	-1.69295991489064	19.2166055824942	13.5980817707785	-1.92463056787382	18.8005507452859	14.1914097182134	-1.67721821031092	19.1862194273243	14.1485233382547
NOTCH1 PDXP	-2.69785855871041	19.6425998617046	14.2162765664809	-2.16127296957338	19.5713166094261	13.8683682747495	-2.53680960818677	19.8655504009002	14.4341122693767	-2.60059453262491	19.9933788999895	14.4076758359795
NOTCH1 PEBP1	-2.09735776501169	19.5538769158666	14.3333836935682	-1.57200784843731	18.8322959585765	13.7502407981259	-1.86485797660892	19.6080013608	14.5644665600209	-1.9499170450928	19.3794196108779	14.3198323103036
NOTCH1 PECAM1	-2.66240300653003	20.0537174171748	15.2508398632653	-1.22132901912442	18.1550024021075	12.6325493209855	-1.86198473844618	19.5319107736695	14.3542023727776	-1.80618061276336	19.4658439848237	14.2715072340061
NOTCH1 PES1	-2.14020871057755	20.0763651479527	15.1723186985406	-1.74097822940659	18.6557202607311	13.6136815534964	-1.62779957387591	19.4851096160006	14.5205788283498	-2.1374286657214	19.7569924558451	14.7343417464143
NOTCH1 PEX5	-3.35981708127129	20.9649116881422	15.8194314952978	-2.28785109309044	19.202179336742	14.0152249488646	-2.34368492609533	20.0483540395478	14.9371726461144	-2.86674308706638	20.1999206401445	15.0330351072965
NOTCH1 PF4	-3.27537091385907	20.7613408956693	15.3379044826541	-2.51858028833049	20.1494579741376	14.2019248548377	-2.919265246981	20.5478435756415	15.1145499883648	-3.1801855290271	20.6321613172231	15.05189771362
NOTCH1 PFDN5	-3.6272716499483	21.314231026623	14.8497598238715	-2.22210039909254	19.1410232420292	13.8229602265538	-2.8072901348253	20.2295026128935	14.7421968605283	-2.79151107566438	20.2725775163163	14.5454333385947
NOTCH1 PGAM1	-3.23241958640861	20.1383061628765	15.5073106930206	-1.92858414910771	19.1278955217607	14.0558599288462	-2.542840981966	19.8582051781311	15.0677817912506	-2.76596744004254	19.8656549231421	15.1418946507937
NOTCH1 PGD	-1.38527395337287	18.4580726769914	13.8984204934655	-1.44608866157753	18.7258880937157	13.3691827156287	-1.94899549046785	19.2960253990599	14.4436630172018	-1.66906964683845	18.7702707507616	14.0428409580449
NOTCH1 PGF	-0.549952231804578	16.5739067340683	13.2788524451811	-1.70895162510662	18.6989791747851	13.0491795199377	-1.26375957799728	18.0689486529332	13.6973346638889	-1.2766331987033	17.9713987331159	13.5157337535855
NOTCH1 PGK1	-4.80637096427179	20.4082569224342	15.398869902638	-1.53244216664001	18.6494540019768	13.1565903023299	-2.85949686870785	20.1744214226025	14.9996067612233	-2.75026676680853	19.7679529136229	14.6330054250631
NOTCH1 PGLYRP1	-1.41395343661792	18.7750972310075	14.314101438147	-1.39339408740558	18.6684061800372	12.3171827044819	-2.26628463234688	19.5919776401364	14.2625721802363	-1.76555402908018	18.9850433752764	13.7289176256513
NOTCH1 PGM1	-1.27778124563961	17.887037561423	13.4710893885424	-1.74261390198494	18.9177973085318	13.6401286433848	-1.49926714059305	18.7340930554569	14.3203214616195	-1.46602671378325	18.6003821506758	13.8228635722923
NOTCH1 PI3	-0.0310340301878851	15.252280551084	10.7951923680801	-1.04017342593682	17.90208627794	11.8612087629448	-0.816442328505101	17.5192826785824	12.3963842255529	-0.493030820550449	16.9357976685658	11.6971948044459
NOTCH1 PIANP	-1.42351614577095	18.4311330480223	13.061906425535	-1.77752331875625	19.1321593819694	13.2436093322707	-1.72225347073961	19.0744067725637	13.7600914919979	-1.69043312631044	18.9921095574292	13.3727535268293
NOTCH1 PIAS4	-1.49695617708067	18.7025308435606	13.852326782135	-1.37903742397318	18.2398318800092	13.5174814945956	-1.37529541624392	18.7608030171021	14.2426008472367	-1.48344654973437	18.7662823611881	14.0142548657597
NOTCH1 PIGR	-4.17429978746949	20.1037380084075	15.3169629091219	-1.7852540355692	18.7867180967448	13.1412421554524	-2.61716137052769	19.8332953507346	14.5893575501612	-2.67925680971205	19.6820019572402	14.4878515492781
NOTCH1 PIK3CA.PIK3R1	-1.02355993484513	18.4621093550378	13.9421661469636	-2.29698302879336	19.3616076726434	13.9506360604492	-1.52971678964729	19.1868626366784	14.3252122926348	-1.95343347734059	19.1234725815433	14.2654269597195
NOTCH1 PIK3CG	-5.43699727525682	21.2036487084396	16.0146842950625	-1.79313077356413	18.9693813496952	13.3300596624925	-3.1861459475995	20.4327828468586	15.201682294686	-3.09168155745434	20.4151230289621	14.9750572798607
NOTCH1 PIM1	-3.74911377631871	20.582434146257	15.253249625786	-2.10461656392337	19.4965178887863	14.0304762308015	-2.76107484972957	20.1773448110059	14.8417011827742	-2.87372820701993	20.1364939855489	14.837993096409
NOTCH1 PKM2	-1.50934044909966	19.4750198428944	14.0014223075867	-1.8898733514154	18.763687380803	13.271152872576	-2.54310139956383	19.1993563888626	14.3095276106182	-2.00427753506146	19.2684678658617	14.1266472645669
NOTCH1 PLA2G10	-1.51315924592647	19.4468990534109	14.3362328428409	-0.513269551629762	16.5910806916619	11.9796319286168	-0.898764642146859	18.2456728273522	13.5019969772135	-1.11976874120548	18.3698418500247	13.5224849442524
NOTCH1 PLA2G1B	-2.81543406155192	20.443668199521	15.2873546367953	-1.87734977680098	19.5819669979265	13.6599367034562	-3.15478260981979	20.2932359192211	15.193922686572	-2.79401229874528	20.255375404399	14.8125751774894
NOTCH1 PLA2G2A	-0.353249303279806	17.1357165155145	12.2575807173142	-0.407381377707619	16.2316256285564	11.6820953527512	-0.288604935465205	17.3071631355716	12.3269736576431	-0.384093256599699	17.0870386744305	12.4449327646805
NOTCH1 PLA2G2E	-3.27510513871415	19.6087900069448	14.700909592425	-0.620985454063961	17.5879008817969	12.4140561252517	-1.23756530520549	19.276123132602	14.4952652682112	-1.72285108755237	19.3732134406123	14.2559712784509
NOTCH1 PLA2G5	-2.58113805585128	19.7755498316445	14.2324500193678	-1.85038466838073	19.5339893772535	14.0296071222796	-2.99870672499999	20.2769085411366	15.0022351268318	-2.55869988252704	20.2333019239339	14.7812213558129
NOTCH1 PLA2G7	-3.25119243525366	20.7683007070695	15.3559061158206	-2.20164185983777	19.2322793491447	13.7724510834426	-2.82798574489492	20.129827351182	14.8667272286651	-3.09370384976261	20.1870580733244	14.9078477297004
NOTCH1 PLAT	-0.305356096704225	16.4420576038617	12.4482895791855	-1.22132020610883	18.0826503736038	13.0192910943237	-0.613066230640044	17.455549212363	13.2339861660482	-0.691139773920202	17.4537077843721	13.0397222224531
NOTCH1 PLAU	-2.69265644897177	19.9239217494615	14.3071446018289	-2.18618792413282	19.7203090251368	13.9399409388397	-2.70991659372079	20.1898150715905	14.6774651836442	-2.73733110322615	20.0497214632684	14.4757697323791
NOTCH1 PLAUR	0.403743224010094	12.6708448451132	9.86498876812845	0.0767101046699177	14.9582271449455	9.98646758847188	0.220926154749303	14.2364549246263	10.2656794010473	0.232707126558612	13.9798245159914	10.1127797858555
NOTCH1 PLCG1	-2.09131004690281	19.6453301803297	14.6600533622392	-2.31789185051311	19.192808587557	13.9255845517959	-2.54962775628055	20.1733086747451	14.9962772291332	-2.38726113475679	19.937248168514	14.696294460715
NOTCH1 PLG	-3.53202266249461	19.9388004500845	14.9749773909198	-1.258234058177	18.2856676042103	12.9226120486696	-1.96914923442769	19.4976261690372	14.2491484919704	-2.17731198555564	19.4306575597836	14.2455116715627
NOTCH1 PLG.1	-2.23898133174385	20.4952845039976	14.9199484998423	-1.29575252012507	18.3496274995817	12.8963084781865	-1.65401031858955	19.5294337661674	14.3057382071326	-1.95361945385484	19.6020265715631	14.3526278335565
NOTCH1 PLG.2	-1.93395258225062	19.2052606535072	14.1195479190753	-0.270358596526844	16.4218390230419	11.4895837187058	-0.932528733891731	18.0967637112974	13.0510756155714	-1.00917028331989	18.1545154385068	13.1306068249074
NOTCH1 PLK1	-1.96505378400747	19.8422955696228	14.4475437375199	-1.3854967006761	18.2671224621692	13.1635345772417	-1.73546681564689	19.3663684360535	14.3183033742745	-1.76049913211208	19.3713437420276	14.1720771593032
NOTCH1 PLXNB2	-0.607923751351076	17.9150801857495	12.8854776411642	-1.05863550840901	17.1289009912501	12.664103340914	-0.563839657196666	17.2285238092936	13.0423811283397	-0.795703661064709	17.6432358042655	13.0874565270653
NOTCH1 PLXNC1	-2.89226942963229	19.5776661128545	14.3931860141451	-1.7461201171791	19.152985557495	13.5695472525107	-1.92864321415643	19.7832354364577	14.4426740246553	-2.54686196488228	19.654719982331	14.4333982564527
NOTCH1 POMC	-3.49162318795407	19.7846698214465	14.4434143754429	-1.51298447342763	18.4090703261826	13.1452536053931	-2.55709926146248	19.7153821426689	14.6047282075972	-2.94284494105485	19.5230433323228	14.415505017129
NOTCH1 POMC.1	-1.59675779469151	18.6388631835998	14.4382571251144	-2.085838108745	19.2574292540248	13.6041370009367	-2.14570426967874	19.5431316906666	14.4871412320926	-2.005709235743	19.2952869985548	14.2509007999724
NOTCH1 POMC.2	-0.769002191578242	17.5790723028839	12.6928955731829	-1.20120004911777	18.3085619797073	12.7931195901254	-0.924438808458526	18.3727084147541	13.1901718609765	-1.03505831833328	18.309524312753	13.1097137827415
NOTCH1 PON1	-4.30092041735357	20.8153342845247	15.2772467019548	-1.94763013417788	18.743731835535	13.6254303631549	-2.40801348728383	20.0004414761904	14.7363928446743	-2.7135676016279	19.938536214625	14.6795145202035
NOTCH1 POR	-1.20961102378955	17.8845780131531	13.6852070349077	-1.5597160267548	18.3389566027864	12.8761282257874	-1.35660406387881	18.2228268975694	13.5130784910168	-1.74341686105184	18.4902843491454	13.708360302807
NOTCH1 POSTN	-0.0359831536503437	15.6902128043415	12.1489746677238	-0.233159486207983	15.8597212396648	11.0567770768741	-0.235923380523671	16.0321541623254	11.949560251293	-0.17926953761129	15.9543468326337	11.9184278542434
NOTCH1 PPA1	-3.61678501726284	20.4373400644879	15.2554857358601	-2.54525900833647	19.6049188181228	13.8168451389381	-2.38171589581698	19.9268008540978	14.5431020782394	-3.04029280757573	20.1740410203259	14.7394530133666
NOTCH1 PPBP	-4.89970368168513	21.5213250250328	15.9464436297027	-2.31465806917163	19.8967154948688	13.948416519614	-3.23316548698845	20.7212928527873	15.2103564371209	-3.30483571579504	20.7692654118171	15.1136606021141
NOTCH1 PPBP.1	-5.02667372279157	21.4870836488003	15.9832394623393	-2.24493265511795	19.8708613896143	13.9368648921427	-3.47304649581551	20.7046956036258	15.1652894432074	-3.32981395542309	20.8023176495387	15.1412812282985
NOTCH1 PPIA	-2.98808692010597	20.2557691328488	14.7679181135245	-2.24249346702538	19.4580209340482	13.894104131981	-2.72243934442516	19.8801572022223	14.624676970916	-2.64559289450515	20.0280846807293	14.5506796385111
NOTCH1 PPIB	-1.20734439335687	18.7538324442221	14.1044551758778	-0.907998109969962	18.1274955054942	12.9549716004491	-0.917283426901782	18.6016978030308	13.8218769020375	-1.01627129314146	18.6688693165219	13.7600690149988
NOTCH1 PPID	-1.64256688900699	20.0200568926591	14.8590930647119	-1.60683301084125	19.0445173058505	13.7747961141985	-1.90474725926823	19.3978458433402	14.656886184673	-2.06913059947694	19.6849796139555	14.7069441324784
NOTCH1 PPIE	-5.01310839363177	20.7762361213689	15.4409744214686	-2.51343341126862	19.6252881316137	13.6697132398188	-3.37353366609018	20.1903599912776	14.8301032887075	-3.52287783758453	20.4768348658654	14.9479610761982
NOTCH1 PPIF	-0.57083487497287	17.4667608668484	13.1735365431199	-1.04077989897356	17.2320462799037	12.5772005052594	-0.681908395104024	17.5714206825051	13.3445761678556	-0.74800166858119	17.7322577854602	13.337464740194
NOTCH1 PPP3CA.PPP3R1	-1.11391575843931	19.5772719759726	14.243531797013	-2.98602170459361	19.0274527361604	13.8910183691126	-2.15946855643542	19.3932841335071	14.4873889180616	-1.99173766979297	19.4031986479458	14.3937957155223
NOTCH1 PPP3R1	-4.25490501574023	20.9862665284808	15.149221233571	-2.04704895124788	19.1332644164936	13.9225524780421	-3.39431125286802	20.2468474185307	14.9467975707242	-3.44810809018038	20.4941329021921	15.0256727738096
NOTCH1 PPY	-0.0463720951242719	15.4042761409712	11.3720040331662	-0.581585418923633	16.8580276351881	12.5592681894571	-0.122608803064612	16.2157961739702	12.1143937270622	-0.362332479119776	16.4585986205053	12.3312587879705
NOTCH1 PRDX1	-1.89252643967497	19.5183029937633	14.2968400793763	-2.25073710352221	19.1417962893713	13.7975297803887	-2.25051095120261	19.3362326428556	14.2357694939564	-2.64831674833454	19.6023039198958	14.4864656769099
NOTCH1 PRDX5	-3.07159214604004	19.7659611883629	15.2199004187476	-1.84171685782487	19.007956958976	13.6199902545367	-2.43744924368855	19.613723355993	14.6156442692134	-2.54775537294474	19.6719230673442	14.6933045996619
NOTCH1 PRDX6	-2.86726151344588	19.7856718519143	14.4299853193967	-1.62512492240323	19.7607709698639	13.8022156386448	-2.03419958404575	19.9470987306612	14.3652919149852	-2.11330818057335	20.1304508805561	14.4038060401464
NOTCH1 PRKAA1.PRKAB1..PRKAG1	-3.76601246334716	20.4569692837246	15.5851544543418	-2.71839375733276	19.6761658353162	14.3461226360228	-3.21651265948883	20.2163050621569	15.2731612537468	-3.55811854049305	20.3575865735398	15.3681087966209
NOTCH1 PRKAA2.PRKAB2.PRKAG1	-1.11007064339593	19.0489331073204	13.7707834161303	-1.44474094803976	18.8410909892885	13.6013278836847	-1.57783420813929	19.2195512745314	14.2924392346846	-1.48914212416759	19.1345326109614	14.0357076545857
NOTCH1 PRKACA	-0.634646869793636	17.5464325819193	13.5266775030133	-0.857127353766284	16.8841385128657	11.8924405568307	-0.661250112864636	17.6194393987212	13.0037147804827	-0.820791958647839	17.6601146157731	13.1762349363241
NOTCH1 PRKCA	-0.835831922164497	18.6594270425711	13.5915081115332	-1.39329158907733	18.3355480100449	13.5167853963877	-1.19120974919445	18.5293232455249	13.7679725367887	-1.17335836605381	18.7888969350048	13.9433562486489
NOTCH1 PRKCB	-1.3372409204719	19.1859639714149	14.0702312987899	-2.14657311301055	19.0619528061038	13.908732686265	-1.58975919742095	19.1656870486741	14.0770772103438	-1.68618188106495	19.2615265385497	14.318723871549
NOTCH1 PRKCD	-4.61166729496951	20.0948454752038	15.1415115801277	-2.37346316043347	19.4156546643981	14.0650356819202	-3.41618229335893	20.4893719638255	15.1570117626108	-3.52945992927291	20.1902108707205	14.9964327934139
NOTCH1 PRKCG	-1.57388932702868	19.6846033885176	14.1866901936321	-2.57001798629047	19.1191241690798	13.9089251851068	-2.26087417622539	19.428153380479	14.4784101158761	-2.23934029385086	19.5441098194523	14.2860028101127
NOTCH1 PRKCI	-4.20988427104298	20.6720915245517	15.6207967143284	-2.17291822045889	19.5055820774095	13.8491258460152	-3.25762039769747	20.057996541229	14.7763475887788	-3.02100181180312	20.3313774952856	14.9431468365007
NOTCH1 PRKCQ	-3.33632468723507	20.1604641934239	14.9217940692182	-2.62076469873545	19.2763710801983	14.1184737524315	-2.72788373592197	19.5675767827833	14.6436547684314	-3.33080831267533	19.9930023800736	14.9530554601873
NOTCH1 PRKCZ	-2.01876907478697	18.8206835765727	13.4855726825782	-1.4838426041853	19.1502725861504	13.5597418997318	-1.6638363214877	19.5576679381252	14.1277982397114	-1.71654011213623	19.6481805129259	14.148556919278
NOTCH1 PRL	-1.42604297746697	18.6281129629324	13.8199522845322	-1.76270988582861	19.0992935587795	13.4448422317604	-2.04811002467316	19.8360606553387	14.2658974037836	-2.08008848665107	19.3921261602557	14.1815275973111
NOTCH1 PRLR	-1.13174748932148	18.0413502783333	13.5129276423468	-2.02058399387328	18.8345323367976	13.3355342179385	-1.70394689093971	18.6143360634497	13.9023672199471	-1.76288134688944	18.7070594787053	13.8378503798977
NOTCH1 PROC	-1.86379035004687	18.8544581312848	13.5489981354911	-1.65589189505043	19.3074750987375	13.3920281202196	-1.60723393529548	19.6913778045423	14.0273065627393	-1.67566370158128	19.4219710161204	13.7904477485884
NOTCH1 PROC.1	-3.03183720505492	20.7760999713616	15.1251315587669	-2.53409946790112	19.7547576422357	13.9971761226972	-3.24691371016224	20.6718666810419	15.2017824727	-2.92410291460714	20.5164516678516	14.896492560351
NOTCH1 PROK1	-1.74978289217854	18.7316941357711	14.1688393597708	-1.29099051378209	18.7559641935523	13.4234555823192	-1.72348560825367	19.1385807323245	14.2543629028165	-1.76136343570487	19.2699129044238	14.2702274995809
NOTCH1 PROS1	-1.75768769055474	19.3457018871149	14.2497649877375	-2.1505710463044	18.9473812539131	13.6625952516304	-2.21684362958872	19.4005620755842	14.3970354557652	-1.87209038084992	19.4308810943109	14.2679879318771
NOTCH1 PRSS1	-5.80769761918941	20.715480891693	15.6977093951238	-1.15170086075404	17.8276816159509	13.0396218900163	-1.90865875997594	19.2208589712603	14.4962139298804	-2.4950128633299	19.4971419565389	14.5500629561116
NOTCH1 PRSS2	-1.33510824942582	19.0614548697064	14.2160461652531	-1.09519855909029	18.328552798926	13.3132834275781	-1.23210942788077	18.9134268498746	14.2410965048637	-1.32259484087076	18.865847206068	14.1491948969271
NOTCH1 PRSS22	-0.948498776218922	16.8987506254543	12.821424152087	-1.57019253560978	18.2960078547443	12.418372374242	-1.41315704606306	18.3456575797706	13.1574156653482	-1.4232421641683	18.0539763465968	12.9746514895587
NOTCH1 PRSS27	-3.07569647353035	19.9935090254289	14.6146145178346	-2.01708116943565	18.9700254327297	13.4213000534718	-2.59447835761374	19.7432034876411	14.6518332006155	-2.82057663048325	19.6993861984078	14.4418666755336
NOTCH1 PRSS3	-3.94183457163602	20.6167910201435	15.3010311435456	-2.11828846710572	18.8722911868246	13.5656534094196	-3.08238912682041	20.0102149163872	14.8627631211199	-3.3197018307029	20.1294913712974	14.7656212857267
NOTCH1 PRTN3	-2.0274434759225	19.4757708536923	14.4469558634537	-2.23996416293118	19.3540578979672	13.7453990452182	-1.98287565345367	19.3806969848205	14.3767861055761	-2.28904508059501	19.5420447515894	14.3907248553237
NOTCH1 PSMA1	-5.26200013478116	21.0713781080204	15.7814373649291	-1.48828540407445	19.0240443745639	13.5419292267169	-3.30671918694441	20.4423492915287	15.2155148849216	-3.03143085215078	20.2441123009011	14.8640770362255
NOTCH1 PSMA2	-4.31252275562416	21.0913979137687	15.7212194254211	-1.75784723281674	19.072612795041	13.2419530134315	-3.08766215672371	20.1833667596088	14.7892821124832	-3.07628066465349	20.2459507247222	14.7120678107843
NOTCH1 PSMA6	-4.74915163112445	20.7678549249655	15.4498261980314	-2.04209619282575	19.2614687733161	13.9565527658753	-2.93452681989005	20.0975207646327	14.8067576212849	-3.30683027090902	20.2634657327099	14.9839198787778
NOTCH1 PSMD7	-4.20602187326615	20.7103653041201	15.1824068662629	-2.17308959520254	19.3165280559981	13.3731352595117	-2.86835723575936	19.9800709571294	14.7376613381243	-3.22262729726392	20.2692819878218	14.6631227100406
NOTCH1 PSME1	-2.6696135586153	20.2549041666482	15.084482340365	-2.23664868928463	19.576151592552	13.8789196250584	-2.40922113195201	20.0118271143228	14.6944479110797	-2.59481098374726	19.9862397380797	14.6617887776714
NOTCH1 PSME3	-0.692065235224113	18.0276944618548	13.1581627443719	-0.881726598431017	17.3855477541307	12.5861496184304	-0.780073106988295	17.9768452174342	13.5446297842303	-0.760541952989926	18.0472482981963	13.2832031955003
NOTCH1 PSPN	-3.18629111945931	20.4853216780361	15.3913134074094	-0.87519416547523	17.6116060428282	12.6360350275271	-1.6925362906285	19.1115916928343	14.0849695681016	-1.75189041944382	19.1473778221549	14.3079438188831
NOTCH1 PTEN	-3.03205220780994	20.1759624711621	15.2592261802933	-1.83933693558857	18.9105778932364	13.477914825581	-2.67651307857922	19.8397943318792	14.7615266973833	-3.12162716604794	19.8180885942478	14.7908395535431
NOTCH1 PTGS2	-2.71061998131154	19.2863480558429	14.5664987738469	-1.60372568623582	19.2576984012048	13.638960288016	-2.35151600319354	19.6510200916159	14.5231644346904	-2.08840843984385	19.6711084233519	14.5247847744277
NOTCH1 PTH	-3.11919616985744	19.7132223678262	14.3775435983404	-1.04321824428566	18.3206570430628	12.7581286440254	-2.07964286839227	19.1443667467748	13.8931833701442	-1.81929736361219	19.157496825175	13.7273432177555
NOTCH1 PTHLH	-0.0981617061915012	15.3393420414132	11.5808831310039	-0.223380995508218	16.150031280767	11.3058308660791	-0.26696476808651	16.5087596294014	12.2508655323214	-0.295826616403957	16.0870821552913	11.7649540745914
NOTCH1 PTK2	-2.47150066188604	19.2000652869607	14.8360017591279	-1.92538651888477	19.1582994235976	13.6087370175276	-2.25016826296124	19.6519011824174	14.7607867130131	-2.29082276943851	19.5512834632224	14.6059113843043
NOTCH1 PTK6	-2.17830612394111	18.4782251872635	14.6689931121263	-1.95060268423355	18.7472234619256	13.6595721761004	-1.85214324054822	18.876275665353	14.3988627734433	-2.56816888520265	19.0262238368505	14.5964360814116
NOTCH1 PTN	0.709476328473215	10.1023134671022	7.46864785434351	0.58313651312968	11.0267210223448	7.67913708520374	0.600778272918144	11.0382438390324	8.18355559097308	0.647842567581627	10.6372175402712	7.76447611056401
NOTCH1 PTPN1	-3.0229119028773	19.220918370549	14.5824471561877	-2.3977262284274	19.2506304819624	13.5722830212408	-2.49457474788889	19.5860684963145	14.3918662281425	-3.08104075345997	19.4860617500259	14.3826374342456
NOTCH1 PTPN11	-1.00127181605664	18.2031881615953	13.9674284910357	-1.40467645668911	18.505851510537	13.0299826962142	-1.60449421743018	18.7250640524158	14.0054533738822	-1.41617830887662	18.8036393652458	13.8959028567597
NOTCH1 PTPN2	-3.36483257979046	20.4754044270702	15.3741244294745	-2.37262352431176	19.4356190795326	14.0631221948406	-3.06114609435252	20.0542046393702	15.1894013538524	-3.26538061762506	20.1433899456065	15.0319294852064
NOTCH1 PTPN6	-1.58548918733367	18.6810666493533	14.2091603195892	-1.35434332203993	18.4144138569807	13.1208358830121	-1.79195887833346	18.9627018055033	14.2696802627853	-1.64322601287433	18.9839060048834	14.1074561843882
NOTCH1 PYY	-4.75203487635442	20.0032378199305	15.324062887121	-2.2064270468336	19.2740952061297	13.7098719001269	-3.56660016255111	20.1853297931961	15.0194798315429	-3.29195326984802	19.9113530286279	14.853001581182
NOTCH1 RAC1	-1.16610955438469	18.6558423272013	13.537572246001	-1.23168229067898	18.2484973676858	13.1558135908239	-1.33178964003587	18.5394036696479	13.5916630250604	-1.38859227963102	18.7016259286485	13.7169294820897
NOTCH1 RAC3	-0.668600658229917	17.6218526470563	13.0303173986594	-1.70076989306047	18.2646394821531	13.4210771695037	-1.21578818894534	18.4748093491246	13.9226735270969	-1.1333913056439	18.3831792754679	13.627612266628
NOTCH1 RAD51	-2.32805562217285	19.8018749623492	14.6729321566479	-1.4090328918388	18.7552007377363	13.5552838124935	-2.04104479591834	19.537386551824	14.6473029172386	-2.22348431325094	19.5675978274817	14.4741111979763
NOTCH1 RAN	-2.2738748202429	18.7914413833661	14.3126067026864	-1.55295563703894	18.8975247345502	13.4440800024471	-1.62428727499205	18.8979261638072	13.9860186861026	-1.85501224973129	19.0287332175	14.1571391709455
NOTCH1 RARRES2	-1.01693469919603	18.1671407226244	13.3455469479552	-0.665303752226021	17.045839830299	12.1492562909323	-0.685244263274466	18.2773616114835	13.6500734694207	-0.936848624123907	17.9492132480394	13.2828149723637
NOTCH1 RASA1	-3.42214667480037	19.8028821508663	14.9485912763395	-2.26980683852032	18.6293644229159	13.6001117304168	-2.64488801729744	19.7824237062015	14.689220762131	-2.5397182248888	19.4618691920447	14.4173480237314
NOTCH1 RB1	-3.98227794141323	20.5189292608588	15.1441907606919	-2.24792258126737	19.0386741389533	13.7421391077841	-3.06048522882627	20.3329147559855	15.0006132646541	-3.30846928090621	20.1761338912777	14.847689363151
NOTCH1 RBM39	-1.84867255123289	19.9128849228243	14.4525984752919	-1.39857654985067	18.7547271056284	13.4290872849127	-1.57360584818558	18.9914762518951	14.1400130188922	-1.53526387870505	19.4702655208631	14.143839148903
NOTCH1 RBP4	-5.74198520579713	20.8323272484321	15.6302480853403	-1.59958661770548	19.0230219927259	13.8924146969328	-2.8546551471919	20.0835516879708	15.107121818902	-3.29381105722851	20.2882498374806	15.0853844088155
NOTCH1 REG1A	-0.826915460689665	17.2298690396429	12.8389743251448	-0.870976609081501	17.6292846854319	12.8715199589878	-0.941353320318007	17.8045480462687	13.4371649511821	-0.86664018815065	17.6828105592258	13.1116762782045
NOTCH1 REG4	-0.428194089758035	15.8521645896133	11.5719483390434	-0.594272595894559	16.7826533942769	11.9763747758985	-0.473752491424769	16.4109489083503	12.2004548555215	-0.616999901113669	16.556222189613	12.2380354524988
NOTCH1 RELT	-0.177068743858286	16.0184953959091	11.4413423273928	-0.179676437392064	15.5140520046869	10.493479564033	-0.371936440515094	16.2987121120263	11.4689986179295	-0.268448631549213	16.0457669139993	11.2278598232465
NOTCH1 REN	-0.758554868192753	17.7170986383603	13.9319608590526	-1.48437923727459	18.5512700025269	13.0812641428729	-1.56100726635727	18.723538985665	14.0503312006842	-1.44546363472873	18.4203220006594	13.9352477895713
NOTCH1 RET	0.355192991021398	13.8398716842944	10.2045045212302	-0.610622688958345	16.7658699179646	12.0241980029805	-0.225541119242022	16.1172458577033	11.7232380407472	-0.0572260133002349	15.7746970223801	11.4810568923022
NOTCH1 RETN	-2.0840706808654	19.6720172512284	14.5261074624626	-1.71163741247923	19.0043855526049	13.2517791676187	-2.25782077598171	20.0602746649958	14.3335519609897	-1.91216775151042	19.5266551899095	14.1312087715009
NOTCH1 RGMA	-0.743931370997674	17.6703128419935	13.1777849612677	-2.24810835950493	19.2106298396421	13.5978885039794	-1.51629135333613	19.209481835234	14.3654281220622	-1.53252373089922	18.7583261167445	13.84929443307
NOTCH1 RGMB	-1.61001495064809	18.7068618662786	13.8423324171677	-0.934736310966772	17.541494888468	11.7932652432695	-1.41276964575308	18.8021055764161	13.4580167200242	-1.39220431040365	18.6046700742613	13.1577430139519
NOTCH1 RNASEH1	-4.34939998497064	20.363758322784	15.4035096921308	-1.5661097493553	18.5596853291513	13.0471664432946	-3.22160174986615	20.1299463869145	14.8569081049149	-2.61948678588761	19.6553055313945	14.4403069341955
NOTCH1 RNF43	-1.92028856450458	18.8909262096336	14.7084190657293	-1.9611559602583	19.5664616372917	13.9538342622253	-2.61941978412735	19.7218426980249	14.7389051594249	-2.23433022277981	19.3818362250223	14.579621686478
NOTCH1 ROBO2	-3.48569372491718	19.9367497079924	14.7805178370546	-1.75149511617713	18.8421827507534	13.6533848814127	-2.74120329476171	19.8731549232656	14.6427256412724	-2.81609696000428	19.5580174976318	14.4791139748042
NOTCH1 ROBO3	-2.12620265657879	18.9879316662122	14.7567906603232	-1.75052776503699	18.8876768796592	13.7998008244899	-2.40591222149153	19.5966270552515	14.8210338738248	-2.51663055176842	19.5424712125205	14.7637509525515
NOTCH1 ROR1	-0.174739133022088	15.301593334532	11.6720545218241	-0.523576920817548	16.7475308130444	11.3136704157925	-0.26822619221793	16.3531105793901	11.8243505413451	-0.333103793570944	16.3250517937721	11.8598898541772
NOTCH1 RPS27A	-1.3532113648755	18.7702825009668	13.9098933033472	-1.17901748744926	18.3059619583426	13.4992547924239	-1.40139286204934	18.9513703100942	14.2744033744638	-1.54688403231258	18.6844690014272	13.9754016177198
NOTCH1 RPS27A.1	-1.77400976895523	19.4084334610691	14.2918737990212	-1.17072218758276	17.917898835247	12.9101588401882	-1.17711935964361	18.5091277207856	13.5749245707628	-1.31404120927073	18.9418207220247	13.8209527234247
NOTCH1 RPS3	-3.94716404586327	20.6239032755043	15.2288190524469	-2.23603399726111	19.2886445947152	13.4080146558924	-3.09121240202962	20.0075078100592	14.6814531241091	-3.32494670482142	20.4131976726687	14.9118282747053
NOTCH1 RPS3A	-3.62066977736591	20.9666365686912	15.6692554742268	-2.20553853897878	19.4278125912383	13.9304689202774	-2.71055012988308	20.3756589018471	15.0330259143546	-3.04976534558438	20.3552673755859	15.0786024548508
NOTCH1 RPS6KA3	-0.393264597599905	16.7522383172482	12.1755782794107	-1.71205643844114	18.9693092850876	13.5843136638457	-1.1952888247947	18.3344328733819	13.7216081770967	-1.09601352740419	18.0932954679077	13.2848191870936
NOTCH1 RPS6KA5	-2.39436316786295	20.0290023038256	14.8422326212394	-1.9833671888943	18.4415486282361	13.3373998600856	-2.03831468331423	19.1977481807677	14.2146704636856	-2.39094501825751	19.5827380435326	14.4023772911584
NOTCH1 RPS7	-5.08043741338754	20.5495243051109	15.6067847009035	-1.46618284937926	18.5305769187825	13.2482282058411	-2.84905815591674	19.9223438472187	14.9987817946256	-2.733835120054	19.8824778979335	14.72627761156
NOTCH1 RPSA	-3.01547742753024	19.8247529028529	14.7677865032826	-2.29780125423353	19.6678898632771	14.0898239531731	-2.76939085270949	20.3531269558428	14.9791463174729	-2.94108346525688	19.9663044454265	14.6279397000481
NOTCH1 RSPO2	-1.41606728954424	19.1764218988822	13.8936210958825	-0.664326899524206	16.9567729674954	12.1661785689502	-1.20391678491675	18.3887555561297	13.3732954424887	-1.31860516556178	18.5203680841395	13.5244023041002
NOTCH1 RSPO3	0.520000572616092	12.4349268444037	9.10511217637867	0.287950824214211	13.401934224297	9.54881653638263	0.382292444972851	13.0773605502699	9.66222437378539	0.396887419903387	13.1550503627528	9.56716415021217
NOTCH1 RSPO4	0.328837437504624	13.7861119679949	9.84065110427079	0.360787115239275	13.7393023564175	9.85929160688212	0.40628965921608	13.8242521204335	10.0622597987203	0.380579161921044	13.7958732873914	10.1502843428835
NOTCH1 RTN4R	-1.90371902151482	19.4733148042083	14.5372846798871	-0.778047956882878	17.6643131166359	12.7527109727015	-1.49343058627009	19.0778842027071	14.1304700857977	-1.57024499667284	18.8438018528696	14.007509613707
NOTCH1 RXFP1	-2.67217938353382	19.5909257960836	14.909019969197	-1.47295384158181	18.8422752672432	13.3658923835796	-1.5673125866278	19.0678904004092	14.0025024979583	-2.24488545994075	19.5240454677836	14.4407819549398
NOTCH1 S100A12	-2.26942134600058	19.4894575944402	14.4112547964558	-1.85823684582472	18.7512352475724	13.3841345339798	-2.13940639781005	19.2095661512414	14.3213882688057	-2.50392177455419	19.5226643888522	14.3966042815505
NOTCH1 S100A4	-5.53860329411308	21.278466881811	16.0267294692201	-2.12013443588889	18.9138411489827	13.5813007178164	-3.13928723132463	20.0173619698676	14.9365942452123	-3.26435638876136	20.2942364739031	14.9884663775619
NOTCH1 S100A6	-2.38274469762139	19.4090719374358	14.7572774912153	-2.47821610492913	19.8322914219667	13.9766206331283	-3.08767751736233	19.7550069367657	14.5016017186077	-3.02921652552708	19.8640046664745	14.660094457203
NOTCH1 S100A7	-2.9966500977695	19.123974981054	14.3620593447083	-1.53303535741692	18.4995778357947	13.535423216635	-2.47071473214607	19.2438350553324	14.413852841373	-2.51877543467546	19.2761443633577	14.4644295834791
NOTCH1 S100A9	-0.834788033100665	16.6406220899999	12.6063607710855	-0.875632738061578	17.2006722577145	12.5215894421301	-0.944525168379054	17.3875066039771	13.0604255716672	-0.881598323029761	17.1702697136237	12.9241321503607
NOTCH1 SAA1	-0.897478525944067	17.5108306217716	13.0248000449779	-1.51863948230728	18.5701796117034	13.5535340505424	-1.24754123399203	18.6153876594068	13.6640005636793	-1.50259879349035	18.7258207391304	13.8887728589112
NOTCH1 SBDS	-1.62316479001068	19.1698172702403	14.2895821588936	-1.97815901333383	19.0410878680301	13.7327191768265	-2.04829347080481	19.2269613462824	14.4618991966774	-2.11872818072888	19.373822880799	14.4585470635532
NOTCH1 SCARB2	-3.00647725780993	19.2269965790403	14.7426048479054	-1.99175360384767	19.2362817035109	13.6643431174731	-2.85092477197532	19.4552106499119	14.6864566925589	-2.47836938905329	19.5231472468009	14.4244669690583
NOTCH1 SCARF1	-0.810937622675715	17.4837774213805	13.3353814827916	-0.94477023406597	17.7593061379454	12.8757514226881	-0.924993012773711	17.9127076873755	13.315224681699	-1.01303830058704	17.8809688220962	13.3295348194946
NOTCH1 SCARF2	-3.56407433419811	19.5083305452738	15.209468049012	-1.67152599812805	18.2732165414366	13.4967921781855	-1.80317901372206	18.8585847521897	14.4219713620345	-2.8711236784979	19.3800230396574	14.741676949212
NOTCH1 SCGB2A1	-4.22074735068337	20.8076223367342	15.7705759695963	-1.88911456954641	18.881226183398	13.8088050699757	-2.46835441603893	19.9846031019527	15.0285149706755	-2.87988436774397	20.2293734980423	14.9547836841468
NOTCH1 SCT	-2.14403418709169	19.0090962419175	14.0345200570573	-1.49398584446361	18.8366409432254	13.5548915983777	-1.88508623109901	18.8075491461398	13.97182743194	-2.1784641388921	19.2356872174184	14.2450170450085
NOTCH1 SECTM1	-1.25621404995305	18.6088135306295	13.3936559911958	-0.56456023685434	16.6255276507697	12.0771690764546	-0.845936422007631	17.5570142464483	12.8669623899529	-0.865552324433583	17.8344077206162	12.9602730899905
NOTCH1 SELE	-4.52198771755587	21.2175819267596	15.2827474740818	-1.80788213152225	19.1336092129948	13.4561320179526	-3.10380068631616	20.4179985642495	15.1700341472908	-2.91798052525864	20.2897153254418	14.6707232926573
NOTCH1 SELL	-2.30598447368311	19.4703657984387	14.4789345089584	-1.87952549558995	18.7184634130885	13.9282208810832	-1.95300700609939	19.3425188986473	14.7297866611863	-2.21312099946887	19.275616357954	14.4048902888823
NOTCH1 SELP	-4.35542531683892	20.6836482705472	15.4344123844541	-2.5559248346056	19.6588345848007	13.9962514729876	-3.27719452259227	20.3472039434048	15.0851211911041	-3.60903781917367	20.399210168834	14.9851578259108
NOTCH1 SEMA3A	-4.12404383232146	20.311887128762	15.2800497791964	-1.70687121523918	19.1507668046242	13.6864869702833	-2.37330916341574	19.8397874347079	14.7977514524737	-2.6391014525922	19.8810249868093	14.7900042162434
NOTCH1 SEMA3E	-0.642376011674152	17.1782762516512	12.9825137079563	-1.214023715797	17.8429710623894	12.8098958404288	-1.02664203808657	17.9089360876917	13.4179029914357	-1.11263438838119	18.0243450420194	13.3664695510674
NOTCH1 SEMA5A	-6.52351583133079	21.0126241906076	15.6650003998769	-1.53535359601494	18.3448017165789	13.4316627678559	-3.66717392701826	20.3375728045818	15.2059908997904	-3.40058932307049	20.0251006741019	14.8417214574608
NOTCH1 SEMA6A	-2.62104442677508	19.4222019307869	14.5284260084294	-2.00875996288027	19.3570921307648	13.9311049543431	-2.09182419438328	19.361959348302	14.453621125898	-2.56083284155677	19.6545038667919	14.4524566781754
NOTCH1 SEMA6B	-4.35604750754068	20.9176896505632	15.1050393770994	-1.40298225596791	18.2972311028231	13.1256254543964	-3.18420844592377	20.3136667655047	14.8743524346342	-2.7850994170356	20.0315703150941	14.5548443218975
NOTCH1 SERPINA1	-1.13351005652507	18.0589284861793	14.1473619474975	-0.608037431960024	17.7512702232062	12.7602049166069	-0.931665229335373	18.18316851185	13.7799564582308	-0.955498182356287	18.15667787209	13.7185265413853
NOTCH1 SERPINA10	-3.63180715628611	20.1877356780503	14.6306054923967	-1.8708646770029	19.5698635347581	13.7226912969778	-2.33444068422782	20.1652158337736	14.5783679236991	-2.67761301439381	20.0353598338607	14.4961838858218
NOTCH1 SERPINA3	-3.68338555575648	20.6972647320332	15.639348722545	-1.00552999139682	17.7302507977828	12.5439530942622	-2.28119766569356	19.4444884982366	14.3505132926808	-2.00766623696823	19.3516955491733	14.2486489851595
NOTCH1 SERPINA3.1	-1.0291635139376	18.1335814822016	13.4091682324317	-0.843700100713001	17.8857212541508	12.3282649828216	-1.00344902997921	18.1776148542709	13.3544319045924	-1.0716495786797	18.3564433494743	13.3271336534669
NOTCH1 SERPINA4	-3.36626241182509	20.2730718953075	15.0402058550745	-1.52470626547981	19.2295796250571	13.6504266379965	-2.43887295151009	20.4085418419925	14.8504988438923	-2.62753466819663	20.1658055748791	14.7153530491864
NOTCH1 SERPINA5	-3.36478809492967	20.2904086257716	15.3486681679449	-1.90735509484501	19.446136896923	14.0162916649919	-2.40857634844481	20.0004464839306	14.8645294606195	-2.6973269627505	20.0632453849752	14.8902350501163
NOTCH1 SERPINA6	-1.93578652724104	18.8905248590385	14.4555892319997	-1.61638932991217	18.6647211889209	13.0577009967165	-1.78336062706455	18.9003470933178	13.9548279931622	-1.74926266910851	19.0567963097907	14.2189717512582
NOTCH1 SERPINA7	-3.28240021067555	20.4725116366587	15.3661733028674	-1.53116832103123	18.1214723263541	12.7998769733518	-2.58348917900583	19.8615787399618	14.6305459288405	-2.74334444606363	19.6791451170412	14.4475973356128
NOTCH1 SERPINC1	-1.06458753264324	17.6977234454734	13.1356980195877	-1.1274146731154	17.744810411498	13.2808512895969	-1.44665721706611	18.499116485621	13.8823371903753	-1.11530843121431	18.0021560533118	13.5009062271881
NOTCH1 SERPIND1	-3.47418908296752	20.4272024868165	14.8658562237838	-1.77796397574012	19.197458442428	13.7157735333226	-2.61296204051491	20.0813961399626	14.6823989001379	-2.74664146429628	20.3035704088037	14.8568383526844
NOTCH1 SERPINE1	-4.0490977028116	21.0091015977142	15.298898742172	-2.19712711254473	19.6657472527714	14.3033823550206	-3.55036730967145	20.5175503129955	15.1708164299609	-2.96134542735952	20.4029388402019	14.9972638626395
NOTCH1 SERPINE2	-3.77655349618832	21.0472846513643	15.3991630227134	-2.22216128285601	19.344241691463	13.8951294151125	-2.49620977394645	20.3460102327016	15.0829633073849	-3.03934939367504	20.5559708289096	15.1009439142742
NOTCH1 SERPINF1	-4.62288666493358	21.2779677402212	15.837295185261	-1.19267260370661	18.4450187753174	12.7255533202732	-2.74135850576094	20.1747011604075	14.8420943443205	-2.48061699630579	20.1043286708896	14.6293588263394
NOTCH1 SERPINF2	-0.0871011385909961	14.8401194323985	11.1488223540408	-0.498965016030145	16.9489609934361	11.6638639359387	-0.44761001388005	16.3986239131839	11.8659011515172	-0.290653302354448	16.1554524216687	11.6547501560099
NOTCH1 SERPING1	-1.89035710508076	18.7882848384924	13.9197321944806	-0.958918195399267	17.6790135746973	12.8169650917354	-1.62203734849789	18.8092656482268	14.1162512685579	-1.72732795420737	18.9889585268797	14.0667790749794
NOTCH1 SET	-2.21147993216737	19.2343961746206	14.523706614682	-1.48346446309693	18.8490352888385	13.6247195367257	-1.61230500285891	19.3076345290314	14.1803570250455	-2.08044570777573	19.5377961694896	14.4733911751158
NOTCH1 SEZ6L2	-4.19293081284311	20.3584234242041	15.2688318357047	-2.01798433772144	19.1574248847303	13.8671201529096	-3.09849059971033	20.1260512321663	14.9118219284314	-3.02588222990582	20.1896683612321	14.9999217131472
NOTCH1 SFN	-1.55219166741672	18.3675926729252	13.7607906375571	-1.03144798179073	18.1945940038369	12.9924996895801	-1.69487271139507	19.2235096042972	14.2754161394143	-1.59982139048902	18.801849474692	13.9817572130295
NOTCH1 SFRP1	-0.913883897801173	17.6859225837156	12.8530317301555	0.0551025149886814	15.2391347881608	10.6927651669939	-0.573728146261063	17.2203538782843	12.7696859865165	-0.495958346000463	16.9671524798697	12.4125041402278
NOTCH1 SFTPD	-2.6444127283904	19.3453210761523	14.7339355570015	-1.27642789112749	17.9275604285599	13.2372384139923	-1.61894383552269	18.6505745698592	13.9767323363342	-1.7505864450568	18.9426941344705	14.362644940896
NOTCH1 SGTA	-1.23875710105332	18.8194301118604	13.7397840490411	-1.86196628889189	19.411898366757	13.7627095551796	-1.80551637245741	19.157921101853	14.3033219391643	-1.84526300408288	19.2455539500434	14.241406458605
NOTCH1 SH2D1A	-2.75214670056272	20.3680557927903	15.2428705499429	-1.44659417595579	18.2645685681007	13.3864119907289	-2.0186821254728	19.1072769362165	14.425493622195	-2.06112957170101	19.5864492846295	14.5987293541636
NOTCH1 SHBG	-0.483201164672989	16.3349740279306	12.0220709007428	-1.54230377096544	18.2487559021922	12.5668237393628	-1.16397613459228	18.0620886945081	13.0086949005363	-0.998897928508585	17.7548168891365	12.8309313958158
NOTCH1 SHC1	-2.72005121770296	20.1861794930815	15.0132363460849	-2.34048383534928	19.5614365667935	14.1468002417202	-2.17185740106762	20.0492818407025	14.9315048931243	-2.80321299885334	20.113721500341	14.9346853125293
NOTCH1 SHH	-0.676565873600181	17.2768484348396	13.1115735214207	-0.671750731281449	17.2571386401424	12.7670996040634	-1.06342740440799	17.5887582423974	13.3768212996024	-0.925422435983914	17.6595029971044	13.4636059663584
NOTCH1 SIGLEC1	-2.13881476214031	19.8669517542714	14.7555922598585	-1.67544861430339	19.2579472880915	13.572112740427	-2.21179672785625	19.7248867103257	14.6455344927448	-1.99078767948552	19.6812190750388	14.3887162104847
NOTCH1 SIGLEC14	-2.68635858913715	20.1787733576137	14.7711197965748	-0.839659485218866	17.6462384071565	12.4407140707413	-1.5449064446576	18.9532075691341	13.9401506895638	-1.55372819582096	19.0742854560879	13.7953059228326
NOTCH1 SIGLEC6	-3.40000235811215	19.7055328494835	14.6369533576117	-0.994448070611919	17.8440144430255	12.8778028898674	-2.09129478304817	19.2673071230248	14.3183460648169	-1.96251888262566	19.2074122933662	14.1711560981785
NOTCH1 SIGLEC7	-3.01478384649524	19.5753290149802	14.5824504939053	-1.54100770043716	18.928696583962	13.4858564917158	-2.05525777405297	19.430870468019	14.3474922919612	-2.05471369799043	19.4954287762118	14.2675696002547
NOTCH1 SIGLEC9	-4.54233174760184	20.3196993182233	15.2968176436634	-1.61134711330369	18.9526473868518	13.7952479397599	-3.23422198346036	20.3806007666065	15.1998294598011	-2.87060266983213	19.9376242800111	14.8319977533033
NOTCH1 SIRPA	-3.24406491844169	19.8579822731721	14.9860948179127	-1.57267909588229	18.8651633150872	13.2612749909644	-2.03368541712993	19.5819602380184	14.3718583135901	-2.46142875319851	19.565339915821	14.3372609312242
NOTCH1 SIRT2	-3.30111961161081	20.2293607169249	15.1567102445634	-2.0919897239832	19.4379469933406	13.6589706391375	-3.80098094695185	20.2216962524376	15.1286128849799	-3.11990060468894	20.2357759795993	14.823686095168
NOTCH1 SKP1	-3.12285885330012	20.4868231215042	15.4502999284945	-0.632348056975036	17.168106192352	12.6925167103007	-1.52835516581216	18.9986382626205	14.1625368654805	-1.54665872758609	18.9558182053104	14.1970747779909
NOTCH1 SLAMF6	-1.70458555466183	19.0707784130176	13.4711805251286	-1.67185356274607	19.2095460476776	13.2059270653353	-1.84257005590017	19.5103165886159	13.7991774777737	-1.98301542633247	19.4622651446958	13.7574411003045
NOTCH1 SLAMF7	-2.15303463664314	19.172062968612	14.5986245231722	-1.72700087946004	19.4740567652602	13.4959000881065	-2.08382168090316	19.7600518392044	14.6597793615403	-2.17164598718803	19.6400368160719	14.3644056034793
NOTCH1 SLC25A18	-2.70280130145326	19.7451241917364	14.5105198022952	-1.58720671765711	18.9830461295564	13.136310518514	-1.61624091233132	19.3989017363756	14.2663500350401	-1.83498090292053	19.5836042795784	14.2052208454268
NOTCH1 SLITRK1	-1.89174382238097	19.8887667982211	14.7660458144461	-1.57230536356936	19.1608314974917	13.5969252672922	-2.02619742983851	20.0273112568168	14.5652248770601	-1.76887798549211	19.8874964201356	14.5820924580587
NOTCH1 SLITRK5	-1.63993340288853	18.6470184101145	13.7020068467995	-1.73527732793729	19.073500992987	13.3499654231452	-2.2732148747833	19.5117799384914	14.0848032108683	-1.78005862592754	19.0491286758039	13.8274124914989
NOTCH1 SLPI	0.400996106150542	12.976709583719	9.46422437226591	-0.324167954654398	16.079018206931	10.6645465715944	0.071919182978191	15.154424472464	11.028177316301	0.0714191423162821	14.9087804963504	10.4920423258532
NOTCH1 SMAD2	-2.48858595756918	19.3135579856058	14.4869181498244	-2.16568311669588	19.206610241307	13.9090877058834	-2.03200273812795	19.235016800439	14.4454761720732	-2.27610323541407	19.3628793312702	14.4261591618117
NOTCH1 SMAD3	-1.87426511070059	19.2565279060862	14.0691298990179	-2.0599123995155	19.0905872096056	13.7200981784693	-1.77858645118761	19.1404416631727	14.1511580379996	-2.00551387929575	19.346486224874	14.2122429699754
NOTCH1 SMOC1	0.342394909838243	13.4752779229782	9.52478388906454	0.31706050920406	13.5351861143994	8.70749865809186	0.305270621178145	13.8105392741314	9.48068003742049	0.335453716994373	13.4965878048881	9.16762010131819
NOTCH1 SMPDL3A	-2.40762203172613	20.3404840478624	15.0529635738101	-1.23566890105249	18.2513880153793	13.3268291892212	-1.63167524689658	18.8610028605226	14.3526939565363	-1.7873789061783	19.5303241449622	14.4875206869989
NOTCH1 SNAP25	-2.16424561008605	19.0402545600443	14.7089653121529	-2.23007507627827	19.6139880806481	13.9374088871244	-2.58809412712981	19.3748842295088	14.7683765817322	-2.92734646312976	19.8856998355249	14.7823712590654
NOTCH1 SNCA	-3.61424394158875	20.379171304415	15.1962857879796	-2.45821918974701	19.7991499144755	13.9955663065186	-2.84072113109246	20.2435850029049	14.78698439124	-3.21665318527533	20.3810993989307	14.8794908320721
NOTCH1 SNRPF	-1.92906820315092	19.1547882590461	14.7243230365551	-1.10417071975422	17.4017490363913	12.6205164951201	-1.20126475891594	18.0857555942967	13.9135613228536	-1.5120816114453	18.3546381626082	13.8998043803614
NOTCH1 SNX4	-1.45156865296276	19.6176638547957	14.2203272579285	-1.888554235992	19.0485296099874	13.9131130369474	-1.77590638244692	19.4364432122884	14.4344287890017	-1.70886952980531	19.6663240184895	14.3737981727335
NOTCH1 SOD1	-2.38698881036814	20.2281943966958	14.953434244388	-1.04604196388213	17.6978076539217	13.1140928820372	-1.44547378689483	18.9659836911751	14.0573922747577	-1.52676314716465	19.1169840725195	14.22260990808
NOTCH1 SOD2	-2.60073805276415	19.7889464344323	15.0805803683626	-0.974829093538265	18.2799747524681	13.2683738915222	-1.74338584721148	19.0605827456497	14.2884383450968	-1.81665768592112	19.2039993933625	14.470416344087
NOTCH1 SOD3	-1.14404064517235	17.6421656820468	13.6250124182961	-0.708266478075104	17.1652670312526	12.4499749818892	-0.999242267729599	17.7781243535923	13.6483649857123	-1.16197070245967	17.6277813946729	13.4242245109853
NOTCH1 SORCS2	-4.2350179160364	19.8574792750818	15.2853437608101	-1.64695733020742	18.9023311679646	12.9870337754797	-3.56186904617625	20.3564639954807	15.0355201091136	-3.03151879274745	19.7597855798275	14.5462799923367
NOTCH1 SOST	0.466323511272923	12.7188033733835	9.30347007575276	0.321499715199894	13.7934988539082	10.147611034619	0.166773501793326	14.9542394770735	11.1927694123091	0.371024545591951	13.5282935896503	10.0087017389632
NOTCH1 SPARC	-3.75847143869647	20.9501735195937	15.4857249327274	-1.98522995972947	19.6268435594947	13.7284792590002	-3.44007889363735	20.4464263625542	15.2246133327548	-2.95319481360719	20.4022803352756	14.8817281339579
NOTCH1 SPARCL1	-1.21000815988603	18.6797218444113	14.0145459215593	-1.33821846592908	18.1619896782115	13.0436116799741	-1.59031637079921	18.6942990838014	14.0515567657195	-1.34723200719149	18.5762446817929	13.8251962887435
NOTCH1 SPHK1	-1.20503467516407	18.7878399240415	13.899170384566	-1.7814214306856	18.7509363958634	13.6778343255526	-1.58043543173709	18.8880372558622	14.2202146136228	-1.49622464797257	18.9599989077014	14.0793062584889
NOTCH1 SPHK2	-4.57273221503739	21.3342222682523	16.1160981422844	-2.69899513117899	19.6077059870106	14.0370870106054	-3.3329573346297	20.5372854288803	15.279927950555	-3.50210648211909	20.6581861054783	15.2813888708472
NOTCH1 SPINT1	-3.30516039835569	19.6389585100773	15.3289402313578	-0.513958715738632	17.2069958714876	12.6766711861773	-1.48238517418011	18.5020442061849	14.2851159304078	-1.60542892901036	18.7995730961385	14.4148677235158
NOTCH1 SPINT2	-4.32845252657662	20.5571046500605	15.2050598796038	-2.15495225384644	19.1121759517668	14.0817933503823	-3.29508931875185	20.3626448994093	15.2086789747479	-3.44953330377257	20.3311920007449	15.1269864403446
NOTCH1 SPOCK1	-2.88354047082658	19.547518036176	14.4832411424752	-1.90747067768725	19.9702180993644	13.7270582452763	-2.31230753773652	20.0500586014611	14.361821307956	-2.55259476136449	19.9671882225661	14.385956482894
NOTCH1 SPOCK2	-5.13504868887875	20.8940209194596	15.4399113730158	-1.96375406500243	19.7466746542724	13.8650211158621	-3.20964724931425	20.5407415225562	15.0630027236869	-3.11108569974472	20.6133492164089	14.9546310360303
NOTCH1 SPON1	0.378305789764634	13.554923857421	9.97609562303721	0.172812114258637	14.4619820170501	10.1477321124571	0.239651712256179	14.4789285368587	10.413124044001	0.284489012262233	14.2646322512323	10.4526805918834
NOTCH1 SPP1	-2.22505377056646	19.6096585544067	14.5619744060202	-1.92698175411131	19.2334826324072	13.4366417877461	-2.06217042403246	19.6485565165415	14.3356620516366	-2.40217753066494	19.7905432845203	14.3421545703208
NOTCH1 SPTAN1	-4.18838899995098	20.6482488929543	15.5203789092326	-2.1071344737215	19.3901269492465	13.9510633855278	-3.14852517911161	20.1709133285732	14.9591613521559	-3.11872776142884	20.2743387414654	15.082041464822
NOTCH1 SRC	-1.15795858014581	18.7768497191385	13.7288512517808	-1.58070508930786	18.8372776683356	13.8445086985803	-1.37087644621067	18.8595630072151	14.1243449169755	-1.42034764032583	19.062911283124	14.1480498509196
NOTCH1 SSRP1	-1.22528251548905	18.1898722454855	13.9946248565091	-1.31415166998433	18.267700425012	13.2098842153789	-1.19183356610984	18.6963789123334	14.1113856535725	-1.73967577921444	18.7580305649088	14.1080103658619
NOTCH1 SST	-0.101093670837269	16.090010152774	12.2319406583506	-2.1228065319481	18.9408110211616	13.8316364987247	-1.02241724259467	18.197112329556	13.647177790484	-0.920741361510641	17.8728222236981	13.3362471965486
NOTCH1 STAB2	-4.43651666838211	20.7121256727447	15.3408397429847	-1.89382207689694	18.8924414417148	13.4457828719975	-2.7420251363919	20.3176258037865	15.0594644326872	-2.80963390189243	20.3179401351514	14.8837410339783
NOTCH1 STAT1	-2.17314138238219	19.0961109840051	14.0169938296208	-2.1909697514556	19.1352123592765	13.8088217003977	-2.33182765700027	19.4904123742393	14.4122477387102	-2.85473367739531	19.7701567260888	14.6096837056363
NOTCH1 STAT3	-1.64522717085961	19.9704035111732	14.7908260982813	-2.08517550514512	19.1145194512538	14.0858879573007	-1.5560603692853	19.4517776782229	14.4197415208102	-2.09558571531629	19.7095369370525	14.7624956141529
NOTCH1 STAT6	-1.8110322321316	18.6870851271272	13.8031551969655	-1.52063428409706	19.0940382062545	13.2979402040865	-1.52865169363078	18.9912282158024	13.6617001616483	-1.57110143156297	19.0215620460836	13.6785990636684
NOTCH1 STC1	-0.214833982110381	15.2406548757965	11.3257357785807	-1.01022890152566	17.9324237621427	12.5220953656511	-0.510368953123338	16.743858672989	12.3558043071838	-0.669468743198813	16.9528895459775	12.2905417074247
NOTCH1 STIP1	-2.77086376951568	19.477202446707	14.0873659667445	-2.18929377714182	19.8720802832784	13.8454674364518	-2.51727315262856	20.0935816464412	14.408762796217	-3.02299072292643	20.08030588327	14.462019164026
NOTCH1 STK16	-3.76163617139196	21.3624897958266	15.9646323337222	-1.85869312990958	19.2017646257512	13.8468808470352	-3.08397877470606	20.5070841239539	15.4148086802572	-2.88611436938446	20.4507510320189	15.1143398948442
NOTCH1 STK17B	-4.45129972270962	20.6725679338597	15.2661001955779	-1.79473863576991	18.9630522282093	13.8167968633972	-2.7479183703349	20.1447784109644	14.9073535590097	-2.96040105910671	20.3406473503386	15.0260034584139
NOTCH1 STUB1	-0.95523656356503	18.356238930228	13.5786225940311	-1.30156938195241	18.4133878966852	13.2465081061821	-1.07871626371836	18.5121896515118	13.8190510404367	-1.11597283598857	18.6374832823755	13.860094950291
NOTCH1 STX1A	-3.65758497502521	20.6382650591291	15.1980091223197	-1.32311505100545	18.5452162270342	12.9125759876132	-2.90876407979512	20.2444959884073	14.8466624262646	-2.63065364698344	20.0121418044572	14.4943703112806
NOTCH1 SUMO3	-4.24601324517285	20.9065021589577	15.6034363576316	-2.43475438230932	19.7296927982025	14.1749543075317	-3.89225924804785	20.4706704889876	15.24683083072	-3.78856888065712	20.5505962406151	15.2131767969844
NOTCH1 SYNCRIP	-5.79427704676662	21.2830028616965	15.9972626582306	-1.39269293265218	18.9583763001073	13.0725727953194	-3.20700952326628	20.5371235812123	15.2597608983291	-3.07031896270478	20.502351122345	15.033256361183
NOTCH1 TACSTD2	-2.50230622231911	20.0523452892482	15.0522234713478	-2.0251534488969	19.1559761244488	13.6363865350742	-1.78647697929477	19.4275234777047	14.6199314939995	-2.62265004902916	19.8321261672943	14.5503390110001
NOTCH1 TAGLN2	-2.63173978883446	20.1587251952884	14.6640580472151	-1.93403113606015	19.5551076854768	13.8773545300453	-2.62928105355439	20.1823039264467	14.6407809772985	-2.408953738375	19.9726793626151	14.676346683628
NOTCH1 TBK1	-3.24822016095552	21.1957945396556	15.6768836068375	-1.3665552039024	18.8285685753166	13.4817833133734	-2.30426425919257	20.2742199545671	14.8383825185615	-2.35183875195384	20.2449494870786	14.7774465793809
NOTCH1 TBP	-3.46525847633529	19.8201331599096	15.1912574956752	-2.08879271768922	18.9414135631488	13.3096327790947	-2.50816899423874	19.7494403396173	14.6955060976922	-2.58238426075807	19.5532193451184	14.5295894359525
NOTCH1 TDGF1	-5.1559871117948	20.4081457401816	15.3186014205218	-1.07180951126213	19.0742733150166	13.4690634303108	-2.82521830696951	20.2140715722374	14.878210296624	-2.63911740487792	20.0599359877556	14.7557786306263
NOTCH1 TEC	-1.23156108264945	19.0457802409251	13.7723830936417	-2.12342797077032	18.9350188573829	13.9098277401629	-1.65749308098126	18.9438297825165	14.2593705722533	-1.67211703442297	19.2207391267993	14.2239590468061
NOTCH1 TEK	-4.16820264697742	20.1932491304648	15.4957462244014	-1.08523438330925	18.3121658474441	13.1813447202762	-2.29283760834378	19.5295770509912	14.7496650074136	-2.35692355884187	19.7096598184844	14.7419456433775
NOTCH1 TF	-1.80384844515132	19.4701273683396	14.8082397354738	-1.70871572832945	18.8423505173932	13.5479585055985	-2.09557327791307	19.3166187726732	14.6983857545908	-1.93731321972243	19.188608813838	14.3735619076158
NOTCH1 TFF1	-1.50253375885168	18.6303967312734	13.4443781087813	-1.47152835389669	18.6706815650552	13.0895583692552	-1.51932631071075	19.1290407026718	13.9451469087528	-1.90283429466634	19.297637760487	13.9617407275264
NOTCH1 TFF2	-1.07583621216289	17.6969635509558	12.6959186160321	-0.603400668697412	16.8393509878612	11.5912461286451	-0.926022200362661	17.5369232899784	12.617842773025	-0.887513757126728	17.5203977108689	12.59407462031
NOTCH1 TFF3	0.399319595950312	13.0586733674958	9.58119175942459	0.0530338085396945	15.6400406269379	10.9322945111778	0.217103823718495	14.611261429654	10.6505289432559	0.206712952553366	14.6192223855928	10.4414546649532
NOTCH1 TFPI	-1.71234952335794	18.4526681994059	13.8469407477265	-0.471752086333062	16.1066681369805	12.2319476917999	-1.14176275191449	17.7986082777288	13.6163361275988	-1.21464042644181	17.8651472056241	13.6916564843004
NOTCH1 TG	-1.47160902205641	19.1646472693519	14.058123746211	-1.68121519332508	19.2816977230561	13.2836090261469	-1.99056025547305	19.8173593356295	14.2619773500788	-1.81294802333825	19.4737926971577	13.9262231092313
NOTCH1 TGFB1	-2.09402743488744	19.77483906567	14.9164520487113	-1.83016974857852	19.0780429317407	13.7402833028337	-1.9547882879055	19.5378568698725	14.57946922002	-2.08054420726905	19.6562739915761	14.5752502876263
NOTCH1 TGFB2	-2.77441873514744	19.8196146790483	15.1645225160485	-2.2125578722606	19.6978531199171	13.867751400032	-2.08332981993337	19.9792609962142	14.7801709141137	-2.40821501523087	19.9407000919717	14.7208165189087
NOTCH1 TGFB3	-1.56863490606122	18.2753932870855	13.971745420288	-0.387154279720763	16.7172479124088	12.0713472634017	-0.901933715757711	17.7792991350661	13.3569172289936	-1.04039601494042	17.8107807769882	13.3311791787587
NOTCH1 TGFBI	-4.28156675905229	20.9111628699829	15.600822047817	-2.22197773489522	19.3390479000444	13.7745429014298	-3.03982977602913	20.2098655605474	15.0616625402773	-3.06513016367337	20.3621191242982	14.9212068790857
NOTCH1 TGFBR2	-3.1195316137983	19.3287756863224	15.384355832332	-2.60687246584682	19.6525865779863	14.1943362563397	-2.91213259069841	20.0176816380067	15.0472188954392	-2.79143856453242	19.6988714146585	14.9511649555559
NOTCH1 TGFBR3	-2.04810017059377	19.4220971143339	14.45324844921	-1.19306138870633	18.5468179323393	12.4297506017763	-1.71888983980327	19.4608492465397	14.1126972959097	-1.67367942593972	19.4026857514033	13.8147675753366
NOTCH1 TGM3	-1.10579388408055	18.8438404584917	13.9265716463004	-1.90968336638152	19.1727697369729	13.6648421948871	-2.55535286322504	19.8979681299483	14.9714399903567	-1.6588199449021	19.29982009144	14.1453424719813
NOTCH1 THBS1	-3.66947682887346	20.8826703204394	15.6048397387003	-1.77940301029393	19.1285468017322	13.7243426622309	-2.28650306510783	20.0281118193506	14.8586807656877	-2.82044095334928	20.2281910593811	14.9529127730109
NOTCH1 THBS2	-0.564900723794174	16.9540166905451	12.1122241265934	-0.845543803044238	17.548504801868	12.2653270906199	-0.923974072324371	17.8122486083304	12.4868184904598	-0.903005054397126	17.6396222205474	12.4613218303426
NOTCH1 THBS4	-0.114921444481454	15.3389483430208	11.6226374570016	-0.847576786391234	17.1549016866323	12.457677953426	-0.34402900244371	16.3682001464086	12.3806057271655	-0.498718537698299	16.4448183053611	12.2703386265098
NOTCH1 THPO	-0.797288714311586	18.1960599050233	13.7857195885146	-2.02490133620431	18.8851219963747	13.6911895548228	-1.45127998176332	18.7203902501179	14.2356378249498	-1.45652836249344	18.8630155895392	14.2510491168355
NOTCH1 TIE1	-2.71725888971167	20.2292728039634	14.9748187662406	-1.53827587398859	18.2406142759476	12.6971316056355	-2.32866643271662	19.4423289947173	14.3708175737853	-2.52464562282902	19.7245127234887	14.1766188236341
NOTCH1 TIMP1	0.00126471317020194	15.7010179893132	12.2214957339875	-0.661393809673611	18.4756945904391	12.1360106255617	-0.331042550623905	17.1783331845431	12.5611261840819	-0.380513535843094	17.3221658050024	12.515910664797
NOTCH1 TIMP2	-0.638934992967869	16.9732055673832	13.2856340572754	-1.26970654008267	18.1851150921474	13.0622716190556	-1.36802918404756	18.0055725099581	13.6753665328014	-1.27173585692978	17.8865532656195	13.5270828036201
NOTCH1 TIMP3	-4.57616440147998	20.8471837946089	15.8738080700385	-1.87026512226669	19.0878359732013	13.362056468973	-3.21550145778859	20.4844502600948	15.0418543878653	-3.19596287532876	20.2363558033358	14.8385828965431
NOTCH1 TK1	-4.00947053338712	20.384806877691	15.1741735263225	-1.46646976385849	18.4845880919115	13.3787389644941	-2.5892444516569	19.8629780239942	14.7695262004597	-2.5424680670526	19.7526527407675	14.5356979154704
NOTCH1 TKT	-2.42082635436887	20.090170016564	14.2419946295917	-2.39857285797692	19.5461640653481	13.7533357467665	-2.55390816518247	20.035166142972	14.4197911491849	-2.58170623911275	19.9702806494201	14.3189702250943
NOTCH1 TLR2	-3.37799401714661	20.5906996671155	15.3317419213409	-2.58403375454718	19.8535257919631	14.2681227366921	-3.10109161562078	20.3935079591977	15.1939726741401	-3.05965298781284	20.3876838269624	15.045328082518
NOTCH1 TLR4	-4.48674351300133	21.2480626428073	15.6337265897922	-1.88994482495871	19.0982023364211	13.5888952697614	-3.02622157490192	20.5003765832764	14.9976206435718	-3.27647879617773	20.4924622121643	14.9849690576291
NOTCH1 TLR4.LY96	-4.68948154189724	20.9055827201634	15.7094963398837	-1.54633539880343	18.4770484940287	13.3596187920692	-2.38197852646555	19.8315162858032	14.8058928308116	-2.84145029704431	19.9581428074504	14.9027922020305
NOTCH1 TMPRSS15	-0.888635038037419	17.7878909818909	13.8988436790103	-0.695308346611869	17.0897407845158	12.1278121521683	-0.864343702534042	17.8645483645343	13.2487749739414	-0.803131734257108	17.6469506791832	13.3319714604405
NOTCH1 TNC	-5.31796999105838	20.9755684654819	15.4584087401736	-2.5020765059458	19.4654114282692	14.0731358323385	-2.81218853525287	20.7023590038021	15.2702326981163	-3.78602173668234	20.5148671380161	15.1598227329094
NOTCH1 TNF	0.0439515151680121	15.5059554236237	11.5995847877857	-0.796902655197425	17.5455747716646	12.5747826903817	-0.272130399159201	16.6726846306877	12.7139642846456	-0.236401443603739	16.6846531754126	12.2485753760616
NOTCH1 TNFAIP6	-1.1060570439723	17.5098475878127	13.6687982918908	-1.13449300497911	18.0440550209003	12.476589810492	-1.39306880687276	18.4182132524722	13.8055041845073	-1.17064038232006	17.8834743388122	13.3784274317098
NOTCH1 TNFRSF10A	-3.85315309889923	20.2999944572213	15.3824206796045	-1.63109932064415	18.7253729071145	12.9077286938415	-2.4469693926342	19.7160872332365	14.2922739231756	-2.68176077319338	19.9629272340916	14.5205928406314
NOTCH1 TNFRSF10B	-1.441948473754	18.8435469558525	13.9891365729758	-1.36277850765994	18.7501672766179	13.6792189246261	-1.32784456120175	18.8517012428976	14.0926636134433	-1.47810395080526	18.9910366522843	14.0838403976646
NOTCH1 TNFRSF10D	-0.441110513386107	18.0243982485982	12.697604437833	-0.450447741009468	16.5437798836378	12.0768305366459	-0.458667144958427	17.6654138097943	13.0502773885595	-0.478728888378283	17.7706451913034	13.025220983619
NOTCH1 TNFRSF11A	-1.44747322057506	19.3734684812023	14.0636019552955	-0.788616756287594	17.5214110298813	12.556834531919	-0.969332867232547	18.3876350488348	13.4033881577009	-0.962729868716697	18.4720557073793	13.3736775607903
NOTCH1 TNFRSF11B	-3.59612123503874	20.7625709485548	15.6089664384444	-1.50325800848919	18.3983574813788	13.3268975608651	-2.83275837202247	19.9151310190996	14.9192176150924	-2.83266048837981	19.8652244950505	14.7512947662109
NOTCH1 TNFRSF12A	-2.62587025316974	19.5135820466027	14.9626127996298	-1.49518365825009	19.1431671584967	13.1965875366651	-2.11299430056809	19.635332467987	14.519220841585	-2.42678708908317	19.6437015372022	14.5948074464538
NOTCH1 TNFRSF13B	-0.320480307011114	16.4752947766013	12.2066067284449	-0.676432899326843	17.1131557163239	12.1401087549478	-0.63093957345886	17.3265225265706	12.8286687829816	-0.551641074124015	17.2426594631173	12.7147422547201
NOTCH1 TNFRSF13C	-0.863010783816507	18.5219749820459	13.0066195871365	-1.26464213880398	18.2844088398374	12.6226079052056	-1.16107844218641	18.510010564026	13.2217797870343	-1.17248487056246	18.5500614925209	13.1348793748441
NOTCH1 TNFRSF14	-0.805105478749967	17.2511425754561	13.1318231749683	-1.34417725598079	18.2463094578256	13.0962739692743	-1.43814012847374	18.1767245888672	13.6934213630751	-0.976168376802289	18.1528113283594	13.5271985775928
NOTCH1 TNFRSF17	-0.92860494465121	18.4411251330481	14.0152651130346	-1.40089756905442	18.6854060728554	13.3879819710444	-1.44803618638205	19.1245713288575	14.1279157229754	-1.11997836381405	18.8857491859804	13.9092148265644
NOTCH1 TNFRSF18	-1.99371647245025	18.6714444653224	14.4718779149215	-2.40167827498483	19.2546621400047	13.471679136615	-2.39941076795574	19.3868514918006	14.2738334789905	-2.47778616364571	19.4240138904331	14.3419531709143
NOTCH1 TNFRSF19	0.283666282546491	14.110561661103	10.2932082053671	-0.225242471747341	16.1304964259391	11.4591736162914	0.0288488806019445	15.5669390680211	11.2334316679576	0.0555128253876739	15.4218442700457	11.0658301233748
NOTCH1 TNFRSF1A	0.449286889622135	12.6644033863129	9.28824802006198	-0.0155186677510115	14.875291314174	10.2290377748007	0.242828688479186	14.0152467553394	10.1310934750986	0.249208298794074	13.9838022877215	9.9560186785125
NOTCH1 TNFRSF1B	0.0407605741319993	15.1646072157237	10.8499360637177	-0.0628374650727339	15.1955755569882	10.4085149946219	-0.0569123458112735	15.6304772876418	10.9235905838966	-0.00164632020724276	15.429169925451	10.7859792837131
NOTCH1 TNFRSF21	-0.472254735467419	17.0037068509607	12.4412083943357	-0.78903308300677	17.6014895315538	12.3442579336692	-0.675979930764787	17.4707242334503	12.6516142651815	-0.479603221459542	17.2830648990102	12.5385360377605
NOTCH1 TNFRSF4	0.0162048843931905	15.8678624425846	11.9264801434291	-0.00234134609979053	15.0851688976175	10.9851883961297	-0.0282137035246126	15.6288917679212	11.9271402781131	-0.0511601927510794	15.745774531954	11.8342760401775
NOTCH1 TNFRSF6B	-1.18131893285241	18.0860769409778	14.0215149982589	-1.42293107297675	18.4727194967232	13.2812009213072	-1.80576772112078	18.8670561530294	14.1151302240307	-1.41326885822894	18.5609695892362	13.9924900381318
NOTCH1 TNFRSF8	-2.61676366998232	20.9851253179633	14.8099997948267	0.10443549823643	14.880771793788	10.5314833148651	-0.802919334859654	18.7272948112466	13.218890596851	-0.806533685829242	18.2421951121985	12.865645258267
NOTCH1 TNFRSF9	-0.938718722010521	17.5277247340296	13.004445267092	-0.150624814347244	15.7563986967501	10.6436585601509	-0.507513600339617	17.0461700511971	12.3513932883634	-0.59685079601132	16.9559603553934	12.204104321417
NOTCH1 TNFSF11	-2.75662872641732	19.881171040486	14.9373271405412	-2.0975793799363	19.1843254885986	13.6587376520657	-2.2588441867179	19.7728101253679	14.8655549649235	-2.6464830926333	19.8645233209325	14.6866497289478
NOTCH1 TNFSF12	-3.49786953519786	20.4305396896301	15.3108719809298	-2.5251589497617	19.5646742037991	13.8868347280347	-2.59608580697154	20.0338512513836	14.9850247204355	-2.86466459495462	20.1847314269031	14.8187996481878
NOTCH1 TNFSF13B	-3.84488249027696	20.847205480484	15.4289622114124	-1.59343843686584	18.9602019116935	13.3865737901046	-2.33430027850513	20.1705387131166	14.6695393927495	-2.45348834047213	20.1731628114942	14.5739900231451
NOTCH1 TNFSF14	-3.2175831618616	20.1362345788223	15.5433632127303	-2.1542162787383	19.2150919330484	13.7996451084118	-2.78075052275632	20.0314152497738	14.8862301721776	-2.76965046076209	19.9546133890466	14.8175197092795
NOTCH1 TNFSF15	-1.5354056396098	19.3635534335007	13.5939709188176	-1.72576661072741	18.871701329134	13.1262326781445	-1.66376826593642	18.864526586878	13.8462248182679	-1.95141294672881	19.3758648026	13.7350546536262
NOTCH1 TNFSF18	-4.07558483035333	19.9187306160149	14.8063289902612	-2.33396917934809	19.2321341530783	13.4155497868848	-2.67280832607519	19.7666623884738	14.4012819429536	-3.64013139746968	20.0645071349973	14.6568844291094
NOTCH1 TNFSF4	-5.24589775409043	21.0460188902205	15.6946248527497	-1.96142750465259	18.9866404264671	13.6285525469257	-3.36476865869326	20.3117716173354	15.0304652784025	-3.15422060568147	20.3463087637307	14.9233605729706
NOTCH1 TNFSF8	-2.00785308282725	18.5054830474847	14.2936065632324	-1.12514692212276	18.5019228592948	13.0396775063993	-1.31707982003741	18.6539951504165	13.9585812543445	-1.56996290352078	18.6294270348821	13.8550815096766
NOTCH1 TNFSF9	-3.56392343295221	20.4500146259977	15.40783003602	-2.28578802481494	19.3569938567604	13.6473086720821	-2.62939885227846	20.3042074891907	15.0067924180069	-3.32511433512481	20.2201941922152	14.8698899219214
NOTCH1 TNNI2	-2.66257651073173	20.7521275027622	14.9265056917388	-2.05817967551107	18.797489375994	13.3567589421367	-2.57957705940139	20.293560495203	14.8666080356179	-2.44963350011134	19.9710571278163	14.5393964985949
NOTCH1 TNNI3	-0.933920831319039	17.4052451645303	13.2450976813711	-1.04450990494194	17.5995873249215	12.8678700217179	-0.759869632658206	17.4290511233118	13.1094769323608	-0.891052950152382	17.6635059443832	13.2393345265928
NOTCH1 TNNT2	-0.802491213323421	17.8132192110007	12.8262137926415	-0.0709761974132954	15.1288547605975	10.6881772235865	-0.45478658574357	17.0779798831754	12.1088620342929	-0.340653074711455	16.6463822227088	11.9400432006223
NOTCH1 TOP1	-2.31381999850255	19.7698722495322	13.9130877326664	-2.02012646980282	19.5428804690051	13.8481226411634	-2.45426939094912	19.871153930706	14.5520398034289	-2.54174585359294	19.8580818623376	14.1512485501514
NOTCH1 TP53	-1.95125825097992	18.9006320883878	14.8149759890885	-1.88434508433632	19.0973889735423	13.2482883493791	-2.78852158692901	19.8128387515942	14.8287971111212	-2.20248462752701	19.4648959471605	14.4770613593156
NOTCH1 TPI1	-2.67981708550335	20.1978771101138	14.3529890198138	-2.41997277666267	19.6301285569895	13.9605961625044	-2.62112375021051	20.2009248722258	14.5339142425722	-2.69067964138338	20.0840829707338	14.4417162444633
NOTCH1 TPM1	-3.47869542352267	20.4286077718369	15.1871802971202	-2.17005863559667	19.4692035305149	13.9045623630901	-2.73371581268378	20.1617893037552	14.8248259878893	-3.12219401362496	20.095770857551	14.7483197962159
NOTCH1 TPM2	-2.97325764055393	20.5129550479321	15.4296613715764	-1.75661962826903	19.3203170119582	14.0163451473832	-2.07122727776457	20.0463271736851	14.9951821050594	-2.56838447122107	20.1163001697275	14.9847377382077
NOTCH1 TPM4	-1.62888189045302	19.2142574108724	14.4947348611509	-1.7218797350237	18.6802070315168	13.4414356962566	-1.60323421511555	19.0966321038546	14.2306657117457	-1.55863003634828	19.1677620514453	14.2242360315703
NOTCH1 TPO	-4.64118230829147	20.886309824701	15.7765162392929	-1.17406183803196	18.8437150598219	13.5301449931832	-2.50901586538771	20.0476306510065	15.0280242309552	-2.52820779806118	20.1367705046767	14.9335006315056
NOTCH1 TPSB2	-2.22334188858657	20.2118477889799	15.1110033093807	-1.55252455311783	18.782643911032	13.4113118502385	-2.40068291531206	19.8180476313096	14.7103696994635	-2.21851955255974	19.8115698569081	14.5996010455957
NOTCH1 TPSG1	-2.12303926278648	19.4423322682272	14.3761676209322	-2.37410657938642	19.3583311062783	13.6913961269664	-2.993943024146	20.2363615585988	15.0288452255581	-2.27573772923088	19.7083511060038	14.3445231267205
NOTCH1 TPT1	-2.46627293758371	19.8240998405782	14.7757812343411	-2.63517139784725	19.9710414313019	14.3287517033702	-2.55809378300182	20.0917226297551	14.8331371501861	-2.90730907804258	20.1479088611886	14.8813310738787
NOTCH1 TSLP	-3.47443281019113	20.3017703430887	15.0663637937624	-1.47788773246914	18.5592626044355	13.5523066803541	-2.15284896877144	19.6223112373836	14.5307605725174	-2.46641118547688	19.716425856186	14.7364267978529
NOTCH1 TXNDC12	-4.06200860713985	20.1597422384201	15.0647064599509	-1.12582786704993	18.2556432506783	12.8599126120519	-2.67627030008362	19.8244861779385	14.8159207434783	-2.49970684466538	19.597919311161	14.3594208549152
NOTCH1 TYK2	-4.21304722059919	19.9472472311234	15.1934664132126	-1.53447871797819	18.3745224492221	13.1913007439972	-2.53183965369449	19.5446616551059	14.7229412590071	-2.61549342369699	19.6301755658256	14.6611781071703
NOTCH1 TYMS	-2.24800971619893	19.0814341939744	13.9463881764064	-1.9342197056653	19.0622259482866	13.4851802487111	-2.84813612181066	19.9306423423575	14.7745820811748	-2.64054333643559	19.3481295116642	14.1669133476224
NOTCH1 TYRO3	-2.6478477989172	20.097107576913	14.951265057643	-1.82937937460797	19.0717486788299	13.6417403014248	-2.22816531027309	20.0225904235982	14.6265216860053	-2.48166360227179	19.8418484655963	14.657495361384
NOTCH1 UBB	-3.98968404348672	20.7116075684227	15.3208197089485	-1.89019336158862	19.0879054568423	13.4440449663871	-2.82979409317257	20.3129439762596	14.8936124789456	-2.80461673675925	20.0838403923172	14.7552590895781
NOTCH1 UBC	-1.52123163166155	18.748748207375	14.2122223889284	-1.69622395254064	18.6934607308593	13.2816097911662	-1.82909296588169	18.937402190537	14.1620013245643	-1.71667951422744	18.8806206267885	14.0500084753713
NOTCH1 UBE2G2	-2.76195669969428	20.4744766554845	14.675876126955	-1.37556527695127	18.7868424758099	13.2473464885155	-2.04566047637831	19.8274910329788	14.5505946748469	-2.51782651188639	19.8376073586952	14.5306518196074
NOTCH1 UBE2I	-4.15540187620308	20.4717490155092	15.0435454471397	-2.56157956168894	19.5467174123828	13.9232712685179	-2.96059596575087	20.102183422603	14.6863937232426	-3.33699258335426	20.2110952536868	14.7137856182269
NOTCH1 UBE2L3	-3.62441630833249	20.2781715216636	14.8188841096806	-2.39869599636293	19.3967414694542	13.7772679330764	-2.99231744036593	20.0475024961249	14.6606396915289	-3.36545875446741	20.1956056351093	14.670972444982
NOTCH1 UBE2N	-2.40751770623759	19.443094547999	14.0147796110614	-2.32550015042374	19.8435994243793	13.9855598574724	-2.35817078083947	19.9142074709927	14.3876460495469	-2.73617067894049	19.8916600474836	14.2869348876209
NOTCH1 UCHL1	-2.24560744505045	19.9289502143031	14.360474427546	-2.20533116153771	19.5062148683042	13.4857074915756	-1.79398576604536	19.7570596091169	14.1805948715476	-2.48150722569534	19.8266191019307	14.2978166722493
NOTCH1 UFC1	-0.730000600116594	18.2250552745481	13.6433350246428	-2.4076194062705	19.3557010473554	13.9783944924587	-1.49039054594992	18.9547853808825	14.419189826257	-1.2644871611434	19.0752430444666	14.1005666060278
NOTCH1 UFM1	-0.421998100866319	17.2481089613261	13.1090121447988	-1.57364015769749	18.5428704565082	13.2104279018704	-0.994659650660932	18.0880759092996	13.6776959764558	-0.853081775402084	17.9477199133046	13.4403399983059
NOTCH1 ULBP1	-4.10979715404539	20.1983612324631	15.2647214151325	-2.02685769268143	19.5152250469304	14.1030665352458	-2.53076460806743	20.0336329726297	14.8417646540903	-2.99097651609177	20.138569991821	14.9509575180224
NOTCH1 ULBP2	-5.42944061406265	20.3627442179621	15.7341788068051	-1.62886422118084	17.9018489436654	12.7074419990576	-2.84303955222698	20.1452708699264	15.1041625191352	-3.18568500733296	19.7964763051504	14.8537818387553
NOTCH1 ULBP3	-4.61533808883996	20.9344676843364	15.6761901617825	-1.64098247503657	18.2716099102314	13.5770529430047	-2.50727632102081	19.8008956398405	14.7825206834998	-2.79367442391906	19.8644096094063	14.8162623417374
NOTCH1 UNC5C	0.109834495444061	14.4450035846706	10.9961625171184	-0.0446862196140532	14.7211997012401	10.1730407538862	-0.0106227993952099	14.974521892945	11.0337269112438	0.0898878943949991	14.7045589283006	10.7754617820624
NOTCH1 UNC5D	-2.22273353782433	19.0523605288275	14.1763793420536	-1.51669746817417	18.9424180557273	12.9727632602336	-1.77416703283987	19.594219847474	14.4118098043179	-1.897701746066	19.4418615094624	14.0229983821812
NOTCH1 USP25	-4.23531204159705	20.0929589676911	15.4751034151733	-2.05477343448768	19.2556694459185	13.3695282547534	-3.4838379107793	20.2703022538314	14.970553365463	-3.50630159759622	20.1140170347787	14.792704294075
NOTCH1 VAV1	-1.43036647365367	19.3343056560347	14.0980198718903	-2.04088079019061	19.2954305025049	14.2662867539379	-1.8327410635699	19.4251517447196	14.580515774179	-1.73628840388723	19.4648786919354	14.4309963535172
NOTCH1 VCAM1	-0.314663600565021	16.5280344668827	11.8524038235456	-0.388876389925596	16.8534085993823	11.8201578961832	-0.391148570318651	16.9913766555075	12.2227758107682	-0.307650242904822	16.9267088508556	12.0063416366319
NOTCH1 VEGFA	0.0267023767504267	15.2392341104876	11.742620783423	0.115442970615566	14.3251862372579	10.1103530306791	-0.0321006096683722	15.1948917842359	11.5448712616857	-0.0572744858313456	15.105417078799	11.39239208928
NOTCH1 VEGFA.1	-6.09736078241157	21.3299090311672	16.096036552634	-1.71172967245733	19.1283479569251	13.3428148151194	-2.79756824419772	19.8793923629729	14.8875770031001	-3.02626817251708	20.3827628600019	14.8589250581225
NOTCH1 VEGFC	-2.30416455328136	19.6259334953662	14.7170471249174	-1.03539600380112	17.7109723750199	12.8883936852663	-1.56974485013829	18.8973564973024	14.0553918016015	-1.82516245295922	19.0267976462307	14.0861266554569
NOTCH1 VIP	-4.07716261497202	20.8226476955796	15.4024353701908	-1.28200562717225	18.3770301199249	13.4587625504686	-2.19967099557572	19.977940932259	14.6128794905435	-2.32526511380394	19.8385117656134	14.5796656621278
NOTCH1 VTA1	-1.88398814585807	19.6919279272323	14.1397104574089	-1.72241410163928	19.3438450929669	13.6359473490925	-2.19060028075967	19.5998831342435	14.2086004094943	-2.25552672491856	19.6484709953376	14.2076054840564
NOTCH1 VTN	-2.69953386160407	19.3172680397994	14.0777395789572	-1.5569188091238	18.8125282635349	13.4699357743347	-2.23671018699236	19.4843027503446	14.4323121061914	-2.30446297729755	19.6011495570527	14.2480975636104
NOTCH1 VWF	-4.458958128636	20.581459326094	15.2270064845454	-2.12496467426385	19.5038091346092	13.7590314229537	-3.37527423056771	20.3685722004262	15.0891124848935	-3.13047898304048	20.4539508458201	14.8632987685273
NOTCH1 WFIKKN1	-2.05978930095296	19.464284742714	14.1869395068177	-1.91992675151713	18.935509850243	13.5033800553089	-1.84917394974906	19.7209339973858	14.1237084748448	-2.1136789603256	19.5269003489238	14.2451648013627
NOTCH1 WFIKKN2	-3.54505884817814	20.1548330960963	14.5266340705701	-2.14524998038231	19.636067591848	13.8853552456349	-2.61788546962105	20.1392573445044	14.5871372419198	-3.08526728801618	20.2146525187316	14.5501509294859
NOTCH1 WIF1	-2.61292287814026	19.45041439278	14.5443295850079	-1.75461953675291	18.9293010218536	12.821462094815	-2.49388494842327	19.646566900884	14.240075195265	-2.35065311717593	19.4192392538984	14.0901573882093
NOTCH1 WISP1	-2.34095056974382	19.5546358396528	13.743174268835	-1.88355606745718	18.9268258546426	13.6212892242779	-2.25788993526538	19.8760428645889	14.5111455752482	-2.28950950786853	19.6047663578426	14.2163560444012
NOTCH1 WISP3	-2.52841015874744	18.7863573491229	14.3039078381744	-1.99998927799255	19.1002982085648	13.3253606391847	-2.47965313322067	19.2404547435537	14.407910265692	-2.04942779049824	19.028288579833	14.1151214241217
NOTCH1 WNK3	-1.82720144491567	19.5153454665746	13.8568553212481	-1.50869404744616	19.3878090922538	13.5529471846178	-1.90679104217979	19.6157662768414	14.204599205061	-2.05240613272647	19.6405015059181	14.0717519345623
NOTCH1 WNT7A	-3.85337623679682	19.2389993418718	14.9106665621692	-2.07067049303437	19.1940797426224	13.5798104820938	-3.40386969280365	19.6565763451	14.5795594434879	-3.66143096239459	19.7354152759627	14.7983127644797
NOTCH1 XCL1	-1.85206977754867	19.0961422162415	14.0522185617389	-1.27449670738047	18.9911985400881	13.2209289665386	-1.60521036077966	19.3981645606197	14.2148901611097	-1.49553483598394	19.2962244370786	13.9557465059958
NOTCH1 XPNPEP1	-0.3489614799102	17.0169235820182	12.2676919516925	-1.45256585836488	18.6461116672606	13.2290521862385	-0.990296454076735	18.2389050336994	13.357533424071	-0.975830886040722	18.1343471089624	13.1750944537934
NOTCH1 XRCC6	-5.59144269936375	21.4486079495791	16.1895946273427	-1.64646159942675	19.2078470909634	13.4501372636538	-3.24785251016764	20.5591993050307	15.2784335112049	-3.23682940948648	20.5944012678128	15.1209886392109
NOTCH1 YES1	-5.54789984487295	21.0876425771659	15.7744278503779	-1.1276036979588	18.1850900999157	12.9288675329187	-2.2837206197566	19.7617294815545	14.6757537617941	-2.58608887351313	19.8878346142835	14.654299474397
NOTCH1 YWHAB	-2.5309316009833	19.8854381980932	14.7185751071584	-2.30520072278626	19.4510462095245	14.0611740696332	-1.88456601724593	19.7537318116176	14.5659724934319	-2.34419745672484	19.872285092131	14.6667518515254
NOTCH1 YWHAB.YWHAE.YWHAG.YWHAH.YWHAQ.YWHAZ.SFN	-2.43416011727845	20.4266486558537	15.1974915283318	-2.19652419090853	19.230052104975	13.8825892425121	-2.32965495554369	19.8145146634109	14.6834405189251	-2.85332629177908	20.0019996213422	14.8584083653292
NOTCH1 YWHAE	-3.56549633224645	20.2090917481198	14.9771206192512	-1.13462769776458	18.2235335044312	12.8855129757917	-2.32786448024762	19.6615840915979	14.3695126909511	-2.09881276148654	19.5454989724575	14.2679822044377
NOTCH1 YWHAQ	-4.1696038468492	20.4157410924113	14.9053888128594	-2.86343066147535	19.7606918250857	14.0606912111995	-3.00243175363851	20.321182654671	14.9067389024986	-3.5780373448982	20.2139468828642	14.7623178785095
NOTCH1 YWHAZ	-1.58061522027817	19.6025608721782	14.4543091204541	-1.85796510881871	18.7969026012523	13.6439369966731	-1.79745065201319	19.3550898666211	14.4879269819209	-1.71828544051524	19.4405917041846	14.3403378488544
NOTCH1 ZAP70	-2.59223052888478	20.2668131818198	15.1119230149839	-1.38488493391594	18.6456135917785	13.2076669841483	-1.84327520430123	19.7139411127304	14.5140632794746	-2.20728223918947	19.6611597038331	14.4400031894893
NOTCH1 ZNRF3	-1.74277155176479	19.0592072019821	14.3026446161087	-1.94946721429035	18.3183273823205	12.5915992417941	-2.18563787842863	18.9548403394769	13.8756104801278	-2.06952825771638	19.0880056592929	13.8381787040227
