protein_name	r2_male	rmse_male	mae_male	r2_female	rmse_female	mae_female	r2_all	rmse_all	mae_all	r2_all_sex_adjust	rmse_all_sex_adjust	mae_all_sex_adjust
NR1D1 NR3C1	-3.80299959180506	19.6354305030589	15.6098831506739	-2.63057470042283	19.2198612345096	14.4360906166221	-2.81114356259834	19.5230965011064	15.3408878139764	-3.76948024665365	19.9375989163427	15.6119229376218
NR1D1 NRCAM	-1.71194339867794	18.8772053689856	15.0066320928377	-2.1511172418641	18.473091757549	13.9376513141227	-1.97806401077957	19.1470708694813	15.2463673039188	-2.79295056606679	19.1518788136687	15.1701518064401
NR1D1 NRG1	-1.73718567238871	18.890010284174	14.7989591207328	-2.55088034778149	18.7972559199578	14.2996034509576	-4.01407552716862	19.5583020701067	15.9150211013709	-2.53456192076815	19.0154082676193	15.0978073416012
NR1D1 NRG4	-1.86008802359343	18.1879050525459	14.3875053833036	-5.04861644685055	19.9569651678258	14.7782863439606	-3.85763202401547	19.8255497793091	16.1042133269287	-4.48243879449383	19.6049692282362	15.2697845872971
NR1D1 NRP1	-2.1477761185302	19.3853770700969	14.7042047215012	-1.96694986580308	18.6044466827613	14.3448087042319	-2.55481297526136	19.0684115506215	15.3688829084795	-2.95402451120427	19.2077278327481	15.224770007515
NR1D1 NRXN1	-0.754813933415083	18.0405738258655	13.9417691849213	-2.55912708132304	18.5449792985293	14.3687870239655	-2.36707744575273	19.2202857313471	15.025215461228	-2.2683872429933	19.0056150524695	14.9916971399776
NR1D1 NRXN3	-0.385388067384543	16.7869760245073	13.5838132793447	-2.8162927632932	18.2846615629408	14.1100768680719	-1.13689538724844	18.0839016145097	14.472251078129	-1.26910871230013	18.2999819016629	14.4343805530487
NR1D1 NSFL1C	-0.815967853398597	17.7810876483931	13.7285638555317	-3.69538663462629	19.663194538322	14.7993172327684	-2.25845681029244	19.2464251201423	15.1504798324112	-2.02956596006454	18.9720037641422	14.6751530987783
NR1D1 NTF3	-1.07621276112273	18.4018367659401	14.304316895521	-1.42805933823888	17.160110469522	13.1875364979965	-1.29680922476774	18.0739302835863	14.0905111969633	-1.55193116666936	18.2984827564109	14.3693898715105
NR1D1 NTF4	-3.38706260057136	19.1106054089141	15.0516589558204	-3.06758568672355	18.8892755801407	13.912671527748	-3.03118410439071	19.5388065660203	15.4447718263587	-3.87608213743077	19.4842770099291	15.2067245789346
NR1D1 NTN1	0.366993262186368	13.6519636526277	10.6184855932845	-0.48823325398933	17.1499936869458	11.9028800371873	0.0150409083141222	16.0896000973142	12.3015805938883	-0.0829499819021737	15.8708920709346	11.750658827925
NR1D1 NTN4	-0.331969564988836	16.1330626976935	12.7340224118817	-2.28490329257535	18.4862982173962	14.0313135302589	-0.977896337044417	17.9963694851695	14.1605319278786	-1.48875818685342	17.9505121670959	14.0603592971779
NR1D1 NTRK1	-3.12434894204508	19.0727328669799	15.2728410149175	-2.78630865034486	19.0635356629386	14.5444048641921	-3.06305535134925	19.3334428722839	15.4336372557539	-3.87129555471694	19.5323550714101	15.5426637281186
NR1D1 NTRK2	-2.73239253813656	19.3697864449141	15.0062619424154	-2.03281328455803	18.2257824907033	13.2518037787953	-1.75670613226689	19.0909413659033	14.6964196746696	-2.41804542542272	19.0469006570741	14.5018790936208
NR1D1 NTRK3	-1.61704776023082	19.1887443413608	14.5557666751512	-2.43126165569378	18.9554089541215	14.4152055871282	-2.09119140425642	19.3727657387003	15.2770001820468	-2.65162793457372	19.3100097736324	15.1440050358325
NR1D1 NUDCD3	-2.42645714409844	18.8706461399309	14.922566810496	-1.20988099492742	17.5207584555579	12.8576430642817	-2.13335842843122	19.0882175947298	14.8559085505205	-2.31580926353637	18.7364928222415	14.551930123879
NR1D1 NXPH1	-1.34260686625078	18.0043914954297	14.5077448369984	-2.0280665701136	18.1094597040974	14.2463948070052	-1.69121842778087	18.2367455250273	14.8868490348607	-2.46787667835907	18.5250092058172	14.8556042510256
NR1D1 OAS1	-2.07144438283102	18.2011340784034	14.5044426236929	-2.98117571848654	19.3828189995214	15.1884827804209	-1.96439849943991	19.2570063040868	15.3901860258551	-3.73370911851832	19.3138206703377	15.5052484764707
NR1D1 OCIAD1	-3.42076416907672	19.2676020592807	15.2269826540674	-2.78385686023124	18.8747416554777	14.301160507432	-3.47471174252732	19.2993743278663	15.4130008612224	-3.74262842344115	19.3707435003023	15.1569504508671
NR1D1 OLFM4	-1.58837863352017	18.6072593640797	14.7750452433297	-3.41134882136127	19.0512902173999	15.0513159370692	-2.75907547908948	19.0733205369883	15.8052920270926	-2.60687186246788	19.3236341807423	15.3302894355998
NR1D1 OLR1	-0.630052648929454	17.4413923685377	13.4576389058823	-2.77126069894058	18.0897872962196	14.0901387770897	-1.47235849446981	18.1132294708597	14.4686975765937	-1.81558776669475	18.2460345776288	14.3993188179796
NR1D1 OMD	-1.58881450937328	18.1471598172063	13.912094155961	-1.43797848717725	18.3486424168181	13.2556379462165	-2.47514797247875	18.8608668324818	14.6705044053545	-2.39063459611244	19.1106727928113	14.5189580596044
NR1D1 OPCML	-2.61936922279296	18.8654582875325	14.4661129848188	-1.48422666823431	17.820984878109	13.1859257912659	-1.46688876297144	18.768020383623	14.3809428177235	-2.51708285606243	18.8523784269457	14.4871182914692
NR1D1 OSM	-3.07573847516913	19.5519725085908	15.659224014534	-2.75538542784862	18.7056614770273	14.0816817970242	-3.04104265062574	19.5138499268976	15.2267652555737	-3.61760744188134	19.6649276076778	15.4692957440545
NR1D1 P4HB	-1.82193431986599	19.1384283301058	14.7791341423467	-1.99960444930246	19.195416250775	13.200759976631	-2.73297315820645	19.2614325514962	15.174359201732	-2.19314466708952	19.4480301547409	14.4641040132749
NR1D1 PA2G4	-2.57711887750661	18.9208635571413	14.4828458529322	-1.43279044273753	18.6372532919077	13.5700557387343	-2.40232010308065	19.3378874948265	15.010167481271	-2.46229627341282	19.2239077882345	14.7832024681897
NR1D1 PAFAH1B2	-0.533048964543375	17.708871872457	13.5134685379671	-0.373493891877833	16.0245001189008	11.4467799363421	-0.602008391063683	17.5379429180931	13.324853981025	-0.702956879492596	17.5370256375464	13.2518587844
NR1D1 PAK3	-2.97196980238803	19.2227474784047	15.0210454123718	-3.29410563017851	19.1274377000318	14.5495251744835	-3.30637072921115	19.8398104546664	15.6356595696922	-4.56116213327201	19.8452102756448	15.508968516741
NR1D1 PAK6	-2.39335207730828	18.9608523797712	14.8441508863883	-1.18812704467097	18.1080025401002	12.8463890833067	-2.02807482218747	19.0468991509687	14.7879993832837	-2.44875531965088	19.2505006230318	14.7286516631365
NR1D1 PAK7	-2.79655308536736	18.7836092803832	14.8999428338422	-2.06437348993397	18.2245302888738	13.8510961740282	-3.66436337897276	19.2411467876819	15.5109827995051	-2.76520841058947	18.9982756699574	15.047761756028
NR1D1 PAPPA	-0.287557073768486	17.3965789071941	12.5248374293842	-1.226352348553	17.836574480509	13.2534883528943	-0.772050499505375	18.1470130571187	13.4845718611471	-0.78932225473608	18.2321760596238	13.4102573428933
NR1D1 PARK7	-2.34280218492063	18.7327522232732	14.9027587180485	-1.21584212358246	17.7778751241198	13.2781629877883	-1.56922136817424	18.808884015431	14.6798939544831	-2.24993618124898	18.8420598363482	14.9846214582494
NR1D1 PCNA	-2.47138849164424	18.8859818404584	14.8813397341421	-3.80232355393511	19.3778981047492	14.7482975602917	-3.47636157557865	19.441888993207	15.4326472699204	-4.31837706106773	19.6655829860689	15.4087699390067
NR1D1 PCSK7	-0.402504985199272	17.3115857270523	13.3529668552745	-1.95934578759822	18.5975118867389	14.5111381107761	-1.17394024917228	17.9194247605113	14.5071945345873	-1.13826283955723	18.3146576205818	14.4122048525827
NR1D1 PCSK9	-1.38998945373707	19.3880785279029	14.5984123453907	-2.55359225675313	18.8943637376868	14.1234213247804	-3.5551788565871	19.2741644039287	15.4926185541197	-2.68525829216916	19.6216481407418	15.0112328033307
NR1D1 PDCD1LG2	-3.4680118752912	19.8253568868986	15.961635073071	-1.11071680104189	17.4492795843446	12.5981712456292	-2.22931823022954	19.2518395697546	15.1290291329515	-2.4475609714469	19.347051167458	14.7831805940423
NR1D1 PDE11A	-0.646016789579768	17.9805120805289	13.7278377125362	-3.20264068605993	19.2448540644152	14.6909440396272	-1.89084685188747	19.2473532317854	15.0999969630273	-2.04268197098673	18.9633840464101	14.6072168140197
NR1D1 PDE1A	-2.61821783770977	19.1761011349012	15.0137202068593	-1.07900110253252	18.9919432743864	13.7332867485806	-2.87671507988009	19.5679806235345	15.4179185764802	-1.97867076419861	19.3955340309039	14.9081101389745
NR1D1 PDE2A	-3.33529259686847	19.2250063805089	15.1284917787178	-3.11014101325952	19.1372480795941	14.7565416145859	-3.01578192531271	19.2415769189095	15.5162697765201	-4.140335223787	19.5923515610051	15.4704488596965
NR1D1 PDE3A	-1.75582909360784	18.3794992490778	14.8335106429847	-1.05736777092155	17.9906874036692	14.0344125592734	-1.67832936640396	18.4487175714639	15.3136106495107	-1.57688719124702	18.4414030442022	14.86477411742
NR1D1 PDE4D	-1.17332578552992	18.2418193989579	14.3171428165897	-0.689508079700032	16.3383470562257	12.4618699290924	-1.1751236513397	17.7669127756392	13.8188944387752	-1.19380580762599	17.7347611111327	13.7589469011295
NR1D1 PDE5A	-4.29469240984817	19.5994629676088	15.5737116806718	-1.31541604906097	17.9432294617973	12.9456317809054	-2.14734856575448	19.1341702877609	14.8882486099156	-2.93122685507528	19.3278281892264	14.9515196217491
NR1D1 PDE7A	-1.46353573972665	18.4241048327536	14.5612895169253	-3.58210552550073	19.3258594770302	15.0655544607691	-4.49054139944029	19.8026344382971	15.8120994659353	-5.08207623757906	19.8137875617643	15.8182845471908
NR1D1 PDE9A	-0.878014374570881	17.3138550169223	13.4114539759608	-3.21990023274832	18.9013079816503	14.6979115095513	-1.67867469241225	19.0695758854677	14.8562413133372	-2.33291124181366	18.6131287553467	14.6592198860147
NR1D1 PDGFA	-2.5543258200394	19.1934726490953	15.2406002297242	-2.09915165663348	19.1133726509078	14.3410288519153	-3.16967881240785	19.6258049901167	15.6355782685349	-2.76168488608059	19.6211134187099	15.233119559607
NR1D1 PDGFB	-2.37643618845281	18.8996763189972	14.7165168186731	-2.21103596524151	19.5526891174603	14.5934184898829	-2.93273880507363	19.8426101828636	15.6009424084312	-2.76352248183004	19.5871547192421	15.2261595798241
NR1D1 PDGFC	-2.45671288595852	19.182493428145	15.4515959231481	-4.01016346393123	18.9620276256622	14.3217259058695	-4.21601207010266	19.8709063198665	15.79888524172	-4.00372656373795	19.620593419225	15.538496848788
NR1D1 PDGFRA	-1.764892139769	18.3484585394757	14.6665034126911	-4.1701165929143	19.4389742395877	14.8702918461912	-3.34510221573651	19.2315703294373	15.2594695978108	-3.59171732370736	19.3488063615188	15.3016105917151
NR1D1 PDGFRB	-2.86432396141246	18.9309886603145	14.7547774019474	-2.59173531657811	19.2072865642846	14.4411510544053	-4.92641864421651	19.5959315180215	15.495281161125	-4.14906961726456	19.7329402936574	15.5269004793235
NR1D1 PDIA3	-2.18609972087799	18.8395995624796	14.7780647625759	-2.90621723726234	19.6595997795746	14.9013988628046	-3.7630394255156	19.7809423380648	15.7584153618319	-2.95074178980439	19.6537445712961	15.3992314322945
NR1D1 PDK1	-2.72896500544987	20.2285921007221	15.710053878309	-2.82965529037062	18.2671515459736	14.2118758234536	-4.73863239772278	19.9124439417685	15.7183361293447	-4.05461633788594	19.4459612333673	15.5155733429379
NR1D1 PDPK1	-3.49845030203277	19.9387818758136	15.7692829522908	-2.28636353863193	18.7923373533286	14.3429471492821	-3.65209326048568	19.7050814063791	15.8796194915546	-3.77823692164046	19.7558313873579	15.6776847536314
NR1D1 PDXK	-0.786192663339289	18.970173709271	14.1183793066745	-1.92007652998425	18.6476997596848	13.6725877972369	-2.32187772542796	19.314555648849	15.205716883048	-1.59664715903008	19.1826995567076	14.5772662994127
NR1D1 PDXP	-2.94017309255549	19.1178345489363	14.9294407004792	-1.03064909755656	18.1291358085699	12.9643291016311	-2.06618276850814	19.0587812400027	14.8032654701225	-2.24771166720999	19.1007434479621	14.638526788056
NR1D1 PEBP1	-1.26485829044741	18.0980901071045	14.5353509952804	-0.972752433007603	17.6874982946287	13.34258764101	-1.52511904496241	18.5217418365417	14.9345720671787	-1.36989649491449	18.2913550442839	14.5177588306649
NR1D1 PECAM1	-2.18693209066231	19.8777684930193	15.4276124842349	-2.96438587721549	18.9782033811725	14.2527148785836	-3.51498048624253	19.6891634900243	15.7336543623295	-3.59060896297091	19.5937319526049	15.3956576911482
NR1D1 PES1	-2.03549460389116	19.1630415149174	15.3509622621844	-2.14238896899568	19.009683052853	14.3077805396939	-3.3149266830543	19.5130521830573	15.7706803367148	-2.68254596741809	19.4225851605293	15.3423984202694
NR1D1 PEX5	-2.89744103741517	19.7832083405084	15.3220070288961	-4.46910531478302	19.3219345561231	14.5564507472013	-4.24106732009093	19.704297926105	15.5790939830536	-4.04379110672493	19.970941776166	15.4378632758772
NR1D1 PF4	-2.99220876633775	19.4957549020302	15.4161962358669	-2.04568688955671	19.544675329412	14.559153064205	-3.78966772152575	19.9376507301437	15.9455376289399	-2.85624665423926	19.8933020451069	15.481040747904
NR1D1 PFDN5	-2.93242536190068	19.6530972141108	15.6684237617923	-2.08861173940099	17.7113603901811	13.5857630258806	-2.8426061264065	19.3188096170678	15.5026585610546	-3.35121562565063	19.2489247056532	15.2754692540597
NR1D1 PGAM1	-1.06480565629757	18.199634365725	14.5428265031559	-1.3415581271539	17.7519386514216	14.049223084134	-1.18940734395588	18.1373254736794	14.496473952728	-1.39120085800607	18.3749193541408	14.8054082955598
NR1D1 PGD	-2.53140958075329	19.4301014633124	15.3000234149298	-1.28175461170994	18.5385555512054	13.2704978261137	-2.62450321646665	19.5217201686598	15.4866132303481	-2.28080985705567	19.3528128385124	14.9367622010883
NR1D1 PGF	-1.96267072791594	18.6585176171534	15.1787923687206	-1.43708629002404	18.7440665261996	14.7299589187814	-1.6150717393398	18.8565941931898	15.3329132725642	-2.25191209381695	19.1677754506284	15.4778682386229
NR1D1 PGK1	-2.74742292081548	19.8159395765291	15.4171045935476	-0.931030168366811	17.3966798733721	12.5287269023336	-1.98085304146849	19.2316560694735	14.8259360956003	-2.27223584883414	19.1895294755124	14.6191210617769
NR1D1 PGLYRP1	-2.57630624908083	18.7591440291921	14.8653957595914	-3.38191345428413	19.5693536129701	14.6795797296377	-4.59354326294082	19.5186411626108	15.6722857242098	-4.0639915207552	19.6060776375412	15.3285886870648
NR1D1 PGM1	-1.23489202018367	18.2702662400256	13.9590026675103	-2.48431009350908	19.0652635461584	14.2145899558659	-2.71318578504811	19.1329256671129	15.428101242895	-2.59533929818507	19.0488903690153	14.755879316175
NR1D1 PI3	0.0366609213367577	14.6651945772318	11.1641630584416	-0.422956751319525	16.5175611760136	11.6451286368924	-0.405784586746632	17.0227463392343	12.5701270172575	-0.516767022239004	16.7386202788017	12.1724239914607
NR1D1 PIANP	-0.495602411592688	17.4058313926918	12.6269239197449	-1.88849816462776	18.9177341507872	14.0193240198362	-1.46977393457691	18.8635177004212	14.3646373846104	-1.55195460331285	18.6332027395336	14.0436784401046
NR1D1 PIAS4	-1.58725792508587	18.4280264555134	14.2237744692391	-4.22901721376302	19.0648561800287	14.7815733137347	-2.29765460256454	18.9174335465358	15.2180201532391	-2.65454226538902	18.9655288863841	15.044631507724
NR1D1 PIGR	-1.62920322943656	18.7909653251883	14.627463404966	-1.71025489693983	17.8600127394224	13.3433393138643	-1.87751658369501	18.7526500220248	14.4286561012013	-2.14368052894525	18.6924552426061	14.3952439504056
NR1D1 PIK3CA.PIK3R1	-2.74243367741906	19.66182176005	15.4411899918313	-3.21894041709949	18.9539444768054	14.4667161631043	-4.8395914680976	19.884809061876	15.6604975344412	-3.42783012360544	19.6285425067031	15.4388993565409
NR1D1 PIK3CG	-3.49714332010583	19.6542134906343	15.4947268593046	-2.17518788942847	18.699508524251	14.0428376392855	-2.76330702366294	19.4396720650347	15.2856931007127	-2.94635889829079	19.5702639726057	15.3460731377837
NR1D1 PIM1	-2.67713878434037	19.4418979498529	15.3780297753021	-4.47301706066957	19.3859939405103	15.0422971967844	-4.24725008003226	19.7655298429863	16.1493716240518	-4.25644625121499	19.775018133351	15.7307508252919
NR1D1 PKM2	-4.66278882127394	19.7075531343046	15.6729502589034	-1.25584321179568	18.138797641106	12.9974766001135	-2.4819330377848	19.4330326091806	15.0533918055538	-2.54529120630914	19.280229911776	14.8036197028819
NR1D1 PLA2G10	-3.01289589533221	19.5071929231972	15.1143699454295	-1.69158576060961	18.0381438726853	13.5480860079697	-2.16272495991267	18.832979700813	15.029884987962	-2.34450403905806	18.8716387215273	14.7804360729482
NR1D1 PLA2G1B	-1.86877399490579	19.4722042647446	14.9043432568615	-2.43618005077069	18.313078315245	14.2525474373662	-2.61285164031932	19.4676298564153	15.6238263841696	-2.83496258969307	19.1946215400615	15.0974010010548
NR1D1 PLA2G2A	-0.535693431060178	17.1453558361718	13.0486822956192	-0.638089199022897	16.9005025162456	12.2215980829361	-0.589809640697733	17.2448484532619	12.907600785008	-0.808245957071345	17.3759495269968	13.1215189036102
NR1D1 PLA2G2E	-3.29481240374185	19.4722203722025	15.4649823090276	-1.25183542036148	17.5373057909364	13.6852826204949	-2.15945890917582	19.2061796503658	15.3749880722082	-2.36939509816057	19.0867446878566	15.0719480798574
NR1D1 PLA2G5	-3.72569213587626	19.2172692286191	15.1586104088971	-2.43926381592612	19.3283825329772	14.7025951174689	-5.07475783181041	19.9970213098865	16.0994589932633	-4.27980882905402	19.7920547931498	15.6419429037671
NR1D1 PLA2G7	-3.50709544849829	19.6176903219883	15.5524165172661	-3.8535978987607	19.4083405278305	14.7114734324754	-5.15632336388699	19.9077725038491	15.9055837605946	-3.7914286505392	20.219165930859	15.7631658086037
NR1D1 PLAT	-0.0196889370774938	16.1160951552726	12.3365528780727	-1.45312884987796	17.4988281143627	13.5031173218509	-0.398938013989437	17.0772947630466	13.4879848522522	-0.796159801598229	17.2769978859362	13.3105097002998
NR1D1 PLAU	-1.84683389111979	18.3686611651344	14.7103542200159	-3.01906577763231	19.4289776050736	14.909037789781	-2.86081211698235	19.4199595163923	15.6193339850394	-3.42331201246124	19.4633368000239	15.4474877153529
NR1D1 PLAUR	0.499851433943559	12.426427204417	9.3164112366319	-0.403384392106667	16.1087467435628	12.4526964454286	0.105265596063455	15.0780849658222	11.6150292609896	0.0277166820719105	15.0190396439449	11.5186706394021
NR1D1 PLCG1	-0.903306768346386	18.4362456735911	14.2990026453945	-2.7505328730424	19.0207197329538	14.1546530146998	-2.54538133774373	19.126450665665	15.130639690006	-2.10234767687719	19.3097391617811	15.1204159714474
NR1D1 PLG	-1.24324142706618	17.8956619478131	14.2320714407501	-0.639966007538645	17.1591627061315	11.4877003071509	-1.04935905098808	18.3446931868249	13.4184166768571	-0.950672990838646	17.9900479958685	13.2802458164844
NR1D1 PLG.1	-2.86727508935599	19.3614163015936	15.4722003782673	-2.46769003473496	18.5992811012614	14.1987432674401	-3.71727305922722	19.4792538299892	15.6132416340778	-3.18261428209105	19.2520904416149	15.2965727714842
NR1D1 PLG.2	-0.851236028547297	17.8481449878032	13.6520632270876	-0.319037954462987	15.9915013368255	11.7582581329535	-0.684387130581397	17.3529925119915	13.3014442853483	-0.674541181802579	17.3191394268377	13.0983132647418
NR1D1 PLK1	-3.16373580436162	19.5292910324754	15.2336048234798	-3.41556360249385	19.3564336536785	14.6769884366423	-4.52897917765167	19.9768210706062	15.6595110096054	-4.42762149620125	19.9842405566625	15.4203106512664
NR1D1 PLXNB2	-2.62807795606509	19.0767468599031	15.0336441086862	-2.66699499194032	17.9618315624848	14.1227633532693	-2.7361317214729	18.9998500778649	15.2187806812169	-3.56750072560528	19.1730937190389	15.3981886099187
NR1D1 PLXNC1	-5.23105679031406	19.5931091411217	15.7256815380012	-2.05345006844276	19.1152899058913	13.6621013732647	-4.69364718719785	20.1012708410457	15.7723833935582	-4.24341661436216	19.8971714103174	15.3186754899778
NR1D1 POMC	-1.47285550264718	18.2978397998552	14.5844097792015	-1.96617384318346	18.1993878046262	14.2455362081893	-2.3224081441998	19.0008591871991	15.280229007625	-2.3282768295612	18.8955245386183	15.0446760828104
NR1D1 POMC.1	-1.5213353255953	18.4195663560966	14.6229642577725	-3.54360657491622	19.5207065431614	14.6520709583854	-2.91011803445059	20.0398083218238	15.5874320081179	-2.96531631091643	19.6238621897951	15.3432337155206
NR1D1 POMC.2	-0.565110416880003	16.7697014375237	12.4019882229165	-1.82892075297293	18.760602396742	13.6930566384889	-1.02728293001385	18.4799647656388	14.1371625236368	-1.1824322009194	18.2682894593246	13.7149299442997
NR1D1 PON1	-3.84381135623971	19.5224663710292	15.6116609805153	-3.47468697764756	19.3591689538656	14.6904820843317	-4.9470340874812	20.031267622286	15.9704295026497	-4.49933309665336	20.0493529932759	15.7659194921416
NR1D1 POR	-0.432376946869571	17.2096194052557	12.9426688493545	-1.03434959729104	17.0774165192686	12.2035693376381	-0.656863808267746	17.3441967833919	13.2232603225484	-0.932641742935952	17.679624376056	13.290917445583
NR1D1 POSTN	0.0692644618524596	14.9317048406098	11.3063390911301	-1.5924189154377	18.0059990198687	13.7466235436982	-0.353401864144033	16.969564443992	12.9520013611614	-0.510618071202293	16.932117926521	12.9822664160367
NR1D1 PPA1	-3.27787218346963	19.4643129471327	15.1250413918938	-1.75368909001895	18.4266563344806	13.7936522568701	-2.49367944599498	19.5439100105847	15.4166520392334	-3.0420209458333	19.4117385460138	15.0814261265806
NR1D1 PPBP	-3.15200616065702	19.2118074516317	15.1611876461998	-2.03220555420341	19.6082381909305	14.3650249072876	-3.03943083781478	19.9023080639283	15.6413715515139	-3.08588826659604	19.8212905353984	15.3027942707904
NR1D1 PPBP.1	-3.41778122474741	19.3277062090288	15.2717942404377	-1.85383345300472	19.6352861894632	14.3452453959293	-3.11671321946012	19.9663670599004	15.6668856936122	-2.96172099221198	19.8293213209103	15.3439224370327
NR1D1 PPIA	-5.01565813004641	20.1209518670561	15.7937759268967	-2.58818683060086	19.0096448803653	14.1380036243433	-3.57493344703155	19.9585274300275	15.5279081633933	-4.66553343082077	19.9751480421396	15.5002834756202
NR1D1 PPIB	-1.04626060013779	18.277436380954	14.6122184798992	-1.908261886322	18.1667250683056	13.940149736751	-2.22102214679901	18.636845982406	15.036388681577	-2.36361207083857	18.9461228687334	15.0309109047401
NR1D1 PPID	-4.39465732216891	19.7752997434124	15.7245264105592	-1.79595081213415	18.9566608707559	13.7905463294314	-2.81018107521199	19.7172367879736	15.2901188530056	-3.06185874538894	19.765511036361	15.2545359155324
NR1D1 PPIE	-2.96469439166859	19.0584316372728	14.828263455077	-1.59134211774706	18.6142119784518	13.3558630187285	-2.27429516518266	19.7721766453162	15.2883377963136	-2.83425571432061	19.4056150702075	14.8057226538349
NR1D1 PPIF	-2.32326288931364	19.1272544213615	15.0327747952958	-3.69059871085591	19.0295577260322	14.1983593973262	-2.64207756580541	19.538595221953	15.3408450837316	-3.74190284715968	19.4575967077933	15.4575344870384
NR1D1 PPP3CA.PPP3R1	-4.25062422933001	19.7255051991519	15.7378068279657	-2.00446023592391	18.9607497961336	13.9788175220179	-2.96301565355469	19.7160901683069	15.2982379126063	-3.51650305148065	19.7372851342034	15.3802273635931
NR1D1 PPP3R1	-2.64596043682176	18.6861436253115	14.5404074924492	-3.94144259998512	19.2312502432564	14.465548925511	-2.25176123454443	19.0913785273847	14.95948880646	-4.13892500944637	19.5280540837832	15.2388407575233
NR1D1 PPY	-0.243497487440996	15.995607952601	12.610170056487	-1.0076427699824	16.7901000974979	12.9533093214473	-0.390717138881573	16.5835595122085	13.2283574469414	-0.555142999154232	16.8554963680377	13.2658583179396
NR1D1 PRDX1	-1.97542568634884	18.1308284866095	14.5446927695862	-1.25208736863496	18.0210218288422	13.3042488683601	-1.73959281653439	18.8362396008892	15.0224349577255	-2.27245998448862	18.4828072733988	14.7355401456275
NR1D1 PRDX5	-1.42645241920543	18.6874047969944	14.8937251411497	-3.21480657496196	18.4689939963963	14.3983425999864	-2.60919580056422	18.8227701086562	15.0798813245676	-2.77743305511259	19.1023627864631	15.207018995868
NR1D1 PRDX6	-5.35530859064684	19.9260876552813	15.9451454053542	-1.83327981495199	18.7811870870782	13.8721470324209	-3.64106901246191	19.7994655491538	15.6050937480513	-3.60871396514882	19.5715431122432	15.4272120294711
NR1D1 PRKAA1.PRKAB1..PRKAG1	-1.42383588380042	19.2336948534325	15.1933963425713	-4.96860218852048	19.7321902085974	15.1831337708128	-3.18337519742755	19.6807024842501	15.8295610033078	-4.29923770522402	19.8794771130154	15.8098299489673
NR1D1 PRKAA2.PRKAB2.PRKAG1	-3.92457816189729	19.8716315442309	15.9517759310932	-2.69625968437922	19.5700586323259	14.5449929229443	-4.13541509436431	20.2087195161163	16.0031595170587	-4.28526488868922	19.9911713455039	15.6527339453715
NR1D1 PRKACA	-1.34259228416291	18.3648943462166	14.2254757535239	-2.36976484972846	18.6030213471659	13.834359982145	-2.2324418776035	19.1430143177257	14.9560902220569	-2.76998285728857	19.0311414188538	14.8441950685729
NR1D1 PRKCA	-3.53296750391515	19.6970661876771	15.6248163508131	-2.16874350989832	19.0499128672069	14.0921020909889	-3.12546769280316	19.7620204072352	15.5764353154333	-3.79287952877741	19.8146048103153	15.4901610534645
NR1D1 PRKCB	-3.04105356348242	19.532453156337	15.4562503873188	-1.60586127281145	18.7588793941865	13.5345802910666	-2.61096675610111	19.6562799548964	15.4459373027112	-2.44841231519943	19.5451223841575	15.0719974005353
NR1D1 PRKCD	-3.7491398330481	19.1405812567878	14.6939744308681	-1.77847241165775	18.4776873911982	13.4679908331786	-3.43393856482227	19.5947436244224	15.2037768148936	-2.67692493912641	19.2138754517325	14.601522613492
NR1D1 PRKCG	-1.32452096434956	18.5277557890141	14.2722190719869	-2.99259302589482	19.2056957759712	14.8128804368363	-2.82534781184545	19.585564177751	15.4249961193882	-2.56979690010721	19.3604407118321	15.0014120439551
NR1D1 PRKCI	-2.58775815236326	18.8017237759314	14.9761056608885	-1.84147866241097	18.6772201203594	13.864389917415	-2.46360694733111	19.2332933378145	15.3327793476951	-2.57440345991444	19.2897795014039	15.1395562901983
NR1D1 PRKCQ	-6.99723124922256	20.1941175987245	16.2000443676208	-1.99732274269277	18.8671949274188	13.7054432003633	-4.31294619721128	19.9247210441211	15.7309537699739	-4.02537783195747	19.8855758395731	15.580909459921
NR1D1 PRKCZ	-1.44834379262844	17.4302059289734	13.9659134635551	-1.36323034566489	18.3664032569637	13.7080819223714	-1.71508484233881	19.0120231876116	14.7724815168761	-2.01343066094227	18.7230134758246	14.5697043563387
NR1D1 PRL	-1.24769354938358	19.5013603041798	14.7439217121221	-0.960128357741518	18.2531263144433	12.9187751321079	-2.00966089598498	18.994113182893	14.844014444696	-1.74290723133151	19.0418503526547	14.550799797513
NR1D1 PRLR	-2.22241684421383	18.7018705593663	14.7680056184535	-3.83692017900482	19.3408917014017	14.9088901887685	-4.286251916064	19.8132655491887	15.6604234376072	-4.575634068474	19.7243030900096	15.4592710392259
NR1D1 PROC	-0.855274148469046	17.4526326280156	12.9650321230138	-2.54105588921498	18.7099528269929	14.0703419755839	-1.51154742960119	18.6338416931367	14.1201077016088	-2.15855802502364	18.5808851552643	14.1962636451854
NR1D1 PROC.1	-3.54529559557866	19.6129797703398	15.131457597218	-3.08971128145533	19.0560037196587	14.2682262452537	-3.23267753323827	19.4119153358164	15.0741735120466	-4.90984101337144	19.7971449897617	15.4561056772453
NR1D1 PROK1	-2.38672620514003	18.6160872142835	14.6875466656691	-2.48921597611521	18.6842808708912	14.0622215985164	-4.1990708744375	19.4891549446382	15.5053118898226	-3.56629198922306	19.1544361588289	15.1117171206935
NR1D1 PROS1	-0.735530520963218	17.4748316443905	12.88033274293	-3.6170747662172	18.9261036542485	14.1967633682919	-1.42581042972636	18.6134673739695	14.371353557842	-2.18014391443411	18.7304632596022	14.203537966667
NR1D1 PRSS1	-1.84770242065754	18.2183858393288	13.8913878536386	-1.31161724861593	17.8653582709491	13.7968325770132	-1.25156195180968	18.5710357806186	14.5150850440756	-1.74562237099977	18.5702381646231	14.4617673385067
NR1D1 PRSS2	-0.949763815947217	18.1582918072819	13.8298223118063	-1.33339356159866	18.2983064508888	14.1646878643447	-1.38295591772923	18.7305795799445	14.5474838949584	-1.42705302292215	18.8068794661731	14.5119221532776
NR1D1 PRSS22	-0.640341320978822	17.0623047286483	13.0132433407968	-1.54332873249116	19.2962011887251	13.8344798461925	-1.10863419381865	18.7888041335334	14.6529175947332	-1.32285676510045	18.5483308215678	14.0903642364786
NR1D1 PRSS27	-3.12365694965656	19.5944015887868	15.1016400449165	-1.00026756463589	18.2070891875038	13.2611388296687	-1.32405240590785	18.9266606741967	14.734441351887	-2.12753739430584	19.264902558502	14.7811847344464
NR1D1 PRSS3	-5.66127743627335	20.2022196355485	16.0610488339263	-2.45917639035777	18.5025304038421	14.2012303328962	-3.49742101792428	19.680003065191	15.6394368503464	-4.53773988021283	19.7591008237327	15.7513893655571
NR1D1 PRTN3	-3.38908015008244	19.3602170932564	15.4552503561198	-1.8955844799711	18.0186596735414	13.7677096246242	-2.54833433138001	19.2025517332442	15.2329879077353	-3.02019182214852	19.0220869298168	15.10593587409
NR1D1 PSMA1	-2.94931864293986	19.5403867977417	15.4327432196375	-2.12043072309937	19.1142984533382	13.9638067147444	-4.12443848959248	19.9967844244922	15.9287568156683	-3.13643342075242	19.7088932312172	15.247203918587
NR1D1 PSMA2	-3.72940572614367	20.0412096329157	15.6904345034069	-4.40993327129698	19.1427020637822	14.786070530192	-5.58700771525973	20.1020294860104	16.0443467260607	-5.98507645634177	20.1525980475939	15.9420027574574
NR1D1 PSMA6	-3.59796076339802	19.5621278393499	15.434446401903	-1.21680946675807	18.1932886460231	13.4806303251128	-2.76521572285623	19.3553036489997	15.2748196335051	-2.80625965886362	19.3798210745692	15.0500289420588
NR1D1 PSMD7	-2.49807097607811	19.3416607818382	14.9982982524433	-3.26059440008986	18.9041511206908	14.586353707183	-3.72146361128282	19.7503186104445	15.6956660655039	-3.95636791901661	19.7557598798742	15.5171076204007
NR1D1 PSME1	-0.989232559677544	18.5858360588721	14.6788174117501	-1.50650301961795	18.2878037393244	13.7411384498778	-1.61645755093454	19.0862314100737	15.0342025544773	-2.23051384071963	18.95972932835	15.1294552688855
NR1D1 PSME3	-0.939046795185526	18.3050778417737	13.899790715753	-1.1550884732359	18.0627209996176	13.942506557971	-1.16475179840495	18.6988296436756	14.7268326172029	-1.38475009070769	18.7809017127473	14.5300094142366
NR1D1 PSPN	-0.808189579180202	18.4948650635625	13.9945733815072	-2.29968153549505	17.8385025290716	13.9459469671716	-1.66977224710715	18.7077813324926	14.7168689962021	-2.14527945522464	18.8300404149795	14.8871142682259
NR1D1 PTEN	-1.9479754901012	19.1968047521828	14.9482391074043	-1.65068118493516	18.3856707407497	13.8263280534873	-2.01745767902785	19.1296789424914	15.1412518229727	-2.362769296993	19.1571397085369	14.8801231115362
NR1D1 PTGS2	-2.52584392898516	19.2083969598105	15.8584527253356	-2.06331619689235	19.2636635418051	14.4661319470669	-2.71594474962597	19.4334013314742	15.695427132309	-2.94850263926674	19.4179451008386	15.6594657940315
NR1D1 PTH	-1.1462697253597	18.9963836790472	14.0182970728833	-1.88514866068462	18.1604365371676	13.7889573217887	-1.69660261081769	18.8310013086375	14.5573457285969	-1.78987508401568	19.1460397966586	14.3845479178451
NR1D1 PTHLH	-0.159291080486816	15.5135417128576	11.2192591669299	-0.497642417851217	16.1766339542718	12.2072003137513	-0.145261870404204	16.3691175427303	12.4525304854021	-0.341237656921559	16.2857023487732	12.0450323105617
NR1D1 PTK2	-1.66424224940673	19.0184652366887	14.779834960014	-2.49339439583337	19.0610574977651	15.0436061174345	-3.7490118855185	19.4429249939962	15.5522042665198	-3.12721105890776	19.5995328860515	15.5050704417392
NR1D1 PTK6	-1.40038459155804	19.0114624295845	14.5623419276208	-2.32800390659021	19.1656166164977	14.2146153736467	-2.41490935281303	19.2552755122791	15.4710405129908	-2.3413020559343	19.34404364112	14.8797299416531
NR1D1 PTN	0.729343004840698	9.84671557663728	7.15347890334047	0.649791624573798	10.4998348972571	7.60440914527971	0.673581184044222	10.5672280032751	7.99282847757547	0.660506964718557	10.5480240729279	7.82015513086193
NR1D1 PTPN1	-1.01336714949649	17.2410237508623	13.1263334162038	-2.92456365823634	18.6770009637585	14.5151604945411	-1.6447494246592	18.7957924212532	14.7747573118703	-2.64089000893084	18.8583943184656	14.7799428557018
NR1D1 PTPN11	-1.9882925442186	19.4485388640576	15.2722399129411	-2.56296875878494	18.7048707174327	14.1087465277888	-3.34364894592143	19.6349077115991	15.3759050537294	-3.20326234650101	19.6579408873815	15.3319467939834
NR1D1 PTPN2	-4.72790290066454	19.9293130650517	15.922701436125	-3.72874143529393	19.1951338240632	14.4596851462414	-5.59147355989594	19.9081126842493	16.106205817877	-5.60830932448932	19.9045935438181	15.9559300724094
NR1D1 PTPN6	-2.4589058085227	19.5245640088605	15.0628827257926	-3.02401537453187	18.9466513149202	14.4221797679645	-3.90396721744581	19.7457643279165	15.6490594771007	-3.32709083126793	19.6685331368365	15.3183713007186
NR1D1 PYY	-1.6355771343082	18.3987475931946	13.8641051742008	-3.52706835699758	18.9319557823617	14.6515572098152	-4.46802708344541	19.5242440403214	15.4318205985259	-3.68352706556529	19.2995391714311	14.9911697733804
NR1D1 RAC1	-3.62725671304693	19.5362902673148	15.5062452661594	-1.87057400822091	18.9551168071708	14.0586349558526	-2.67963431325227	19.8032367066722	15.6769942762882	-2.90024776294028	19.6648773039174	15.3328762739259
NR1D1 RAC3	-3.68723617331837	19.3835747548762	15.6636876422647	-1.70866366971287	18.394115438072	13.4226469040896	-2.67660618381107	19.8241229962598	15.7025426625685	-3.20900104220674	19.4685988016604	15.2198434795386
NR1D1 RAD51	-3.26927977474584	19.1542359453989	15.0737471118441	-2.20822662598688	18.6595392724193	13.9083684794091	-4.04761259967428	19.4933355641391	15.5120532823084	-3.76169888793566	19.5065920129484	15.3366427556866
NR1D1 RAN	-3.187252598064	19.5146874832297	15.3493768561728	-2.79657523467368	19.2257400921264	14.3310460623397	-3.63494930716409	19.9500846660868	15.6592884923549	-3.45299946371658	19.7121873764846	15.4300821457521
NR1D1 RARRES2	-1.40446640859144	18.2019975292556	13.7902090884363	-0.929774735803158	16.8572286547645	12.6887395164096	-1.09536266073065	17.9788289167185	13.8783964776471	-1.21193870948317	17.9057231567142	13.7341237713633
NR1D1 RASA1	-2.3829678061392	18.9773453942988	14.7533041166044	-2.70388205883463	18.8186890456769	14.3044540606147	-2.52740212472488	19.3387728897378	15.198582224035	-3.38153721449117	19.4671006033501	15.2480090057146
NR1D1 RB1	-3.61118098617238	19.0442113930152	15.0798071186989	-0.900454250832916	18.9624838788004	13.5710437148536	-2.19973048816134	19.4498482437643	15.2262239842559	-2.30172371927376	19.4317635132585	14.9992137112374
NR1D1 RBM39	-1.3613823760396	18.1930036684489	14.2538565535797	-1.35475486053081	17.6824430123526	13.4617277972473	-1.34471708812474	18.424943222111	14.5558997992338	-1.69207557150192	18.4656941098675	14.4089787321028
NR1D1 RBP4	-5.15160750413403	19.9401646933401	15.8086409566464	-2.77429095731318	18.7687601825006	14.758124135952	-4.58403581406792	19.6450637565833	15.8003388009514	-5.24453067118905	19.7965645216019	15.7790725397766
NR1D1 REG1A	-0.222023383538999	16.4542589608332	11.9416243556132	-0.732159632595291	16.8330039642792	12.5785069289016	-0.28746708913735	17.2551535486771	13.3854992446244	-0.648200446997376	17.1302544026304	12.8303066461159
NR1D1 REG4	-0.14659964401145	15.9135868235008	12.5319981150566	-0.328193100541476	16.3076857784733	12.1628198745996	-0.21564288030205	16.3294816472527	12.9299574051622	-0.380443475509385	16.615539008547	13.0510669778406
NR1D1 RELT	0.0339465677971734	14.9288285903303	11.0750161879048	-0.535465756765317	15.9225182511725	11.5308388523336	-0.231869940200497	15.9435384550281	12.0007628089236	-0.287219275226145	15.9731539583404	11.7583956020291
NR1D1 REN	-0.193624516277083	17.2717537157458	13.4730960616682	-1.75976313007678	19.0372836375206	14.4928580985379	-1.42457451518141	18.5818628900405	14.7878188273327	-1.0952559048191	18.5646063548342	14.5886957979907
NR1D1 RET	0.496385578491391	13.5452229507999	10.0186593552991	-0.302708263912638	16.1037271206809	11.5901864794899	0.263923514992371	15.336016539211	11.0688124147075	0.150168696678598	15.2769915157744	11.1390055279751
NR1D1 RETN	-1.20665884197416	17.796140572629	13.8345008001195	-2.58496004271002	18.4410037361484	14.2665814330533	-2.43988206258102	19.7287288710784	15.2555638772395	-1.99653006135049	18.6426096319643	14.7608090092503
NR1D1 RGMA	-0.732778909969501	17.948913213933	13.7490914433765	-1.77266915726882	18.7788855530357	13.6962442854086	-1.25404778755345	18.6725595870666	14.4858984849787	-1.36470976330966	18.7148628558861	14.1393937998752
NR1D1 RGMB	-0.777668891373106	18.1998585609771	13.4562588889332	-2.51751987203032	18.9594622767151	14.5302318805404	-1.72631167877144	18.7762292344887	14.9267293948232	-1.77284703083959	18.9531233040696	14.513828911117
NR1D1 RNASEH1	-1.97991002938824	19.7582448175497	15.0358308332169	-1.65411473282962	17.9463666661616	13.6130034149407	-3.96207577225685	19.3487880609526	15.345617073758	-2.60192572721505	19.3749555437998	14.9905191724924
NR1D1 RNF43	-1.37445675152474	18.6606886418138	14.6140692345791	-3.64414109717724	19.6043392361401	14.7493685693691	-5.00113488111093	19.9446123133083	16.0544664929445	-3.78677317333166	19.6911655930548	15.5606926141405
NR1D1 ROBO2	-2.85243287909755	18.7054073765738	14.78789840989	-1.22792562734166	18.3029089505528	13.1819708057401	-2.62387207780158	19.5394305428054	15.0304026429007	-2.18706689832391	18.9727623891636	14.5027015489573
NR1D1 ROBO3	-3.70267800185128	19.6022695463735	15.6564654387465	-3.52239761065645	18.9669879439106	14.6436235947746	-4.29177911675111	19.6389371571192	15.8226033853628	-4.21515304653821	19.6330196136774	15.6978969087629
NR1D1 ROR1	0.185311759770757	14.7991959556158	10.817910619313	-1.25586675073217	17.6093910937487	12.8407036075626	-0.380404530822453	16.9637410651253	12.8203295233661	-0.505061473336101	16.8978298722898	12.6718358714638
NR1D1 RPS27A	-0.700066821517893	17.192695319483	13.7482234735916	-0.709570912739381	17.2271298426599	13.285883289903	-1.20289776266508	18.1097334191644	14.815283895828	-1.15260408944302	17.7895743635194	14.284109869419
NR1D1 RPS27A.1	-1.57194509376219	18.1083335806355	14.4664197374059	-1.16771879408301	17.5166712692473	13.3662895033644	-1.22038216818172	17.9095993898935	14.4197659452838	-1.83890708526084	18.2966697168482	14.5738101902278
NR1D1 RPS3	-3.00667507862949	20.0953238747115	15.733143754177	-2.77521863008882	18.8920640559248	13.9972188473673	-4.66831996153539	19.736754557568	15.6658539046135	-3.89676509616749	19.7938022921657	15.3515871076241
NR1D1 RPS3A	-1.36512047241997	18.9301785089878	14.6453926914501	-5.21689603284238	19.5175533431471	15.0614560584422	-3.64366887884682	19.5991093741885	15.7863517224086	-3.80010480776151	19.7963725319172	15.7008359548541
NR1D1 RPS6KA3	-1.22350122150092	17.9680946478898	14.187357622747	-2.73557857608036	19.3173239025532	14.1897705813287	-3.31995514910552	19.5211238946046	15.5034887910475	-2.47405394445165	19.1387502555206	14.8307641029216
NR1D1 RPS6KA5	-2.06078671988882	19.5525326254897	15.3976809363226	-1.1582350397051	17.6523555284719	13.0697401406986	-2.02690545157618	18.8725828272714	14.793894967675	-1.83502513994527	19.017037720856	14.9160320398919
NR1D1 RPS7	-3.94977309870549	19.1961720160378	15.1870453666587	-2.80821711115257	18.5046855140561	14.8919695469204	-3.58574909445314	19.1667084760375	15.5240560291076	-4.42778805279176	19.3488433584655	15.6477026956673
NR1D1 RPSA	-1.60026931691091	18.2430045538015	13.9542090525054	-3.14880644758599	19.198699510488	14.7219770168026	-4.35156004062565	19.5608011152375	15.5683965322927	-3.59542805521002	19.1999252483568	14.9980581000167
NR1D1 RSPO2	-2.43866828825543	18.6788245740207	14.9867531916618	-1.310149967786	17.2873879515544	13.3007002501584	-2.23072856278144	18.9447674588238	15.2025495018689	-2.34394926972178	18.6191411896529	14.8327600633897
NR1D1 RSPO3	0.581782020453261	11.5700862542759	8.25018631403677	0.167857142206219	13.8364997882234	9.83751188056688	0.484446062868152	12.8153670503563	9.61216798845967	0.405637891267416	13.0436657192326	9.45652441622217
NR1D1 RSPO4	0.429267207080403	13.1554948832389	9.53789436619862	0.37322855595993	13.7464365985036	10.2768873423872	0.400767281444788	14.3036494983858	10.8152915350941	0.340307996940699	13.9768402557727	10.5457605656078
NR1D1 RTN4R	-2.90169017338564	19.0974630550763	15.1300684361266	-3.00371723829481	18.6644109098823	14.7470108561606	-2.68373921240898	19.2534893475192	15.4952972480117	-3.68818223053802	19.3782015114638	15.4774526255805
NR1D1 RXFP1	-1.26461177486148	18.8717167871113	14.0854904036951	-3.84967708543456	18.684836375088	14.4187049395649	-2.18084117914135	19.0872692630558	14.9139555938588	-3.07122125117279	19.2307551504957	15.0103203106601
NR1D1 S100A12	-2.39692179603258	18.5199968904949	14.784252592267	-1.85339697584338	18.9778368595368	14.4872934750103	-2.62026409293097	19.5273063841833	15.6258000212805	-2.97670766245586	19.4879639428623	15.5072780966739
NR1D1 S100A4	-1.46439294971166	19.1207379150156	15.1135139270266	-3.20430290374652	18.3747369973148	14.2902066035223	-3.05663793170958	18.8698463904906	15.2464522564813	-2.66609270739958	19.1547752892812	15.2689432614783
NR1D1 S100A6	-3.37472676300499	19.1124609606155	14.9528755860625	-2.64756613682635	19.1676806653688	13.9396303386113	-3.54318979541858	19.9186969088253	15.4496049074318	-3.30165351785264	19.6917688983328	15.0726499360666
NR1D1 S100A7	-4.43564030439658	19.4036886092805	15.5234227187469	-1.92808336523174	18.5518176081725	14.0258160398452	-3.81853769230443	19.908305230742	15.909981986714	-3.67653118726885	19.302778957485	15.2930452377687
NR1D1 S100A9	-0.380043856702011	16.9534125465976	13.1233598051682	-1.52687256179209	18.2799172578263	13.4565817405866	-1.14980983628425	18.2014832022738	14.0651170284863	-1.24747742150265	18.1474115247591	13.8691642213612
NR1D1 SAA1	-0.956061188331309	18.9159880679029	14.842246327971	-2.84159322947409	18.4103499586165	14.2198836749751	-1.38410992238223	18.9270095833577	14.8610510273731	-1.85310346512866	18.8898075821554	14.9801960271939
NR1D1 SBDS	-2.88598789862132	19.7421825137882	15.7299812881876	-1.78979281896406	18.6928356708093	13.7136513381561	-2.49894672290769	19.7473888149226	15.4063768844075	-2.87229797485428	19.6966997350855	15.2515236824191
NR1D1 SCARB2	-3.41977913524688	19.5541267981442	15.6252975469187	-2.81804606848125	18.6310066074991	14.330489916124	-5.86024858738774	19.9860528343047	16.2583548696263	-4.51417153913554	19.7150629064162	15.7491681346125
NR1D1 SCARF1	-0.451528621241772	17.1869347855367	13.1474493324375	-0.16667792085672	15.8683967611988	11.783929415018	-0.29579035741394	16.7382371964414	12.8068928599373	-0.48806558539441	17.0838677421678	12.8814004429746
NR1D1 SCARF2	-3.17563769426443	19.0611427057124	15.498349161495	-2.70491775978936	18.5941536287151	14.6500286317946	-2.69184765055561	19.4053494900765	15.6671995331825	-4.32211903711883	19.6112310879706	15.8740171032091
NR1D1 SCGB2A1	-1.66147202403981	18.8916502228176	15.1079236587168	-3.70907889362712	18.828758858399	14.8655278058654	-3.28798032610556	19.2866136569028	15.5360015309403	-3.20590014029775	19.3776129126677	15.492059934998
NR1D1 SCT	-1.85975203523626	18.1473055259419	14.3535543128688	-1.32763647080736	18.6213343215308	14.3940888818693	-1.84274002464665	19.0316682987041	15.1643565490444	-2.16962096109842	19.0763860985146	14.8973166039892
NR1D1 SECTM1	-0.977249005877233	18.4227119935819	14.2438596521529	-0.460525043186093	16.4504266340153	12.6469184266428	-0.521095612040829	17.8401702209684	13.7402974977614	-0.708669166089092	17.9149815743672	13.9001357015807
NR1D1 SELE	-1.21358274730662	17.7607230104469	14.1197529543963	-2.99637083651645	19.1218297738632	14.5764168208814	-1.83689429948272	18.8674053929117	15.2367202044433	-2.28803922294333	18.9200009314189	14.7927694522249
NR1D1 SELL	-1.68595778175841	18.1943337550779	14.1549437201497	-1.02600934188708	18.3133263363757	13.6716770610204	-1.16629276425191	18.7220272132348	14.6249475298025	-1.97580972771124	18.5241085759861	14.4723353070099
NR1D1 SELP	-4.85544965919548	20.1516640092812	15.865872715716	-2.20867703416716	18.9289411666807	13.9537011404389	-3.61901075010047	19.7142442928754	15.6650229692773	-3.47557574530463	19.9025854297765	15.3730611860473
NR1D1 SEMA3A	-1.65838890988679	18.7686636159452	14.6035835853288	-3.87278834370152	19.2715014669843	14.940968261156	-3.81108080562592	19.5440125867204	15.5592163298353	-3.27163864702297	19.4859684510323	15.3600752185036
NR1D1 SEMA3E	-0.182629506790559	16.6150938929405	12.2058953714895	-1.16674785796307	17.8975010237751	13.3729368282582	-0.273921911321338	17.5420012684603	13.3146190544121	-0.74289715936838	17.8313493223792	13.5568407868941
NR1D1 SEMA5A	-3.88722412868649	19.6690430033366	15.4030875732937	-3.21110030309887	19.2101676617055	13.9961238387603	-3.72856727531628	19.7565964498473	15.2056074057544	-4.45190675220888	19.9205507248592	15.3172421904493
NR1D1 SEMA6A	-1.31040529214166	18.6957101081985	14.1366532827192	-3.11201595910002	19.0551432672285	14.7453115251245	-2.0822251100548	18.9395785935551	15.0889798087455	-2.54165741897604	19.2432438766631	14.9048060731443
NR1D1 SEMA6B	-2.77511167325749	19.6679979133091	15.476247875506	-3.28897653313521	18.9345058654541	14.6172068034024	-3.84499292250893	19.7531309732277	15.741560564265	-3.75707079271693	19.7599212994767	15.4934754290659
NR1D1 SERPINA1	-0.124444336492773	15.8768423389444	12.3464264597973	-0.220841356195491	16.8007043009974	12.22214975203	-0.121949551087394	17.1140086117629	13.0918783883802	-0.419513574487209	16.6867679420897	12.8665469919166
NR1D1 SERPINA10	-1.48416370763917	18.7404598279518	13.8764635141556	-1.64924330134121	18.7265149536994	13.9402333798099	-1.7598693437718	18.974796314711	14.6219636591107	-1.97233613893679	19.3396540531549	14.5068911136686
NR1D1 SERPINA3	-1.13756647150991	18.8550716723675	14.6953613026754	-3.44039824037107	19.1327491290216	14.082220040713	-2.7883396494255	19.1954650972837	15.3622158612337	-2.7458665397392	19.6770992167996	15.3571632939506
NR1D1 SERPINA3.1	-0.776605314195221	17.2815455829246	13.2563298587681	-0.579014149443427	17.0172345391345	12.5150257537499	-0.737658818929403	17.7967272021284	13.6785774216262	-0.960880779722367	17.7372404910451	13.4514255537586
NR1D1 SERPINA4	-2.22386566073635	18.6713698360601	14.0955054133481	-2.03659490657468	19.3293554136018	14.239999117102	-2.07960493168518	19.1268313923612	14.589638761439	-2.80485073682886	19.2575456411168	14.767283193959
NR1D1 SERPINA5	-3.81342499880386	19.1469245777308	15.2658890338226	-5.00115591535503	19.6439708424481	15.5914542585601	-4.50491256759236	19.2964419735278	15.7063883553263	-6.74141285324095	19.9051669728899	15.9230747502813
NR1D1 SERPINA6	-1.51796836348583	18.8752730967299	15.2666453225559	-1.66239858159005	18.9686319573014	14.5186561506998	-2.38103138257453	19.3206459727778	15.5246718439488	-2.53543792008624	19.2852217879365	15.5536941953934
NR1D1 SERPINA7	-3.1957755265995	19.4913848931531	15.5174550025329	-2.12677724223638	18.6356021476291	13.7334989419577	-2.58916516859036	19.3788617660918	14.8784962491084	-2.95697285708118	19.6446210584902	15.1128522086409
NR1D1 SERPINC1	-0.321358531991251	16.2659735239245	12.2587651085224	-0.856880993456903	17.4506854366874	13.1527357645661	-0.499404528977369	17.3209442698725	13.2181838238135	-0.658660435930291	17.3895884729335	13.2929486447748
NR1D1 SERPIND1	-2.79608404904973	19.2875928323852	14.8656360660768	-2.15798865973742	19.5991240495156	14.1359113254829	-2.72652393409874	19.4464044138468	15.1384262880742	-2.81002743758231	19.6734193110743	14.9115618490314
NR1D1 SERPINE1	-2.0961702468007	18.7281838331775	14.7381329118128	-3.77199977700679	19.1901900077974	14.9090099790594	-5.1155217757603	20.0948530966514	16.1306499292747	-3.91777228801169	19.7109954426315	15.6449512887467
NR1D1 SERPINE2	-4.91686067672482	19.3158713816743	15.3157015553039	-1.7823521869598	19.1953948958819	14.3197922510788	-3.03444106248544	19.454196734062	15.5218313189247	-3.5079437908027	19.5038304079149	15.5134019432486
NR1D1 SERPINF1	-2.75683914402857	19.2045587689426	15.052739244037	-1.51670455129706	17.8317673239013	13.4039888293557	-2.23338724747423	19.1361789129926	15.0725460373868	-2.52820402666901	18.9822170291452	14.8644703234538
NR1D1 SERPINF2	0.641730212020932	10.8429167726965	8.35332570250463	0.0251112154746808	14.9820799026553	10.7873580653238	0.442622312082699	13.6431871218771	9.9850166809076	0.330265017523381	13.545088531822	10.020260716889
NR1D1 SERPING1	-3.09005313640502	19.6892825322883	15.6331991663482	-3.12716714529668	18.6290214494889	14.5219730464539	-3.17289070994836	19.5528594449688	15.6797022280368	-3.71412048967313	19.6610962593296	15.8207551569651
NR1D1 SET	-1.05727433571912	19.0190434849485	14.8940049440933	-2.06262697206109	17.8832826815933	13.6671591054433	-1.44224324255578	18.5561712546522	14.8390606069777	-1.68720823125242	18.691059619557	14.6668207147373
NR1D1 SEZ6L2	-2.15162767468226	19.2480844779356	14.7303342266906	-1.46482731002038	18.2443344943124	13.60697765568	-1.93593254681452	19.1107312277157	14.9607345055992	-2.24688131507826	19.1780595511315	14.759901558286
NR1D1 SFN	-1.07715623713443	18.5561440958225	14.2203924479605	-0.776560638909833	17.7639911085935	12.7174290377982	-1.53087177422014	18.7229013443406	14.7740476354287	-1.37089083097396	18.7252158817312	14.359269450819
NR1D1 SFRP1	-0.184110748545715	16.6019478075914	12.1009413361391	-0.50758706790046	16.6615792892021	13.087003103305	-0.317641354065026	17.0938862213871	13.0180352272516	-0.405127680117293	17.2848030013977	13.1309648611873
NR1D1 SFTPD	-1.7595852099187	18.4534907199776	15.024762098341	-0.523973510719407	16.9453313802982	12.9275969486554	-1.6067906834217	18.4546124845396	14.8642353361783	-1.47237848055796	18.2371386798736	14.5660511741991
NR1D1 SGTA	-3.10075194405753	19.201835180617	15.0005969918508	-1.838613144936	18.7644278777981	13.7276439475583	-2.95049000162479	20.0348520064848	15.5633812576487	-2.75874422443443	19.4180336734563	14.922051945112
NR1D1 SH2D1A	-1.12119480954935	18.3905208678239	15.1567726578797	-1.86438187885103	18.0859104851128	14.1484161447911	-1.46011353884157	18.9527355076623	15.2829309372568	-2.8552666512865	19.0641137100225	15.5470036175524
NR1D1 SHBG	-0.45312204016966	16.5501965232988	13.0705252669592	-2.28308267080585	18.3022537351184	13.5628557399282	-1.39089213805803	18.451926078949	14.1878382717508	-1.51148607309118	18.3771105728558	14.0749028460091
NR1D1 SHC1	-3.64499385058587	19.9463320900626	15.7507917870427	-1.81888600140582	18.4860501720353	13.5283442262831	-2.34526039565518	19.7086185848042	15.3034012184313	-2.85975652814475	19.5399256853988	15.0778266690706
NR1D1 SHH	-0.425881551600523	17.2180770892819	13.6286045970387	-0.691787200930511	16.8943687146939	12.8263937840669	-0.622487036064023	17.5326213137427	13.8848483656797	-0.700310407326564	17.5014325483276	13.9664189209774
NR1D1 SIGLEC1	-4.52679368779136	19.5968810432169	15.1369090762473	-3.17125000955488	19.0046896743445	14.5420743148393	-3.70238564651108	19.3454886201419	15.5357615358689	-4.95332359897086	19.5607640918549	15.3828622902039
NR1D1 SIGLEC14	-2.81381330139578	19.3372049764302	15.1319959570423	-0.881261387059178	16.7974034237523	12.8898746492397	-1.01859689806492	18.3345237775137	14.4384689739136	-1.89217198839282	18.5014818213893	14.4888739847269
NR1D1 SIGLEC6	-4.50674477827672	19.3066394186974	15.6668371139272	-2.07325784689125	18.4081971042705	13.8973565709448	-2.91607918225874	19.0989803606207	15.4943273642594	-4.65284320331445	19.3967917586403	15.5775709392095
NR1D1 SIGLEC7	-4.56145284241292	19.4906668132249	15.6355374645608	-1.63135848853029	18.0957428491942	13.5687633663784	-3.55697234772338	19.4584292812773	15.3897550089495	-4.08046543876861	19.3917058373278	15.3626336055945
NR1D1 SIGLEC9	-3.05255010991754	19.5356595056013	15.2490737452099	-1.97435297023774	18.8690828042925	15.0061605494865	-4.77924978227377	19.7777486025586	16.1099566936262	-4.32598333296461	19.7391932547493	15.7750706014989
NR1D1 SIRPA	-1.29766801071701	17.7531787901985	13.9987738634837	-2.28989258617279	19.0699753541539	14.3186055262666	-1.39811216304051	18.7889905705516	14.7123484791862	-2.44974034071696	18.850898630417	14.8111044856743
NR1D1 SIRT2	-2.41295975850849	18.5009396245544	13.9290545608528	-1.52632861816834	18.2242316521983	14.2761824368058	-2.73109662152046	19.0431857424359	15.3737401735071	-2.97646003997835	18.9476671572697	14.8947287083599
NR1D1 SKP1	-1.58986842039847	19.0647189129138	14.7498617823999	-0.855443484839161	17.2891107315795	13.2267142777626	-2.13134868301952	19.1072332939507	14.9798763688126	-1.68765788696487	19.0702243396473	14.7504685867797
NR1D1 SLAMF6	-1.86835048907314	18.7742466861351	14.6186874630337	-1.86389350002034	18.8926578474514	13.8533166037388	-2.7488093635272	19.5503996776035	15.184691967603	-3.10458813106074	19.37206918205	15.0951920237984
NR1D1 SLAMF7	-1.6935964579105	17.8746118347754	14.2671134632378	-4.11016654935382	19.3632933118368	14.8058294144134	-2.37424665180413	19.7184431376872	15.5804220973318	-2.79932921689749	19.2112346826102	15.2513246121933
NR1D1 SLC25A18	-1.57398541706664	19.0429616060635	14.8143942138338	-1.79521218899857	17.9681969925778	13.6103219252055	-2.21330295903206	19.3329337452839	15.0115796282297	-2.39019470300004	19.1318247333223	14.9080483112568
NR1D1 SLITRK1	-3.20004184522211	19.4504339035334	15.5045482430572	-2.96413003446835	18.7750391754205	14.6859593292068	-3.80582073039155	19.5363189317616	15.6484738171508	-3.73706836626601	19.5659278410645	15.6220634064445
NR1D1 SLITRK5	-0.817891145939776	17.8799125800899	13.5724707050131	-2.74896201612603	19.07086294442	14.5430381044847	-2.94166021258954	19.062077410607	15.1239760238268	-1.78495972439935	18.8018576064835	14.683941010515
NR1D1 SLPI	0.2452409506288	14.3163428588914	10.4475070587416	-1.57100459832269	17.8124757552101	12.7789676922504	-0.529472945343349	16.9460282976336	12.9307909466395	-0.504594031438144	16.6439235028369	12.20628293217
NR1D1 SMAD2	-4.90810553300707	19.8633940234608	15.8507406863271	-1.62822302628521	18.6987588612752	13.5432064569439	-2.40271510286175	19.5903860463601	15.4412960301111	-2.95442122875712	19.57496168725	15.188561126064
NR1D1 SMAD3	-4.74797184949726	19.8926816242116	15.8784273008877	-1.67689398002862	18.4517366479094	13.4447586711893	-2.40990766270774	19.7692532554477	15.3751576546438	-3.28500874379741	19.5943123545085	15.1289732368548
NR1D1 SMOC1	0.471975236061735	12.6459404912913	8.87013172491691	0.273044769844147	13.6981079690665	9.35352283007131	0.348017466450747	13.7564346286495	10.0405409537442	0.318336222661864	13.6137002308223	9.63375293711338
NR1D1 SMPDL3A	-0.899919042177087	17.8399351765831	14.0754706110203	-3.06828347690901	19.2416082231725	14.9571240395531	-1.74487553550374	18.7365879532363	15.1739646453144	-2.21867563438197	19.1514853123205	15.0650221147462
NR1D1 SNAP25	-2.10945508053838	19.3794392963017	15.0302440718674	-5.06476408849118	19.2684293445041	14.7526732995724	-3.26849263192439	19.3942806445372	15.4420779011096	-3.96786917497254	19.7426355716751	15.5721946824361
NR1D1 SNCA	-2.94791542527037	19.5925187587962	15.172797885732	-1.95865944868893	18.7212628440692	13.6742089173727	-2.21654893975982	19.4218791493205	14.9881377674961	-3.08531045788471	19.6641466481399	15.1547798730396
NR1D1 SNRPF	-1.21589660216643	18.4798251631316	14.1455937304494	-0.65343931963953	16.7735345878214	13.2769499369352	-2.37332442901316	18.6410636432268	15.1247324116893	-1.75714644723351	18.3253080055968	14.5755841709469
NR1D1 SNX4	-5.32669064774856	19.8202872738042	15.8858323455869	-2.10805011540579	18.8980677313635	13.9186795760289	-3.22234823480673	19.8597906052107	15.725767191508	-4.02497165190192	19.886838509148	15.5314382188359
NR1D1 SOD1	-1.27308427563231	18.7548421032561	14.838472784013	-0.354765959897533	16.8829688205843	12.5344026456623	-1.33633078979956	18.5068638797609	14.5260076908447	-1.09164340568891	18.3159862569025	14.3135926028911
NR1D1 SOD2	-1.24142994032789	17.4243583272285	13.2035061973672	-0.251910327020291	16.4928501369315	12.157641791592	-0.49844112534452	17.8050760548855	13.4931295002485	-0.765840008229649	17.3684440311789	13.2317245991867
NR1D1 SOD3	-0.212679362822363	16.1448356500252	12.4973689962725	-0.66531906524488	17.0042210193122	12.336334344183	-0.289670708064098	17.1355591304274	13.0251924871441	-0.814169507104177	17.4168731441581	13.1016350873443
NR1D1 SORCS2	-2.44097509906824	19.3392777660444	15.409338681164	-1.62885991979213	18.4767842261211	13.3331489574347	-2.48230626565001	19.8133890997269	15.39049138098	-2.41481601553157	19.2808217027174	14.9357652887558
NR1D1 SOST	0.432381870689585	13.6168410436851	9.99757017052975	-0.0768981652569685	16.0777309356523	11.7079547876989	-0.112766386886895	16.2403875556785	12.3637554726334	0.134980856401521	15.439607925038	11.3543919384174
NR1D1 SPARC	-3.26426122803435	19.3759076434367	15.2417673045681	-2.85352292706014	19.3877911368808	14.7213128258086	-3.21092025297996	19.5356779582958	15.7891092985892	-3.74937404821456	19.8655097174168	15.5052288947864
NR1D1 SPARCL1	-1.21571466669938	18.5990218175527	14.1571169195417	-4.95648689851229	18.9926806854322	14.8077582779883	-2.49173541265957	19.3305639590567	15.5346390152994	-2.66880677833864	19.2559933095864	15.0989207422536
NR1D1 SPHK1	-4.02211162630563	19.750417961487	15.8355109889498	-1.94811349177628	19.0122099666091	13.8454292716233	-3.12290888455398	19.6976650687685	15.6104781902213	-3.07638743143087	19.6500598470874	15.2997902902809
NR1D1 SPHK2	-4.5522122040735	19.6612035918342	15.592517084956	-4.44413375333206	19.6286995886807	15.2238530403719	-5.09973236333445	19.9229654830906	16.0379870443502	-4.65081318166557	19.8394131049852	15.9191338540825
NR1D1 SPINT1	-1.16843766687813	18.159536169123	14.2618706184717	-0.259924534443435	16.434056703818	12.4317066582205	-0.690647607312516	17.8396073730732	14.0210241434241	-0.959967466888127	17.9195288246169	14.0833735943381
NR1D1 SPINT2	-3.75505659431027	19.7460650615085	15.5376760757666	-1.9754905460025	18.3011382194628	14.1692749085143	-2.75851488845599	18.9992537326322	15.2484959675879	-3.26698994754521	19.3368847513879	15.4273104078143
NR1D1 SPOCK1	-2.52704058423902	19.2509077686202	14.8817676265305	-2.83091736183513	19.1934842650848	14.1229787715708	-2.798898616892	19.6121235409164	15.3311515379698	-3.4055781161073	19.4324230780988	15.0485401535114
NR1D1 SPOCK2	-1.89398545337497	19.4506485843037	14.1498573535845	-1.61435037460709	18.1301148364057	13.2275235807314	-1.49445403461469	19.1373135888438	14.516762741894	-1.97386479835175	19.0346921393673	14.2970825461818
NR1D1 SPON1	0.341676685588369	13.285447037086	9.66800168100617	-0.444831935859397	16.5470330354929	12.162962525897	-0.0528920991169941	15.6000066742479	11.738482502973	-0.0312249097097026	15.204680314307	11.5046604622177
NR1D1 SPP1	-0.937603836095966	18.6071204368507	14.2036650278436	-1.65696285196604	18.0218224648727	13.2393890760816	-1.01820642828745	18.765106662057	14.3710236375736	-1.98451583427096	19.1880851161449	14.59343468158
NR1D1 SPTAN1	-3.157344878825	19.8458615380687	15.5425261881431	-2.48298150061872	18.5617861078869	14.4135124336363	-5.37574463931512	19.7445895665062	15.867004372074	-3.73300967920387	19.5296737351402	15.4604623349412
NR1D1 SRC	-3.23897427592871	19.7183057416964	15.541480529308	-1.82841281511898	19.0653717642174	13.8773615098787	-3.23378871741677	19.7228871596862	15.6689329956016	-3.53705456788056	19.6862427525429	15.2854065118487
NR1D1 SSRP1	-1.20502966767443	17.7076513096451	14.0878039451322	-2.1689858663852	18.3921389696748	14.0654199591988	-1.82348018456293	18.4486012948164	14.8863215752355	-2.19349286593761	18.6265843030827	14.8029531866108
NR1D1 SST	-0.0465902881499292	16.525309391531	12.5962068595608	-1.07515386728498	17.4466984352068	13.4917949058983	-0.953203718599746	18.187213519131	14.604895724866	-0.591520121985812	17.6006287661296	13.6968918898633
NR1D1 STAB2	-4.2572961996397	19.4666515971797	15.7656428908026	-1.91222181030345	18.7464256856771	14.2561375730211	-2.89687107057266	19.2396227285149	15.5487778063148	-3.62829106479834	19.5563524443084	15.6985982339437
NR1D1 STAT1	-1.84245012985281	18.9716636227194	14.7057044932515	-0.796676824585351	17.4780878576402	12.1168687976135	-1.26704448422653	18.7986872772203	14.2453806475077	-1.63299946891896	18.690088322952	14.003252703868
NR1D1 STAT3	-3.66658472506359	20.1092339333365	15.9254632019746	-1.51604911354666	18.9364675258619	13.7409064332411	-2.7427094756282	19.7730676662938	15.5210614415506	-2.96215226777891	19.7940477104749	15.276278200911
NR1D1 STAT6	-2.75164424035783	19.5517540313126	15.5154825563333	-2.7269927763991	19.0216928909306	14.3129906729103	-3.04436765164221	19.4905072442704	15.6402569612126	-3.14358501196649	19.5971781046671	15.4486640555829
NR1D1 STC1	0.0053507648855089	15.1916829226673	11.5762089513523	-1.39656867104037	18.0374152723765	13.5091841570739	-0.826409855728117	17.2142583652211	13.374348855644	-0.753213692208632	17.2099806784338	13.2308764644824
NR1D1 STIP1	-3.04730691011157	19.1073880908125	14.5352166052372	-1.49532579620565	18.909388504631	13.8523176579711	-2.8875639911204	19.5388727849686	15.1670005597166	-3.1097603851665	19.3293077143254	14.8970310856303
NR1D1 STK16	-2.98239122964294	19.4003774580561	15.2921714914813	-4.54258208645781	19.5123695552686	14.6625514864525	-3.36264645175071	19.3132249794687	15.3527142279929	-4.62476099449829	19.7908967914447	15.530957725597
NR1D1 STK17B	-2.89834689181191	19.0408518945858	15.3314032335597	-3.97262758291406	18.9507276664004	14.6537849528677	-3.40340151238967	19.4735736806564	15.8550349032084	-4.34905522581938	19.5439526878702	15.5897780251084
NR1D1 STUB1	-2.54275880924963	19.6296843575377	15.1677533571393	-2.88738518719151	18.7417895905822	14.1670256745267	-2.84398300380887	19.4755991146722	15.3118900073617	-2.84487978614825	19.6442660939146	15.159965103325
NR1D1 STX1A	-2.36631291807182	19.5675370365195	15.237703622439	-2.3216490567219	18.5602424625177	14.0672939576976	-3.27543091111598	19.3480161152708	15.5396402216798	-2.86947187971447	19.4406890837281	15.2763057661554
NR1D1 SUMO3	-3.29904035595523	19.2991441552581	15.4806329502213	-0.749191846772502	17.4388860815358	12.6985706214688	-1.82391062516489	18.9168884646097	14.629170524221	-1.91525303411572	18.8621408178002	14.6230066259932
NR1D1 SYNCRIP	-4.4376617992562	20.0068572697151	16.0761478385051	-2.27503247446596	18.657701148426	14.2111440560817	-3.31656844319945	19.7322219565106	15.6351932681002	-4.06282279103913	19.7213239260366	15.613525638832
NR1D1 TACSTD2	-1.79525232548923	18.9383221383856	15.172276942146	-2.4211569655343	18.9650133309401	14.6915550531687	-3.12940876610541	19.2644397282184	15.6171326772186	-2.71188937008451	19.3935151470271	15.443059385581
NR1D1 TAGLN2	-2.27607027785062	19.5421515461593	15.4071489373627	-2.69686340360274	18.9777165978251	14.6055210468378	-3.89473149826807	19.9413010855096	15.8667265613825	-3.29357822414488	19.8403677071894	15.5845810569649
NR1D1 TBK1	-2.37343653818337	18.9723310798105	14.9261963455339	-2.03894201305647	18.8545925218035	14.0152751448156	-2.75400951067141	19.1336189762744	15.3085257991741	-2.7081925013886	19.2949957706194	15.0753934491291
NR1D1 TBP	-3.12163425680262	19.1043832989816	15.2863598341776	-1.42846513916889	17.5198480617818	13.2391360772496	-3.52622501454954	19.0695749964448	15.3102001935534	-4.28119434676301	19.2093318681013	15.3681118397472
NR1D1 TDGF1	-3.47592999440702	19.0505633447774	14.7667533788043	-2.88912279719393	18.7553386296001	14.6136863566204	-3.6725325413529	19.505788781939	15.5969189803892	-3.9249385903086	19.4925776969666	15.330054018702
NR1D1 TEC	-4.36776882092894	19.6879270798511	15.5402721065463	-1.6670204747292	19.0840738476087	13.9078310684135	-2.80276674540241	19.9139178831519	15.5541159848688	-3.34023093503689	19.7476189116677	15.3090306454261
NR1D1 TEK	-3.28469873671362	18.8631923216795	15.0432292837994	-1.79547306928414	18.9684491057119	14.041289363274	-2.25071094920604	19.1621977776474	15.1045531410828	-2.98421735828069	19.3361223716466	15.1039929381951
NR1D1 TF	-0.96438229649472	17.8472221742344	13.6061043585576	-1.81374942775438	17.8269135681467	13.8754136290348	-1.39576025617117	17.8721136775245	14.570733416945	-1.55291403650584	18.2988388313106	14.2720566731704
NR1D1 TFF1	-3.19807314872137	19.359583892767	15.4734997940068	-1.53523029460347	17.9850127764735	13.0362074396727	-1.93044826176102	18.6557277621577	14.8511425798688	-2.62518744637137	18.9395079602181	14.9143229936008
NR1D1 TFF2	-0.461375735823103	17.1815999013151	12.6404310410557	-1.0128192925864	17.3178615446434	12.710637662317	-0.930958670128235	17.8675782735046	14.129384821312	-1.01395982526528	17.8591499101324	13.5029367489689
NR1D1 TFF3	0.372334181247052	13.4877648915869	9.66008695339845	-0.18950835900294	16.0194070148319	11.9939515152655	0.14270802190129	15.4695789479896	11.1737936957374	0.0498062594191726	15.4611779036038	11.2979187489412
NR1D1 TFPI	-3.98635853455959	19.5722496828604	15.5827518406194	-1.30364221958096	16.8432294023061	13.2414925570028	-2.17474870346999	18.8552418502479	15.0868674754592	-3.09734514817122	18.7827631216269	15.116751679506
NR1D1 TG	-4.04984623941256	19.6816820438769	15.7154699833239	-2.38062364437985	18.4887305113835	14.0098608943856	-3.67148706872354	19.5725607181638	15.7588403118876	-5.20524141417866	19.6260775962427	15.4477645324804
NR1D1 TGFB1	-1.62280886893382	18.1183616312318	14.6822200769657	-2.59272092920935	18.8558970670672	14.5759589772945	-2.58022179102243	19.4628068735913	15.6727643790321	-2.56174339141678	19.0869007907587	15.3279455964041
NR1D1 TGFB2	-1.68452998197378	18.4093796030567	14.6780257209091	-3.09087375203122	18.9263272869765	14.7713152341864	-2.98288285821461	19.10313407553	15.3987318245054	-3.95360970949749	19.2697878715716	15.3766637259758
NR1D1 TGFB3	-1.67145898425986	17.8024616695036	14.3945079503863	-1.60087035820371	17.9365882618837	13.8736539614293	-1.53381947229134	18.1428219242066	14.7354115590126	-1.94164106011071	18.0952524832705	14.6970767922348
NR1D1 TGFBI	-1.88491911737076	18.6574428254022	14.5840168867162	-1.65631131849785	18.3486431482743	13.721486281735	-1.34208470543142	18.9261346192836	14.5082724195657	-2.51389714171172	19.1356231474274	14.8417129924251
NR1D1 TGFBR2	-0.781603446952383	18.716130639427	14.6538458350598	-1.80023735954381	18.8089368188377	14.3085938932812	-4.94926521161755	19.8269356744812	15.9561818536314	-1.84102971120199	19.1691599047621	15.1327350180864
NR1D1 TGFBR3	-1.70669819801237	18.3628441454408	14.1808660163665	-4.17425894366319	19.440331304521	14.9173253882526	-3.26514909318121	19.5263287350827	15.5048351992237	-3.75503453217959	19.4993276626837	15.2283142405084
NR1D1 TGM3	-2.89924166111838	19.061199164575	15.2481038398456	-2.51412017226581	18.7671940010775	14.3526875081119	-3.06119506859536	19.4143878483182	15.5151766500657	-3.0083942889359	19.1953094975267	15.2106411159736
NR1D1 THBS1	-3.50047876814124	19.3756645963792	15.6281410375776	-1.54500971671594	19.0151402139589	14.0070565219359	-2.46854146583479	19.5433547632302	15.481225941461	-2.41368083905232	19.6255839802227	15.2742557719322
NR1D1 THBS2	-0.564215868602029	16.6514033611063	13.0539513836664	-1.2516945091251	18.3481894984161	13.698735629672	-1.33810013215412	18.3312104474143	14.6101575468018	-0.935814475234445	17.9873078222651	13.9366926795996
NR1D1 THBS4	0.251346061217386	13.4976805129559	10.2493076412009	-0.498529214047961	16.304791241624	12.3941888748933	-0.102571292016619	15.7062025215707	12.1518993039926	-0.222077750957674	15.7187205780671	11.8929721066646
NR1D1 THPO	-1.24426316823157	19.0061883779114	15.0543913272666	-3.71393841023138	18.7345206428589	13.7585022327912	-2.60734829664059	18.9256034952352	15.2385734868987	-3.38678898509199	19.2416379192181	15.274641127496
NR1D1 TIE1	-4.466158896122	20.1347218496481	15.5931311772808	-1.56664273655194	18.3835532917105	13.0277717322531	-3.27401332527399	19.689348676132	15.0766148578074	-3.74257446279976	19.787177808492	14.8582041386041
NR1D1 TIMP1	0.255040163769588	15.0901730384096	11.4569178447014	-0.381917692417149	17.4839329240725	11.6451554735254	-0.097757331279702	16.5539417555681	12.013609661197	-0.0442870272143945	16.8409902888275	11.9666187083758
NR1D1 TIMP2	-0.306251457170784	15.6584519993467	12.0756450112309	-1.33921509937212	18.4712384458008	13.7795603006275	-0.708768412676543	17.747358200799	13.6375643562244	-0.931675064170594	17.6339042003548	13.3816173894143
NR1D1 TIMP3	-2.45230579517737	19.2345684684371	15.2152749739963	-2.24930706899542	18.9585496017879	14.0463898265502	-2.31745790794853	19.3627302558763	15.2407555716591	-2.57871919143443	19.4104383040827	14.9958831787773
NR1D1 TK1	-3.50948201923788	19.4924823345042	15.6393798053074	-3.23169890726971	19.1137570927229	14.0512672978496	-4.56087895804503	19.7086870526866	15.7551878419525	-4.40264133765348	20.0321104323254	15.6848810654231
NR1D1 TKT	-3.2531871958263	19.3783040570472	14.917089195947	-1.66732026107538	18.8671727084892	13.4880675623683	-3.60136232066342	19.7755538623656	15.2520794842721	-2.87059461575303	19.5265541927367	14.8437686701869
NR1D1 TLR2	-2.21853372360288	19.5635993894806	15.3635351930149	-4.24264703854184	19.3949258446729	15.1401972614854	-3.89512881821889	19.9403930219562	16.014582085465	-4.0707083935987	19.7665360334664	15.6607238224799
NR1D1 TLR4	-3.19950640288493	19.7291912643125	15.2827887586249	-3.05632479421169	18.4522835222096	13.8704579890448	-3.08908979100558	19.8405405206822	15.5779912446429	-4.68229293715816	19.8909570112803	15.5385101830257
NR1D1 TLR4.LY96	-5.0400841170708	20.0297356147537	16.012867614742	-1.87550159199658	18.3035310254734	13.6067798367257	-2.90265678085825	19.206216200673	15.0290465804239	-3.82472280527325	19.408075158779	15.3202900676747
NR1D1 TMPRSS15	-2.05340865590292	18.9291857503506	15.4844708998928	-1.20997233299089	17.6635660801414	12.9513198942577	-2.05757861578022	19.3437347120104	15.2035569737513	-1.49939456869209	18.5693678067067	14.6379128361498
NR1D1 TNC	-1.54056481606435	18.209923116823	14.4020611299135	-1.88890492149064	18.5037576881644	13.4524009593854	-2.00395895437713	18.9427229494223	15.0292849926222	-2.08425706006059	18.6635564463277	14.2758521263693
NR1D1 TNF	0.0943616945590591	15.1511801904787	12.0876594202002	-2.1295987923846	17.4130790969595	13.7372833498854	-0.605221451054631	17.3104226540786	13.6499253880955	-0.708023489972845	17.0233810133562	13.6190727785109
NR1D1 TNFAIP6	-0.0546645472749863	15.9586444639219	11.995013971187	-1.6394349378704	18.3264030612179	13.6392438390214	-1.34718850584911	18.981829427481	14.7957391925757	-0.891975724112442	17.8764762448384	13.7622863056533
NR1D1 TNFRSF10A	-2.4701959217404	19.5425354033317	14.9375886863493	-2.1982486962627	18.5187625453831	14.2991217432039	-3.2912356477952	19.5116095066487	15.3786848663418	-4.07061486327592	19.4816239910625	15.2557756269015
NR1D1 TNFRSF10B	-1.81734517393722	18.9891365048683	14.9495826668142	-2.08251986319801	18.0551376792305	14.0627321072801	-2.01648610515791	18.9273435738388	15.2819458755423	-2.51258200318729	18.9223107849206	15.0289954340391
NR1D1 TNFRSF10D	-0.571489912361656	18.485027758809	14.4600890491305	-0.853351154778584	17.6318922507294	14.0749742744411	-0.843460679088978	18.5637628867889	14.5908884057768	-1.12263409504629	18.5558554994574	14.882398477592
NR1D1 TNFRSF11A	-1.36472497738281	18.5701816894625	14.4509889997692	-0.733838913315596	17.0849502588826	13.3263726940116	-1.1894676007873	18.29282475146	14.7524180174334	-1.5600253985021	18.4346968682381	14.6818093208657
NR1D1 TNFRSF11B	-2.85471485383182	19.3982273129553	15.4000391344703	-3.09948820482805	19.2476506801794	14.5735962368027	-4.45376524181675	19.6676559589621	15.5284687029136	-3.46758250405911	19.811542412068	15.4938771665449
NR1D1 TNFRSF12A	-2.54697516512291	19.2847313396752	14.9707260176628	-3.79524413964136	19.5516573032676	14.9476782642779	-3.61819056620341	19.7658840470889	15.6072036825172	-4.01113728743219	19.7560684539071	15.4289560678129
NR1D1 TNFRSF13B	-0.325705325073762	16.7609072059077	13.0746772939545	-1.17322449684192	17.126010941077	13.0600546137331	-0.965709457709954	17.7340759160516	14.3971354334985	-0.915451380609406	17.4721755361105	13.7263551139808
NR1D1 TNFRSF13C	-1.06126482927689	18.1520224323421	13.8462039313864	-2.95738466296285	18.6694275380059	13.8972581168205	-2.50660911540783	18.9459911960912	14.6904409684171	-2.13984607852048	18.7691038038373	14.4748897569331
NR1D1 TNFRSF14	-0.811718460005715	18.2597393806652	14.2153317176377	-2.87014057404985	18.6947812914818	14.7759640201645	-2.04310266848465	18.8476488530313	15.2487767933792	-2.00385939244296	18.9073703406049	14.9628462730044
NR1D1 TNFRSF17	-0.549758423117604	17.8900854317456	14.0047677726029	-1.93299686178902	18.4367926099919	13.4294327964827	-1.47920482042613	18.8507245297533	14.7997377591522	-1.17597103427559	18.4698880303012	14.2988571510881
NR1D1 TNFRSF18	-1.3578152834519	18.0506229296446	14.0278485948686	-2.92349305938608	19.2930861825338	14.760131246045	-2.59022044039503	19.1690475201951	15.0782321562204	-3.05854551582271	19.0994392132349	15.0470211818434
NR1D1 TNFRSF19	0.363504922377413	13.3236678556405	9.5529551479495	-0.48608449130797	16.1890937807617	12.1252391197955	-0.0420297939091647	15.6697052902544	11.8675663591985	-0.0682554225472398	15.4163397717285	11.4400240563976
NR1D1 TNFRSF1A	0.49477506690956	12.2923134347403	9.41141300102239	-0.0572081077638829	14.9679147140072	10.3769594706887	0.313015824703655	13.982557567573	10.5088565380891	0.238498018372935	14.0840448093633	10.4109099933164
NR1D1 TNFRSF1B	0.120176115667863	14.8411921329166	10.8746815829744	-0.0316906350986432	14.8861282751289	10.9514824978329	0.0577210035445037	15.1842635510364	11.3463016638302	-0.0187713711986934	15.2928675622639	11.3685461683376
NR1D1 TNFRSF21	-0.174438762093297	17.0683136622782	12.6187936284216	-3.89681151793427	19.0420140310841	14.7787643620039	-1.2824755310699	18.489095936056	14.6879225923524	-1.15811601517771	18.4429039279396	14.2670081520382
NR1D1 TNFRSF4	0.0509211955901125	15.6811211378083	11.6287860550433	-0.0886059239907504	14.9667152223759	11.6650941393573	-0.00721794625774708	15.9627673395835	12.4121492455096	-0.0833558329201476	15.798379984826	12.2160162500424
NR1D1 TNFRSF6B	-0.99220846576652	18.350627801192	14.5669508811893	-3.67225770948889	19.0163444423582	15.1078966825883	-2.76670803706401	19.2227203732542	15.7002709783984	-2.51658698467142	19.2027365526711	15.4080322569491
NR1D1 TNFRSF8	-2.26116110177834	19.2307171659691	14.607064077572	-0.34199727943819	15.2669356562683	11.5453015187971	-1.00204244007251	18.7524574889362	13.9498797564487	-1.42957156821779	18.1182408955941	13.8227231904859
NR1D1 TNFRSF9	-0.611879321118094	17.3263820813885	13.9414859304653	-0.255296470539053	16.3380793243745	12.2510125245554	-0.509728485588078	17.144782323731	13.5907970316817	-0.525394104663546	17.1732973025674	13.4830762047809
NR1D1 TNFSF11	-4.68785037905702	20.5168811037703	16.0511356371078	-2.43680939379068	19.0779911708806	13.838000877562	-4.50807419250604	19.7709327283853	15.8654776691508	-4.88332143862827	20.0403154814763	15.6015530595794
NR1D1 TNFSF12	-2.69157023744785	19.2758490047995	15.2509751578789	-2.72271708396853	18.5687028114688	13.9507968482117	-3.98985784593938	19.476404123412	15.3501585279259	-3.41115733666247	19.2585110327185	15.1278670291437
NR1D1 TNFSF13B	-1.99985907644447	18.8587334748108	14.7885904666427	-2.66222804670161	18.9350934027128	14.2824117277517	-3.36472344905896	19.566712073925	15.605761617885	-3.53550492299271	19.3733272029799	15.3831171368767
NR1D1 TNFSF14	-2.30569284147941	19.2890029736288	15.545905902618	-2.63764307540593	19.1494056144803	14.464031772167	-4.06097696238329	19.6766692832508	15.7632494510603	-3.83646106031144	19.654366035462	15.5902338022215
NR1D1 TNFSF15	-0.261679460592943	16.7974939749626	12.4711040483279	-1.08281598066173	17.7998790495177	12.9565653421291	-0.535527626926205	17.5789903035222	13.2408605200171	-0.681295684041265	17.6829491369656	13.1264571626831
NR1D1 TNFSF18	-2.88932418469219	19.6220728880417	15.2692691117243	-2.40031587855242	19.3932572984212	13.930630697473	-2.76674400766818	19.3966915960797	15.4496726780352	-3.16844805442899	19.8587313520677	15.0889281905322
NR1D1 TNFSF4	-3.0481334094793	19.6560378106602	14.9919246649279	-3.29359254326741	19.1114905931756	14.6872527118362	-4.3205778733075	19.7422826924154	15.8166471264719	-4.65334280448761	19.7407394812774	15.4451455361232
NR1D1 TNFSF8	-1.59553339856096	18.6863343903666	14.5637101804627	-2.65679311606719	18.8722313706332	14.0744444853757	-2.5679258597787	19.2813264561842	15.3007186587496	-2.93453613330638	19.2321854870744	15.0211572434364
NR1D1 TNFSF9	-2.7777453441087	19.0931896601196	15.4983882156731	-1.62473557081167	18.3225522785714	13.3606747771588	-2.35198120216634	18.9466043555129	14.8902799252479	-2.42626388658418	19.1566603510079	15.0242461802165
NR1D1 TNNI2	-2.42342967388606	19.4535249280915	15.4446191454979	-3.31461258481056	19.1347851152649	14.4861417358262	-3.58829263342032	19.968032063078	15.7571178304773	-4.15467201851899	19.6960070682592	15.5621935684314
NR1D1 TNNI3	-0.415958901912833	17.4124402623642	13.1392511044067	-1.51679630654808	17.8664921201276	13.4592015126248	-1.48801522126224	18.0333022479342	14.1855697510174	-0.956000697560533	18.0704624226224	14.0508333965385
NR1D1 TNNT2	0.143759312739379	15.3475455857973	10.966701287605	-0.250483761416443	15.5228179312666	11.372947859726	-0.247012293818378	16.3579408626085	12.2738632844734	-0.120514237389785	15.8257007787948	11.6385634421054
NR1D1 TOP1	-2.21596760371326	19.2749999467698	14.5101659498675	-2.59443705849408	18.8767009467954	14.3491329187831	-2.9490523820443	19.382782969198	15.3917580040918	-3.97032420367815	19.534978245261	14.9972636526294
NR1D1 TP53	-1.99150206032357	19.3693035143719	15.2964548251232	-2.50858705355843	18.1345592545817	13.868976331892	-3.72146117239165	19.6706146704115	15.6727524000771	-3.73841652110168	19.3894523485662	15.2145036512712
NR1D1 TPI1	-3.06590675177875	19.3819161921603	14.8873111764944	-1.54418801125092	18.5706691602984	13.4729222340492	-2.57609814606597	19.3409936596302	14.9761441483974	-2.65288130837925	19.4474186071462	14.8934371699956
NR1D1 TPM1	-3.86305969004577	19.5240052244319	15.6697014246816	-2.31575154954316	18.3716517436148	13.8657555693392	-2.74384397807466	19.059686909359	15.1681885456029	-3.09745299636539	19.1770484651385	15.092377932558
NR1D1 TPM2	-3.16230254593894	19.8036985369047	15.5937552792634	-3.47665709318189	19.4774929940523	14.5090756963137	-4.09297086581701	19.7568317222718	15.8793710027958	-4.09177083969169	20.0714665496574	15.6780500287052
NR1D1 TPM4	-3.3545575950521	19.7692805225319	15.6771875393996	-1.98143932263484	18.8212677807667	13.7258866010583	-3.0968934108457	19.705749730209	15.6223545581178	-3.34023952462761	19.687974739061	15.3738967833654
NR1D1 TPO	-2.77530382912344	18.8795631336388	14.9996880629843	-2.24998349885882	18.9817288145579	14.7394663376851	-4.39222129249706	19.7033549021959	16.0856282397323	-3.77754003407491	19.5263497870248	15.7470131000153
NR1D1 TPSB2	-2.14686960845982	18.0901645477328	14.495435251476	-2.20711623449398	18.5283072618505	14.0765045722191	-3.06165464408963	19.1884398840861	15.1217994887128	-3.43624311731201	18.882378507393	14.9247047204816
NR1D1 TPSG1	-3.45086867836569	18.9703242214434	15.322094930123	-3.24719812773049	19.2868049824847	14.7351900128962	-2.45600783254817	19.3979870430734	15.4366325953543	-4.06568316862286	19.5325731040436	15.4616345683075
NR1D1 TPT1	-4.40017688884559	19.8155904432507	15.8019178718449	-1.83499638522079	18.7031794286437	13.6341653035455	-2.24989197786719	19.6111356416111	15.2451461429945	-3.23722997019049	19.6089295374948	15.2500389850353
NR1D1 TSLP	-2.62428691596669	19.3534850479773	15.1930365651621	-1.33440303769157	18.2897381591111	13.2232424569923	-2.2417308705157	19.3478378197125	15.1217938619702	-2.13046396007929	19.2256328481224	14.9439001863726
NR1D1 TXNDC12	-5.08457584854851	19.8046936535839	15.8315100167542	-1.47964288459365	17.7368173588825	13.7776249147503	-3.48618872130333	19.3244186613013	15.2904644916405	-4.09223981432382	19.2979050650585	15.3311916390617
NR1D1 TYK2	-1.78660286416914	19.2539018917534	14.9974740378929	-3.11052269309454	18.2534053441687	14.1779728776363	-3.68005534192543	19.2878570736348	15.2191664430398	-3.26566252941256	19.3120425501089	15.2715329731295
NR1D1 TYMS	-3.38996881557111	19.7299751249599	15.122268746459	-2.62478636813962	19.4141224500933	14.2360082448826	-5.08857247534137	19.8421840984868	15.8432859133951	-3.4458496416513	19.8326579330863	15.2058390691321
NR1D1 TYRO3	-2.67964139479914	19.1608432142877	15.1361958763014	-2.36390659150909	18.8275932183958	14.5972614588077	-3.24922593810885	19.549325644942	15.6187586669539	-3.14065075108852	19.3832073922254	15.3372890997133
NR1D1 UBB	-2.52884131233012	19.1823313847728	15.5219230468634	-2.45822001243979	18.8185479116227	14.1345685810493	-4.90497282124585	19.6808348477284	15.6881989510264	-3.37600696597407	19.505991760605	15.5645072464455
NR1D1 UBC	-0.643053315413462	17.1941924282385	12.5995947997644	-1.28537440254603	17.9396684836074	13.1207357255804	-1.06084747773259	18.1996706657019	13.7130066089164	-1.13642948274595	17.8218870228365	13.2823415161015
NR1D1 UBE2G2	-1.18639536487023	18.0916619088757	14.2813604173203	-1.85597225347655	18.2875957140636	14.2399244620329	-2.77726259963285	18.775034233341	15.3918592831637	-2.4900886764446	18.7482941830992	15.0349731326334
NR1D1 UBE2I	-2.3633841044767	18.8975332572886	14.8043148145608	-1.3474799476121	18.07451579549	13.2099990000575	-1.74621571007567	18.8425630010218	14.6303976435785	-2.36160394759039	18.9588949227568	14.7534798987878
NR1D1 UBE2L3	-4.09108200401128	19.3762781880966	15.2529106030922	-1.21155142496856	18.3832506685445	13.5836342818649	-2.8118605687486	19.4014417963951	15.5428497316844	-2.87511714849768	19.2291836388571	15.0610413059089
NR1D1 UBE2N	-3.12990112156105	18.9803964346764	14.7316693216317	-1.58087486407467	18.5718426799288	13.7340828373727	-2.79342020463821	19.3597586352435	15.0890038382199	-2.61224306819337	19.1972169541168	14.9049021819088
NR1D1 UCHL1	-2.95824431982025	19.4294638914629	15.5128374416603	-3.22339936763692	19.3436999185389	14.8964140046139	-2.80094940837371	19.4291803755409	15.2824878462665	-3.80619585012369	19.6970406731123	15.5769973440239
NR1D1 UFC1	-3.52587135414444	19.8445535966043	15.8562938358673	-2.73976871496145	19.3567113368755	14.2322706622475	-3.76171012096787	20.0689758400345	15.7780509869074	-3.59637268142541	19.9756153028278	15.5584785976719
NR1D1 UFM1	-1.82011583273297	18.7974655622316	14.5814905280084	-2.82510700413057	19.6568340047384	14.4781590080467	-2.55466384677173	19.8998553167175	15.3755204469902	-2.88990267649546	19.6124286114374	15.1213629433297
NR1D1 ULBP1	-2.30516396443403	18.8287262287168	14.8372150038011	-3.58038308084994	19.5214245263949	14.8039154246111	-3.34035605601096	19.4016578729975	15.5044242749388	-4.14069037851494	19.5660623107809	15.4005104126387
NR1D1 ULBP2	-3.55107507953947	19.4808681856858	15.6192201767558	-3.34605892572766	18.4400715823066	14.3284469892096	-3.36170432077723	19.5160068114697	15.789054246334	-4.87117498071258	19.6912653684383	15.8322063537586
NR1D1 ULBP3	-3.58842513487153	19.194848439443	15.4038482035809	-0.829213978454395	17.0944354192897	12.7693054546468	-1.82917424391921	18.6387277456523	14.6835291730038	-2.37195557331575	18.8393671515146	14.8499018306651
NR1D1 UNC5C	0.0622047292346167	15.0174917516598	11.5586413344208	-0.382817533548138	15.5596682285316	11.4609452247177	0.0135323542452797	15.7062636637533	11.9842606587786	-0.176411061498186	15.6932912612486	11.9219664468705
NR1D1 UNC5D	-1.27067695423159	17.6987873015203	13.6452421091254	-3.49464567653505	19.1148235587773	14.7426869455415	-1.81594827643573	19.6198571329935	15.174524657296	-2.76192852949968	19.1712237840321	15.0371281987738
NR1D1 USP25	-2.37365633067499	19.1759929870482	15.2195926976358	-2.66636920615072	19.034522879277	14.4724592773355	-3.23291388363746	19.7105779192503	15.6186705013756	-3.79373169457572	19.5356378206901	15.4470341109382
NR1D1 VAV1	-5.15586051140036	19.8840521882207	16.0255357149886	-1.82640078849167	18.9960728153756	13.9104317698405	-3.36463729718423	19.748917869288	15.7331119587216	-3.34772264829781	19.740673254099	15.4294568517161
NR1D1 VCAM1	-0.660554440518814	17.4894150235469	13.5495641685414	-0.922398394952186	17.4567484268182	12.8272876409175	-0.883243351466443	17.8870589588024	13.877656444565	-0.864426954667902	18.0136361209031	13.9027824167868
NR1D1 VEGFA	0.0934841595344484	14.8842798011841	11.2360024445938	-0.345115146041285	15.7763945770416	11.8679752475124	0.0164018817420168	15.6864513093897	12.369973395188	-0.171147973188359	15.5737806831316	12.0625404969115
NR1D1 VEGFA.1	-2.88822256449253	19.4302223291311	15.3823253017013	-2.66749364248158	18.9430896635364	14.1619910420626	-2.65300980444855	19.0268430330489	15.098753687082	-3.31219892746177	19.4722436835576	15.2385589333659
NR1D1 VEGFC	-1.32861660536039	18.3335741953506	13.9301637699572	-0.368340162912059	16.4056533057499	11.8202347543023	-1.01056035084689	17.9385532937467	13.8047284576931	-1.03653440227136	18.0860418417982	13.4889717536504
NR1D1 VIP	-3.14123413815063	19.3566190976297	15.2530739521293	-0.842266851479909	17.6332815402089	12.9302482530951	-1.63153623531173	19.1242075020365	14.9232449693225	-2.09304567847208	18.9080740940311	14.7011899003836
NR1D1 VTA1	-4.04084956819279	19.9633179648544	15.5809687011877	-1.57053330740515	19.0868411377203	13.817764261155	-2.99174988954671	19.9384512455695	15.5818092370412	-2.93255654196347	19.8651653241108	15.2980638727579
NR1D1 VTN	-1.72306300749633	18.4899512969003	13.8104504631477	-1.07521864616157	16.9294987496876	12.8733096181548	-1.05457085807342	17.6143048823328	13.324732152822	-2.15473901814841	18.3966346587676	14.1807111941477
NR1D1 VWF	-2.75664414287544	18.7751124587416	15.0698544974081	-4.1131512891146	19.3111818214355	14.9934582972397	-3.8226912175032	19.3167425848849	15.400464963758	-4.33922895636968	19.6033442973946	15.6727584605122
NR1D1 WFIKKN1	-0.822081328654568	17.6617997985075	13.6653911890489	-1.68674044803169	18.1860014364097	13.692910522872	-1.59563449879241	18.5779807786397	14.533025105158	-1.67354412285189	18.6763227142321	14.4603455182355
NR1D1 WFIKKN2	-4.38617110274579	19.6283711562285	15.1863272935796	-4.06819651028575	19.7316734666647	15.0079878795915	-4.99704635503615	19.9462728883358	15.9637751313389	-5.96304172829085	20.1886120628831	15.7172484304103
NR1D1 WIF1	-2.21781627832912	19.0788517953186	14.8420385719508	-2.97248982021753	19.0350967816111	14.6526925104644	-2.90585068786799	19.4980741732431	15.7142828198682	-3.88046978618865	19.6368305677694	15.4526064490327
NR1D1 WISP1	-2.93217857451833	19.4583669633727	15.0462315041937	-0.580238591135226	17.033148778577	12.7765156213278	-1.29247784604942	18.5345733638519	14.3367418618394	-1.8307018467141	18.6932574777085	14.6789463287703
NR1D1 WISP3	-1.6905930314136	18.5528825796473	14.665340486508	-2.76279330945059	18.9644642080353	14.5980249326015	-4.35856150758067	19.4496303028785	15.8198661797667	-2.99697573583264	19.1772906095271	15.2134758898176
NR1D1 WNK3	-2.72742867712962	19.3732721868789	15.2052954713331	-1.32092316094209	18.0266343158667	13.6211730692961	-1.94224326161407	19.2936306574175	15.1756088715847	-2.79150849769622	19.122074899414	14.9166165062165
NR1D1 WNT7A	-2.89569866241642	19.6313117506492	15.4163033646397	-3.56912883318205	19.3274590816509	14.7984120291915	-4.46084253384075	19.8116217910104	15.9889733898816	-3.83375774830633	19.8858352970725	15.6170403007927
NR1D1 XCL1	-1.79144451404746	18.5509656027993	14.579610306828	-3.04412160013488	18.7605502541393	14.4145441456416	-2.44711840175234	19.1479269352477	15.208948855696	-2.71022302592149	19.0254467292893	14.9736222622177
NR1D1 XPNPEP1	-1.28411078767318	18.5116128346539	14.736164628196	-3.26185096685192	19.1006275375046	14.338719089159	-2.45452136343476	19.3501490436846	15.187000425028	-2.61269468041904	19.1393681320886	15.0747631352927
NR1D1 XRCC6	-3.48382341171261	19.8802913286872	15.3938275743279	-1.90697228212903	18.8458275937641	14.0708285266277	-2.32431051293478	19.7428598446016	15.5824550612233	-3.51351154443918	19.6892322806946	15.2082622713324
NR1D1 YES1	-3.70551518459029	19.5522951568136	15.4453347836597	-0.53125293936957	16.4226373768307	12.1338446743997	-1.39511076374857	18.2538851530288	14.2609779303114	-1.47655077005204	18.2028640673742	14.1386828911495
NR1D1 YWHAB	-4.77731735553307	20.2292866084601	15.846279947453	-2.1419299237817	19.2231485058091	14.2304475426832	-3.47382851660821	19.9790593874907	15.7815644313319	-3.5908709414484	19.9896900924001	15.5223358066018
NR1D1 YWHAB.YWHAE.YWHAG.YWHAH.YWHAQ.YWHAZ.SFN	-5.83132693071503	20.0103046455263	16.0100776659838	-2.3061317838402	19.1610203251789	14.1550727254947	-3.02164228716249	19.8633391773819	15.748084292482	-3.80993755996159	19.9306054677313	15.6713879167135
NR1D1 YWHAE	-1.78266356830309	19.0937832451492	14.7156095883304	-2.35514400305537	18.4448186182265	14.3495992621699	-2.29065777356934	19.1275327638731	15.1627493746828	-3.19932114363401	19.3807874515048	15.2199147926577
NR1D1 YWHAQ	-2.83512260006853	18.8360281667581	14.8360477581477	-2.09089447537448	18.9738245688012	14.1001332483279	-3.08889841559375	19.2318454400187	15.3964465459373	-3.66989862242992	19.4393709745429	15.2745132069736
NR1D1 YWHAZ	-3.88987791279569	19.9020710449626	15.6782534013392	-2.41075507378068	18.9992692734707	13.9621068517987	-3.21969202828219	19.774853166056	15.4385878539648	-3.90929145899712	19.9771017890907	15.5304701025393
NR1D1 ZAP70	-3.00476606330759	19.8167804966142	15.6872474945171	-3.19735219039946	19.1600996375287	14.2173612289906	-4.0174042347851	19.5901683953102	15.5624996890294	-3.7670740347365	19.8508508750577	15.2784008113017
NR1D1 ZNRF3	-3.38580974073068	19.1860462980254	15.1718482312542	-1.88215583385899	18.1087893574013	13.2302996125105	-3.7439778686407	19.3605840843068	15.6419913023541	-2.94479646542328	19.381023492401	14.9744530246686
