protein_name	r2_male	rmse_male	mae_male	r2_female	rmse_female	mae_female	r2_all	rmse_all	mae_all	r2_all_sex_adjust	rmse_all_sex_adjust	mae_all_sex_adjust
NRCAM NRG1	-1.56921624334128	18.4951592075969	13.9221077964584	-3.99146265844118	19.7925701351846	15.371618053014	-4.12159286596003	19.9095433024943	15.6697373727194	-2.63323434373535	19.5422854713127	15.0220605819228
NRCAM NRG4	-4.29060702454732	19.8210651352989	16.0542258887468	-4.1702486660919	20.404733487444	15.1668144209115	-5.19581016910219	20.2603912824189	15.8910521856334	-5.57332546826828	20.392684485936	15.9498361380596
NRCAM NRP1	-4.28732043002668	20.9979202186021	15.9148483342689	-2.97473227870983	18.555200611508	14.3313449280902	-4.20950226350292	20.0519510089007	15.6078409472731	-4.09233577072899	20.0385460524147	15.4766539830778
NRCAM NRXN1	-1.75347180300574	19.0091211339555	14.3343019432281	-3.49400709307993	19.3099744786993	14.3060792996883	-2.90419654633986	19.3455949727582	14.8107389733623	-2.71752526883167	19.4505894481449	14.7699017316798
NRCAM NRXN3	-0.360725708267337	16.4896914683163	13.5816109685934	-2.22444448545233	18.9593361728193	14.2160522287412	-1.13050297463802	18.1004090733833	14.6012370907474	-1.08735040472325	18.0060172428695	14.2783540149398
NRCAM NSFL1C	-1.23510429551522	17.3789152614974	14.0448755757219	-2.34899657671196	18.7847591016167	14.2243690520731	-1.84527234838963	18.731583868835	14.7776513004461	-2.32048120181398	18.5976974593179	14.8303426402358
NRCAM NTF3	-2.85066347075722	19.4670558756663	15.3024769810059	-1.90079177506519	18.4513223609586	14.2512642463685	-2.53378384464656	19.2140632325086	15.0915753888305	-2.25361209067216	19.2521285246022	15.2365090713229
NRCAM NTF4	-3.17000622911868	19.501249287167	14.9241453299401	-3.87337915487148	19.52327353609	14.5098855983713	-3.54511711420359	19.7106232319934	15.2728961284733	-4.23358939432826	20.0333890893686	15.3182905358074
NRCAM NTN1	0.41177907720594	13.5389728070351	10.4468360258001	-0.493128899619729	17.0428036898767	11.5874062550546	0.166481338015569	15.3342549697426	11.1590747544407	0.0171064938963338	15.6518142822126	11.3399580941324
NRCAM NTN4	-1.5123118250589	19.0586310471004	14.3570309397953	-4.0291436192028	19.367804797307	14.4866385304029	-2.6610719630361	19.9368376792032	15.1829161285236	-2.4115786796611	19.5017227701258	14.7856582903703
NRCAM NTRK1	-2.5057658223342	19.2782369439875	15.308666097953	-3.29535008460978	19.4602049072427	14.7989030431776	-2.98887215627204	19.6224319396172	15.3736210143623	-3.58736467249075	19.7172619766478	15.5110493361427
NRCAM NTRK2	-4.38695013053904	20.2205374377283	15.9880247930552	-2.2060605186816	18.9534745873075	13.7451102026079	-2.89593091542537	20.3799750297088	15.4828410101278	-3.8925827999469	19.9924944454362	15.3049201547356
NRCAM NTRK3	-3.04204448307879	20.3905024054105	15.3883204590403	-4.14647767823423	19.7019191686413	15.1229571062675	-3.32885188671792	19.9429953325144	15.5372647514328	-4.0182679472217	20.1964598130553	15.5849959604135
NRCAM NUDCD3	-3.74495349307384	20.3543602197647	15.5370310611381	-2.49762090804551	19.7528128830389	14.6871638037331	-3.52100730015399	20.2600974402168	15.7656919510477	-4.01632338744947	20.301962591319	15.6442518405006
NRCAM NXPH1	-1.54183013319761	18.6054376764706	15.0295497815487	-3.09295218366206	18.9937851351996	14.6243819381309	-1.91610058118729	18.6792165766256	15.0487852469639	-2.40289174139386	19.0760794932243	15.2428155496867
NRCAM OAS1	-2.44249782431136	18.8357334525057	14.6005440475712	-3.68861961445012	19.3368526194037	15.0206685902612	-2.33312876755324	18.8864243409766	14.915931633639	-3.59621199072725	19.5289686049304	15.3288166978487
NRCAM OCIAD1	-4.62149741869131	19.8629559213415	15.802342145653	-2.30259017077572	19.1991349992952	14.1293512320497	-3.39910209684651	19.8610033615481	15.6333221185113	-3.51874381972494	19.8476252205074	15.3429105457709
NRCAM OLFM4	-1.21693103301635	18.8001911957776	14.8758920256515	-4.02800765190456	19.9144250044634	15.7002338389158	-2.08410701522609	19.4734941313482	15.5266633493826	-2.52162493496105	19.5098814705712	15.5077367618124
NRCAM OLR1	-0.39635212646677	16.7085778401771	13.087588611119	-1.2660198497298	17.5651741833231	13.6441219290558	-0.456088947868325	17.2349807594972	13.7050187250125	-0.852776867980576	17.3985906357903	13.7989739062859
NRCAM OMD	-2.07176899969289	19.144706389466	14.1809853971987	-2.24825380900403	19.6531864427907	14.4990087286024	-2.57175104072452	19.8476450802407	14.8711281754146	-2.62836591758676	19.7185539994052	14.8676280500355
NRCAM OPCML	-3.98118054663497	20.2340696324249	15.4730151985528	-2.91730260823617	19.5135671801433	14.4774385226576	-3.54846404503049	20.1653729882318	15.4682500662203	-4.32272689205406	20.1593585782929	15.3100758390307
NRCAM OSM	-3.1336225148206	19.7616757268021	15.8299924264813	-3.75019976763562	19.5403185175402	14.9927213252095	-4.42804348885072	19.8617578219342	15.6840605684249	-4.19049343003339	19.8829650979212	15.7465834709471
NRCAM P4HB	-2.71383395494458	19.8230099277129	15.3857991606788	-3.08158831049711	20.2623557440741	14.9200454123088	-5.01696030106101	20.35782474589	16.0374731718686	-4.05949457312736	20.1244331093765	15.486724079665
NRCAM PA2G4	-3.10048460608184	19.741120800165	14.9538901751372	-2.42534348831955	19.912144731003	15.1033355876614	-3.40124899746888	19.9922388008583	15.5944822563378	-3.0597745543671	20.0857193229534	15.4105671520867
NRCAM PAFAH1B2	-1.15107547379935	18.5394168732954	13.9994131741022	-1.08484077626062	18.2922581181389	13.6225394688412	-1.20784859409564	18.802906578671	14.2682244816922	-1.13331838247652	18.8138627105407	14.2343198748631
NRCAM PAK3	-2.1885577560437	19.7240180144622	15.624955703433	-2.41089754853711	18.8900783088861	14.4735593913977	-2.69754545705602	19.8634056831823	15.5946773426189	-2.87588315184878	19.7645998379456	15.4356042845103
NRCAM PAK6	-2.46469465043825	19.2901504830352	15.1664668973089	-2.87020911424363	19.4961389021184	14.6322246191891	-3.20717079455092	19.765914043755	15.5436776102553	-3.0588920150146	19.7196017232104	15.3172023670797
NRCAM PAK7	-4.32220106745847	20.3971712669759	16.2439374015932	-1.99852568571774	18.3638403121271	13.6857586725305	-3.6684401386481	19.8900384652316	15.582373194401	-3.6148313989449	19.7003263621303	15.3500688768922
NRCAM PAPPA	-2.40470710020475	19.0684888269124	14.4001750418405	-1.26938026150013	18.2901599197616	13.3221852801716	-1.69391129211097	18.6988335942743	14.1871159800815	-1.96674307532205	18.9587155926046	14.2566478909649
NRCAM PARK7	-3.89648735574747	19.9676384352381	15.6547386916356	-1.30797869388191	18.4170666250103	13.217613701012	-2.51447261192089	19.1431507008464	14.9237032317358	-2.53757099284621	19.2994597085606	14.9944587195198
NRCAM PCNA	-2.21319247280045	19.4665564314137	15.0418266953049	-3.06720290178409	19.3573192738143	14.8528776486749	-2.30551824888421	19.4314909455931	15.2718291885233	-3.14269009772815	19.744717556073	15.476295856921
NRCAM PCSK7	-1.86141392844068	19.0504971763404	15.572960551325	-2.71408061300352	18.7359476995256	14.3753440450982	-3.28882077871666	19.1785769816516	15.5759293342234	-3.01946104146982	19.3676669752396	15.4841242453343
NRCAM PCSK9	-3.45138901744712	20.7833154864978	15.6617259838668	-4.04831274884796	19.7466879907516	15.2426851063996	-4.63730450761897	20.6391023671578	16.0663145278131	-4.09297356325031	20.4393124654112	15.760355589493
NRCAM PDCD1LG2	-4.17723397114641	20.44268708462	15.6484731581996	-1.78685048563289	19.1919485141625	13.3742834530066	-3.1179222435246	20.6495538284086	15.5401709366939	-2.87280689543334	20.3632784691727	15.1417773454548
NRCAM PDE11A	-0.712502297247038	17.3346053335927	13.3981648509667	-2.44857591322671	18.9740115184164	13.9767523337671	-1.58148396034611	18.447575592172	14.149177510299	-1.3879013268984	18.3042172971318	13.9827537512509
NRCAM PDE1A	-3.41943065183742	20.1641509541148	15.2905650264808	-1.9175848044858	18.9011973397109	13.8194910849147	-2.84007567766312	19.7175024508699	15.0145077408301	-2.53192472751798	19.7972171789721	15.0035118822708
NRCAM PDE2A	-4.67729737619579	20.4408739925689	15.794982234124	-2.84037101494477	19.0724082794713	14.427839424044	-3.92596457997222	19.8325798232829	15.4334774402185	-3.99255304781198	20.0979446494659	15.5115891050204
NRCAM PDE3A	-1.1516915071679	18.7966373707645	14.5704797280362	-1.81565057199762	18.3971065011641	14.5414651014235	-2.06143957968638	18.8522675421624	15.1768693180973	-1.81638236304613	18.8322904853929	15.0566820300792
NRCAM PDE4D	-1.50901039055844	18.5260353471536	15.1761699347806	-1.11851192147244	17.3857700078116	13.3621368757594	-1.29471374112004	18.0508337460792	14.2989062807472	-1.33249714981258	18.1615268721068	14.4433842512527
NRCAM PDE5A	-3.97412667108813	20.0086930890434	15.5567185022065	-2.39042443106568	18.7856762008767	13.7243737966777	-2.73506528539154	19.9028421098526	15.2023732904249	-3.12732165905314	19.724034571611	15.1328756963279
NRCAM PDE7A	-1.79307079389167	18.389160547355	14.7560403069768	-4.07735796407318	19.8311621176346	15.5505047154966	-4.50140199701607	20.1012128235222	16.0377080105404	-4.51609775240693	20.126109340508	16.003382799092
NRCAM PDE9A	-0.425335952296194	17.2656691300082	13.3171848680016	-3.03229706955931	19.264047413231	14.7433472934983	-3.11484405423377	19.613750367195	15.7000993120281	-1.64274379530193	18.6621140679373	14.3821365698145
NRCAM PDGFA	-3.10938753957395	20.178714950814	15.3437097992444	-2.93393653162727	19.7135198549578	14.8017941443748	-4.40865821322157	20.1005027805836	16.1167762891234	-3.70787307305657	20.0015591067744	15.390567186738
NRCAM PDGFB	-2.93953525200656	20.215129532752	15.6659873806081	-3.568334397	19.8446118600823	15.2294590844605	-5.02563188256972	20.4151292390588	16.1977271211501	-4.06781495524178	20.260624895509	15.7618402873181
NRCAM PDGFC	-2.09395508799221	19.0622404967977	15.1876723481202	-3.06552179611035	19.5515185225842	15.0555523354836	-3.13819473829277	20.0058072512046	15.8489860987701	-2.90773873713631	19.4658465845084	15.3678433933905
NRCAM PDGFRA	-2.71545261440318	19.4541985717666	14.5828717039218	-3.63067113027107	19.5929991084696	14.9421482263866	-3.34708880640282	19.7744933024963	15.3172578102275	-3.53081637464038	19.9472714207592	15.2597951048924
NRCAM PDGFRB	-4.76975024301618	19.5616450724913	15.6165033812406	-2.91183374332416	19.9100141047494	14.6674791322973	-3.83550893315035	19.7973723434498	15.6300360966655	-4.38434490837258	20.2041616540575	15.5913852288388
NRCAM PDIA3	-4.05041849456229	19.7968975121446	15.6219413310236	-3.82743276840949	19.148257175238	14.7666237341937	-4.32654837256458	19.6951439001384	15.51616060388	-4.5623440249019	19.8122967237188	15.6259294229023
NRCAM PDK1	-2.37809203119606	19.0971889368685	14.109656078825	-2.94485196289088	18.4318080186878	13.8238443589194	-4.14451780914097	19.4438225385431	14.9603414460578	-3.4160104824522	19.334301234542	14.6957506137844
NRCAM PDPK1	-2.01238445837112	18.5937502673392	14.7516570118486	-3.16130586932785	18.9999816327348	14.9864743571016	-1.98504367094585	19.0006164294572	15.1649490411039	-3.18287551548019	19.10440864103	15.2680409241283
NRCAM PDXK	-2.48242464518802	18.756181581944	14.784436787688	-3.00238363114382	19.567846124512	14.9013711888313	-2.67539144098915	19.1770011050313	15.2578007795476	-2.94519946260196	19.3883575965146	15.2514519755677
NRCAM PDXP	-3.14050113615132	19.6772522918265	15.0141430598141	-2.46982162388589	19.504960425913	14.6504872236523	-3.59621344173172	20.0399516864396	15.7060914286137	-3.05109211712559	19.8806169077137	15.2286157689695
NRCAM PEBP1	-1.42499859318483	18.602191887359	14.4497226601199	-1.89761221945466	18.7370446416766	14.8706657441132	-2.09545203995309	19.0616530714231	15.3222852455356	-2.22565412632193	18.8806408232192	15.0760993895411
NRCAM PECAM1	-3.26985031521253	19.7760289793714	15.8222816742362	-2.23172668659231	18.5986992567619	14.2666066147644	-2.25233699797603	19.5232333069199	15.3259229279125	-3.4646540288775	19.6852540381123	15.5578791390259
NRCAM PES1	-2.72189689776085	19.7233108494769	15.7049366279418	-3.03652550982848	19.3343217370146	14.5857213391638	-3.13511043938475	19.6703612403076	15.5571647081329	-2.99802659265183	19.7627273891638	15.4509674469014
NRCAM PEX5	-2.16489700783191	20.1455114346675	15.6782460226363	-3.27234435688644	19.8882678414799	15.4725030856273	-3.33138659180816	20.010437534979	15.8195138643672	-3.4737112872454	20.1405582979129	15.8253232806702
NRCAM PF4	-2.73223304298456	20.2745343702891	15.695740307939	-2.98243114427972	20.1154447582913	15.3494059294584	-4.56733501589595	20.2371137456752	16.1745347373799	-3.28791220711557	20.2883225133737	15.785814970207
NRCAM PFDN5	-3.22106151987246	20.1199684878791	15.4202799554702	-2.47162485447434	19.2654217592508	14.5054522578716	-3.28319281275503	20.0593494599437	15.5902404801925	-2.95931702187697	20.0045818501412	15.3681254093507
NRCAM PGAM1	-3.69212141321219	20.0814042192658	16.1525014545843	-5.14018197703983	19.6484643620407	15.5584823448448	-4.84415185019094	20.0502340893924	16.1639359651925	-4.47364186189194	20.078342015423	16.0857366671923
NRCAM PGD	-3.55089811039458	19.924799862893	15.6193695923725	-2.92411713546457	18.9462373523475	14.1663662731678	-4.00667764221901	19.8662690228143	15.5577906077168	-3.47004941285853	19.6840272827992	15.2554431083611
NRCAM PGF	-0.451761565941967	17.2111298980632	13.7865438787429	-2.12616711373654	19.3334556988915	14.6491160038022	-1.34543626675356	18.7638898045805	14.8364006560056	-1.45597091971982	18.6757035195676	14.7127732195009
NRCAM PGK1	-4.09965771812576	20.065949374343	15.8749355871335	-1.6042783433804	18.5750765271193	13.5597410093302	-4.10047698209944	20.3104573173095	15.907747987872	-3.23537813187358	19.6909111835526	15.0222313024078
NRCAM PGLYRP1	-3.39886775832183	19.367481611735	15.3874043018994	-3.01407653427115	19.1746571924568	14.4964634693081	-2.70212930395401	19.4448976474605	15.0634016463555	-3.43778842495405	19.5545574330975	15.3924051894033
NRCAM PGM1	-1.2494391602286	17.8384383259725	14.09402691083	-3.37286486292521	19.0190660920995	14.6007071001985	-1.9944313331039	18.7905073986565	15.3502920645637	-2.22536785425508	18.7763586419624	14.7992793333898
NRCAM PI3	0.0149902771098399	14.996938069321	11.1990635505289	-1.01813570007198	17.2127262771044	12.0209910962203	-0.684964144313934	17.1580762196097	12.385956890985	-0.512795539721749	16.6449775468775	12.0797221103317
NRCAM PIANP	-1.22965803973299	19.0882955459428	13.2095309866566	-3.07526519946206	19.6530077408028	14.6072241968411	-1.83562195837757	19.5906872366428	14.6758748068101	-1.85877214952179	19.4141309838329	14.1427153502789
NRCAM PIAS4	-2.44710046551798	18.9011697258689	14.7141176759065	-2.82052756158239	19.0540375515085	14.5627317018236	-2.45428985509788	19.2618232770985	15.0399029012953	-2.96604473119373	19.2831747676287	15.1530822315846
NRCAM PIGR	-2.78875009020873	19.8278916755544	14.8786161042325	-3.25552585447766	19.214288612581	13.7994390368922	-3.22576397708271	19.8002310042778	14.7791184499512	-3.25221552034133	19.8707711798055	14.6754584350936
NRCAM PIK3CA.PIK3R1	-2.11285858437253	19.0401702424173	14.895601601062	-4.31274902379429	19.5818451536947	14.9564539722137	-3.28799962729512	20.0848744258491	15.8735166066615	-3.0197796962204	19.4993227332355	15.199478266293
NRCAM PIK3CG	-4.18272833492935	20.0425563288518	15.6554837260989	-2.10040318282743	18.9082332984789	13.9040413085165	-3.07103478145553	20.1131253070812	15.7579720616758	-3.16162736932225	19.8113563257324	15.2651678041662
NRCAM PIM1	-3.61797370829889	19.8452432665117	15.5986286025425	-4.13229885686358	19.7403352914199	15.0303098254145	-3.76113090789671	19.8036335301621	15.5682317930468	-4.62219296723397	20.0005864878267	15.6825806036305
NRCAM PKM2	-2.9905691263854	19.5692591068153	15.2804909300186	-2.49248518109047	19.2410759817688	14.074410891193	-3.67954105320305	19.7152079741249	15.2714375180994	-3.02105807184004	19.6888471161975	15.0249964630938
NRCAM PLA2G10	-1.80154440204053	19.6030586462405	15.209759436855	-1.10977922082304	17.5977802174215	13.5527864232852	-1.65538296288518	18.8788266778091	15.005041162049	-1.89614828193409	18.9118492063954	14.8993955753961
NRCAM PLA2G1B	-1.80573954484092	18.8011830594601	14.2041410366143	-3.29796269160066	19.8501947242545	14.7858775156204	-3.95925024151038	20.0524231936008	15.7989060451157	-3.27212532028632	19.8769320747937	15.2227575944848
NRCAM PLA2G2A	-0.311577460401889	17.2608711707754	13.1356018345181	-0.943471118696602	16.6435279250152	12.4522100012118	-0.647468728452743	17.6036738439307	13.1705660715026	-0.690808003840255	17.5318504470842	13.2412743097932
NRCAM PLA2G2E	-4.40094239379404	20.0252920595778	16.0805906970305	-1.00973175197484	17.7978134134095	13.8802134065859	-2.23712445941038	19.3529821325508	15.45760782516	-2.11104178306282	19.3763086436442	15.4101790945765
NRCAM PLA2G5	-1.93903846676759	19.0251001405811	14.6043902662655	-2.34474504492007	19.4298210639865	14.7613158544297	-3.16241340559677	20.0398482767044	15.7143153799345	-3.45129567787062	19.9073475999098	15.5197193545136
NRCAM PLA2G7	-2.78838021922496	19.9184278539611	15.1445497568817	-4.14287481475264	19.6184903068326	14.9058073831917	-3.84715461560385	20.0240938574613	15.8506616177185	-4.65639486685271	20.0359557973165	15.5878107030861
NRCAM PLAT	-0.431697079735172	16.3752976840812	13.4053322774846	-2.10013234315913	17.8897973014878	14.0806460377294	-0.713962449939012	17.1199045863858	13.7938619751074	-1.12017118717063	17.4885526529828	14.0174330992877
NRCAM PLAU	-2.62036663512469	19.7984558448671	15.329092806138	-4.87912404261788	19.8834291617201	14.5823144481829	-3.85500281472594	20.0448074252161	15.5304731025038	-3.9257464304443	20.2540921409822	15.5199759683152
NRCAM PLAUR	0.288021969714729	13.9292708055161	10.73489126997	-0.383774897977649	16.289072162533	12.2645725216521	0.0681625295155401	15.2369249986306	11.7311002298221	0.0412659669075472	15.2249362169058	11.5894671517788
NRCAM PLCG1	-2.42499896791311	19.2324085261511	14.8840574769399	-4.36569330006366	19.4674532413951	14.9439989985788	-3.19499529041363	19.8483818690629	15.4646918207656	-3.78322797290771	19.7148191053524	15.2601843838702
NRCAM PLG	-2.20892068997061	19.3752784814357	14.4901259388203	-0.857418157017622	17.9048686204346	12.7461665196724	-1.62910531160906	19.6644452011443	14.3974738280141	-1.58750589366884	19.0995446452125	14.0331155146115
NRCAM PLG.1	-2.69196204900512	19.982374037797	15.6163205413484	-2.49098753584558	18.7497141492217	14.3393016586042	-2.70502473048963	19.4558215283883	15.2794975041369	-3.23623632880222	19.6162207942383	15.3797204325463
NRCAM PLG.2	-2.30616756478403	18.8793761288936	14.5843113347637	-0.818801268028279	17.4350698349875	12.7884496566122	-1.10306588790186	18.4175550346274	13.8702173485789	-1.24809811189722	18.3887063668381	13.8133202650869
NRCAM PLK1	-2.03691508893308	19.3654718984542	15.0405284864857	-2.12176860527293	18.7209575653175	14.1190032343392	-2.48653253022246	19.1800543180498	15.0775760365217	-2.30685526989314	19.3857790308154	15.0096791240742
NRCAM PLXNB2	-0.825730569623769	17.6650541810705	13.1960368504105	-1.35655296321605	17.7644402914184	14.3802298224663	-0.691951082998921	17.6123089521405	13.9446399235718	-1.05201267874344	17.8011887207106	14.0158111475673
NRCAM PLXNC1	-4.78423845010364	20.5906896415992	15.6567048599693	-3.38643555243048	19.4501168797101	14.8173957246439	-3.56195792824261	20.2232502320592	15.5561972197218	-4.47742882624902	20.325389258276	15.7069340489383
NRCAM POMC	-3.36950856656433	18.8121125933123	14.9147488462546	-3.60710523613086	19.3529032393434	14.7297104145909	-3.52506140418791	19.9316217582579	15.7062119876468	-4.07128099864034	19.6302242538003	15.442913759713
NRCAM POMC.1	-1.1352444904349	18.1840264835912	14.584726526958	-4.31661542819476	20.0740648612285	15.3014940084384	-2.57425977448119	19.6828380933609	15.6689553019992	-2.47822894227666	19.4433948078418	15.3209731307785
NRCAM POMC.2	-0.814631252991078	17.5343246359483	13.245300063136	-2.34256232675379	19.1191373751311	14.1562977281167	-1.57917145968862	18.9020525759841	14.2746133649905	-1.42019294322852	18.794738216255	14.1363483401493
NRCAM PON1	-3.95949126585752	20.4944295466506	16.0278512261498	-2.32653031298715	18.9900112619732	14.3655975327085	-4.133917580155	20.0933892835074	15.8391918311834	-3.73770981760737	19.9833189050639	15.5641153624729
NRCAM POR	-1.09926002434898	17.7372800265632	13.5294797785213	-2.25052659529725	19.5475724266265	13.9667673799717	-1.54555409592327	18.976536565005	14.0353344351911	-1.68018951924884	18.981787153296	14.1631373554792
NRCAM POSTN	0.0576327018656536	14.4294282664902	11.3888428904183	-0.732304313450118	16.716953249999	12.2829359921429	-0.280246660395457	15.8988490445946	12.2631129060414	-0.262706943329346	15.9199036649414	12.2735060697322
NRCAM PPA1	-2.47068258383425	19.2623896829389	14.8359687708278	-3.71440874651625	19.2962252295164	14.4230865840288	-2.80971121560961	19.4471925648434	15.0464466746795	-3.22656899452069	19.5890643468207	15.0756581254388
NRCAM PPBP	-2.91079245258871	20.731545471172	15.8326277048628	-2.53387783307957	19.7914404407926	14.7936322453433	-5.12372291232156	20.4494663660119	16.1854522568421	-3.5003469988519	20.3437926944981	15.6168309811104
NRCAM PPBP.1	-2.85463563308358	20.7003694643094	15.8411906153074	-2.66986953246343	19.8517463223415	14.9015086491311	-5.29035236514756	20.4994111253598	16.2162193166111	-3.45110779915804	20.3328821560643	15.6578616663341
NRCAM PPIA	-4.20368685604438	20.254922913393	15.8081535952466	-5.93495011772529	20.1047458193316	15.6468882127301	-5.08699040565998	20.3013456711561	15.98627608154	-5.49984558508192	20.3213556829879	15.9862295483425
NRCAM PPIB	-1.8795385337401	18.9128518643023	15.2406785215515	-1.9370489497535	18.651519796404	14.4994795855352	-1.76547677240135	18.7690455409917	15.0203063272144	-2.06869746765843	18.9858289238233	15.1795728414437
NRCAM PPID	-3.43473339411048	19.8892394400791	15.7613326448571	-2.97669499170141	19.4792457832216	14.3326443150665	-3.27295570493861	19.8787642688187	15.6213456469102	-3.15304236688263	19.8705285119219	15.3745580714557
NRCAM PPIE	-4.49055147897722	20.650759975989	15.8537104109139	-2.88140080725235	19.461517526396	14.6482362120551	-3.37666379344113	20.2355250548146	15.6328443428817	-4.08166590270179	20.3046144770534	15.6833399498318
NRCAM PPIF	-1.25334141847514	17.9326629555022	14.3547723580295	-2.65652919765104	18.4947467502216	14.1357065360138	-2.168645392276	18.6912479811081	14.9040925553696	-2.2345969434757	18.688666316868	14.7977155668719
NRCAM PPP3CA.PPP3R1	-3.17560764386255	19.6707395408032	15.4001975841084	-3.32156377331002	19.7018160019323	14.8597792868326	-3.9570341669362	19.9344252478996	15.6427634056368	-3.12770057544639	19.82998212136	15.4843643560172
NRCAM PPP3R1	-5.39477286661219	20.5332992559467	15.5657703690549	-4.83895500835377	19.6967864384206	14.749861804817	-5.18493259958862	20.1952545302664	15.4995161866001	-5.4878204562974	20.2700971227962	15.4261411031036
NRCAM PPY	-0.345784601441876	16.4900798907964	13.2088028301692	-0.468933050834162	16.7050900547655	12.7543521960336	-0.38990205229839	16.820982237649	13.3051899124395	-0.42966955639113	16.9401275921463	13.3363486269802
NRCAM PRDX1	-1.55554605122201	18.9031416259417	14.8964841010394	-2.47888063817503	19.1114856432206	14.7928385964073	-2.10531863033106	18.9493154282971	15.1220767202032	-2.6813937896514	19.186413198161	15.2331268460363
NRCAM PRDX5	-3.33731663035144	20.2821795241509	16.0582174197324	-4.54509568122028	19.8325074607965	15.1721334591	-4.92684911064728	20.1127186924291	15.9575878933113	-4.62668474454485	20.1879685227713	16.0054888306602
NRCAM PRDX6	-3.84167356558503	20.0486395071962	15.3016749953077	-3.71578982626229	19.6783404358207	15.2387146870472	-4.44531175246782	20.3393752555412	15.8842759194155	-4.25429467273375	20.1550699085838	15.757907834157
NRCAM PRKAA1.PRKAB1..PRKAG1	-2.20752765541819	19.3753820143692	15.3724776255081	-5.3967267776589	19.9922164122578	15.5505417192804	-3.42619957786932	19.7369708243194	15.8693158151013	-4.34256752462599	20.1429435810432	15.9597170316797
NRCAM PRKAA2.PRKAB2.PRKAG1	-2.37552693568803	19.2104726999879	15.2608125508628	-3.79203600850611	19.5596724935288	15.0368050997388	-4.15073026667261	19.9437435184508	15.8578970227727	-3.64917348420579	19.7636179390031	15.6502985248969
NRCAM PRKACA	-1.30748233303469	18.0201285236896	14.6599171684856	-1.90179536115386	18.2886923679773	13.9347671763511	-1.63883536672851	18.631362550016	14.7772352423678	-2.04785527852082	18.7332934784684	14.9459317111063
NRCAM PRKCA	-2.24845634210605	19.2733370989852	15.3705094351162	-4.51054474218422	19.4451100712711	14.9964482456743	-3.17862244185303	19.6043460066414	15.5729149582563	-3.66734209475645	19.7211838540158	15.6456234986235
NRCAM PRKCB	-2.851156770163	19.5899394497364	15.2200275510909	-2.82863328691191	19.618832095624	14.8373629420298	-3.60744575119104	19.839199958756	15.6870460435019	-2.87837916841539	19.8212773098546	15.3834043817262
NRCAM PRKCD	-4.0380042129659	20.0056757549087	15.3981685529313	-2.8500818457181	19.5570888435745	14.3286122532155	-3.55811383155333	20.1957156516332	15.7154513542919	-3.46669096790762	19.9850324662914	15.1728354090539
NRCAM PRKCG	-3.35074472475391	19.325789711632	15.1823367257933	-3.98194668443816	19.4901476915567	14.7517873174822	-3.98823868271352	19.7839334963982	15.6424928563835	-3.53086962816438	19.5817627880898	15.1936659202471
NRCAM PRKCI	-3.12025170986419	19.5770356938841	15.0853899587709	-3.06297036824941	19.7596497215812	14.7823936387519	-2.90366220841841	19.8930653319207	15.4622732939905	-3.21892966669663	19.9805241345659	15.4407486346584
NRCAM PRKCQ	-3.42743060505591	20.2905350431038	15.2943666047834	-4.00208689339359	19.3031824395234	14.4730287354528	-3.83971172370687	19.9168477608744	15.4287399123488	-4.34726604022207	20.0062932053634	15.3698183554625
NRCAM PRKCZ	-1.71876002621528	18.3981302244921	13.962743148942	-2.12168147230476	19.2570891483351	14.5346289185979	-1.75555384266645	19.4921881286349	14.7089456470512	-2.0964688079136	19.3731365473662	14.728781424007
NRCAM PRL	-2.02181071642211	19.4335412186716	15.1934185860464	-3.06074575096099	19.4122457482228	14.4432544354378	-4.14385468862741	20.1558738854433	15.9187251029582	-2.78404732283597	19.7650924438192	15.2905529192603
NRCAM PRLR	-1.092129272004	18.5770490744561	14.3464618727316	-2.40358945519776	19.5287989126023	14.5146020098487	-1.88789181868638	19.4167261534225	14.9322838169503	-1.6941457864591	19.2871557141074	14.7127654975878
NRCAM PROC	-2.07593356080735	19.1257424917237	13.7693443893226	-2.32459587976324	19.308016164775	14.9692088589739	-2.47325865642064	19.584180693946	14.7875310600799	-2.33517223459275	19.5587592530622	14.6861237951807
NRCAM PROC.1	-4.2880207395087	20.3578106784192	15.8640965229487	-2.77967938221001	18.9886044124144	13.9916832829006	-5.61985959912037	20.4830939675591	15.8912060077432	-4.2108718296958	20.0410075520757	15.353583017933
NRCAM PROK1	-2.81034182735644	19.5543697336624	15.4128484002316	-2.31780939541867	19.3277619754814	15.1058533703906	-2.47169630708808	19.66454161942	15.5446272243582	-2.69178245477882	19.7802402797714	15.5792396408363
NRCAM PROS1	-0.692486434953571	17.9355290477799	13.4187231310143	-3.44238396918949	19.4724379653177	14.7557327123597	-2.13403655445697	19.3433873972077	14.926439921348	-1.91004836481754	19.0236376235414	14.448294908872
NRCAM PRSS1	-3.39785976341064	20.2182730111742	15.3230424404332	-2.64713226230877	18.7565387331299	14.6537508411079	-2.38135694300985	19.5761957199142	15.1155559233244	-2.96372561952232	19.650167856854	15.3256436319838
NRCAM PRSS2	-2.4630372488202	19.5416080488169	14.9913713355005	-1.86831190399303	18.4987545431475	13.9545423899894	-2.46330286164758	19.2156434868035	15.0467613185609	-2.07007877753115	19.3145720914418	14.8408016213752
NRCAM PRSS22	-1.90245467531098	18.2668517163718	13.9508965338064	-1.57555782589024	18.5499295698858	13.7577664444616	-1.5487069607113	18.8308869500576	14.6101496779251	-1.95597587033159	18.6858042618455	14.359156210807
NRCAM PRSS27	-2.51755722832015	20.5089993926487	14.9236596554802	-2.42471934128226	18.4745312508966	13.9076635663388	-1.995683754785	19.8011496970543	14.9903469034181	-2.72462114893783	19.8531088454257	14.7106709055037
NRCAM PRSS3	-4.81961609709457	20.4337532742841	15.9481925567759	-3.76910570647084	19.403830262111	14.874281376717	-3.9788018006548	20.3892149468851	16.0809051726156	-4.73380951815333	20.3671789380335	15.9016928479208
NRCAM PRTN3	-2.96533224741943	20.2206048146054	15.3520091147578	-2.37566730054803	18.9349941503397	13.8680751680047	-2.95489795794233	19.6578637477393	15.3372667086205	-3.18046020286824	19.7180104920796	15.1754727211904
NRCAM PSMA1	-4.18627015053527	20.582207175952	15.9107919347684	-2.34274528789434	18.7623772146561	14.1397212439472	-3.36324492916472	20.0578234899036	15.7702497346965	-3.00434884074072	20.048527227302	15.409347756167
NRCAM PSMA2	-3.04585420986189	19.7089604952469	15.276403527988	-3.95188507369263	19.4462816526041	14.6412225543709	-3.14251608045033	19.4365721987279	15.1851925180803	-3.68932536934186	19.9420087172859	15.4516668310421
NRCAM PSMA6	-3.57423047947496	20.4708278598796	15.7029732498547	-1.8976164912261	19.107359414242	14.265980609507	-2.87083046789299	19.8751340912166	15.4043180211645	-2.9170577941416	19.9362565667605	15.3174393834223
NRCAM PSMD7	-3.78084354471825	20.0695802529425	15.6893062533994	-3.47000259298635	19.8523132427549	14.9018154672141	-4.23554103291903	20.1202174977522	15.8169529323066	-4.55334012465337	20.1797080995164	15.6832249223813
NRCAM PSME1	-1.49359410872631	19.020029647829	14.7961452236322	-4.34670191365138	19.648408391571	15.1361482823346	-2.59343658650852	19.0914399685183	15.0546747641626	-3.3929330544405	19.7283541514432	15.4879654210275
NRCAM PSME3	-0.523656457698522	18.1007074729645	13.7971571271729	-1.63502511182933	18.2554862120087	14.1912180360047	-0.683102970542086	18.2107090886316	14.4392279403014	-0.935538274425308	18.363908014129	14.3823013522615
NRCAM PSPN	-1.93110373775766	18.7534736312166	14.7124970007105	-1.60887168457583	18.8335507810369	14.6974372985027	-2.48507373566964	19.5618677246573	15.3667450680228	-2.21326194647088	19.250718022745	15.2432791716736
NRCAM PTEN	-3.97843300164025	20.3522749123484	15.7698903490035	-2.78650944467289	18.9258742361	14.0371906225979	-3.29737659272348	19.6818685863082	15.1517994306589	-3.39623394555681	19.8959120682723	15.3111218194825
NRCAM PTGS2	-3.93641132903516	20.1908092950767	16.0951819891724	-2.9580293038624	19.1840213697424	14.5427398973598	-3.9212108129488	19.9710002968298	15.7733225832451	-3.47592257705129	19.9735180994895	15.8415426301369
NRCAM PTH	-2.59429878138282	19.0260854309246	14.3892366021019	-1.74317237570816	18.3207260313071	13.6155213379829	-2.4943760373186	18.9183970862032	14.4436232122512	-2.0880552304252	18.9191146128343	14.3778556006637
NRCAM PTHLH	-0.254909100443483	16.3822681908028	12.009197177558	-0.480633337495298	16.3512940427587	11.7618377695895	-0.464746222316148	16.8048711475843	12.6887119660424	-0.292035943964004	16.5780855499024	12.1815249401292
NRCAM PTK2	-2.87588124893019	19.5332113536505	15.5883986537175	-4.34702383999889	19.3173670313563	14.8906350074033	-3.17966321746384	19.8905128597419	15.9947875549011	-3.71275885526903	19.9635122291605	15.8649955965579
NRCAM PTK6	-1.82745495961162	18.5008054277612	14.9065604099277	-4.46780084373448	19.4502214110234	14.7577968450979	-3.59550331899294	19.5853586519356	15.6658412330783	-3.10183852396589	19.3089518416964	15.3042228753499
NRCAM PTN	0.718315466026986	9.8418127679813	7.35647335694806	0.597619938334494	10.894554929808	8.11434990769851	0.652740108596279	10.8289668427017	8.20952804490416	0.662614557607342	10.5592556702514	7.96935496828969
NRCAM PTPN1	-1.76476028370925	18.3707819064437	14.193966207868	-2.75947186630042	19.0058604174617	14.1984948642192	-2.75295301059445	19.0443432500212	15.0747095074148	-2.88635887967912	19.2148388612113	14.9545189552676
NRCAM PTPN11	-2.07025764047224	19.5731215828534	15.5041413842546	-3.75729604650203	19.5116987073401	14.5772422129947	-4.09177776736839	19.9808841498945	15.8773988048741	-3.89215337061215	20.0212379869708	15.5241003723803
NRCAM PTPN2	-3.33777031243311	20.4228559435103	15.773917487665	-4.67062828615304	19.7262309317284	15.310429944246	-4.31598618937187	20.1904761437272	15.9328434885215	-4.00760566092466	20.3450182658467	15.8776272675762
NRCAM PTPN6	-2.01665663483093	19.3560922176646	15.099353895623	-4.25046720291792	19.2738596225124	14.416219239472	-3.8835444724969	19.7719787695467	15.6408626944854	-3.13087682081182	19.7031335826034	15.2819362801894
NRCAM PYY	-2.65942830424505	20.0223701451393	15.4650013986611	-3.30433238245119	19.0402165435162	14.571528898385	-3.81656903451297	20.0391343887511	15.6791099052266	-3.24817660709466	19.8394919674841	15.4535423492133
NRCAM RAC1	-2.93123000918714	19.4303852393759	15.256708286934	-3.57493848557992	19.4648266614302	15.204555600704	-3.51031200484502	19.5278036552643	15.3127610554222	-4.00046103690899	19.7800330215457	15.6069426630998
NRCAM RAC3	-1.85182003723395	19.1502583453749	15.317170663695	-2.86865011183968	18.9258313632737	14.658695293139	-2.79162595996282	19.6157936911485	15.6119155803453	-2.73621532821225	19.3743791335984	15.413797491616
NRCAM RAD51	-3.95277543800281	20.0627200888042	15.5696516620142	-3.52425174014081	19.3740030528721	14.7136588069948	-4.1120084191817	20.0584684970571	15.667891913614	-4.10295644789685	20.1218467031533	15.6554703596332
NRCAM RAN	-3.57720886853796	19.8498617924448	15.752566158021	-3.26180227175082	19.1701248782582	14.4931658588429	-4.58369220105841	19.9630773804463	15.7392737066452	-3.66372643705176	19.7141711856082	15.3903992677658
NRCAM RARRES2	-1.30754377497918	18.1389230588661	14.2298798821153	-1.11830035193259	17.6187313041021	13.5247399186148	-0.695039513494488	17.914238848615	13.977551553804	-1.04313756187927	18.036145972584	14.0496864104663
NRCAM RASA1	-3.4160620478792	20.1847637325173	15.2970591851904	-3.04341148249731	18.7353055276463	14.4871093715224	-3.48768122198714	19.984770126017	15.3801439895803	-3.62434778836086	19.9288940391386	15.4030348210658
NRCAM RB1	-2.5362981726346	20.5889160623084	15.7794310059698	-4.00111608550419	19.586952073704	15.0835183072946	-5.19400078064949	20.5183025042568	16.0324654232175	-3.88932993178652	20.3432058669756	15.7033189110207
NRCAM RBM39	-2.39867438361389	19.4041148556564	15.0576683019359	-2.54334795542794	18.6406234985859	14.388595228559	-2.0388315431732	19.4524096075789	15.1002669025785	-2.52027422388485	19.4695993789891	15.1176275142807
NRCAM RBP4	-5.33381719934026	20.4627971309922	15.9824729551618	-6.12368008025892	19.8320704194352	15.6706989017048	-5.00936536121273	20.0225170083047	15.8415266223701	-7.03153075323526	20.3573681734812	16.1493015916494
NRCAM REG1A	-0.749875845987299	17.5672160711167	13.1257661858887	-0.907421181952733	17.3266622868111	13.0285640464312	-0.677971496768389	17.4820313048033	13.3713592211067	-0.926713002992045	17.6364936575299	13.496512845017
NRCAM REG4	-0.381296351404212	16.1013323245371	12.3936851210532	-0.815190953878211	17.5632554980645	13.2638216167361	-0.431464504909015	16.7113278428889	13.145606419684	-0.596310683343577	16.9874275205564	13.3403043351718
NRCAM RELT	-0.375605945567868	16.2423515500678	12.2181993839837	-0.302586695603278	15.9656651858201	10.9789776500349	-0.307468568399137	16.3755087474654	11.9249738595056	-0.331828623355565	16.2431071994159	11.8355782411017
NRCAM REN	-0.889326763475105	17.3200692175796	14.1135498046113	-2.70450926011629	18.8318765608834	14.4965873602415	-2.05595845081843	19.1073157346834	15.2392378127389	-1.72796004965764	18.5346771369509	14.8433197314984
NRCAM RET	0.291013067744337	13.7196251869719	10.6078916964696	-1.07815167606604	17.559363144808	12.7530594769865	-0.366986783493466	16.3021796772769	12.0353446418659	-0.195130538872392	16.1441781844791	12.0165098052693
NRCAM RETN	-2.74743532778466	19.7751500886152	15.1277145433948	-3.91392493884541	19.097387252562	14.7176334339912	-3.66386735290933	19.8305740957204	15.3087047777518	-3.51426052481013	19.8914749525766	15.3820277510382
NRCAM RGMA	-0.938162080171802	17.9352099099636	13.8871227454144	-2.81825480291505	19.7514734904192	14.8555942643313	-2.19605927584432	19.2610142435863	15.0673318797528	-1.55599253117805	19.0869788390633	14.6044087049718
NRCAM RGMB	-2.76643425475591	19.6291901051146	15.0530808810291	-2.39523870303054	19.4475761950057	13.9688651034961	-2.6829144641769	19.5470405500745	14.9685797971095	-2.93516588374507	19.8365113064477	14.8633909272445
NRCAM RNASEH1	-3.11243415840689	19.7630580606079	15.6515390837736	-3.00921388908719	18.8030432672202	14.3610874107081	-3.87725381658761	19.9644434996512	15.5934312693237	-3.21513429572197	19.4397322508059	15.235779672276
NRCAM RNF43	-1.3615682919591	19.0389518160923	14.9393489651609	-4.53102025117499	20.2188576340345	15.522494157468	-3.51488267421763	19.839379363219	15.5805234503974	-3.19252485121951	19.8294036173266	15.5588632411335
NRCAM ROBO2	-3.79531141231156	20.0181022418981	15.7064768651937	-1.95039645434613	19.1346649204256	13.918347654584	-3.45848454075722	19.9745867728591	15.3458426426305	-3.35466648928636	19.9408564310482	15.2688933673887
NRCAM ROBO3	-2.93481319014989	20.0308409755566	15.7100054621385	-5.00563876937127	19.724703176475	15.4416775497229	-4.04635221085277	20.0417286064981	16.0313864328571	-4.57095078280393	20.1499569782085	15.9486175133732
NRCAM ROR1	-0.372123121613073	15.9209543945493	12.3487183346352	-1.00589870702015	17.7689944475966	13.3549106944951	-0.651272927348642	17.1666253912689	13.3558777194384	-0.663136617236287	17.373419621607	13.2727451936444
NRCAM RPS27A	-0.720923753323634	17.9948408273597	13.8721731112372	-1.86363133659762	18.4645643499161	14.7371841278073	-1.36479106979128	18.3768610434038	14.8929259249052	-1.6267375705201	18.3929849914344	14.7797140067554
NRCAM RPS27A.1	-1.45844960035046	18.9693150036101	14.8741073295693	-1.87639077798479	17.9203547032044	14.0875466155241	-1.55792098336516	18.5315007934746	14.8369415243498	-1.65223544042042	18.8121707547798	14.8507482065985
NRCAM RPS3	-4.62866049226518	20.0886222837144	15.0626247976006	-3.15523724825438	19.7477858343843	14.6133207979485	-4.47379117656634	20.1902623327914	15.5803095776993	-3.83481527469984	20.410323295226	15.4385623082296
NRCAM RPS3A	-3.4331165843992	19.7651784697664	15.5819955857841	-5.22017140821451	19.9463055872213	15.4665821053534	-4.98599400961002	20.232300867421	16.0391853523585	-5.73581827181236	20.3193242294866	16.0079792075175
NRCAM RPS6KA3	-1.26146073795721	17.6845944139508	14.0523926846721	-3.58682256179984	19.3598509673323	15.1182415159739	-2.59353862559845	19.3750327256452	15.3466018132896	-2.43110121487157	18.9144935454177	15.0690364915165
NRCAM RPS6KA5	-1.71320331239767	18.9449538014445	14.8240500253204	-1.57803067053103	18.2952023398237	13.9860124033801	-1.4924457551902	18.757743045468	14.8915304363216	-1.75589916085179	18.8611916130638	14.7402301224993
NRCAM RPS7	-4.28017611001805	20.5767051923676	15.7347702921502	-2.87636514641536	18.6540946663128	14.4075958948408	-2.4675158841714	19.5564641295551	15.3596692620072	-4.20195350535035	19.8311175665749	15.3436853282396
NRCAM RPSA	-3.27677174591708	19.6036354460435	15.0981052148115	-4.58520775369788	19.7974563273572	15.1177168272751	-4.15549947386891	20.0588562613667	15.693961209547	-4.18939066182653	19.9940231927424	15.4399407843832
NRCAM RSPO2	-1.65172007498447	18.55841489513	14.7208624237755	-1.61215996563076	18.5347913156591	14.3024721235164	-2.00312650568105	18.6734134821542	15.0569104998029	-1.85384082532894	18.7529535018044	14.8755361719685
NRCAM RSPO3	0.56206169094181	12.4345479614701	8.91600186663656	0.233095171788602	13.5207054475738	9.82315922290359	0.428383065583415	12.9661748763752	9.67443314712993	0.430279501032811	13.1549145321771	9.56690707010271
NRCAM RSPO4	0.374831433609009	13.8214626334506	10.4119962027064	0.285589713048411	14.5005624113117	11.4918647550287	0.31253315712414	14.430304358989	11.0646019936822	0.320520059390372	14.4193467803939	11.1360289528967
NRCAM RTN4R	-2.63417465968695	19.7745023813425	15.3621719984155	-3.06308313071486	18.9659630585614	14.3628391081369	-3.03816516848629	19.4756345380621	15.4662346128604	-4.21188208662556	19.8515237105993	15.6914785663313
NRCAM RXFP1	-1.85002781543044	19.0926858965796	15.0052990215794	-3.90425727907881	19.1771928567472	15.2130025266378	-2.40733008853513	19.0247056171759	15.2537506584407	-3.63018580125181	19.422942377607	15.5746653848357
NRCAM S100A12	-3.48312959949385	19.5037242944908	15.3431556192705	-1.02190157920243	18.3365722450191	13.4060979476999	-2.09059257040165	19.4857008977123	15.1587540237671	-2.08736908427376	19.5378085391512	14.9838235375299
NRCAM S100A4	-3.50829739583774	20.2572221440231	15.7398016711039	-3.1170436096812	18.5061262219959	14.4780932055988	-3.84923373195802	19.6573392569042	15.6547845467527	-3.84684888943149	19.7491182936462	15.4912490943859
NRCAM S100A6	-2.50301406429355	19.3503369272166	14.7975811008274	-3.1867731355136	19.7377961474764	14.9846520227418	-3.91860690214281	20.1376728062686	15.7118579365053	-3.57432949572605	19.8021964143255	15.2239905868638
NRCAM S100A7	-1.93699662492516	19.2911131233657	14.8811637794892	-3.04031285501505	18.5891301238921	14.0915899535684	-2.68352941816244	19.7628260471443	15.0931113104361	-2.82824187933284	19.3088379904157	14.9178029059818
NRCAM S100A9	-0.574717005893085	16.7832661929649	13.2200400603612	-1.01436945518358	18.0033141041864	13.4913420058634	-0.70602793824247	17.5236273807097	13.8724634624948	-0.842491185146567	17.7179555437257	13.7680062163614
NRCAM SAA1	-2.42632742477185	19.1674604416331	14.5399167419619	-3.1937426107878	19.3092600436546	15.0059431192864	-2.7246372638445	19.3425347885568	15.2086206578005	-2.63532881400255	19.4373412283348	15.2361325408883
NRCAM SBDS	-4.52203150293838	20.0246763545465	15.7190523707592	-3.06558341677455	19.4579241310997	14.7512889868914	-3.36805743873692	20.0073457840468	15.5167246067525	-4.12117971222698	19.9491642349437	15.5962799757643
NRCAM SCARB2	-3.4590439516664	20.2338979818556	16.2513324833358	-4.72028373333271	19.6968807861999	14.8879076221507	-4.19834339869895	20.1226674524435	16.2318658577239	-4.16240378489648	20.2984865307344	16.1409327613203
NRCAM SCARF1	-0.796330729421269	17.4693234403573	13.3395025063403	-0.968298795890913	17.7194160258877	13.0205174198996	-0.970632497292248	17.7420390788793	13.5246359791813	-0.954350246370268	17.8970706138121	13.4893705085558
NRCAM SCARF2	-2.4891162279623	20.0129019397351	15.8785700038962	-3.16552029291543	18.5166698580304	14.4973444816043	-2.78003749607115	19.1210807514428	15.5637454917392	-3.39481206451268	19.5760753884324	15.5912825413385
NRCAM SCGB2A1	-2.54921421840802	19.5540334935048	15.4727323534355	-4.91983504443138	19.4201062992195	15.4259101174994	-3.68495185388317	19.8223636714002	16.0084402201126	-3.9004481293087	19.8281241905315	15.7596444998001
NRCAM SCT	-2.41762226776006	19.3180836881134	15.1253616075223	-3.36966076027681	19.4600333723853	15.1933796720898	-2.41501368108556	19.4976121871298	15.2066621672163	-2.77573495903981	19.6943995456139	15.5603661716153
NRCAM SECTM1	-1.44005654998194	18.5955510593535	14.0229753429076	-1.11736522592354	17.7010569070806	13.4903862287495	-1.51026804302037	18.4966077127928	14.4207692588071	-1.3599062780054	18.4022041678991	14.225621700143
NRCAM SELE	-3.28234642052128	20.7246083930566	15.466770202516	-2.66417124618672	19.2318008057312	14.0924119988752	-3.29579661715063	20.2946281004381	15.724875348429	-3.31078989164096	20.1390617549573	15.0998529463676
NRCAM SELL	-1.46570710675178	18.7539708591216	14.5227843870898	-2.128297737209	18.7488357739365	14.091199226073	-2.70243483681738	19.1702904367683	15.1272585686879	-2.07538953313549	18.9512867917474	14.6501832335026
NRCAM SELP	-5.71101913649569	20.3864124705562	16.0508392220714	-2.25249918013121	19.4907703995502	14.7401014308438	-5.02109810438701	20.2878597617719	15.9210448851774	-3.76019001355288	20.1510961879349	15.6426300867917
NRCAM SEMA3A	-2.23922457661642	19.6372629778526	15.4675637560234	-2.96708477447815	19.5109612323404	15.4606245761886	-3.25994264103049	19.852938600308	15.9494985838807	-3.09525930684611	19.8598100459611	15.7349607072942
NRCAM SEMA3E	-1.28137183252798	17.8278758561325	13.5062642054652	-1.54742663405669	17.8897581850226	13.361221016414	-1.16369440967336	17.901829714005	14.0086095722473	-1.33709680552378	18.2191822825633	14.0114104085155
NRCAM SEMA5A	-6.12986071182771	20.8300956631418	16.3155925191131	-3.65139378989731	19.4693766714241	15.2219857519954	-5.28575224355682	20.2691725852453	16.1403915627974	-5.09008145498306	20.4973206244733	16.0554989169806
NRCAM SEMA6A	-1.51112411975491	19.426695795963	14.7098442441176	-4.2965351815456	19.3539055300753	14.8959752179138	-3.25842292090977	19.4472382114322	15.6688655156097	-2.32986082176115	19.4493719391508	15.2454406395249
NRCAM SEMA6B	-3.5944788590637	20.4976451540457	15.6339661197551	-4.16799451070584	19.1046126820433	14.9547082857281	-4.07326983737828	20.1668287849285	15.8963996494493	-4.18934654631033	19.9719501244248	15.6230970999519
NRCAM SERPINA1	-1.32444048921096	17.4043367836143	14.2089293077281	-0.754448795235781	17.6640817143798	12.8328416089573	-0.847181027803527	18.0806876761189	14.268582398381	-0.954496046288494	17.7683041042455	13.9767249916397
NRCAM SERPINA10	-2.66659099190868	19.8047638693983	14.7688423784968	-2.43220048462612	19.8848208771323	14.4828895265152	-2.89479852733696	20.3816323471439	15.4250000867288	-2.83371852108444	20.2060205449871	14.9947652623972
NRCAM SERPINA3	-2.65011270380408	19.7858507800133	15.1357479546768	-1.65926950789486	19.6559044274729	14.1547583931559	-2.54429646668439	19.6806286930347	15.2255590438605	-2.64170709257608	19.8448152665844	15.1597515547167
NRCAM SERPINA3.1	-1.61724984582564	19.3791258472231	14.192179053416	-1.29132601915975	18.0222314758621	13.2938214010483	-1.31954106445234	18.709268717879	14.0831928653611	-1.4008093272765	18.959650432739	14.0342239627301
NRCAM SERPINA4	-3.02370320936426	19.4463499166455	14.7105999294785	-2.86650512379966	19.3289658596436	14.7230703254184	-3.11789226538273	19.4525490371468	15.0544782554864	-4.158444211411	19.9158260026584	15.4054506837435
NRCAM SERPINA5	-3.29624250010023	20.290153405314	15.8420306834658	-4.15868489928559	19.9317266865907	15.3331718256255	-4.11989665127823	20.1978902945568	15.9599823554561	-4.34628510471774	20.2549620781953	15.8339345986308
NRCAM SERPINA6	-1.80666057516135	19.3287333135084	15.3439824492464	-2.85052143952745	19.4062146107441	14.8322200042342	-2.3189551317632	19.3949592745765	15.4639728387168	-2.78930331059297	19.7109090992752	15.6704211860646
NRCAM SERPINA7	-3.05511051159933	19.6433302848571	15.2399852801563	-2.73114685723763	19.0532581632232	14.3771789724149	-3.43042956752933	19.9338563534579	15.3599763220548	-3.53793012688576	19.7540761726737	15.2817173981668
NRCAM SERPINC1	-0.66663998351613	17.4226763434357	12.9709164884988	-1.66901011344113	18.0798987119776	13.7039365060857	-1.07231513368504	18.0322082379783	13.7332708962987	-1.07253677429112	17.9782817699808	13.6720984758967
NRCAM SERPIND1	-3.86279985437977	20.0143692766069	15.4518952049467	-2.85718091952325	19.7999322806842	14.5178121098565	-4.01317584019574	20.1038754796781	15.5976730191425	-3.86870634448114	20.2311807661569	15.4023817759717
NRCAM SERPINE1	-2.39335940826162	20.0125914761898	14.8934408620751	-4.57844107634366	20.0016190646242	15.2891297509148	-3.80179422500692	20.6662536613864	15.9588214523939	-4.08674595943753	20.4381872273325	15.5870857534824
NRCAM SERPINE2	-3.64591028408791	20.0573128459479	15.7883132035656	-1.9241978682918	19.2549503304084	14.4829564681411	-3.47222819864867	20.1121362339786	15.9135965252379	-3.01645405213746	19.9717155895547	15.5301042170576
NRCAM SERPINF1	-3.97416688854316	20.2417914897418	15.7585308897092	-2.38791300434157	18.4943917349693	13.5492396464542	-3.2960038999486	19.6803379170829	15.2193184426429	-3.9626788293228	19.7124579868216	15.3258600374991
NRCAM SERPINF2	0.242258030549212	13.6420810670287	10.3683997443488	-0.519081390885815	16.320428957433	11.5616216867273	-0.124885258804559	15.1579404384906	11.2106920720493	-0.139324836999827	15.3213348943104	11.2705059526529
NRCAM SERPING1	-3.22103140998044	19.8829238510415	15.5135247352573	-3.87092257933773	19.1343202010148	15.31088216701	-2.70105172348332	19.6541284131365	15.6888237504257	-3.67149054727791	19.7423042641239	15.8133117635033
NRCAM SET	-2.57597119195274	19.9848908736619	15.4883971543671	-3.92388005804499	19.0029567326773	14.6402799190823	-2.51479102676827	19.7490832001407	15.2291186294002	-3.16230835455892	19.8606107543561	15.4082783200221
NRCAM SEZ6L2	-4.38778152712653	20.5442744269627	16.1744087740945	-2.57858084797329	19.266201378032	14.552017900374	-3.20763906560864	19.9983680538651	15.5929397793194	-3.17220336834977	20.1654135376085	15.6734753621517
NRCAM SFN	-1.60013210296994	18.452958764673	14.2022645858862	-1.02962157865664	19.2480437642974	13.8991969798225	-1.6169108347429	18.7520529693998	14.6670930275658	-1.38627167393375	19.0812365016615	14.4640157329108
NRCAM SFRP1	-0.966240285234076	17.810069887158	13.5066690035675	-0.176336079135617	16.2310302148555	12.4840511193459	-0.41835228918613	17.4714507838186	13.5661375707473	-0.594722562337064	17.2996131695565	13.3503063922217
NRCAM SFTPD	-2.02109192096854	19.5039355839418	15.2673725005213	-1.85754979955021	18.0046567020698	13.744201532028	-1.90730456686292	19.0273734673151	15.0043678651969	-2.53482342068525	18.9767413587366	14.9392207128055
NRCAM SGTA	-3.32287972462581	19.368396344041	15.2852108697104	-3.27194351208301	19.9255912293088	14.7790025104443	-4.51848259717766	20.2010074629401	16.0784892418499	-3.82538703410936	20.0096848425211	15.5433890452359
NRCAM SH2D1A	-3.94148575421111	19.6739600712108	15.6042593878896	-2.38133944307755	18.5744745162731	14.6041683789507	-2.27082674945746	19.1917848403602	15.2429885890828	-2.91001596503025	19.4239311612812	15.4259561984664
NRCAM SHBG	-0.388260419728083	16.4201174279106	12.3381957624571	-2.15455154798747	19.0405717039241	14.0481150845735	-1.32006686320854	18.5633757219538	13.8446543533316	-1.36088918713976	18.3432837609886	13.91499345663
NRCAM SHC1	-5.32109551792033	20.5995022318693	16.0727494439799	-2.23040392266848	19.6263208389822	14.6011788293397	-5.12632547054672	20.4949576904217	16.128353634441	-4.89520793179539	20.4333284720156	15.8361790357713
NRCAM SHH	-1.69602513764139	18.0624156377866	14.6493185053445	-1.61347369181713	17.9971549193508	13.8890328978452	-1.27063006286544	18.1724607083258	14.6510687410414	-1.86105444770357	18.373895801863	14.769767237771
NRCAM SIGLEC1	-1.86108514958219	19.1333068250256	14.628191656223	-5.54951654502384	19.9882434385742	15.6837465233724	-2.98653984874634	19.8175026141705	15.6270650924605	-3.55435948982828	19.7307390490933	15.5297258563908
NRCAM SIGLEC14	-3.17478953078915	19.651596850045	15.3549107410664	-0.957920955174589	17.9009370109138	13.1273668791164	-1.70422092376217	18.8038523132448	14.5103988013544	-2.1105960976523	18.9954211320581	14.524431740403
NRCAM SIGLEC6	-2.95433199307531	19.1716842754042	15.4621807622698	-2.55218546051632	18.7331006421432	14.8522489847954	-3.00911397387695	19.3557843673649	15.5297180858923	-2.45368876677831	19.3463031824904	15.4773859956022
NRCAM SIGLEC7	-4.09194823980676	19.90459329982	15.4644356530282	-2.05330042191544	18.8690762564055	14.4023574085199	-3.23518941454038	19.8393906755015	15.7463594805694	-3.1036025570135	19.5819045050724	15.3471160318472
NRCAM SIGLEC9	-4.90157985680016	20.6808082554146	16.231864001602	-1.93344703444504	18.5513413379417	14.7258667230134	-4.03008927568034	20.1786780372103	15.9833071516083	-3.05319658195683	19.7959907031993	15.6443314434595
NRCAM SIRPA	-3.22464636338514	19.4197247337661	15.034307450492	-2.20914388928212	19.0517117545563	14.4214622941488	-2.59629111545011	19.3546183236701	15.2798392049871	-2.97253855183933	19.4210090994118	15.0579859222685
NRCAM SIRT2	-3.57576485347789	19.9421639030645	15.5953763193638	-2.61067326737377	19.4102173223996	14.9250075858452	-3.57650999032093	19.7996611477451	15.5879217988083	-3.78823505819741	20.0468594418069	15.7003299540203
NRCAM SKP1	-1.78786632755478	19.5461233963989	15.2757755909926	-1.43202901535378	17.7533336280959	14.015828304605	-1.7504839861019	18.9042473792869	15.0447558185162	-1.88912859957807	18.8112641300231	15.0900948014953
NRCAM SLAMF6	-3.51350032525352	19.5449535019128	14.4617825823548	-2.46143606518813	19.5348443590264	14.9335672108299	-3.05911086138477	19.5442498404492	15.0509826717522	-3.34981203129519	19.701279026909	15.0359630798733
NRCAM SLAMF7	-1.81039610721585	18.8028779291871	14.391381859079	-4.62568679263124	19.5698843498246	15.2778616468134	-3.04237193608571	19.4042069807188	15.1644757487372	-3.30396785929175	19.5369094591055	15.3106707086386
NRCAM SLC25A18	-3.6875515104043	19.8401684900114	15.5010333563546	-2.94874356325358	19.7647969573031	14.9837960988206	-2.76762072194919	20.0482327816965	15.619478073381	-3.30365587889372	20.1456143013343	15.6541400945659
NRCAM SLITRK1	-1.54950252927722	18.6671717194041	14.8141575602307	-2.97283106001572	19.3709722587755	14.6992685364645	-2.98180614886432	19.9696916352999	15.6796273716513	-2.37159378042794	19.536212200592	15.141343906305
NRCAM SLITRK5	-2.09122158086719	18.59368029822	14.2161332693049	-3.25680898125771	19.0448867224637	14.2961002140571	-2.26046037250471	19.1812757336603	14.6711038640251	-2.9708108754658	19.1003974796391	14.6508004089707
NRCAM SLPI	0.257564092871002	14.383297203437	10.4755647176502	-1.13247660318367	17.8622095665697	13.2941180840138	-0.381874462172231	16.3626417060483	12.6096703085736	-0.211457922754943	16.340885213469	12.1886803463375
NRCAM SMAD2	-3.93508986977958	19.9818782660719	15.488647646668	-3.09811134740677	19.6172028914979	14.6034643217859	-4.13408052793066	20.0287804997825	15.7815043320417	-3.60097688687616	19.9336074962991	15.4089971758261
NRCAM SMAD3	-3.64183881311638	19.6363914754959	15.3450121273998	-3.32704940933192	19.8744707029213	14.9016277151974	-4.43663409643739	20.2916957684826	15.8555253765874	-3.67957872052651	19.9578911766529	15.435133456719
NRCAM SMOC1	0.238437647490462	13.8046969681194	9.76584639054898	0.243689217931567	14.1896127304795	9.49586091192822	0.24756361480259	13.9820046710915	9.82034806898597	0.231416687994287	14.0994130946026	9.94265511295609
NRCAM SMPDL3A	-1.87078160298019	20.0083571336156	15.9392460600743	-2.18052467119172	18.761708277112	14.60911607162	-2.04036292826336	19.4040535842432	15.4726531036004	-2.56180087775436	19.649279235645	15.6423306893212
NRCAM SNAP25	-3.06952683917459	19.7356419368794	15.4620571792956	-7.83620396743413	20.3742979615448	15.3183021894174	-5.07064555944431	19.8566507235454	15.6614104810008	-5.59042877272325	20.3659476710538	15.8684648786089
NRCAM SNCA	-3.01336515425537	20.0056184150339	15.4094099243491	-3.59320917832239	19.7769227462838	15.01562030189	-3.56812198867422	19.9199289537211	15.4155919700153	-3.85926463276768	20.1683669224169	15.7256106625777
NRCAM SNRPF	-1.57451373594562	18.8968014788905	15.0150295460199	-1.08729255446473	17.6992083579319	13.5949830186637	-1.50561305904071	18.6306520579514	14.7511086130838	-1.46897713147823	18.5583834459167	14.5709861753693
NRCAM SNX4	-3.6688667689567	19.4488541040969	15.575076854773	-3.85979763425512	19.7987779333739	15.3958022276283	-4.49422512034936	19.8350277074814	15.8191836283875	-4.62366083062365	20.0239814833721	15.9453464133181
NRCAM SOD1	-1.83572733421294	19.511992633511	14.9395128820384	-1.35611759133805	18.0769820292371	14.170527040778	-1.34583123426809	19.0773380895755	14.7618017777474	-1.46877316549108	18.9569664978602	14.7291018908522
NRCAM SOD2	-2.56633987396637	19.4464302529298	14.7544578052097	-0.878764052568158	17.9459011273569	13.3091939448048	-1.61038452325896	18.91010173582	14.2747369597097	-1.7572923505748	18.9828619998225	14.3525226461168
NRCAM SOD3	-0.615886458675479	16.8395136800718	13.2057028161942	-0.987226294079085	17.6281324528243	13.1534089026479	-0.720066207153396	17.6926395514957	13.6726105854964	-0.875836999513265	17.5731534971711	13.5923121302022
NRCAM SORCS2	-1.95759765012184	19.4279056515905	15.4430042365164	-2.32188364045184	19.0862123460205	14.1782071043778	-3.71436994084832	20.0148434233765	15.6210676364135	-2.65246268113865	19.4813252676574	15.1704268648374
NRCAM SOST	0.510039943661444	12.9645123813303	9.66726043746155	-0.199078805795764	15.9057188978732	12.0374628258122	0.0507051428606848	15.6189122592711	11.8459469004699	0.192349194380267	14.8435886006855	11.2333070873095
NRCAM SPARC	-3.1291282304089	19.6869962532435	15.1642420265429	-2.66076463008904	19.5409439862776	14.6496847001607	-4.76999049267719	20.2149362761019	16.1672563199024	-4.00983868159309	19.9062683320727	15.2827166132283
NRCAM SPARCL1	-1.23319522067862	18.0466868096085	13.8734854817734	-2.11005368596516	18.1287873218404	13.9464424342916	-1.90628351430849	18.6713654638199	14.6306343334261	-1.79798540550378	18.6107154776686	14.4668831220136
NRCAM SPHK1	-3.66540994989885	19.8671390487892	15.6663919095058	-3.03806914782001	19.5780242302565	14.6574937750963	-3.61893184010319	19.979248249944	15.545647729325	-3.82218009352246	19.8969149906956	15.5649046160583
NRCAM SPHK2	-4.37965956664595	20.1697882044496	15.7414131925726	-5.07634095293285	19.8246491760013	14.9682613884467	-4.54285371561521	20.3307084612675	16.0229868805524	-5.53608019785396	20.206866480273	15.6836596841556
NRCAM SPINT1	-2.23445579354679	19.4428877663331	15.2507153742638	-1.22307421394803	17.367108743681	13.7649133203461	-1.13136100391564	18.4839892198974	14.827713334858	-1.66187124115117	18.5814137741517	14.8363356333492
NRCAM SPINT2	-2.52302406230286	19.629575009574	15.0173407959229	-3.20166033553838	19.4154605550055	15.0267904811289	-3.50834917227407	19.8670407273959	15.3426109214762	-3.86725658452557	19.9264906658787	15.5097939814451
NRCAM SPOCK1	-2.74481616237031	19.623034808883	15.5641194740383	-4.11372465485129	19.9858049316954	15.0962462879535	-4.06143001870398	20.1742880358357	15.760061453026	-4.39620213806031	20.1348247932001	15.7522968807411
NRCAM SPOCK2	-3.06925504085782	20.2917007630794	14.7581454449287	-2.23741032768951	18.9248694518489	13.9340302550141	-2.63751024759889	19.799195744681	14.59488122097	-2.63218070495611	20.2381265389246	14.7763679772557
NRCAM SPON1	0.29183921737615	14.1349213000269	11.0039502606738	-0.166709306139543	15.9954595118388	11.8883205810894	0.0467614917888872	15.3112564406459	11.7581094080866	0.0798537912834447	15.2978442765349	11.6583239512921
NRCAM SPP1	-2.20631828615336	18.850279616225	14.8142844789272	-2.27524488995265	18.6395062340707	13.8172945844605	-2.84069988586821	19.3751494063279	14.8598391246359	-3.20507011845804	19.2208334148207	14.7923550832785
NRCAM SPTAN1	-4.2619186487772	19.9128482754675	15.7058872898736	-3.70685737961573	19.1661651321665	14.6071726198957	-4.75034549598275	20.1588616679282	15.9558421548676	-4.34309443177111	19.8442791048135	15.5674636773334
NRCAM SRC	-2.56782549058106	19.077801206798	15.1034241824728	-3.6914080741454	19.5235332442733	14.7826475765962	-3.35091637327807	19.5251521880459	15.3342258454423	-3.40158159517366	19.5709997334287	15.2452190419661
NRCAM SSRP1	-1.58146889254288	18.1124336572475	14.5936280073195	-2.72326125918993	18.689318713475	14.6068807149394	-1.71804707690171	18.3878191031647	14.6935823688803	-2.81788565307464	18.8840810441036	15.0525143425528
NRCAM SST	-0.257088650661306	16.7341176172836	13.1561174907433	-2.47538839004872	19.0037152581921	14.4396617313821	-1.44147050462412	18.495247951968	14.7014793360909	-1.14636199507147	18.0799629751796	14.0789234532058
NRCAM STAB2	-5.0977217605978	20.2289180389735	15.8351843842095	-2.51661836764676	19.2802205114621	14.3445279393867	-3.19146411640529	20.1328556444838	15.8377175831708	-3.92080242915861	19.9918259453356	15.4436462783163
NRCAM STAT1	-3.49953152917069	20.1077778737386	15.7325336736911	-1.78137958099254	18.8461655612028	13.7726957287436	-2.50737017409087	19.7654949884151	15.0932258769893	-2.50418021693922	19.7557581988286	15.1105734968208
NRCAM STAT3	-5.35458320640418	20.6373525501611	16.3303548670256	-3.19061156576694	19.5411337375172	14.8656660426387	-5.06916472554087	20.3402876765687	16.1315212220961	-4.37781222360662	20.4403062880304	15.9351022315688
NRCAM STAT6	-2.93573062272968	19.3948731155368	15.4133412321582	-4.48299535711057	20.0824689473041	15.3580924413708	-3.973425343387	20.0143994246202	15.8021476038027	-3.93766156443486	19.9097525649448	15.6886412670318
NRCAM STC1	-0.533619921815549	16.4123893698753	12.4723879673974	-1.26163394263026	18.7376668215186	14.1112091116877	-1.07752002604711	17.79435729717	13.7803345607451	-0.907465868220224	17.7017868517788	13.5510147320042
NRCAM STIP1	-3.95633673531988	19.8524763276792	15.1275308519919	-4.25868148250464	19.8536762600777	14.8134818635684	-4.98116187207751	20.3125265281333	15.734580097439	-4.66711308812791	20.1816541871209	15.4861263014359
NRCAM STK16	-4.2852840039292	19.6812115611149	15.8520731313297	-3.53373715324011	19.3559614874883	14.9510894321572	-4.05609187974396	19.7053714463727	15.6729269648842	-5.06044780753342	20.1527622980168	15.9283018835771
NRCAM STK17B	-4.22413528654184	20.4645872855753	15.5808280938513	-3.0138482614662	19.2002559651773	14.4214641352776	-3.76505044373794	20.0060480062743	15.7241575696044	-3.63052821252491	20.2160190298603	15.4704882722891
NRCAM STUB1	-2.92246165108177	19.463872989837	15.4844647677393	-4.31602456318109	19.9973785287898	15.5705970253659	-3.08379132727897	19.6393231482716	15.5214636518833	-3.9772256683367	20.015412414373	15.9833460352814
NRCAM STX1A	-5.26152549831331	20.8811251893942	16.3295568846058	-2.82869373028862	19.1041518890399	14.2295538487762	-4.04683119776528	20.1285033361683	15.5838530711989	-4.29659645564103	20.2892652071284	15.6275839174117
NRCAM SUMO3	-5.04293810881981	20.7004603416602	16.1972294483631	-1.79265593746034	19.6052144525308	14.5812012577534	-3.81159284261024	20.3986923779989	15.9819349784372	-3.05138105666664	20.3917164387051	15.7710444701256
NRCAM SYNCRIP	-3.84892284967906	19.9778059846464	15.6287136992898	-2.65402338798869	19.1065641452878	14.1848515254507	-3.74829745653319	19.9392854603264	15.7619660514123	-3.31659008062668	19.8523177607938	15.2995915458525
NRCAM TACSTD2	-2.99149424425286	19.8813445576461	15.6375967002247	-2.92771022547701	19.7496281146419	15.5034247053602	-3.11923435818949	19.9946897706824	15.9964332076253	-3.34590604128091	20.140426023885	15.9078014917647
NRCAM TAGLN2	-3.92465548514042	20.246475754528	15.7620093790816	-4.76418910895926	20.4359801688777	15.7555159642904	-4.81944337289976	20.4647853845381	16.2666927655291	-4.1614317188629	20.5298313167689	16.0313594418406
NRCAM TBK1	-2.36516314077833	20.1459900918072	15.4885108240374	-2.95190551808914	19.5066672434164	15.026574675482	-3.18405344922377	19.9528221568454	15.6499672612044	-3.08973484051988	20.003256003832	15.5730530613939
NRCAM TBP	-3.18753352217449	19.6165930541849	15.7143111168789	-3.67754130183286	19.4854651317233	14.9263544305372	-3.83863016484565	20.0861333967058	15.9904629213063	-4.11415939666738	19.8898674862503	15.7239528946928
NRCAM TDGF1	-2.6204735618801	19.2869284711797	14.6318636667471	-3.03289246728564	18.749319365279	14.5273849477056	-3.84432377018327	19.6425186189486	15.2888122444433	-4.39386892114782	19.5458184331414	15.2665455563511
NRCAM TEC	-2.88179960237527	19.2597395258505	15.1789108130463	-3.38668903285315	19.5705246215138	14.7039529852814	-4.22885504880465	19.8276797247021	15.8068363770964	-3.60244472197065	19.9120789002342	15.4248747299719
NRCAM TEK	-3.94579114941803	20.8851700215996	16.2325999331977	-2.85441334811232	19.2417542573145	14.8363437209584	-3.16118488985129	20.1240433245067	15.9125417850986	-3.54340869192856	20.1433645769455	15.8129125522286
NRCAM TF	-1.76611027388532	18.91537337714	14.5151408728369	-2.1978742724958	18.3611548420045	14.1489508675518	-1.67243806123475	18.8295228972011	14.6579719251526	-2.2007001872776	18.8516712677336	14.7866053794356
NRCAM TFF1	-3.78898292348557	20.1865667447721	15.9928225190329	-2.49966911302908	19.1255879271291	14.3221499610949	-2.80436556393985	19.8098053475938	15.5908483646027	-2.47621793134393	19.9761818821886	15.4817138693016
NRCAM TFF2	-1.40092983808896	18.2961485688472	14.1431893414268	-0.658919623243343	17.1106710591713	12.5895704420668	-1.12739766798932	17.9736872672191	13.9076609382386	-1.03923022554943	17.9455795888233	13.6649620729842
NRCAM TFF3	0.304974191204396	14.1814838934283	10.1374706917577	-0.583329555780918	17.0416730041496	12.7531081656595	0.029809867781623	15.614567259638	11.6110093515744	-0.00852196148701845	15.9011267678446	11.6113198017978
NRCAM TFPI	-2.61260196225703	19.6999170881235	15.2763804632827	-0.899483074125297	16.7796697442325	13.0450088311098	-1.60607854051042	18.7198249304767	14.7129105968383	-1.82269830070969	18.6536604109526	14.5810207600733
NRCAM TG	-1.89116083363579	18.9236942471735	14.6090431176093	-4.28371549999647	20.1359773974174	15.2138807559505	-3.73384228678552	20.0356640333023	15.7684119481932	-3.60867465531187	19.9162705284897	15.4659093636071
NRCAM TGFB1	-1.33644184235914	19.4706746023243	14.7208535749195	-2.03816003567828	19.1839740279685	14.8118137104938	-2.19889508483399	19.471487963217	15.5747096700698	-2.07952581563809	19.496026193463	15.1901721771361
NRCAM TGFB2	-2.10895812286154	18.896362261663	15.0755660927322	-5.16541601418679	19.9412126717589	15.4728900053152	-3.39338191796933	19.9151580686853	15.7819472108162	-3.1510543523774	19.6885616391477	15.514999631351
NRCAM TGFB3	-1.53598791942453	18.2483101408384	14.8685384986616	-1.00400565018485	17.4531904242294	13.6510163997601	-1.09095351862874	18.0053766724156	14.5702975897348	-1.40717708700006	18.2373362441209	14.5928422226312
NRCAM TGFBI	-3.38937447439639	20.6890260103461	16.053192913882	-2.61648069355648	19.6254501618669	14.3612106072396	-3.41649519204518	20.3097927365246	15.8182468432539	-3.42559795329505	20.382229931335	15.5514862100818
NRCAM TGFBR2	-2.29650069776223	19.1036349419637	15.1816337206541	-3.88579751815494	19.6044279951947	15.251844077979	-3.89142258855956	20.2103731217461	15.9958946398617	-3.22778476042899	19.6669038564121	15.5453876647562
NRCAM TGFBR3	-3.09478013992288	19.9607388448985	15.2563267777702	-2.21596106833814	19.0819632132735	14.1142257929154	-2.52510300559122	19.5424057435528	15.0181989374111	-2.9565011487614	19.7378796048305	15.0074523478535
NRCAM TGM3	-2.08784926320308	19.4971506067349	14.8836887534775	-4.4401075354364	19.660476497119	14.4245989523085	-2.6325053651186	19.6696379201922	15.1110880286042	-2.95070189194524	19.7503680228281	14.9275239936128
NRCAM THBS1	-2.88063175293179	20.2941199441036	15.7665531790064	-2.32563089879243	19.424320527527	14.5277046300797	-3.88193676564387	19.8878493374914	16.0564629969246	-2.97743270430374	20.040165957998	15.4577196698719
NRCAM THBS2	-0.915453831166801	17.5363307373585	13.2916862261353	-1.33355282575987	17.7591395740392	13.2931545709137	-1.21300083881271	18.1017847578907	13.8416685732486	-1.26484046095155	17.9311325096119	13.6855384388593
NRCAM THBS4	-0.0131812908183271	14.9519862478359	11.4876136530458	-0.515245908390631	16.433205594487	12.5584008728962	-0.21981236701853	16.184682576969	12.3079052349903	-0.361956646009407	16.0417401949416	12.3526587393774
NRCAM THPO	-2.25890275769654	19.063136072468	15.2717573045268	-2.82988053297233	18.8899331684866	14.5418694326698	-2.29086715653428	18.8878688664426	15.3077151649367	-2.8745550027917	19.2757593823407	15.3350199415134
NRCAM TIE1	-3.25142702304473	20.6411540802396	15.551392021327	-3.26934472953381	19.6481148694364	14.7481657665072	-4.3206050345357	20.2043572595008	15.9210041780443	-4.02409112575292	20.4675239595273	15.6022341632929
NRCAM TIMP1	-0.117748186187375	15.7717392750343	12.4045955512634	-0.550790673962719	18.0880429252371	12.3403378431631	-0.372078045885417	16.8625894698888	12.6727314297165	-0.395709286901859	17.2300915481096	12.5749255247324
NRCAM TIMP2	-1.2274603633408	17.2739583394745	13.7714957989525	-1.20058718372524	17.8981450522726	13.202048655427	-1.51188764742151	18.1018295751093	14.0853051664998	-1.20381379199736	17.9144318071035	13.8537200335424
NRCAM TIMP3	-4.60611326181433	20.0580270653198	16.0993950199205	-2.78859785111214	19.6313120699903	14.6773063048549	-4.79238252289084	20.1552593631847	16.0540687593365	-4.41619026727452	20.1765724498597	15.7552423560176
NRCAM TK1	-4.04002105244229	20.3563250759979	16.0195835649283	-3.20997490076879	19.5420954832591	15.1792501981652	-3.8758348327603	20.2867537897433	15.897706960859	-3.42161301480665	20.2867599681858	15.8687776558483
NRCAM TKT	-3.35146805100119	20.0039976588904	15.0642822650214	-2.80711647754591	19.9422860563119	15.2882143265178	-4.80073195085376	20.3718952486921	15.958073467982	-3.25707968872418	20.2491492646563	15.6165556018861
NRCAM TLR2	-1.57895398316759	18.4677166515516	14.7048610023718	-6.11529042922741	19.7525632479484	15.0289705550161	-3.6550176916977	19.563982903677	15.3680787469573	-3.78185632262906	19.5094778883103	15.2695485744082
NRCAM TLR4	-5.05516700509287	20.5544226972858	15.9975538783028	-3.07922705221773	19.6716002230688	14.6799716684562	-4.27310684045348	20.2534291752475	15.7400084259722	-5.05064042063627	20.497734982326	15.8048252765099
NRCAM TLR4.LY96	-4.02845902491493	20.3816687783271	16.0255047212927	-2.76634182673711	18.7924693692178	14.8098101127345	-2.79858344561825	19.6605373623028	15.625226680733	-4.2253754655995	19.9329912187058	15.7834665500513
NRCAM TMPRSS15	-1.33922888208048	18.5712536404017	14.8566879007843	-1.64223809474226	17.8970514920242	13.5939773090854	-2.12955872605545	18.8137792870792	14.8627100847489	-1.76193252397368	18.5187953424099	14.6799682386415
NRCAM TNC	-4.46798985314074	20.6490437000153	15.5197486921408	-4.17817370201461	20.0683878641866	15.2748917914546	-4.87637915174448	20.4879507652608	16.0496918355182	-5.12429732839443	20.4243766092495	15.6901392683649
NRCAM TNF	-0.0072311345517333	15.46700061383	11.9493845827248	-1.52917202705472	17.1844245022219	13.5044967992263	-0.418279539853609	16.9969221520283	13.2140165955163	-0.386108659113747	16.5557938264134	13.0644963094475
NRCAM TNFAIP6	-0.672697834334248	17.3093211689738	13.0379011208455	-2.72417659597957	18.6506518847941	14.1122140933639	-1.84978789005249	18.8006724396099	14.3307287193816	-1.74716806702929	18.3743298602848	13.9753029907072
NRCAM TNFRSF10A	-2.40963775406056	20.0148994960394	15.4487269024072	-4.53555279146281	20.0050063532695	15.3601588140552	-3.54663900816951	19.9438053276443	15.5180246497163	-4.52216791410809	20.3492979510344	15.9364706673817
NRCAM TNFRSF10B	-1.14537178598898	18.5009963197565	14.2168795925496	-2.32452028379306	19.266068207187	14.7478048316825	-1.49893316899025	18.9118357834328	14.9372469480239	-1.60690637516649	19.0197496427005	14.8945908284376
NRCAM TNFRSF10D	-0.941428188672567	18.0923851202022	13.9698285082688	-1.0701682194391	17.9023436815182	14.7441242319922	-1.4361615168211	18.4182804236758	14.9394100560741	-1.19345047121927	18.2705289834734	14.6337450242666
NRCAM TNFRSF11A	-1.73318620879968	19.0484927049961	14.7911359753734	-1.45915511658051	17.9318678756431	13.952230309387	-1.22925953709661	18.7041026295663	14.82087137447	-1.69999953095997	18.8073749169975	14.8197034117092
NRCAM TNFRSF11B	-5.808085768279	20.7936816143018	16.2983724307318	-3.05690439063496	19.5302854447186	14.7588902492975	-4.26767455491708	20.3432845357474	15.9687035971473	-4.09532878250181	20.4519125299873	15.8906736917657
NRCAM TNFRSF12A	-1.49633259978884	18.9519437979911	15.1624152788445	-3.47878665140869	19.3943862834737	14.6068226213913	-2.86079453157324	19.4949380466724	15.2449956055022	-2.68077440537597	19.3918192960099	15.1843855777846
NRCAM TNFRSF13B	-0.342781117980984	16.8615833699936	13.3744191870023	-1.31596750011961	17.4004070189484	13.4186222270316	-0.618498761695978	17.608849264293	13.7549509218944	-0.787917445817203	17.6107764510433	14.0538349432433
NRCAM TNFRSF13C	-1.41871042150942	18.4992528106942	13.9196170679861	-2.3660010868796	19.420992970774	14.5496417267669	-2.13233756577967	19.1984950860211	15.0284538171909	-1.77743174415002	19.2045531801747	14.5440490712382
NRCAM TNFRSF14	-1.50732792180553	18.6277471713664	14.5406517523751	-2.62245947240611	18.9689684347405	14.7167310482506	-1.60391672617949	18.8803725229679	15.0739118641629	-1.88103302333215	18.9526043801514	14.8269452759002
NRCAM TNFRSF17	-2.09307074225121	18.7344769057932	14.3698224946775	-1.70924415710563	17.9730872272731	13.5986446747884	-2.7755192391837	19.1952463282601	14.9141810767018	-2.04522424217286	18.8154102821102	14.4599079147186
NRCAM TNFRSF18	-1.86398353781313	18.6976334804931	14.7245578431006	-3.91443015694712	19.5674166626904	14.7769423584083	-2.79337382439973	19.5066939793531	15.2851505111079	-3.23127854299317	19.553566465904	15.2980711704359
NRCAM TNFRSF19	0.209899990881978	14.1885362305305	10.5825797930951	-0.400203648771868	16.5890683487386	12.4599539587438	-0.129703700341155	15.9346831313656	11.9133666988148	-0.0556641577936359	15.7623770730233	11.8164541319122
NRCAM TNFRSF1A	0.370958828679355	13.2649970591945	10.1329796960502	-0.217804818647273	15.656018477437	11.187192575177	0.1737576790363	14.6339231942327	10.8715164982756	0.138845473423416	14.7271706537061	10.8356235981227
NRCAM TNFRSF1B	-0.095219372862855	15.9703023285565	11.7025419790997	-0.347337356556398	16.0732906121945	11.6636131098779	-0.130089239006251	16.0375254270829	11.839878678884	-0.264356387217506	16.2019625589534	11.8720989560757
NRCAM TNFRSF21	-1.19492615604371	17.6551806076411	13.7697225426269	-2.83330609181349	18.9552380917403	14.5150441930036	-2.15622439028616	18.6912749730203	14.6586680477242	-1.67645983521911	18.6183586119501	14.5049731273644
NRCAM TNFRSF4	-0.0389574362687306	16.1655652338579	12.4819009269149	-0.125361444964966	15.8475718293234	12.4182082943968	-0.0881178445268369	16.3002912889293	12.8750590610481	-0.0702740007974447	16.2660836792034	12.6121892745553
NRCAM TNFRSF6B	-0.707633552887458	18.7191335123027	14.5818805522684	-4.67854927291953	19.6098299454255	15.3699614198974	-1.6599066872077	18.9979344243086	15.2155939461573	-2.14716341938189	19.1635436890352	15.2325894396501
NRCAM TNFRSF8	-3.07313450999806	20.8078599410504	15.4751858733128	-0.261547046059629	15.8801925860249	11.8702800519742	-1.12315046156738	19.309539178875	14.190739540392	-1.33790002637273	18.7355381446816	13.9111546472116
NRCAM TNFRSF9	-0.900553837297565	17.5197246065781	13.6532545100922	-0.46201542642295	16.7306370736062	12.4901832323791	-0.660327888723445	17.4779794009705	13.6494498701441	-0.746476590712398	17.5329448685952	13.4769016647014
NRCAM TNFSF11	-4.25826641525476	20.4329224271497	16.1638582041668	-4.87955473129305	19.5756943840221	14.7174125201252	-3.66932551416143	19.9576338237122	15.8850209160695	-5.43857212128484	20.3044998779584	15.8519282777812
NRCAM TNFSF12	-2.50421810597438	20.1061590444297	15.3271569670553	-3.535443701209	19.2719064176482	14.857707002565	-3.19073041207931	19.7348814859025	15.4516167713583	-3.20255158984479	19.8246529329734	15.3688148626938
NRCAM TNFSF13B	-4.52348246544799	20.9520137337888	16.2025610840987	-2.53447665643307	18.8145924391606	14.2052889581756	-4.15421115909382	20.2399147514587	15.9935016860759	-4.33769200333061	20.1402847685794	15.56065312409
NRCAM TNFSF14	-3.21271960002871	20.09912965621	15.6651013817688	-5.50516200531529	19.7382720251945	15.5955319116298	-4.75391986691171	20.15661267436	16.0155634584219	-4.63015846916007	20.2131255059125	15.9807161304902
NRCAM TNFSF15	-2.07652300175681	19.7783372109309	14.4134189429766	-2.36263303125366	18.1855019130446	13.4948022713566	-1.66590188354648	18.803512584637	14.3444117974225	-2.33396036228555	19.1618926166539	14.3617852839144
NRCAM TNFSF18	-4.98915139296459	20.5186332350612	15.9944609290373	-3.08128219693117	19.7006299327112	14.4164854224309	-3.44441870396997	20.2382300111783	15.6103112973323	-4.51220964195513	20.484810113998	15.5230024238072
NRCAM TNFSF4	-3.32869538923679	20.2941330733566	15.5825111912992	-2.75999375682606	19.4682293624106	14.6646202898864	-4.07987993222228	20.0594488180618	15.6526507861043	-3.84422609344514	20.157030834571	15.6085903637131
NRCAM TNFSF8	-1.86697320834486	19.1110866351174	14.8771052918655	-3.53340445311568	18.9952169827243	14.1027830500814	-1.99016225264238	19.2668634965677	14.8184087900307	-2.55536308070625	19.2070701726857	14.8581682999376
NRCAM TNFSF9	-2.30982960559114	19.6725442998146	15.3327962091325	-1.96573458281125	19.0074955117486	13.9008454530572	-3.07760798763029	19.8566925131042	15.4593459384718	-3.13626119490631	19.7948106745962	15.3648864278772
NRCAM TNNI2	-3.56224532144417	20.9026690941867	15.588912167239	-6.50144990730763	19.998914328113	15.2634396299532	-3.77894590819038	20.5104515238345	15.7052242501523	-4.67833694040036	20.5629008600684	15.8677939402904
NRCAM TNNI3	-0.970496793358767	17.2787173503936	13.2462038426089	-1.61230131559048	18.093035738201	14.1146756395379	-1.08160280491927	17.9849662252439	14.1845150437549	-1.29896576688588	17.9762648403551	14.1178779521779
NRCAM TNNT2	-0.496285558870089	17.6396797451247	12.2896477868469	-0.00793685580337722	15.2982988929182	10.9373084027863	-0.332309798802428	16.9598898824796	12.1631111280021	-0.252224901637212	16.6483637624451	11.8690332401087
NRCAM TOP1	-2.80216642590258	19.6525077188794	14.7292029459266	-3.20503020764951	19.2256933930962	14.484597848059	-2.89628248548881	19.4484623880071	15.0364571523138	-3.17474155179619	19.7448823910712	14.8039098996504
NRCAM TP53	-1.54283467075999	19.1098819030895	14.9192710508879	-4.6379287494132	19.7538826630991	14.8683951861327	-4.2599061865273	20.2841270288967	16.126314392292	-4.02006830891255	19.9920221724876	15.5929843394516
NRCAM TPI1	-3.49254052912762	19.926458039922	15.1643001437829	-2.52543614784059	19.985673606765	15.2720882178921	-4.42179988368877	20.3173673470926	16.0378202422723	-3.34270100535605	20.1770003091981	15.6550269978755
NRCAM TPM1	-2.54430939554055	19.6403211887551	14.8559483251929	-3.86641220905274	19.4664305803763	14.6061973254728	-3.30660167950055	19.9392391162556	15.3540217385503	-3.26013909691024	19.8418268997144	15.0627068887747
NRCAM TPM2	-4.59764273720986	20.7458259995082	16.3397672670093	-3.95799506306627	19.7014579659067	14.8253808049432	-4.59746878901615	20.2193486276399	15.9040473661989	-4.89027339057681	20.3170216896438	15.9273980734505
NRCAM TPM4	-3.00408722814795	19.7924071007712	15.7480797188691	-4.15105145091682	19.5726624866524	15.0867706436626	-3.95844897228773	19.7781037123368	15.7873405255271	-3.38741042611142	19.8716669936238	15.6952515319797
NRCAM TPO	-3.62432894667669	20.7125711168035	16.1009116812208	-3.86800910151376	19.5306090087284	15.3534395365895	-3.76459081162202	20.3700321178601	16.079604986638	-4.3041937694446	20.3614708730841	16.1050290092117
NRCAM TPSB2	-2.33058146808681	19.6615572773752	15.2878743040507	-2.72104432902857	19.2873916362187	14.1815355174048	-3.6880070080771	19.9646244521079	15.7277542218053	-2.95803402043197	19.7372815593775	15.1452136667115
NRCAM TPSG1	-3.08823142571444	19.0799699324118	15.0491885264996	-4.53737704150919	20.1824077756984	15.1928708817731	-4.0679225571753	20.0114293023576	15.844968746501	-4.02979851861957	19.7892741613039	15.3751598283909
NRCAM TPT1	-4.60660486622571	20.4057208062548	15.8922206139312	-3.28620230506991	20.0941870909202	15.4378275755912	-5.36846531109807	20.4222069055429	16.1703121241858	-4.31442423870804	20.4875765424052	16.092084466247
NRCAM TSLP	-3.055264903432	19.990822477609	15.6019547198181	-1.73079007485851	18.8004647367098	14.4354251392051	-2.58980862437361	19.5977213837052	15.5029152531079	-2.49572548885852	19.6122941083332	15.2789101585482
NRCAM TXNDC12	-5.16681658848475	20.4290771308863	15.7398062343408	-2.29198737857413	18.4101016109816	13.9402284242028	-4.52938530776123	19.795054049775	15.6918997493378	-4.42710252694262	19.7912937434384	15.3178297151135
NRCAM TYK2	-2.51692527563122	20.2340604679218	15.6012313881114	-3.2755973735905	18.8031267446198	14.4831845691786	-2.73928436944075	19.5680845706832	15.3296610913898	-3.12464119363618	19.7155211003572	15.4343302819589
NRCAM TYMS	-2.44470246901413	19.8955511096261	15.4920564065288	-4.43103162785573	19.4058366283089	14.8660198673236	-4.27133369668091	20.2409873575255	15.8850988535941	-3.89851969043102	19.8215847353108	15.4328232018974
NRCAM TYRO3	-1.59825548544906	18.9199018445955	14.7339447125893	-4.01821014138893	19.3979859857357	14.9825491361603	-3.5264206802635	19.817075987963	15.7022714253259	-2.76254058909787	19.485480578543	15.2988719086108
NRCAM UBB	-2.34338961833656	19.7914153410266	15.5300126764909	-3.71572382244195	19.4811961919218	14.7110787809763	-3.45410481766947	20.06385170861	15.7471417126763	-3.54750183143469	19.9069902776679	15.4786100592401
NRCAM UBC	-1.23555512216863	18.1206835412645	14.3020477496956	-1.35541919933011	18.0784941420131	13.3144485195434	-1.67419653564744	18.6467812639562	14.4351780678397	-1.48958837811205	18.554979562669	14.3458177081816
NRCAM UBE2G2	-2.38984895145824	20.2816376213563	15.308210609232	-3.38098891510508	19.2097394990447	14.611350432447	-2.48255488658146	19.7539876573852	15.4426655602784	-3.21828271032996	19.9268847422689	15.5077108355705
NRCAM UBE2I	-4.55405676767343	20.3089461155119	15.9088633463193	-2.21570921091094	19.0178210034494	14.3705875465216	-3.80818857312562	19.8468752343052	15.6848338270245	-3.33300962940079	19.9080939132146	15.5097000259598
NRCAM UBE2L3	-5.02935811254259	20.4485812742436	15.723837809583	-2.08071970485686	19.4210722185691	14.7743881401862	-3.68455778320185	20.0286441278161	15.7879717159917	-3.34816280870869	20.1015784165207	15.5264543919739
NRCAM UBE2N	-2.67372515823693	19.4391762701158	14.7286659433152	-2.69808883961065	20.0231469599338	15.2141657522869	-3.70704035023463	20.0330830023282	15.6645884591479	-3.31188710734043	19.9545504577119	15.4473668912921
NRCAM UCHL1	-2.93738652119606	19.8159821857372	15.5422869798956	-5.27546328095771	20.3434593415747	15.3343441421582	-4.00024708887278	20.2227476585974	16.0675847446564	-3.82742735719414	20.2053335973324	15.7717555661066
NRCAM UFC1	-2.56148441444254	19.2242835460849	15.1299294242237	-3.36434749063047	19.9412860721111	14.9135339635041	-4.68100845672172	20.102770086848	15.9082777146215	-3.75987884205877	19.8769652190098	15.5338799654463
NRCAM UFM1	-1.73942514954318	19.1207043689605	15.1854040803308	-2.56653493185347	19.5744972083036	14.6139453698568	-2.78567228582273	19.6312037136934	15.6807303394336	-2.24217417498325	19.4076449292333	15.359871744516
NRCAM ULBP1	-2.06259288089157	19.0133185760498	14.7394690428479	-4.91826969771445	19.973276211713	15.6024187310525	-3.48108919361589	19.9485105628392	15.8586416148449	-3.79135571471602	19.8733772171228	15.6187971749201
NRCAM ULBP2	-5.17976118572398	20.2971167524338	16.1752660233997	-2.79331484278268	18.872656846048	14.2660796501365	-4.69529174229545	20.3560392804136	16.2164731668216	-6.17724565323758	20.1606750986723	16.0781772893348
NRCAM ULBP3	-3.2713859894916	20.2218226562011	15.7697308221124	-1.57745205210828	18.3876715901873	13.951644363248	-2.29293777426748	19.3378398834889	15.0089570749024	-2.46575412392363	19.5385912008442	15.1377282428087
NRCAM UNC5C	-0.287253625831262	15.8800698649218	12.6610335430412	-0.130720864803925	15.1632427221295	11.1038886079716	-0.11797405831369	15.5901235130712	12.1937811355218	-0.191892295698382	15.690734166886	12.1708499662758
NRCAM UNC5D	-3.33950334417294	19.6203073183256	15.047708058774	-2.87441866816523	19.0625264737976	13.8695853069985	-2.74930264273101	19.5063798680188	14.913059797347	-3.2341433683357	19.6328952211616	14.8131540645153
NRCAM USP25	-3.17266229446373	19.4130168332981	15.261194165825	-4.03524684131503	19.5206218674058	14.1061666727213	-4.52608719314678	20.282600053803	15.996372723375	-4.29489054501467	19.8699570501288	15.3095099144277
NRCAM VAV1	-3.03500652908549	19.3540317095186	14.9600361916733	-4.46388849397279	19.7547561988451	14.7998122524549	-3.86738284533641	19.7373601090999	15.6019158352979	-4.69139981344333	19.8201021038886	15.4170326832573
NRCAM VCAM1	-0.882039983775431	18.1499574783582	14.3709999674387	-0.998149938794173	17.6855737448341	13.2144771658112	-0.905761202254679	18.2320289332638	14.1366469777742	-1.00469620591808	18.2599429591586	14.1155660923556
NRCAM VEGFA	-0.108611524420816	15.7424876630602	12.2807933598706	0.0782152098699888	14.5068542992328	11.1084883665735	-0.00345430517660916	15.3672285631561	12.0407718481185	-0.0536311982264135	15.4502070857199	12.0641979883391
NRCAM VEGFA.1	-3.74484646471192	19.9584325636746	15.6826725691451	-2.44596607166209	19.0351941474854	14.3595752000229	-3.18210666452063	19.6414912839649	15.6610089679091	-3.54439104577173	19.8562859319276	15.4754276792228
NRCAM VEGFC	-2.24277249391224	19.7303422567568	15.1917826194098	-0.713232020447374	17.974663715059	13.1087658794058	-1.49785647095229	19.0887284049489	14.7173240365413	-1.56949263679684	18.9999838155319	14.5812256445767
NRCAM VIP	-2.77621675868263	19.7988569115549	15.2133619280384	-1.44428819907344	18.7134034198048	13.6375623310235	-2.18316147911257	19.3584458644945	14.9758996088705	-2.35890474388812	19.3379313369335	14.8309604706737
NRCAM VTA1	-4.19779697778156	20.0068581729178	15.617083350155	-4.14758967473814	20.2357922240349	15.5020804161651	-5.97199732947449	20.3956567215118	16.0841557719262	-4.67457062649212	20.3403415721391	15.8776330395127
NRCAM VTN	-3.04354227815169	20.0656987726815	14.6355418561871	-2.26565317517558	18.5174953824487	14.0257075338639	-2.57056455086955	19.3400515801874	14.6148976159701	-3.30009619160908	19.6178642367541	14.7681930914999
NRCAM VWF	-4.59194427076115	20.0126305592019	15.2954222383121	-4.06330742632002	19.7732564561107	14.9515709960788	-3.80886023035975	20.0368220652394	15.4222807945132	-5.31120959562006	20.2453054078106	15.5326213675906
NRCAM WFIKKN1	-2.54319699403889	18.914390457982	14.4146880563532	-2.64428934673553	19.1054542009571	14.336231608308	-2.43405939182499	19.6898625816725	14.9971764667593	-2.93523167613481	19.5652250881342	14.8860760376826
NRCAM WFIKKN2	-3.24810794515287	19.8928618655668	15.1256287171696	-3.79488858355138	20.028348025041	14.6500576432546	-3.24592893864198	19.9180431458087	15.336773680055	-3.79642952890542	20.26068404622	15.4178036756294
NRCAM WIF1	-2.68451670498867	19.9005954368709	15.1674000289459	-4.18207924768033	19.5524894522145	14.9261649722341	-3.67170422950759	20.0004255609437	15.5414415742463	-4.16968473191593	19.998194297809	15.5447205352235
NRCAM WISP1	-1.99288122530061	18.7731703690762	13.9331327855413	-2.11853085561704	18.7374269163446	14.2218959831899	-1.64231520043359	18.8619044896492	14.4437896154083	-2.16356056619633	19.0687619272673	14.5189314826047
NRCAM WISP3	-1.69185026294853	18.7846357641724	14.9020664498599	-3.26339356300245	19.5519211563445	14.7323113947332	-2.52561069145747	19.3063797775621	15.3994282483394	-2.84997386482794	19.3875661862241	15.2038071128242
NRCAM WNK3	-3.1919179517817	19.4005766553681	14.6939162378692	-4.34687687155681	19.463832378622	14.9947584571174	-3.77979895919621	19.7478111227032	15.2473402067697	-3.99085426019138	19.8020751147962	15.2573595279981
NRCAM WNT7A	-2.32157856442562	19.7441201747384	15.6426184068035	-3.38505828879002	19.6854224633726	14.4192588120363	-3.34447962254423	19.7592970152445	15.4322434333248	-3.62986100777581	19.9510969475547	15.4832633090769
NRCAM XCL1	-1.48669611591724	18.936839310433	14.8809494324609	-3.50818751484237	19.9456438064561	15.4622565861704	-2.58666451894463	19.6869211902107	15.612502745632	-2.31767871345311	19.6059784460964	15.3794497307372
NRCAM XPNPEP1	-1.4680778837337	18.3731082189192	14.6066678293442	-4.16738864279703	19.3535015825968	14.7363525191346	-2.78227976723199	19.4695623813607	15.1664532412928	-2.8734401735072	19.1706687719826	15.1755154116186
NRCAM XRCC6	-3.34326182238321	20.1800881985563	15.3531281419572	-2.0918861216848	19.1864708305209	14.2996118620084	-3.5999177506467	19.9938046512306	15.730871875004	-2.60988191623973	19.9862085139817	15.1369489320712
NRCAM YES1	-6.38207845278871	20.3438915676598	16.0396863111375	-1.03907082123387	17.8802432783064	13.3054127134449	-2.06253031243389	19.6410193915486	15.2394256756792	-2.66153716001851	19.3847390787238	14.959120819281
NRCAM YWHAB	-5.91723261140453	20.5531166102266	16.253151060256	-4.11093993145026	20.1089097014822	15.7715247268364	-6.38322948960182	20.5611741146318	16.272598602924	-5.22933371157091	20.5196604218494	16.2418539407793
NRCAM YWHAB.YWHAE.YWHAG.YWHAH.YWHAQ.YWHAZ.SFN	-5.23292989221158	20.8845182164235	16.3225785735626	-2.93676542403323	20.0668032564686	15.448121486197	-4.93159975907294	20.3088297247512	16.0649248956668	-4.40218723074177	20.5975923014279	16.1551147665788
NRCAM YWHAE	-2.68217776219134	20.3851249779755	15.4551589380982	-2.93219772417699	18.750319186638	14.2269137466048	-2.81226392575664	19.4855381917484	14.9729396686928	-3.88145081632588	19.6866956183057	15.1358106290016
NRCAM YWHAQ	-3.53013469181458	19.5295704976068	14.9686173727675	-6.70683617321417	19.8902402786255	15.2018320615005	-4.21968321969031	20.0022864613174	15.5216223398887	-4.9449979317533	19.9578600706501	15.4862071360344
NRCAM YWHAZ	-4.31498314150588	19.9189560369161	16.0088922557455	-5.18461502924159	19.5454147414529	15.0438799852797	-5.28329585864647	19.8855094454668	15.7868313178917	-5.13926780210652	20.0151717527744	15.9470787148129
NRCAM ZAP70	-3.24608246699199	19.9777864497935	15.8231157651039	-3.36795194246127	19.6028729522021	14.9068447841504	-3.50187717248284	19.8523455508771	15.6627854359353	-3.75544499581511	20.0415461816535	15.7374339699984
NRCAM ZNRF3	-1.56494736559816	19.247402662511	14.9496992917736	-4.17258122515323	18.9342490411404	14.5880376838275	-3.38458240015405	19.3050860140789	15.2930135947005	-3.15103493483422	19.4313912271598	15.1474535737421
