protein_name	r2_male	rmse_male	mae_male	r2_female	rmse_female	mae_female	r2_all	rmse_all	mae_all	r2_all_sex_adjust	rmse_all_sex_adjust	mae_all_sex_adjust
OCIAD1 OLFM4	-3.09076535783365	19.696878011142	15.9638139449953	-3.31381348529783	19.793354742989	14.5444944583946	-3.21101133579112	19.8234978466941	15.8664372303693	-3.08255076408239	19.6534974981018	15.3976267908187
OCIAD1 OLR1	-1.10967974212137	17.7374194137277	14.1821451649562	-2.03817478907091	18.3647562159696	13.8327441684716	-1.29937331533497	17.9899368961128	14.2618254362168	-1.83515078087235	18.2005319800696	14.330608948744
OCIAD1 OMD	-3.95386182752633	19.9309167387969	15.0291582694935	-3.08174585043709	19.5722159164598	14.4933536904322	-4.41164985150546	20.5948935274777	15.5222728088068	-4.2402663160231	20.2815590349261	15.2268697778263
OCIAD1 OPCML	-2.0134826994235	19.3037577872731	13.7700681347148	-1.58509829377461	18.7426392517862	13.5391878968659	-2.62634461148118	20.0278556405322	14.8379296663081	-2.4048943843715	19.4519783301796	14.1757186330629
OCIAD1 OSM	-6.12409225849915	20.7866880291264	16.0960228031145	-1.99803059271646	19.7789318192507	13.9707503432172	-4.94800642731633	20.7365587438116	15.8493971341045	-3.37448819784779	20.4048686830768	15.3225371203317
OCIAD1 P4HB	-4.95458349082419	19.9856334357265	16.0105228114192	-2.95342294866973	19.7994188177422	14.2636027682787	-4.89555726584793	20.4164423559571	15.9070376384889	-4.31096689189896	20.0145840716223	15.4255926884206
OCIAD1 PA2G4	-4.00972696591258	20.0751656789095	15.3852844121776	-3.08969116155013	19.7332127068932	14.845074103101	-3.32625814390419	20.5593019813927	15.9605738380179	-4.45944879884289	20.1099471607182	15.4707260687505
OCIAD1 PAFAH1B2	-1.23526528745261	18.0004432434422	13.8919199231035	-1.13060994809332	18.5928230269792	13.2330802512988	-1.28387308587275	18.6515101994539	14.0984485291953	-1.29174014316828	18.6701023226013	13.9545825568966
OCIAD1 PAK3	-5.59310859208065	20.4187030222979	16.281700908445	-3.56545328858766	20.4256780838697	14.91444118162	-12.2560166187539	20.9957791297191	16.5970975108996	-6.13783626583387	20.7649537253009	16.0226732258585
OCIAD1 PAK6	-2.02631463588682	19.2145649599187	14.9917370898601	-2.4169145789657	19.3435512458899	14.1775817984368	-3.21977394853384	20.4517608778005	15.7491456362491	-2.95025603697788	19.5469136816919	15.0830236477067
OCIAD1 PAK7	-9.26492484388769	20.1786576767563	16.1533450514499	-1.90606095633261	18.5531633273895	13.5144465493039	-6.63661499505695	20.7171851695386	16.3678658334725	-3.9566066184451	19.6862393055279	15.2044401223732
OCIAD1 PAPPA	-1.40092945086324	18.7301536580854	14.503073106452	-1.77077137628951	18.4230199774628	13.5441117976405	-1.975944079334	19.471371489547	14.6509203027837	-2.00489051234066	19.1407244199972	14.5382898501965
OCIAD1 PARK7	-5.48567791054927	20.0296060387234	15.2661281894861	-1.16264148094048	18.5323894139293	12.7772097612983	-2.73192555054521	19.8189356006476	14.6609293341704	-3.37685060334843	19.5336862660506	14.7311007747203
OCIAD1 PCNA	-7.52919675854105	20.7154825291965	16.1547359423502	-3.20231944809438	19.1646124583813	13.9433055569964	-4.64385465140246	20.5597530115397	15.787584199704	-5.37622836477638	20.178655174641	15.4868300836698
OCIAD1 PCSK7	-3.52588108813914	19.5034044021659	15.8101385472478	-1.95536190585126	18.5396345634195	13.8692497068777	-3.05478003618703	19.5791129857864	15.6234415179045	-3.22193194716435	19.3427017714388	15.14462824531
OCIAD1 PCSK9	-9.25267681927459	21.0611170905408	16.763388721958	-3.33248749216551	20.1400112632262	14.8560975411872	-9.85254072729323	21.0756672535291	16.555623590298	-6.08413563010425	20.8612581266004	16.1991334144185
OCIAD1 PDCD1LG2	-8.5194949636328	20.837502241501	16.3621787112126	-2.28975503812294	19.0104979445583	13.5555130505461	-3.91524559544394	20.8978583106196	15.7295166879794	-5.07024264691693	20.2489058432136	15.4360474049277
OCIAD1 PDE11A	-1.0275907588569	18.4164117804465	13.6840097905443	-3.78024817765836	19.7749001731961	14.8432616634768	-2.33655374804285	19.2636164283927	14.9123565687943	-2.16873749886248	19.3125320217458	14.691981312967
OCIAD1 PDE1A	-12.6813159739509	21.2952933425906	16.7912636324086	-2.04023298814146	19.7955348968627	13.9190655875739	-3.7796993453308	20.6070499999618	15.6063620948488	-4.98083160613616	20.7033951408657	15.6417454424122
OCIAD1 PDE2A	-13.0385164681431	21.2830575323927	16.4662851994477	-3.3530851391135	19.9347547596817	14.85277650857	-10.8782553555097	20.9979182546731	16.4098079661345	-7.60364756948571	20.8088220997287	15.9825658380779
OCIAD1 PDE3A	-4.40456573106614	20.2979251220357	16.4361593943401	-1.75818981663296	18.4348068552528	14.1878098045388	-3.36551479904225	19.5507348759592	15.9187840369724	-3.00452594008333	19.4598481625431	15.7150787330234
OCIAD1 PDE4D	-1.37337886354839	19.0349388225547	14.8839387983531	-1.01968971749195	17.3832179986309	12.4696720220788	-1.32694435805515	18.6340447576261	14.0436333017064	-1.28364776548832	18.3335537533431	13.8428932839545
OCIAD1 PDE5A	-4.77789172161792	20.2852697834546	16.030612857145	-2.10243206288533	19.1640223780341	13.8820935727955	-3.72999035002183	20.5317089024735	15.5210209104262	-4.00237899487967	20.0498961718866	15.4614476533229
OCIAD1 PDE7A	-4.82187770651461	20.0299286011597	16.4847493508937	-4.87610108136751	19.9850120372749	15.0510356734753	-9.79064044838228	20.709467204733	16.4810795650615	-9.92386949336019	20.7501510002954	16.3741194427662
OCIAD1 PDE9A	-1.1877292354123	17.6189694797656	14.3962569199016	-3.11919763696352	19.73019355118	14.3578824769771	-3.9967805455425	20.1739570577828	15.6706077970652	-2.51691440937653	19.1445678236899	14.7134431040942
OCIAD1 PDGFA	-2.68023724807927	19.8202142937437	15.496573454365	-2.26948012080146	19.4459291193574	14.7261226363213	-4.47949751527661	20.3029635424529	16.2925065223714	-2.91620135668114	19.9189976770393	15.6440979651813
OCIAD1 PDGFB	-2.82558563163694	19.3908839096688	15.2426779834086	-3.06861611392437	19.8231889210537	14.9036930944994	-5.15263665115201	20.2357414482942	16.1764905502448	-4.1493019072254	20.0798763318635	15.6465522296492
OCIAD1 PDGFC	-2.91885792062142	19.6553150470876	15.5322041032454	-3.47094610882291	19.6366662986539	14.8241272328253	-6.62214700448723	20.6241496490804	16.4524538861428	-3.85064272768116	19.89829796872	15.4877517564491
OCIAD1 PDGFRA	-3.08095586230591	19.8377845412414	15.3043303645257	-4.30708431791536	20.1642536809268	14.957575679871	-4.53896631351645	20.7673870495337	15.9545576350553	-3.70777751427305	20.2336989143776	15.3397267514218
OCIAD1 PDGFRB	-8.04004807889841	20.5350034109705	16.2987487650147	-5.2582575621805	19.7267753729144	14.8878793954953	-7.83461442815811	20.4564986980668	16.1211035424804	-7.56425511942267	20.6247735642809	16.0330052639766
OCIAD1 PDIA3	-4.07385646998858	19.9160780850033	16.2449970710622	-3.58278198220627	19.808055888332	14.7217076484044	-5.14484967487749	20.1290481346425	15.967856475276	-5.46670197222836	20.1593542797086	15.8478972821619
OCIAD1 PDK1	-5.06517226550988	20.2768087675577	15.6526255028151	-3.35792741909431	19.4908547347188	14.6211941436502	-11.2044078465506	20.6653076932511	16.1775769374133	-5.88538239859092	20.3374159247346	15.6826294013102
OCIAD1 PDPK1	-3.36877743664473	19.6611230151357	15.6706240629945	-4.59171471024523	20.5282084209766	15.1858709096234	-7.43952796703462	20.6586826599833	16.4436521767958	-6.01215360888288	20.497346862327	15.8734559694001
OCIAD1 PDXK	-3.88690542451545	19.4450682500032	15.4370283643915	-3.30686558523179	19.9053840448881	14.5928348115436	-5.59676878495302	20.5419165852407	16.2347537651813	-4.55370423019447	20.0167742891127	15.4607921031845
OCIAD1 PDXP	-3.1848984708247	19.6254753100491	15.3235154163537	-2.08176534948941	19.3475470187289	14.1653432725658	-4.69409561124548	20.3853992781233	15.7645376699183	-3.19547771686676	19.8788662386295	15.281554181554
OCIAD1 PEBP1	-2.78570322736336	19.5822804371333	15.3286450479711	-2.2604328303878	18.6098329156475	13.9188916120015	-2.73729919561992	19.5455716798511	15.8470790693758	-3.20034745127937	19.380890065768	15.272908548747
OCIAD1 PECAM1	-17.1733124720562	21.1469380287799	16.9114022121185	-2.637131855162	19.4616592491819	14.2874348506727	-6.37683304405419	20.3773449176465	16.0969636456849	-5.58904407066731	20.4896361426216	15.8194919997821
OCIAD1 PES1	-6.2730594193422	20.3320584070378	16.0745557573186	-2.01206960022803	18.1185427758875	13.6778646848501	-4.04163253538123	19.5634309563819	15.5808009493143	-4.99929374015978	19.5139648303566	15.3268362557613
OCIAD1 PEX5	-4.52850325877302	20.0286552675763	16.0227431676071	-3.79613141982477	19.7688782408073	14.8155430523817	-6.83406833761006	20.5032626901426	16.2269655928685	-4.30278258734798	20.0595850527392	15.703308442694
OCIAD1 PF4	-5.15341771149469	20.0193489336574	16.0298734194374	-2.77079837743292	19.6366748376231	14.5977883598984	-5.8747582911007	20.4055087912007	16.3749855798484	-3.70094429843183	20.0256732821918	15.6740885056533
OCIAD1 PFDN5	-3.09844067959388	19.209744844048	14.8737445944063	-2.59088844211061	19.9454283734418	14.4859551794152	-2.96126328407958	20.3328881800402	15.421601455919	-3.44562605115574	20.1359191147969	15.2971019712862
OCIAD1 PGAM1	-5.82867019645651	20.7346050306017	16.7876575709257	-3.01152546690299	19.6012066415542	14.8751986720965	-4.83793534700623	20.5794046029593	16.4123016414254	-4.53557321107987	20.2716149779133	16.000289346502
OCIAD1 PGD	-6.15853057343268	20.2558284810292	16.1822399773702	-2.83401183883852	19.220619479322	13.9264096197411	-5.0661605518683	21.369106735926	16.3489906942201	-4.93574627422329	20.248543163983	15.5630679517606
OCIAD1 PGF	-1.51859684886686	18.6350322313752	15.4336921729573	-3.09458941000313	19.1281171871378	14.3035808266823	-3.75445861058937	19.2775723926849	15.6382315144134	-2.58386061670153	19.1237621872823	15.4615828010791
OCIAD1 PGK1	-16.6140223773748	21.211058724609	16.8675455621572	-2.02166377708144	18.7107632328341	13.3032614322889	-5.99736145910737	21.1105124748858	16.4070311699847	-5.19206352600162	20.1786829614105	15.365414728411
OCIAD1 PGLYRP1	-8.44271140636319	20.3481574126373	16.8079181969559	-2.88609246194664	19.2750567209964	13.6147757778455	-5.29889061673906	20.6286460556846	15.6213060566402	-5.04804492490247	20.0621629461889	15.494274375302
OCIAD1 PGM1	-4.11238537761421	19.7213945233476	15.6556164574505	-2.40363776447587	19.6118717202077	14.391368869681	-6.40527398573884	19.9990688180496	16.2099140497651	-3.40916702020256	19.7104526592957	15.211781465948
OCIAD1 PI3	-0.0421551540949738	15.1163729742247	11.3954699957268	-1.34816554104384	17.8585165998577	12.4952166425069	-0.929685967604149	17.8727467620917	12.919401533367	-0.674956419014299	17.35552976866	12.4970381036017
OCIAD1 PIANP	-1.79272287463054	18.8161582874317	13.8722286199198	-3.20057163521313	19.6233438131699	14.5708679318896	-2.91985940047976	20.0502251580146	15.0343261304211	-2.53650739950298	19.5562735763265	14.4579038025938
OCIAD1 PIAS4	-2.82817800760032	19.6406715607132	15.0530048476097	-4.01198810173132	19.8085187163384	14.8396754403816	-3.55550516026763	20.0375059731267	15.7999638217831	-3.77435565131676	19.9545058269559	15.2723267473992
OCIAD1 PIGR	-1.81441614914262	19.7883175097526	14.9283330024604	-2.69638853669069	19.3130416573233	14.0121410515948	-3.80259829995373	20.2532485112073	15.5107153514479	-2.3479604346702	19.6732869163528	14.6431664830314
OCIAD1 PIK3CA.PIK3R1	-4.62944423985752	19.4591278148602	15.6963314469944	-3.24627801875149	19.5415523373519	14.2723422401805	-7.15842022776393	20.4991686524286	16.0089734478475	-4.4006592742974	19.8650782138533	15.3518616996621
OCIAD1 PIK3CG	-5.92297159735569	21.15219744915	17.0328436574268	-2.71755849801414	18.9655714164826	13.9415748647294	-6.55618395258653	20.5592749443759	16.1765813754868	-4.81740070174482	20.1548191326727	15.729752807111
OCIAD1 PIM1	-16.891973812086	21.1276791659232	17.0472928843141	-4.28802007632151	20.193708612593	14.9974701434361	-9.87326249352734	20.9032133980922	16.3524316596159	-8.71963121218682	20.7989461751563	16.2504048080256
OCIAD1 PKM2	-6.02782838825623	20.2042596531372	16.323596974512	-1.78687030410466	18.7140571383324	13.5777167652429	-3.61143708189931	20.7398355129119	15.8371247140162	-4.16910127812966	19.8257566594472	15.408869096442
OCIAD1 PLA2G10	-7.72504105623019	20.1757351871216	16.1885136058446	-1.17713692203825	17.7078606532545	13.1934543052474	-3.54566927998955	19.5375048266437	15.3457113674281	-3.55090371490376	19.3069095932275	15.0868240989534
OCIAD1 PLA2G1B	-3.74169725517639	19.2627446066111	15.4416092653831	-3.39416744732929	19.637295529419	14.2466274713181	-7.32468950564869	20.6141116462974	16.2062239568158	-5.31743805569956	20.0293779781098	15.5058494718866
OCIAD1 PLA2G2A	-0.542064769833262	18.3731857218015	13.825822627793	-0.371429641294338	16.7091663988652	12.285390845873	-0.585620675633406	17.95507058377	13.476872605314	-0.559876430009242	17.8027930077554	13.381114018514
OCIAD1 PLA2G2E	-7.40394226841373	20.5146019269379	16.457398615264	-2.12127393264343	18.6541471563168	14.3304983386161	-5.29797557601889	20.2877730817909	16.1276503498963	-5.80347861524092	19.9606105862817	15.970208679238
OCIAD1 PLA2G5	-3.81618488688646	19.8613106150331	15.6423244819788	-4.33167429627376	19.6873721852312	14.9015866172479	-9.38213257298918	20.8897762900764	16.6512804703403	-7.77198534655218	20.4410774387637	16.0715800398465
OCIAD1 PLA2G7	-11.0533354235597	20.806626955083	16.2547925107501	-3.79932668744233	20.2071201055889	15.1662319454367	-8.52255852991613	20.8136046043985	16.403873420061	-7.79754652285371	20.8286438974638	16.1253115824837
OCIAD1 PLAT	-0.755897960680276	17.3300915307028	13.7184048818598	-3.6047613066687	19.2684552986792	14.2446932947956	-2.21836056025983	18.5537567963618	14.4471521289503	-1.77020003188023	18.5040360491596	14.0831747984664
OCIAD1 PLAU	-6.47430452543002	19.8300101083958	15.7914053665406	-5.36462639952783	20.0266919785501	15.0552759965872	-8.56882354409306	20.296044417953	15.9415316043272	-9.30350775750938	20.463371187513	15.9304931293266
OCIAD1 PLAUR	0.301052008153158	13.9219951267756	10.4481418585337	-0.652541391554669	17.0600285726404	12.6927401118539	-0.24240138919075	16.3527076344062	12.5569134299123	-0.153006614201017	15.8682703705792	12.0522709015787
OCIAD1 PLCG1	-4.39364370135945	20.7613380979174	16.0264791117652	-2.70903850092334	19.918896836299	14.3910941573535	-3.25227923524486	21.5443604538704	15.7588751238749	-4.06223529382716	20.7774032891335	15.5418857084573
OCIAD1 PLG	-2.47614615389384	19.5870623413296	14.5441296894778	-0.685572087855117	18.0872160618366	12.2540944771835	-1.35010913074436	20.0669502916401	14.3497068057573	-1.35487308855164	18.9887440862095	13.6416257613693
OCIAD1 PLG.1	-8.31170570259031	20.9975727112623	16.8498558150101	-1.87801365762913	18.1948842217706	13.1565460957562	-3.91874524268058	19.7250148424378	15.4502308477913	-5.01072260222853	19.8570972738572	15.3349258765774
OCIAD1 PLG.2	-2.36650289106266	18.8697463802047	14.4241137235125	-0.530826441037362	17.1621528390694	12.2999055901173	-1.26124164963331	18.9231574531181	14.1381042247291	-1.03578422068715	18.2181430350513	13.5759944124046
OCIAD1 PLK1	-6.84265486504138	20.5673514436763	16.1657447299279	-4.94156510929746	19.8375092211065	14.7932705354775	-6.669058712409	20.5681065486921	15.9059568116262	-6.33404838002096	20.4133178085246	15.7628710902265
OCIAD1 PLXNB2	-2.70433446359557	18.5078861605873	14.8578698641329	-2.7385985299793	18.321727556677	14.229875545637	-2.91839943272026	19.4010982819738	15.5856706535154	-3.74018024890907	19.1872669422087	15.2134564298498
OCIAD1 PLXNC1	-7.34965810194905	20.955866650794	16.2452421375337	-3.63851069807231	20.2743913467215	14.5524060345865	-7.20029460593177	20.9542103267646	16.1910653554708	-5.93240877102006	20.7938543415611	15.7282282130412
OCIAD1 POMC	-8.53313590312104	20.5338094432392	16.1805139430215	-2.89802536924874	19.3222414551368	14.655844382837	-4.4560869747703	20.2499829995875	15.8988600128958	-5.28087727258406	20.2547036086928	15.9057719511947
OCIAD1 POMC.1	-2.76633919030053	19.1877623637037	15.4765700824899	-2.48791006951988	18.8243010532386	14.2200613959655	-1.94307866494453	19.6531764678255	15.426833287537	-2.33683309570815	19.177556384971	15.0842224916335
OCIAD1 POMC.2	-1.26729195996041	18.7467624344496	14.291156462879	-2.4749933240298	19.4518087583957	14.2208162002476	-2.08737529844482	19.7589719505462	14.9863368254342	-2.1040756247508	19.3670494312205	14.6692514625184
OCIAD1 PON1	-6.38738238490022	20.005698723088	16.1776449184988	-2.6840771802921	18.8040458025441	13.8924325513891	-5.51767485540494	20.3678379228565	15.7370062678608	-5.08040820996584	20.0422026333455	15.4578788424926
OCIAD1 POR	-0.970151487481522	18.7219954378076	13.7920934414517	-1.01356597701915	17.5823704333804	13.1235567158997	-1.5051403511393	18.6881544041241	14.2043600002227	-1.36186205976532	18.4062710305175	13.8714359278051
OCIAD1 POSTN	-0.28177150911055	16.308021171156	12.5924342679022	-1.15369847332951	18.5340311827399	13.4240017093777	-1.00957088568771	18.2777394376506	13.9548383620322	-0.777684067002581	17.7125149815671	13.3593736854597
OCIAD1 PPA1	-4.29866645161109	19.4164148788406	15.0695252980595	-3.6418681147847	19.7765345616398	14.747266142788	-4.46348354322048	20.2869279474209	15.7745607779116	-4.92550445174279	20.0183375122204	15.4823512059104
OCIAD1 PPBP	-3.90680205725057	19.777424224149	15.930610273615	-2.38965189813282	19.6035891293566	14.4383608643932	-3.85582717700175	20.1598606682673	16.0934823715619	-3.68304690092291	20.0231784785765	15.6703616362158
OCIAD1 PPBP.1	-3.80597972403378	19.7775551852444	15.8456691366097	-2.35967127253307	19.5520738249563	14.467842006203	-3.85760652200579	20.1768398660126	16.0966970704964	-3.61084970637597	20.0548303020896	15.6305157610008
OCIAD1 PPIA	-5.6580475838353	20.4470938432509	16.2019805013383	-3.5407433803409	20.537565917855	14.8815503363187	-7.42095135689496	21.1901736401584	16.499441462051	-4.8834803553085	20.8122255357623	15.8852957182383
OCIAD1 PPIB	-2.93666288897741	19.5650499021857	15.5442983144375	-2.91459245888659	19.7680172629731	14.6571062142432	-3.32567677950823	20.0039416171112	15.7962359254131	-3.10507574485959	19.6953398494361	15.3122304047013
OCIAD1 PPID	-6.89042703061561	20.6094788693152	16.7969363415108	-2.54180074637168	19.2922303663441	13.7753172636035	-4.61787805828289	20.5113602189742	15.8849584730957	-4.73575411630813	20.2085289082853	15.6775082338575
OCIAD1 PPIE	-5.92689759641601	20.9881481413336	16.3097526677812	-2.39197258288279	19.4179880990442	14.18619513754	-3.94442795007721	20.9374825128061	16.1829687754361	-3.7539756851459	20.3797787239192	15.5183844408496
OCIAD1 PPIF	-2.76871369301483	19.1946419962957	15.4140978336327	-4.04844160804945	20.1824913090415	15.158016611901	-5.32842527329152	20.2729445588218	16.2837513865636	-4.7632672028356	20.0984835465047	15.664340205909
OCIAD1 PPP3CA.PPP3R1	-7.04546739341799	20.6959156700174	16.4590684612768	-3.15735327274484	19.5178725115083	14.2885771267001	-6.783002576911	21.1929984933103	16.407496872133	-7.13028164158446	20.4780186872316	15.8858432517412
OCIAD1 PPP3R1	-8.6346110391963	21.0198827011654	16.0753515144557	-2.10361798134064	19.3476034561226	13.9114154779	-6.30492256303437	20.6359983911824	15.6660718248544	-4.60347087884755	20.5838354788479	15.4086691639298
OCIAD1 PPY	-0.611231454727176	16.381047520437	13.0564802162137	-1.44045404063116	17.8131097610146	13.1520851939882	-1.0477814028171	17.6656573202216	13.8376206012806	-1.18424172658072	17.5780228831504	13.5530019629403
OCIAD1 PRDX1	-3.71360465558373	20.3243649688255	16.0034609391749	-3.01665781728039	19.090310444592	14.4186199442189	-6.95633404274053	20.2411256121756	16.3119095313681	-4.64002768581618	19.9256143329392	15.6940178782536
OCIAD1 PRDX5	-4.13984843124729	19.4382273034112	15.3689176144327	-3.70122210760626	20.2323945466815	14.8221366026091	-5.83568016274645	20.5663644767072	15.8854386670177	-4.58408997069801	20.1261608547684	15.5132362204242
OCIAD1 PRDX6	-11.3886212174784	20.7902222997071	16.7718634410568	-3.51025295180191	19.8108052489511	14.7481809235045	-13.0811827646478	21.1053798966718	16.7963357139072	-7.52585028932276	20.6237073743861	16.1485264866012
OCIAD1 PRKAA1.PRKAB1..PRKAG1	-3.36350624762628	19.5964262211577	16.1427712544577	-4.36799296575046	20.2272259927285	15.224679479963	-7.82152210532501	20.3364943293588	16.3427649389577	-7.95701483714807	20.6590135453151	16.2876859858654
OCIAD1 PRKAA2.PRKAB2.PRKAG1	-5.04473142152708	20.1675224603693	16.0335064751492	-3.70605996600603	20.0690937216084	14.6606551796442	-11.0969278098382	20.9313283840413	16.5769213513979	-7.00675068002768	20.7135446876304	15.8329016321985
OCIAD1 PRKACA	-2.33820330577854	19.2403192775269	15.3205533853913	-2.12195301328226	18.5027824178356	13.8375581305347	-3.04989704351445	19.8112198267838	15.5263785211803	-2.95313512317149	19.3920534371673	14.9751375613945
OCIAD1 PRKCA	-3.55458926032426	19.958238894069	15.8834561380975	-3.38103766780521	19.9606065490298	14.5821863276735	-6.95941655802311	20.7644805116242	16.5050705019678	-4.36736254360693	20.5937077996363	15.7402376318533
OCIAD1 PRKCB	-3.58548012706135	20.2270278190414	15.7498422861434	-2.98087330267842	19.4716665141634	14.3911095746203	-3.85787187200931	20.8064264895272	16.0369960575598	-4.15444387680111	20.2213550066382	15.5265966190091
OCIAD1 PRKCD	-8.45607407087647	19.8813309740383	16.1423016296774	-1.91145151088555	19.4041625199187	13.6906101122782	-7.20102818264703	20.3912170624796	15.8658346828347	-4.67454387107534	20.2917847696782	15.4415171729416
OCIAD1 PRKCG	-3.26946517720642	19.5486193905412	15.4841301227572	-2.79820159580926	18.9482707336503	14.6959169329087	-4.08429781069105	19.6076953396724	15.361378899443	-3.66930993769493	19.5848604226452	15.276414680038
OCIAD1 PRKCI	-4.95346677712578	19.8312288620262	16.0248110143608	-2.23334798520871	19.513082255222	14.2812130034759	-4.21476568312617	20.2925405785321	15.9098947406391	-3.68317791427724	19.9651452817367	15.6170377491635
OCIAD1 PRKCQ	-8.26185802768724	21.0358106556507	16.5670961521252	-2.91364510857604	19.7439853112246	14.637967132894	-5.9544711359857	21.2025562118754	16.4310803816802	-6.3898579687857	20.7037665908039	16.0922793785201
OCIAD1 PRKCZ	-3.2131411012163	19.3234970133994	14.6427233704766	-1.95031428264199	19.003791110401	13.948180750887	-2.74457413526213	19.8024233381626	15.0710590391664	-2.74491372863973	19.6315471565692	14.6965010946877
OCIAD1 PRL	-5.17266968036629	20.3924259530917	16.1971239179413	-2.58113896269351	19.4146460567011	14.1830184838946	-5.14757671105941	20.7805391826949	15.9888687106871	-3.98484440476529	20.0762373582589	15.4660400464524
OCIAD1 PRLR	-4.12682012621879	19.5751307619328	16.0826471151631	-3.4710542766651	20.2080662764324	14.7541501093994	-3.15300251071997	20.3374450524304	15.768589533234	-4.2102560458524	20.0277569529683	15.6417236616715
OCIAD1 PROC	-1.18643280101688	18.6431152193273	12.6443048420864	-2.2790773346819	19.518794068882	14.0026517460201	-2.9582571549025	20.2603232461615	14.8067685050099	-2.14789926678696	19.3456413648461	13.9483484673581
OCIAD1 PROC.1	-12.2690564395569	21.2887187399256	16.498014667646	-3.78291144457447	20.0988191502454	14.6900257797717	-9.05659072942887	21.1165508103816	16.4638358636943	-6.85024343093883	20.8357026526342	15.8998477929074
OCIAD1 PROK1	-1.43510753012798	18.8004846467951	14.602121730769	-3.14897208968826	19.2488231890155	14.4267464562759	-4.31488175154198	19.9530722344469	15.5781049136155	-4.03313620144721	19.5114821414012	15.294280694862
OCIAD1 PROS1	-1.59673166837719	18.7124278518477	14.3189407232303	-2.48913961827832	19.3086371451175	14.0975216598812	-2.91444065125661	19.3842773615833	14.7698225182462	-2.33815151908716	19.3671016619352	14.5574511278873
OCIAD1 PRSS1	-5.01383219646582	20.4509755985137	15.4680101771423	-1.9071220075194	18.7426645382604	13.8874035698193	-2.79365693781199	19.9626147594669	15.1225144950701	-3.07141343832425	20.0492903778858	14.9583772276676
OCIAD1 PRSS2	-2.33389945605767	19.4926164427019	15.0824967772982	-2.7284679644338	19.014186427815	14.1577059684595	-2.67346685611911	19.6988162984969	15.2004487130932	-2.66628408156593	19.4392389187917	14.8559841052765
OCIAD1 PRSS22	-1.22114807562862	18.392536695976	13.7778302499939	-3.5658908104048	19.801280963761	14.6012085901205	-2.64091808984055	19.9407269650788	15.0460746282415	-2.32085688639735	19.3495303006748	14.5612810835604
OCIAD1 PRSS27	-1.95123932912497	19.4672322449342	15.1164372145043	-0.79065636691867	17.1985797680058	12.3206490426732	-1.10087849451763	19.1506796451726	14.1551115059961	-1.26883553159039	18.5279439185103	13.8654155089607
OCIAD1 PRSS3	-6.10748312036616	20.0355019430611	15.9294927823397	-3.01977837468511	20.0242499661311	14.9344060521212	-10.612887318168	20.9385412849398	16.474595125479	-6.81522785300194	20.4002922763128	16.0292074704439
OCIAD1 PRTN3	-3.45332751495832	20.0106365415419	15.4848773196396	-3.03724644065041	19.3526738957872	14.3521264052484	-4.46299898863854	19.9038249466339	15.6283763646304	-4.29349573114304	19.934936652645	15.3651073523989
OCIAD1 PSMA1	-4.29628559538255	19.8532577348386	15.4274501461286	-2.67751939623691	19.1479847850088	13.9255440209742	-7.90792995671692	20.6576213163631	16.1940029836542	-4.08958873839122	19.92202486587	15.2218617099444
OCIAD1 PSMA2	-5.9149325031747	20.3148302403788	15.9244521905424	-4.22917390441276	20.1007010197576	14.8802766537454	-9.48120714715498	20.7086101763874	16.0566281752417	-7.09272896614602	20.4398916278875	15.7762135545231
OCIAD1 PSMA6	-8.03674550434198	20.7926094322586	16.4028789036095	-2.04355228550561	18.7973704014042	14.1053308092993	-5.15670532705578	20.5676862608744	16.1652079004861	-4.98425527892843	20.2190999270919	15.7549897969384
OCIAD1 PSMD7	-12.9644069695758	20.7177315618908	16.4604464175115	-3.01982727286173	19.8318013092442	14.5283344877968	-5.56004790458612	21.2590025745907	16.1334417135832	-6.33741444170709	20.7801690352302	15.8911724777517
OCIAD1 PSME1	-4.13866985930157	20.1910591987912	16.1834122587212	-3.24479362611902	19.086361105239	14.8936047205887	-5.3223832486144	19.7091416370619	15.9443758738987	-5.2502160993516	19.9035002315516	15.875249081756
OCIAD1 PSME3	-1.68462367541971	19.2106185863395	14.8225032654319	-2.26733943467768	18.4056562281477	13.8504691771637	-1.29227525590518	18.6931925948892	14.8481157405961	-1.88936246220463	18.6666435615395	14.6190816194994
OCIAD1 PSPN	-3.78357915871131	20.0433589176299	15.2796339449347	-2.82464934278486	19.3372730578906	14.1339081118007	-3.50386911851858	20.2717733602668	15.6046919265774	-3.85696196464122	19.8240935725198	15.055796349084
OCIAD1 PTEN	-6.87591808744102	20.3123845708253	16.3104767997295	-2.81481549980148	19.0121692090428	13.891525528331	-5.07049936752877	20.3043278943697	15.7068511564287	-5.68479717988203	20.1166688379619	15.5100844775563
OCIAD1 PTGS2	-9.59829083765773	20.7552361388788	17.2359024518438	-3.16168519039189	19.3950539285725	14.2222838995661	-4.93894439989935	20.4549783353589	16.1732419108673	-6.51496174600458	20.2921692206699	15.9886114035181
OCIAD1 PTH	-2.58284806941759	19.7690019821901	14.8400423308825	-2.4967874719932	19.3518548541549	14.0407814221562	-3.14771386642489	19.9442953230718	15.0468604914003	-2.80720597397914	19.8112167203735	14.782003897319
OCIAD1 PTHLH	-0.426477919603513	15.9334459118634	11.8947182222073	-0.655154931837987	16.9854407345099	12.5177114912644	-0.597582751037788	17.3195053462105	12.960348036362	-0.683333958161656	16.9503974900259	12.4949237905019
OCIAD1 PTK2	-6.72017788668744	20.0902168146346	16.192616627959	-2.9340936260235	19.073357861289	14.5639913813667	-4.69127527002789	20.0629701759932	15.7328296881736	-6.19228088179985	20.0430721970946	15.7932857374084
OCIAD1 PTK6	-3.48504837550222	19.2246732451299	15.4610379348989	-2.28761762542925	18.2849107119388	13.6261402064007	-3.98781455696837	19.4025446745074	15.2851144618312	-3.23531117458846	19.0001429241023	14.8982102298465
OCIAD1 PTN	0.707619557600441	10.1322145166837	7.30782616717667	0.692831267158289	10.3448026635393	7.50702571919796	0.632750307418857	10.9565835098743	8.19137121269508	0.692460815721777	10.4833007411	7.63732350668919
OCIAD1 PTPN1	-1.28979886363168	18.6413608416815	14.5702965059527	-3.34826471829145	19.4051230062259	14.6056304560249	-4.16115357933769	20.025732354104	15.6731735438502	-2.77871958262023	19.4780232465896	15.1205630699421
OCIAD1 PTPN11	-9.05591978408688	20.5948854387968	16.3083172845269	-3.38394386596	20.0110878999291	14.6841733633798	-10.842478127554	21.2939668598171	16.625743604718	-6.5587049632799	20.6151298866423	15.8861045815781
OCIAD1 PTPN2	-5.51517391242639	19.9411984775604	15.9369066944803	-3.9326043743536	20.4629397994165	14.9372200678329	-5.80837452374108	20.628136814915	16.2681333192575	-5.885553291484	20.3079509403177	15.8059534664495
OCIAD1 PTPN6	-10.2263568407106	20.5546860596282	16.7668416917547	-3.5690860058552	20.5990279258006	14.763994624824	-10.5453676064204	21.0583504224477	16.6983343264664	-5.87959898025901	20.7285967482806	15.9643052317553
OCIAD1 PYY	-5.66649846540149	20.5457077699677	16.2881467588994	-3.90280815274687	19.5779633988252	14.2308916342679	-8.5781957289365	20.9440383945998	16.4699303170199	-6.72039296332023	20.2644785288177	15.71544846549
OCIAD1 RAC1	-3.55776358715867	20.1066062906317	15.6808565439382	-3.839434977723	20.1106598964619	14.8115425672603	-6.93178067260027	20.7484030744659	16.396785806871	-4.16633277103835	20.3404040420911	15.6313301633945
OCIAD1 RAC3	-4.23166164879553	19.8716348329133	16.2419894111725	-2.6094210943298	19.7748566972274	14.172613378217	-12.7769289114728	21.3848725842952	16.941828035864	-4.93470917170793	20.2308554832168	15.7012271485031
OCIAD1 RAD51	-4.37587604109125	20.517616759518	15.6564203899206	-3.1275903536743	19.9872467770714	15.000475151443	-12.9744679541847	21.0614210813827	16.5400391879024	-5.04074696417606	20.5081621801252	15.7765873958525
OCIAD1 RAN	-13.0877422062793	20.4671272156542	16.684770175787	-2.92930692145526	20.5376242592475	14.7716406376458	-10.5035128639772	20.9440501022196	16.7185487775419	-5.92088927668735	20.9496267478194	16.1591393791239
OCIAD1 RARRES2	-1.5868337686732	18.8534054427197	15.1341125999602	-0.829392094557202	16.7930093473354	12.3667371171238	-1.10997220585201	18.06950870233	14.1343138453562	-1.23309491856045	17.9879037389912	14.008705113887
OCIAD1 RASA1	-4.45861687301439	19.9090321805919	15.6500415105036	-4.29434185610365	19.434606024098	14.595669833988	-5.14610104401053	20.5789585325069	16.0312252458458	-4.70563871897571	19.9959776711438	15.5033637588784
OCIAD1 RB1	-7.77641403139283	20.6329857453291	16.1542544254122	-3.0981350783799	19.9485667875521	14.536022015087	-4.8138285979036	21.3461575476934	16.2889961581448	-5.62631456211577	20.6180134087332	15.7077156298728
OCIAD1 RBM39	-2.86111691549274	19.9212393437857	15.2602308957917	-0.662149540770912	15.8999922012898	12.5695485430789	-1.84229355765342	19.1740010266466	14.6088956487366	-1.85338267956068	18.4887018773763	14.3086544114731
OCIAD1 RBP4	-11.2223612163524	21.1060189016467	16.9097512210911	-3.38730055409022	19.1747150504033	14.7378580663965	-8.45851337643827	21.0387362558886	16.6445263488	-7.98320696702288	20.6461586384113	16.2718893036392
OCIAD1 REG1A	-1.0260085633752	18.1607786426568	13.8543817730386	-0.997989316144896	17.8348682486552	12.8018419169904	-1.12529966288057	18.1408844577346	13.8317165381189	-0.953863542533123	18.0494755317574	13.5534879935999
OCIAD1 REG4	-0.369758990169202	16.706739424906	13.0176149433945	-1.3469496400974	17.92139673752	13.6172991048617	-0.98393890310488	17.7141539008084	13.9153481764725	-0.87172577106557	17.4904427018488	13.5760328104822
OCIAD1 RELT	-0.265468534291595	16.3801739359591	11.8030100310832	-0.749540569753481	16.6356378191577	11.8311586499907	-0.708946882213429	17.5469893299569	12.7414601354349	-0.539906247598477	16.9574659947475	12.1058718113392
OCIAD1 REN	-1.4112163442675	18.565247327566	15.3022575216784	-1.99471889988625	19.5688182970098	14.4078433584558	-1.9342161857881	19.6153615978405	15.3678553649871	-1.92342299791644	19.2324438275944	15.1305931046184
OCIAD1 RET	0.42842144730539	12.8378843122248	9.5972087378518	-0.565201488629306	16.8463342889389	11.4169412401365	-0.0841021551457062	15.5788652722713	11.2568370206654	-0.0025417229272422	15.146835551193	10.8102104056253
OCIAD1 RETN	-4.19365385468378	20.2240829637745	15.5178888108292	-3.55909218969284	19.034903597821	14.2516160438696	-4.63923119298231	20.279975134328	15.6414911256682	-3.44799164972008	19.8128564178707	15.1700543897871
OCIAD1 RGMA	-1.07166692178078	17.5881853279023	13.4830327723509	-2.43506687981302	19.3562847226238	14.087609149738	-1.90748500084189	19.0378950887139	14.6333141661218	-2.20421699317912	18.658185193448	14.2477812589636
OCIAD1 RGMB	-2.60445592700796	19.111253557899	14.9475364500734	-2.22918077906573	19.2821316520015	14.2983184257287	-3.26345037372936	19.8909560889584	15.4347607405554	-2.91092517543072	19.4329951738522	15.0656395619938
OCIAD1 RNASEH1	-3.70701853326493	19.9445574743426	15.8386732137761	-2.10079148284915	18.774268236648	14.0648148962398	-5.73597264562074	20.940640751947	16.124546624672	-3.65583198432326	19.5419832972105	15.2512487523546
OCIAD1 RNF43	-6.87455886188167	20.4932169216497	16.6081289291546	-3.73183082765525	19.7276181945153	14.5572035836213	-8.57466594264895	21.1260392280919	16.5504692572382	-6.09405774493339	20.3997019305233	15.8979772699303
OCIAD1 ROBO2	-15.6694031486468	21.0771312263003	16.6907976895807	-2.12248949590239	19.3499598373918	13.2372443608844	-5.15659671773645	21.0767443374539	15.9128088748241	-4.95132561374457	20.4258298918616	15.2179876657995
OCIAD1 ROBO3	-7.94017494524338	20.6011475051975	16.1817154755725	-4.09549088249791	20.167877873352	15.057515610481	-8.61427187105265	20.7937020367503	16.1794181021909	-9.21439078131123	20.5274364705386	16.0278992218211
OCIAD1 ROR1	-0.889321185667552	16.8334118993824	12.9348320869066	-1.35666555620289	18.5393161760807	13.7675400470581	-1.32357439181663	18.1743218441393	13.7277883952466	-1.13379651830659	17.7606514587682	13.5905753025125
OCIAD1 RPS27A	-1.75052658912748	18.807703902554	14.6962991844965	-1.98829637019189	17.9378736895839	13.5768413807061	-2.11952979968669	18.8023497625276	15.4011055337767	-2.04167197238292	18.5463648109858	14.7305915847198
OCIAD1 RPS27A.1	-2.80219965543204	19.0700993011797	15.1188885915592	-1.46603340893799	17.3660733648148	13.0521320274358	-1.55568127633381	18.5709494942677	14.6836586604501	-1.8020674753648	18.4158582321216	14.4939838976964
OCIAD1 RPS3	-9.89830853060274	21.1969604443306	16.7393292519665	-2.11870527964549	18.894845133319	13.829086578342	-7.300014501306	21.1271320070242	16.3541291485879	-5.710139294342	20.3370859729347	15.6791953982578
OCIAD1 RPS3A	-4.73047771333875	19.4827879174802	15.9498087823552	-3.44029398691362	19.4393794206413	14.675509186027	-5.95143594807523	19.9936987746242	15.9694926212126	-7.34600417533014	20.1200546661091	15.8899908959222
OCIAD1 RPS6KA3	-2.99514749800266	18.8125305154617	14.9377535109586	-2.60758461588091	19.8656510834906	14.112389561282	-8.07597268691968	20.5438535149289	16.3106891936851	-3.61922039170909	19.7278900518823	15.0246451950615
OCIAD1 RPS6KA5	-5.24092949892386	20.5467510413446	16.6398288376107	-1.70256570813954	17.5436154968165	13.3396427030704	-3.12877804669746	19.6096541769719	15.7640881970732	-3.76238875695328	19.5013569405768	15.5339731888364
OCIAD1 RPS7	-13.1404194746768	20.698677777829	16.8612514518073	-2.3725744710371	18.5142483240472	13.5661136444924	-5.56193552030663	20.3825027719542	15.9214252392219	-5.67209872366471	19.8600783507853	15.5547708163312
OCIAD1 RPSA	-3.79361546932157	19.6058405439325	15.162856071826	-2.920036247259	19.7299799437535	14.4445577897695	-6.27503685932944	20.6292504885168	16.2238726766382	-4.18405679208874	19.8628669122857	15.102777749977
OCIAD1 RSPO2	-3.96061655673229	19.1259074211892	15.3284121124253	-1.55026219016304	17.8884807865825	13.4408495558054	-2.32316832592268	18.5444092462284	14.7991403989122	-2.57585203590604	18.7314793308856	14.6427137420708
OCIAD1 RSPO3	0.426109302348101	13.2815059931351	9.6376666775704	-0.00046839290844658	14.6532412306234	10.7840286875156	0.272187423274373	14.1152809370041	10.5878352720544	0.191479728716599	14.2279156001319	10.4961721881604
OCIAD1 RSPO4	0.272899138818242	14.3727126305369	10.4653381633991	0.184580486356059	14.696927281903	10.9280953411441	0.284920911770099	14.8577573176686	11.0048832943735	0.239140429759995	14.6661753484119	10.9044000270549
OCIAD1 RTN4R	-7.39720303476234	20.41028256364	16.8348457852961	-2.30216183497956	19.138714247484	14.4338295087048	-5.53020511352579	20.4012585402332	16.4589857863448	-5.74067998930314	20.1272149910615	16.0293113204489
OCIAD1 RXFP1	-3.47017113495219	20.0387059472194	15.6156936214072	-2.57500853805726	18.8913972059754	14.1180418026136	-4.7230344511998	19.9803919754954	15.8180742695488	-4.48512508759065	19.7388335982705	15.3736895165198
OCIAD1 S100A12	-7.94930244749135	20.0953013053642	16.3022654420621	-4.24938815548849	19.4976848822241	14.4223695187428	-4.52109070334231	20.1015650538516	15.8435219144047	-5.86751961180621	20.1032085053394	15.8245022377946
OCIAD1 S100A4	-18.7166937571714	21.3955791245842	17.242441615074	-4.15538830856748	19.920142181	14.7379187265825	-9.32923103133966	21.0659104846463	16.590309754981	-8.23902228340325	20.765874728664	16.0985180947746
OCIAD1 S100A6	-12.7802601881367	20.4941243436561	16.3869171102562	-2.66028163109865	18.9288560109449	14.0007196169649	-7.66937899309514	20.6162435320276	16.3411846092419	-5.64852700084333	20.03782226607	15.4780898517059
OCIAD1 S100A7	-4.80997843526035	20.5926048353948	16.1045727296134	-3.06896612168144	19.4648602732943	14.5717856962592	-7.06192224061557	20.4660595624956	16.0529650848498	-5.84822883370619	20.1867362002748	15.7612236893989
OCIAD1 S100A9	-1.394590786082	17.794613858479	14.1521550558594	-2.91500260401108	19.194382549616	14.1897516779961	-1.46094559820443	18.9823182140973	14.7389577426188	-2.44920702551107	18.8476416428302	14.51419219692
OCIAD1 SAA1	-3.04749511061313	19.8400750647964	15.8235146174309	-4.18459469404024	19.8644205260109	15.0234907969448	-4.08663208740014	20.1410403523549	15.930776673704	-3.76689689603003	20.0048544109723	15.7000463458353
OCIAD1 SBDS	-4.10951153637969	20.3361755871212	16.0098351506859	-2.67692788467633	19.2877073802198	14.1141354268478	-4.60428096445521	20.9803064393335	16.1628215360782	-4.13467743988412	20.1082033258401	15.5081188977667
OCIAD1 SCARB2	-4.26154136412427	20.0772816268295	15.4208867753706	-3.42771527864033	19.2915719710514	14.454847238853	-3.97879580325623	19.719681408915	15.6022218273041	-4.92799811824846	19.9147982051849	15.3491331365236
OCIAD1 SCARF1	-0.775883026064951	17.9775196733498	13.5067298285664	-0.900397245280164	17.5830801468689	12.8764311485319	-1.0944876409317	18.1288732489369	13.681857095505	-0.894417260723211	17.9599325039391	13.5198668103427
OCIAD1 SCARF2	-4.50896658286712	19.5384136123953	15.9620213735858	-2.01273307137777	18.2672296101253	14.2388331373689	-1.60654304730312	18.7875430069126	15.0213185467569	-3.10335447087708	19.2122557496177	15.2914740041997
OCIAD1 SCGB2A1	-7.66124888411264	20.5298498897393	16.8592212401442	-3.25779077011543	19.1977983399381	14.2778559211119	-4.87218110503138	20.4743235050703	16.0014643313117	-5.60151937899349	20.3167093179543	16.0750094354699
OCIAD1 SCT	-4.24820538981473	19.7546574721411	15.2621800319844	-1.86529513480497	18.4171526711368	13.9283306616988	-2.57221427916065	19.5136019314049	15.0658217230856	-3.09881928948061	19.3093411817442	15.0536180072242
OCIAD1 SECTM1	-1.37140338259878	18.1482138328082	14.2919252827209	-0.924227579130789	17.1430043034999	12.5966036192417	-1.41387232074332	18.5948426908626	14.4698456226985	-1.37696053155581	18.3315517050925	13.9578478077643
OCIAD1 SELE	-5.71592836166296	20.2583792588396	15.9346085923254	-2.53804302891714	19.7594780200947	14.3632233927796	-4.80702386694259	20.830381432602	16.0495116855226	-4.12250711243085	20.206791932127	15.5348561974007
OCIAD1 SELL	-2.03438522632075	19.3191184978821	15.2525935917431	-1.31752761920729	18.686410848502	13.598824635642	-2.81938841529172	19.5171783117918	15.3320510842815	-1.83452503366058	19.2223252724225	14.7272998194027
OCIAD1 SELP	-3.14869030362235	19.9254659714191	15.96481605436	-2.71937649903577	19.1436332922309	14.4086613482102	-4.22987555084614	19.7566444882218	15.5708478766939	-4.81674647650973	19.8883583353201	15.6883413757329
OCIAD1 SEMA3A	-10.2661965209151	20.5603847977264	16.2586197897338	-3.1252043644731	18.8003633119265	13.9944175129543	-6.28754069227761	19.9680557433045	15.8594032503859	-7.33269241773631	20.1436543985354	15.6879023319535
OCIAD1 SEMA3E	-1.02171480617065	18.1200631960372	14.2226193364101	-1.42164235118418	18.4172171113686	13.5088670483982	-2.03743165671929	18.906929453252	14.7660726822169	-1.57460494394262	18.815470496403	14.3229661578399
OCIAD1 SEMA5A	-5.02971697969172	20.4552950274981	15.5189521327846	-2.80059219305792	19.3709250683874	14.0219032061848	-5.15475629974637	20.9985288872202	16.1338363937998	-4.11184672442443	20.2294308371107	15.1037753894522
OCIAD1 SEMA6A	-3.23193505993325	20.2033301497027	15.6640271657938	-3.43934462701784	19.1825811229035	14.1825335841923	-3.61911605721952	19.731431863671	15.6774300187305	-3.65805996705223	19.9823900636309	15.2542371614256
OCIAD1 SEMA6B	-14.0240402509334	21.5294177733237	16.5861163610138	-3.94166305423634	19.7392633912306	14.4937470038563	-11.0005273115323	21.0312670148051	16.3450454367424	-8.06498841304104	20.8815277155849	15.9260610654648
OCIAD1 SERPINA1	-1.0234609519692	17.9220570439059	14.5409826589698	-0.792577903526572	17.6578562659196	12.83289602395	-1.07148051325725	18.2332322470676	14.4089280078793	-0.874817708897921	18.0648323647675	14.0025573570027
OCIAD1 SERPINA10	-4.60719484650866	20.4212588985095	15.4501266533895	-2.32034639986463	20.0742931884101	14.2617933977682	-4.67966146786532	20.6138481024454	15.4832243418131	-3.89155143857979	20.4432490684155	15.225496902183
OCIAD1 SERPINA3	-3.91057003254436	20.5703182647266	16.1048881324602	-4.65097411375538	19.7439570925588	14.8173668816284	-5.63065811166612	20.8842366684969	16.1933076011016	-4.46536662548139	20.6027671899656	15.9168819818202
OCIAD1 SERPINA3.1	-0.780826407152181	18.8098166898301	13.4874864047272	-2.16024787560608	18.6761667714094	13.7539398145195	-1.98454204654408	19.1600539877026	14.3240810496371	-1.37087062172326	18.8671839480471	13.8336490709545
OCIAD1 SERPINA4	-3.13541444458202	20.4096348719968	15.3538209735212	-3.65839712212461	20.4186574249689	14.7374037188658	-3.22236001079157	20.694259546953	15.6040536699783	-3.50137104729185	20.5779236123834	15.4115449328185
OCIAD1 SERPINA5	-13.4708357742589	21.0619579361043	16.5625789813162	-3.66893142828975	20.5535661942668	15.2308480518144	-9.21783430883002	21.174882956235	16.6040620380273	-7.70334940475776	20.9135507060347	16.1392167409322
OCIAD1 SERPINA6	-2.77926505403482	18.6429710159659	14.962808785047	-3.39858325677959	19.4487758334295	14.3987334950601	-2.84687914921825	19.0353637268379	14.9780028325975	-3.9226307606502	19.2768476531505	15.1052509083054
OCIAD1 SERPINA7	-3.92458510404606	20.8224668863907	15.7617112823439	-3.12268335475549	20.2608272827503	14.901562202808	-5.64210832482262	20.7856774676773	16.1466264653392	-4.09450969089374	20.6987907464653	15.7087585774113
OCIAD1 SERPINC1	-0.981111586312557	17.8465970573319	13.3857943500652	-2.07727039474617	18.2818115587166	13.8665325207394	-1.39736998652618	18.2977099511991	13.9655766585472	-1.53209788364663	18.2703305248918	13.8852744736638
OCIAD1 SERPIND1	-8.77934722418409	20.4166627374997	15.9519445090151	-2.08389121983528	19.3800920235149	13.8901370942382	-3.24172540748611	21.0982799769627	15.6377360823652	-4.28837248789437	20.2489595231215	15.3246175344174
OCIAD1 SERPINE1	-2.33884023288526	20.1093424695796	14.7529801130752	-6.72075256104539	20.2247147775037	15.1961946891536	-3.78507589490073	21.3556822990726	16.0476568470751	-4.44327837648868	20.5640597305879	15.5540835458535
OCIAD1 SERPINE2	-6.63113300955344	20.9770784820254	16.7485294409301	-3.69928492629102	19.7057060345772	14.6223175141197	-6.49956126745848	20.5729164475969	16.1551668904373	-5.72722675213653	20.583145561314	16.0045724116059
OCIAD1 SERPINF1	-8.89452953921882	21.2845223743412	16.7514575961677	-1.95486512415021	18.7558718671356	13.5261531507864	-8.43153000801828	20.7562682777668	16.2100209757991	-4.56609164416057	20.2366355003404	15.6530600199836
OCIAD1 SERPINF2	0.292538266507652	13.1635357630179	9.54675820193248	-0.491137810151889	17.528733215234	12.1453660540216	-0.0723224716459403	15.5925037780592	11.4839769530349	-0.161235478483488	15.7420353546452	11.2398487222358
OCIAD1 SERPING1	-4.57486581119445	20.0369000539008	15.6632041160237	-3.00973530649446	19.2989064272949	14.6603180288692	-7.47713694451119	20.6043321143803	16.4697610883865	-5.94975979137657	20.1776088862659	15.9693006412654
OCIAD1 SET	-2.80721850926307	19.2721332850908	15.4683326335216	-1.58784286578075	18.2505287966034	13.360601777827	-1.85837172153338	19.6277611548123	14.9999938532612	-2.1254316534319	19.2841212934058	14.867778110143
OCIAD1 SEZ6L2	-9.36232316638907	20.6226142414718	16.3363811974031	-1.89793182075888	19.0299987734629	14.3284987548122	-5.77132512220814	20.3381617923883	15.9307582784824	-4.07584751653263	20.2786206492211	15.8153746300161
OCIAD1 SFN	-2.90369206381323	19.0434062024023	14.8322986242285	-2.32207031697601	19.0285707961717	14.2852310326923	-3.22471836771123	19.4995536121194	15.0660342489221	-2.88796672600109	19.2748073939052	14.9212077051628
OCIAD1 SFRP1	-1.5320551244448	18.3211194736638	13.9640061707223	-1.18808356256065	17.4965194593986	13.5172865471898	-0.945281276618849	18.0502590464031	14.02792049582	-1.26521224874622	18.0840400778142	13.9181553175502
OCIAD1 SFTPD	-2.41391125041717	20.1649679795531	15.5774902879941	-1.34484882477936	17.6471872284032	13.0052561228908	-1.80277836738114	19.2565080797107	15.2153480069563	-1.93827059380507	18.9846564590442	14.6271521362148
OCIAD1 SGTA	-4.75463024513364	19.3911445395946	15.270507105524	-3.1793312318162	19.8049423938232	14.2205338137589	-5.56908777416238	21.1780632237031	16.1406088199376	-5.47045532775643	20.1056281406332	15.3834253928173
OCIAD1 SH2D1A	-2.54713957317956	19.9084297704864	15.6100152686623	-2.95351731645879	19.2820350472947	14.3828953818696	-3.37064037181837	19.5951269202251	15.5372606800711	-3.11151328605024	19.7616975834358	15.2307131941682
OCIAD1 SHBG	-0.645081597024795	17.2112124326971	13.4891774788826	-1.92322277634657	19.6417769748565	13.3664836371568	-1.73331314141355	19.3832850760282	14.3852410691385	-1.42029658780833	18.6408752883182	13.7112076824599
OCIAD1 SHC1	-6.10719721936237	21.3261134144359	16.6388706530301	-2.52812018769407	19.3039115443411	13.9874082793305	-5.78419580382624	21.5747686488926	16.6046422063822	-5.73912425209974	20.5776728274489	15.7295573594871
OCIAD1 SHH	-1.60953671052844	18.3477291489409	15.2727532590892	-2.72476380317181	18.8744744745429	14.4823167953426	-1.52991487476599	18.6958789339627	14.9996988728579	-2.49206912376869	18.8419058999218	15.168739179582
OCIAD1 SIGLEC1	-4.67278931433353	20.2156813897954	15.8755393153229	-3.10999914028678	19.0813842661817	13.9322666871071	-2.92631609501786	19.8583757249667	15.4010509033833	-3.87603101189991	19.8068091120456	15.1259550731106
OCIAD1 SIGLEC14	-4.30822748514367	19.6894140924769	16.0716395796443	-1.3204905499853	17.4797811785183	12.9887620373403	-1.785789530044	19.1870764928867	14.7479533190848	-2.66771506525487	18.9086638115192	14.8221429871385
OCIAD1 SIGLEC6	-8.02524200723832	20.5681408627373	16.4740666753911	-3.35632119119127	19.6292209849018	14.6669357070645	-7.82818073345826	20.1893489270956	16.0532065148329	-6.56863714393935	20.4017828640118	15.9068631733101
OCIAD1 SIGLEC7	-9.56279092162099	20.7277670402	16.1619167272986	-3.14181306608354	19.9739662784345	14.2866412574509	-8.31420796946466	20.7349616603311	16.1625226981317	-5.56755872915905	20.6081443128031	15.5689882932095
OCIAD1 SIGLEC9	-9.74081728664016	21.2051535500516	16.9247783078387	-4.31291748239305	20.2385616565908	15.2997725065804	-12.6864673548957	21.1084862232572	16.704701859799	-8.56424302643837	20.9793557831564	16.35281797811
OCIAD1 SIRPA	-3.80978057533815	19.4954984915557	15.4134724094737	-3.11261997555997	19.9113094491808	14.7127480270166	-4.51010474957133	20.2669513306141	15.488237424719	-4.09692625220803	19.9406456547672	15.3913652094952
OCIAD1 SIRT2	-4.6329380802928	19.2442596689733	14.8581151125565	-4.31570040121262	20.3046349505616	14.7924924289148	-4.87220281148036	20.0937084445076	15.2027555637518	-5.84237552931337	20.2029240143002	15.3794413856961
OCIAD1 SKP1	-4.60098110549565	20.4314144258787	16.4310809901723	-1.74173056486755	17.5883653573441	13.5467266807854	-3.66588184426086	19.505598459302	15.6284421130747	-3.1432162275752	19.3085161246273	15.2714556069172
OCIAD1 SLAMF6	-2.96748980825446	19.2804297693197	15.775092988089	-3.53144370676218	19.4014633362059	14.3063039029263	-5.3027244966275	20.1620261968034	15.832545466175	-3.84496995364385	19.8709272372568	15.4837192046644
OCIAD1 SLAMF7	-2.43576996834854	19.680877572473	15.0639302879272	-4.54404240474474	20.3485272672072	15.2211921231376	-4.39129872660708	20.5261006721103	15.8362595334792	-3.74564335079188	20.1003483123897	15.4758804397981
OCIAD1 SLC25A18	-5.60001904420446	20.265869027915	15.7790663470394	-2.7010648114537	19.7284389572163	13.8199723053078	-4.86627374018054	20.6500997415555	15.8212889065773	-4.8161325324782	20.310314666955	15.2970356827774
OCIAD1 SLITRK1	-3.25246217527701	20.3092143051058	16.2491790226995	-3.40892699057551	19.7194706627706	14.6127556354279	-6.11363905685672	20.3166121609291	16.0388581555749	-4.48670395175717	20.1815991574754	15.7085992736682
OCIAD1 SLITRK5	-1.82568353581284	18.8977929600365	14.6865681742411	-4.41258770491559	20.0705322785374	14.7564649277787	-5.89437235566921	20.7380745075222	16.0207615628941	-3.61229968317924	19.8519404003332	15.2493953520026
OCIAD1 SLPI	0.134102283937575	14.828657258046	11.3691715880894	-1.96609182414175	18.1667944801695	13.1017647161803	-0.824291583122942	17.2471593744188	12.8961595664641	-0.494044246913625	16.7831199354036	12.4209159569771
OCIAD1 SMAD2	-4.42786423450608	20.4536439036668	16.1237551237049	-2.28671025911	19.1031968276279	13.8842020058374	-4.18072932203715	20.9166965481563	16.1261485623414	-4.10550126562556	20.0302433708026	15.4964153561479
OCIAD1 SMAD3	-3.26124210675435	20.2664102349712	15.5398909657986	-2.178851102589	19.292822057968	13.8808914926858	-4.75188398414781	20.9353943301256	15.95159851061	-3.5239705787464	19.9729661690084	15.0877343341277
OCIAD1 SMOC1	0.169693928601666	14.1537488939893	9.88963624106115	-0.0301624699312433	14.6709330491229	10.2936705774908	0.166809153731113	14.5327997693562	10.3231685791554	0.142815418165093	14.5305777165169	10.2601673952405
OCIAD1 SMPDL3A	-6.43226230764978	19.943073136082	16.3264343574285	-3.44149698889657	19.1837243176788	14.5098012428976	-4.8495580206839	19.9359265486554	15.8746068367254	-6.20826650991386	19.9071319941714	15.7960159388483
OCIAD1 SNAP25	-15.7959309953905	21.0783140303574	16.8861359443927	-2.14999726496109	18.8708604814528	13.6544499232072	-4.55788417323776	20.7839177460765	16.3689835622082	-5.38589514675808	20.2575374530988	15.5869302314993
OCIAD1 SNCA	-3.27208097036916	20.6863892764211	15.8587730690674	-2.7554245485609	19.7051434006784	14.3595761270065	-3.79323439868591	20.6211793832636	15.9762935218978	-3.93301944098352	20.3990969132674	15.6074147342749
OCIAD1 SNRPF	-8.52230418564463	20.2395130890597	16.311411524629	-1.99581008753991	18.3422246056076	14.2693676195316	-4.59799767987421	19.7631452160131	15.8053124852881	-4.55719783858833	19.7255781436963	15.6357669669321
OCIAD1 SNX4	-6.4538992741502	20.5249402411347	16.575409390816	-3.26964694473443	20.31122903452	14.9283079994623	-8.15691324222207	21.0290525303179	16.5984271295642	-6.63342672565968	20.7897778265003	16.1632526001347
OCIAD1 SOD1	-1.80890342474057	18.989800776776	14.6171829901747	-0.962439043224163	17.3379050870915	13.0087141866863	-1.40337245556169	18.6737325037999	14.2234860087077	-1.54294450917796	18.4832178744062	14.2893822654921
OCIAD1 SOD2	-1.72887961713082	19.623928979895	15.1213328390701	-0.801744882071832	17.7661527177498	13.0076661447487	-1.23124125565855	18.7978093581765	14.1545368268341	-1.17846068391436	18.9282587620624	14.1855817924607
OCIAD1 SOD3	-0.791364893160927	17.422827211034	13.5071642868226	-1.70500120569143	18.9302560514443	13.6457326634488	-1.36954540355373	18.7516476296122	14.3485719121419	-1.51990874151909	18.6199068165936	14.0877886722714
OCIAD1 SORCS2	-6.2119958737933	20.3809891416534	16.1646620889605	-1.73531406053473	18.0798085094703	12.9734907013971	-3.90957421118125	20.459327868866	15.6159173995051	-3.9810347466817	19.64077725402	14.9866522792888
OCIAD1 SOST	0.4137405735503	13.9422640429656	10.3915129829565	-0.38127088567337	17.083645266974	12.3236885051372	-0.192605696622222	16.9783443772894	13.1558896966314	0.0817472471059563	15.6661431808523	11.6795640941357
OCIAD1 SPARC	-2.51785042918375	19.7389479956578	15.4167036888772	-3.80100564257266	19.5541349533241	14.8265472505615	-5.06782236570596	20.6698892454211	16.4203550687183	-4.00946851248411	20.061244016476	15.8247444000151
OCIAD1 SPARCL1	-2.33723247473389	19.635842608241	15.3226879677911	-3.23299446676862	19.9208264244948	14.8691982983542	-4.69421932537595	20.1820567102582	15.8820916492776	-3.50683403679419	19.9810058764081	15.4099914492993
OCIAD1 SPHK1	-3.60190342296193	20.4670158133568	16.1674979359968	-2.72835119474986	19.343220913688	13.9565190520903	-4.69812515124211	20.8773300529898	16.1118481990918	-3.79924814046753	20.1635041502698	15.530854278941
OCIAD1 SPHK2	-17.0898595884414	21.0905907140821	17.008196398548	-3.74998072857483	19.1925783029609	14.3815496774864	-7.68761628941625	20.8725871407326	16.4354042976359	-7.75907998901717	20.3933997744036	16.0540944119818
OCIAD1 SPINT1	-2.1681421093638	19.3176749288973	15.0634965765805	-1.2264350408903	18.1149046386768	13.6759704445355	-2.17139503414134	19.0555431007967	15.2453077685786	-1.59920501225264	18.7634632642459	14.6321014198457
OCIAD1 SPINT2	-6.42766421113438	20.6289180513545	16.0033472137154	-3.06596318532011	19.6839770559818	14.6002733896923	-5.13591597877414	20.4281990871754	16.0008084419357	-5.81532884022453	20.4940067577907	15.8677524714784
OCIAD1 SPOCK1	-3.42745814331837	19.6588662921468	15.4589517561838	-4.17139822234271	20.1120201553421	14.8195787264744	-5.08725699996707	20.5846185455954	16.0202213849592	-4.59500485424947	20.2599086526017	15.585265140476
OCIAD1 SPOCK2	-3.3289504919876	20.4268991246676	14.8495283628214	-2.07530667287321	19.8735645859268	13.7799609248016	-2.83550858845494	20.496541870248	14.7721678633648	-2.7479930331129	20.4655455204584	14.6842761840824
OCIAD1 SPON1	0.0185529805179716	15.3684172222237	11.7065696367265	-0.378228202604316	16.2218850691944	12.2060548616884	-0.265942391290933	16.3508646435772	12.7276943615158	-0.253820532089852	16.0823061678442	12.328332070912
OCIAD1 SPP1	-3.03229782998099	19.3018785845826	14.0780606140874	-3.04038046616782	20.6967846670905	14.5293771400851	-2.63427555465799	20.5711036784396	15.3674154565341	-3.27855984171898	20.2902136645134	14.7732338432101
OCIAD1 SPTAN1	-4.41293346292178	20.4869633505831	16.3466190653381	-3.78607143047908	20.2700006315772	15.1433055481201	-8.85392679116239	20.9048337296691	16.516195047148	-4.92973061165663	20.4964548067255	16.1258504003267
OCIAD1 SRC	-6.25586275533823	20.262105277418	16.2150134101622	-3.44879931666046	19.9646903531211	14.4384079045948	-5.35824145868861	21.0806568795866	16.2395091640687	-5.2648289135841	20.5452623601237	15.8221661706354
OCIAD1 SSRP1	-2.24090107875248	18.2687186859863	14.4035714883953	-3.42478587332984	19.695416850549	14.6254894589258	-3.12426430943341	19.0968773110891	15.0627610972479	-3.73528530801809	19.3695731294832	14.9940213705762
OCIAD1 SST	-0.718646738095059	17.1065274583227	13.3187346141083	-2.95069369241339	19.4421093219529	14.5718341273483	-1.84516565767125	19.1604175815044	15.0234043920562	-1.55666293764625	18.4530316640663	14.2778002815327
OCIAD1 STAB2	-12.3000700338601	21.3130550639088	16.7051909795293	-3.9589641653813	19.753294955099	14.4224784745096	-7.8095601922984	20.7913219644877	16.1608819210404	-7.56877032956012	20.7076556284796	15.8058117117052
OCIAD1 STAT1	-3.3952849866094	20.4754027152828	15.7973690689667	-1.37943258228114	18.0428451839603	13.0384553317777	-2.91076815643218	19.9127372857419	15.2613820648606	-2.48018703580834	19.6849551483665	14.8679336372811
OCIAD1 STAT3	-14.4961851020595	21.0894078272395	16.9950031218208	-3.21830758401306	19.6007850906617	14.3558713206423	-6.77085667798101	21.1605405447555	16.4398572961938	-7.41120428475347	20.6984221262543	16.0168664577915
OCIAD1 STAT6	-5.17239376795651	19.9554910782593	16.2309157927756	-3.58425438558745	20.3914468092231	14.8312789299243	-6.36705743735418	20.4975940886551	16.0820001879009	-4.60235037565029	20.3738878450758	15.7973759747135
OCIAD1 STC1	-0.194307490052669	16.1350408857236	12.2416213872715	-1.69071996032255	18.4639808846883	13.5990633918657	-0.895078213104447	17.8640522417849	13.6031179648454	-0.987488109605489	17.7393545524782	13.3285816217503
OCIAD1 STIP1	-7.31102829482501	21.0496129063918	16.2261595910303	-3.37013261735182	19.623839933964	14.7670822649753	-6.63044702272424	21.1633242692858	16.4283348848912	-6.12924626831206	20.482919368524	15.9295599959637
OCIAD1 STK16	-4.66248357590753	20.0017284193221	15.3967963678338	-3.64702602636153	20.2522315244666	14.7736704176885	-9.39092406911189	20.9584209015008	16.3853014815471	-5.08609804974127	20.3120093875751	15.4370290175218
OCIAD1 STK17B	-16.5762285364702	20.9877209288098	16.7968615689433	-2.45386306338069	19.6412063210747	14.1981581984356	-6.36909106549353	20.4563793400261	15.8662685500633	-5.6103268143503	20.4402896145474	15.7614360166796
OCIAD1 STUB1	-7.26600736653279	20.2780947779459	16.5433949429237	-3.82670286652175	20.3472922340902	14.7645338928152	-7.48472905906554	20.3825521020825	16.1194621920365	-7.0988460121071	20.5842276200668	16.0541280500876
OCIAD1 STX1A	-5.56954833798135	21.1346730642215	16.7338655228214	-1.92267819309363	18.7426525121715	13.7082665036204	-4.53512520174316	20.5317373989975	15.9673983734195	-4.33554961004039	20.1799449156219	15.5442049565264
OCIAD1 SUMO3	-5.45530450335974	21.1810172076223	16.7109178766294	-1.75480428902404	19.1183190770928	13.8902930624865	-4.12681022873563	20.9193995196569	16.2767069409081	-3.79034891368766	20.2988352271249	15.7012688938304
OCIAD1 SYNCRIP	-9.66901571159044	20.8289270362699	16.4881621832201	-2.56976272460696	19.315161907759	14.269959344589	-5.54533733605893	20.6682523506131	16.4823217500923	-5.51279085258846	20.293864371789	15.7915534795355
OCIAD1 TACSTD2	-6.89910882199018	20.350853288024	15.7656642370027	-4.26737952594862	18.9060599432334	14.3293261750105	-5.05103742739306	19.9301970183872	15.5426049600798	-5.91958285191032	20.0338566915275	15.4349131375005
OCIAD1 TAGLN2	-4.2529854894311	20.2543311834206	15.925721250035	-4.19229332116404	20.4715901738912	14.9224951081447	-7.03038447829318	20.7714416794334	16.4157474627093	-5.23063485542401	20.7001143879912	15.9749091545218
OCIAD1 TBK1	-6.48750882885973	20.7440513132996	16.5202006835289	-2.72792252983814	18.7026087560456	13.8689359811878	-3.76568915433883	20.0963594251292	15.6127545366906	-4.08117457785259	20.0314964024843	15.4821518770581
OCIAD1 TBP	-14.069808199711	20.7513597316306	16.5164673162118	-2.18535836185475	19.0979697960318	14.2541571759201	-7.42122275745205	20.2314728659284	15.8401950378021	-5.96910195585063	20.2242632585215	15.6293613062602
OCIAD1 TDGF1	-12.0164845610745	20.6702297403841	16.3689554240459	-3.45551437883406	19.6185997991426	14.8085984723841	-7.05101879541997	20.8906433809592	16.4017432100967	-7.09046540956246	20.5109677980534	16.0133043369776
OCIAD1 TEC	-6.35789388055411	20.4226104587618	15.9987465518379	-3.12587630394681	19.446798038938	13.9772511169632	-4.75822598701098	21.2801304100938	16.2200910920155	-6.49779190260482	20.3555757935712	15.6530001631148
OCIAD1 TEK	-3.87501408238514	20.5546533785081	15.9364059837069	-2.13573366850662	18.7051757207118	13.5790078659567	-4.66128568482514	20.5867799333693	15.7827520145609	-3.37658936188832	20.0863224278537	15.0726388448226
OCIAD1 TF	-2.69405789007411	19.1820281311077	15.0761846924738	-1.1074498772712	18.0686704770035	13.394102807446	-2.54906921520375	19.2651512399963	15.1768956097132	-1.82887496761701	18.7769183442214	14.5655201539227
OCIAD1 TFF1	-4.44594828035103	19.8856053119858	15.8884204550148	-1.83866539429124	18.9854800893998	13.1805882793627	-2.08295006743117	19.5650715606823	14.7513472014913	-3.0790256921408	19.6662804184595	14.9004876984074
OCIAD1 TFF2	-1.58210539339427	18.7882454176974	14.410085992345	-1.62447765384957	18.1641098845917	13.0755915728361	-2.47189519196529	18.8291208674726	14.4025866158712	-1.71845938571118	18.6740147829179	14.1645076204391
OCIAD1 TFF3	0.25950804992717	14.4986318204236	10.2407785172851	-0.972795278476731	16.5598490298965	12.1635994841691	0.0663205491216792	15.5638716976677	11.4461582675431	-0.0892706955325	15.5417219659895	11.3079626505611
OCIAD1 TFPI	-2.47031255549906	19.2538939927673	15.1672591396244	-2.15954834699692	18.2605863484946	14.2951435766249	-2.85458481474442	19.57611490155	15.6533676767824	-2.97542810015704	19.2077857401223	15.3015739751184
OCIAD1 TG	-3.4474354858646	19.7012634943997	16.0436489861124	-3.3552640539762	19.5419187723507	14.6341440177269	-5.63925125940867	20.1451388920908	15.7684457902265	-6.13823689510476	19.9410283008943	15.7273725392286
OCIAD1 TGFB1	-3.24776878064147	20.4865949665888	16.2777210319602	-2.90821658506722	19.1967969096496	14.6085973970834	-3.19388517174235	19.8806728354447	15.8380042738299	-3.8204682703587	19.9520470220977	15.622536780069
OCIAD1 TGFB2	-6.75170581130438	20.0826081708537	16.365552766421	-1.8928104252429	18.8046245243521	13.6104582956461	-3.76461025273083	19.7280384689435	15.2201449820248	-3.73974436116701	19.4810575798832	15.1198458978498
OCIAD1 TGFB3	-4.06458554117941	19.2559303975428	15.2093289572345	-1.60035427718995	18.1525456011006	13.927811798848	-3.68654099580261	18.9404510850196	15.0991902360252	-3.89077530318569	19.0838870733732	15.1316473076008
OCIAD1 TGFBI	-8.70040361157808	20.4799064463031	16.3713719184475	-3.31926825393984	19.9094095082979	14.5656237890253	-4.90021649578842	21.0967416059855	16.2593767093886	-5.42121881897816	20.5387145858067	15.8381732870335
OCIAD1 TGFBR2	-3.04371480209945	19.4148606871194	15.4330812182753	-2.27851175759993	19.3369782167339	14.291456193824	-6.83289000873157	20.9233595306796	16.3494385511889	-3.36749365226537	19.5806538329209	15.2101416383371
OCIAD1 TGFBR3	-3.64021102017583	19.8303186309414	14.9624976962287	-3.18253196677368	19.4028206159589	14.3936858217205	-4.03193606631006	20.174011756713	15.4230450530735	-4.25040785563195	19.8879284513277	15.1336116395121
OCIAD1 TGM3	-2.37526341067004	19.3531666405518	15.2822533759289	-2.77524922434003	19.2617016826043	13.8683527088289	-6.41937847064507	20.856096647358	16.4313264590196	-2.98282488806379	19.8032241633477	15.1227103985287
OCIAD1 THBS1	-3.51157798109797	20.1470303671087	16.0300228762322	-2.28624375832075	19.0198686764356	14.6317102480665	-4.375962102971	20.0364920871294	16.2503260389397	-3.09202582067452	19.771382931651	15.6963753340763
OCIAD1 THBS2	-1.46916234064694	18.2995800431095	14.366422750867	-1.61064357337156	18.6357765242459	13.2911115613332	-1.45586429914012	18.9222716527192	14.3746763043249	-1.70809350121881	18.7725678002541	14.1077010834899
OCIAD1 THBS4	-0.201904779233622	15.5999139622093	12.0192699746331	-0.962415572318372	17.2087773041653	12.0766151720771	-0.554724163131084	17.0174543039554	12.8656361486405	-0.59243852043501	16.6726707909013	12.4296845382894
OCIAD1 THPO	-8.30722267405165	20.4672026521137	16.4514200889761	-3.70383919265299	20.5602219300948	15.183524472909	-9.50994470524406	20.7970002660424	16.6594647725935	-7.2382445649673	20.6001208439143	16.1919030566218
OCIAD1 TIE1	-18.4696500958736	21.0293895578552	16.9430542436346	-3.71422886891954	19.9058798626861	14.552586899993	-6.87499538411692	20.7983986852891	16.4814529791131	-7.74754919781224	20.7409656995292	16.0467010651751
OCIAD1 TIMP1	-0.0103086518764208	15.8392510616067	12.5914439782974	-0.594535338321664	16.960410965005	11.7202697486924	-0.330129236345723	16.9957954650447	12.4894205922518	-0.315739615503574	16.7479828709693	12.4580816829417
OCIAD1 TIMP2	-1.24858269998127	17.9349984312753	14.0198698501496	-1.62618906423738	18.8207889453961	13.6541116308697	-1.729184643719	19.070861370843	14.3676301625167	-1.51262643962303	18.6955807615035	14.1603058081152
OCIAD1 TIMP3	-3.43747220134662	19.9560733356409	16.3310516213877	-1.97697797021922	18.9550861174714	14.1405245177123	-5.57551940542196	20.3725371452063	16.0414414639033	-3.20393172635656	19.8609535731152	15.655097317541
OCIAD1 TK1	-3.22355456564448	19.8933070669928	15.628310806782	-2.91601529564034	19.9701522628879	14.5406567723349	-10.430577285169	20.7249014172047	16.3785840127308	-4.19715389337871	20.1833051817188	15.4999749600686
OCIAD1 TKT	-4.10342125942513	19.8850036952941	15.4122003638674	-3.53581663212303	19.7232298388831	14.619511525432	-4.56981399658617	20.7529967818162	15.8571040093156	-4.37413478820979	20.1359888961626	15.5007663848219
OCIAD1 TLR2	-3.79771704085803	20.1585291868371	15.6855869392548	-4.03978351010205	19.4443704126319	14.3516132840149	-6.70698247565038	20.4648867293047	16.2679757307187	-4.78727249925119	20.0754367543785	15.4346500310808
OCIAD1 TLR4	-13.2781551388887	21.4140273949042	17.1844368832151	-2.79313826255876	19.4174272114321	13.9756890853674	-6.3463927150531	20.8562385856564	16.0352356244389	-6.74890856707976	20.6808360110084	15.9192994040383
OCIAD1 TLR4.LY96	-11.415259948924	21.2493387266654	16.9823651851885	-3.19610108774227	19.5235765444349	14.3876542294433	-7.74292909997817	20.6826447861296	16.2040254963768	-6.21015871293048	20.5440846578286	15.9635558968929
OCIAD1 TMPRSS15	-5.29800051866184	19.8504906463701	16.3376057648584	-1.46953749449097	18.1182106971821	13.5998489995267	-2.58186198810603	19.2509303381537	15.1703803208703	-2.94652374024434	19.1216764906867	15.2857467018631
OCIAD1 TNC	-5.22347233850146	21.0097948699133	16.1821544106368	-3.35129687097288	19.4701371001794	14.5962559640288	-5.87818478600874	20.7331908841249	16.3798822126807	-5.54624122772436	20.5702897101268	15.8326804949819
OCIAD1 TNF	-0.338732401152301	16.0295087008906	12.8787235855447	-1.40061198794715	17.3177418085583	13.2925559526968	-1.12623685638205	17.498322487857	13.9579218430904	-0.870743583283533	16.9639337292195	13.5365534064539
OCIAD1 TNFAIP6	-0.61407271057759	17.1852470587168	13.1102524640932	-2.3493032886071	19.4567465462207	14.4252647542714	-2.92971793271795	19.9217749483515	15.2434573983233	-1.57660349804055	18.6828644131686	14.190498433403
OCIAD1 TNFRSF10A	-6.27671933160436	20.6336644575542	16.3490497637451	-2.8817287491092	19.4982461334785	14.5217746565319	-8.21694043156096	20.4433768078454	16.2704748829295	-5.46183545938218	20.3583976260375	15.9032651246851
OCIAD1 TNFRSF10B	-2.49566080657967	19.2804120279428	14.7743937147971	-3.39987661222135	19.2397166199392	14.297683917676	-2.90781953359136	19.1825244235084	15.1064217865504	-3.03467613541966	19.3758502864839	14.6912777801876
OCIAD1 TNFRSF10D	-1.06822145264452	19.3567451508139	15.2275209123294	-3.33795179931717	19.4352913863033	14.7628627696476	-2.79941055640777	19.6378782551403	15.8214661419404	-1.77484584370559	19.4974847676536	15.1538350861952
OCIAD1 TNFRSF11A	-0.833097084131976	17.640781291174	14.4517454325603	-3.0030839471153	19.0570170442244	14.3649095066014	-2.01056460713757	18.7976980341189	15.1689927062392	-1.753809432336	18.6959032401824	14.6689495916592
OCIAD1 TNFRSF11B	-12.4206913787292	21.310953665388	16.8850937088268	-4.26083246249362	20.0097101003646	14.7773105900764	-7.77210937746753	21.2001970430864	16.6673256956257	-6.62980293822579	20.8347153039917	16.0233278412838
OCIAD1 TNFRSF12A	-8.14536243212521	20.4790627123442	16.6226752662971	-3.20700385819347	20.1403551873238	14.8772637959184	-5.86217222093501	20.3718889429645	16.1864284420867	-6.51261908135495	20.6556876111009	16.0474379699042
OCIAD1 TNFRSF13B	-0.821381276802825	17.6794161859097	14.5570765162907	-2.34897804158302	18.4109061784316	13.8156229595142	-2.29740324562301	18.7050047668762	14.7618249825169	-1.62055647908715	18.3907490276542	14.5580375396327
OCIAD1 TNFRSF13C	-1.56042300070607	18.3613171178356	14.1915683002937	-2.48287215218003	19.0801689849828	14.2002311248916	-2.90333939622847	19.1734313294445	14.828230359036	-2.3512695567387	19.1215635827229	14.6273319739182
OCIAD1 TNFRSF14	-2.43435035220266	19.3918358192694	15.6240756691839	-3.42730304467651	19.8860510129325	14.7424629540827	-5.61818439709051	20.0235986755727	15.9435476700586	-3.8248857122476	19.6953374038673	15.4380979484044
OCIAD1 TNFRSF17	-1.26305532315352	18.3814266423145	14.2614646557659	-3.28458024104815	19.5783481197597	14.6157621514979	-3.35053200527911	19.7912595488265	15.4215787390742	-2.21892384016259	19.3867000790092	14.8943114285714
OCIAD1 TNFRSF18	-2.37274976110922	18.839199448017	15.1161840984525	-3.32352390710542	19.6864148495903	14.432091729753	-3.36255682084127	19.794518128865	15.193491764732	-3.79707890638505	19.5924434706243	15.1466403271553
OCIAD1 TNFRSF19	0.174498842299129	14.6916515264809	10.8918138180882	-0.786646415346685	17.0199895046137	12.6762729989031	-0.456085579352896	16.5451265215888	12.2737579173477	-0.215399731928015	16.0860905411188	11.9776757852594
OCIAD1 TNFRSF1A	0.253396732781849	13.849982978196	10.1800725080874	0.0526743525931942	14.5691488325751	9.79015408888038	0.02380264561496	14.8579724881217	10.7481740507725	0.149182128131975	14.3959175636012	10.3597238118412
OCIAD1 TNFRSF1B	-0.081691832727721	15.5392972348666	11.5560042223349	-0.224977355298281	15.281906142555	10.7071667259042	-0.230825283180346	16.0427204768793	11.6588937909207	-0.238853777062694	15.7793809116101	11.4951815064478
OCIAD1 TNFRSF21	-1.42839417802184	18.3275884118076	14.289056895999	-2.04514287589302	18.9058645174945	13.9020111903611	-2.72856567366432	19.4646819077855	14.9628616815687	-2.14488029010937	19.015658495921	14.618741095518
OCIAD1 TNFRSF4	0.112912685080611	15.7434565546182	11.7897442382566	-0.649006025112828	16.1947026178872	12.7968711809613	-0.221679300092912	16.4795575482284	12.9021956539905	-0.124059369925792	16.181685538571	12.4277587192353
OCIAD1 TNFRSF6B	-1.54176321852739	18.2871624279039	14.6123617470382	-2.99561699736204	19.2577293041601	14.4770075754221	-2.57823097383047	19.3496876856078	15.1687989551393	-2.39739470730917	19.1544571553507	14.8465581408833
OCIAD1 TNFRSF8	-2.0471188501523	19.881489907501	14.2406786017533	-0.935745373864776	17.4791849225863	12.8923218080729	-1.50710417762586	19.5562152747783	14.1989499203959	-1.28372520206183	19.0040394259621	13.8842238592825
OCIAD1 TNFRSF9	-1.15148829910028	18.8331911715824	14.4397614347826	-0.350086149698599	16.1635743365704	12.1368614030714	-0.617547495283413	17.6847791639733	13.5951869577765	-0.714062308059784	17.6459815343997	13.4115969489759
OCIAD1 TNFSF11	-7.0023317743539	20.6424481728479	16.3651809470079	-3.272707836845	20.2789287272662	14.7891053014664	-7.80060844103099	20.7224691901507	16.3177268883145	-5.11707433063989	20.6412460451831	15.8521111979775
OCIAD1 TNFSF12	-3.76220051806343	19.6193051384353	15.0721235738688	-3.97651083336131	20.1477465496708	14.9704405792337	-7.3066760841172	20.6012337317764	16.3075905385878	-5.36291312761524	20.1454735698504	15.4955687180367
OCIAD1 TNFSF13B	-3.41917065415566	20.2173672005449	15.4123293153475	-3.58302031317732	19.8167107395558	14.5898790104708	-7.4771976623302	20.7440697833171	16.0483148662029	-4.35015619415041	20.3978983598349	15.3656885093322
OCIAD1 TNFSF14	-15.8693930460284	20.769189249557	16.9689926247668	-4.64245916460321	19.6882485029609	14.9080110210864	-9.71356762022608	20.6467733473386	16.3765245667036	-9.35482549958675	20.5358163870713	16.2311614212635
OCIAD1 TNFSF15	-0.589682121058515	18.0228603907942	12.5526116217674	-1.57388807691423	19.1172607831841	13.5793934100253	-1.31037098750082	19.1810023542761	13.8889924558065	-1.18460766524771	19.0905071347112	13.5257352827756
OCIAD1 TNFSF18	-7.06727824295084	20.9028373093663	16.1723430152086	-3.53073697044996	20.0250636333945	14.6751318220512	-7.69288882748852	20.8934098633725	16.2386361604712	-5.32435317280596	20.7512982664588	15.762372534159
OCIAD1 TNFSF4	-9.06874688855813	21.4828103967929	16.9816932362911	-3.23597760707126	19.5676957636173	14.5769934038354	-6.86732386581913	20.9041432782056	16.1974638114934	-6.33876523630433	20.6689780560947	15.9875895435052
OCIAD1 TNFSF8	-2.55482004645558	19.4816209118629	15.3120162192691	-4.7581375599984	19.8630352526219	14.8695338833058	-5.86698912619752	20.1893589016801	16.1966030534248	-4.51690128432158	20.0369610595467	15.6199761729247
OCIAD1 TNFSF9	-4.13129533315835	20.3257107094013	15.8529269624197	-1.87413973886667	19.0694790599876	13.3191798373288	-3.7409086254503	20.5048801447351	15.7070827337713	-3.6174515929378	20.0883218428399	15.3165978531999
OCIAD1 TNNI2	-5.87875861498828	20.6383999972431	16.3022873337606	-3.52709210203083	19.7413178420162	14.3687241490477	-5.07370309726102	20.6358528801105	15.805680503595	-5.4927897969138	20.4417719632352	15.7287388339669
OCIAD1 TNNI3	-1.35524743953683	17.6219837280559	14.0953320339097	-1.41793862937794	17.9671369526974	13.5941974100247	-1.29567816905012	18.3030753140451	14.1528702601605	-1.36944280577952	18.0056239967496	13.9720939306848
OCIAD1 TNNT2	-0.284211898960065	16.5876904822477	11.3275356777095	-0.57918201798597	16.4775740406041	11.7185249159309	-0.913280756663221	17.6404485065597	12.7959950696146	-0.485740280509525	16.9292903965464	11.9615520021797
OCIAD1 TOP1	-2.84098351212292	19.3418667195489	14.8876417091208	-2.69359063640783	19.548549812606	14.0789111652304	-2.8701295756031	19.9466787878136	14.9518146078462	-3.28084733275518	19.7642512073002	14.812922443286
OCIAD1 TP53	-6.50517525329907	20.3168898007395	16.2020285886026	-2.40183843017003	19.7064991143493	14.245886434053	-10.2663159442286	21.2354385898333	16.6472303083444	-5.05809338084572	20.2425333004251	15.6723392764152
OCIAD1 TPI1	-4.68566671172319	20.1685687520982	15.7444772300592	-2.73575456338861	19.8070645418984	14.6914614117723	-4.45412317246027	20.8252670089527	16.0777682772104	-4.36825349537807	20.1581260598845	15.6098865027112
OCIAD1 TPM1	-3.68724400962479	19.8134226590933	15.4644166561821	-3.26594881374117	19.7800836655912	14.2556846857428	-3.56072644235126	20.4272894305829	15.4817440141076	-4.90750479961596	20.1450248281156	15.4047009899568
OCIAD1 TPM2	-15.9061342589462	21.2153250470151	16.9082773389412	-4.04416155140123	20.1837497489379	14.6184225257033	-13.4969116987557	21.2221452243104	16.6958984116913	-7.98138421791626	20.8247107701134	16.0615883764528
OCIAD1 TPM4	-3.77986028028768	20.400001230044	16.0556943564002	-3.34940265939814	20.2612755944936	15.0661218581542	-6.60549552957069	20.8952728844886	16.5649774820715	-4.39193736394494	20.6899171812162	15.9651439095363
OCIAD1 TPO	-5.2336442673615	20.9971622586496	16.0167273475926	-5.67955134576333	20.2150507876653	15.2511628049035	-8.09793211684594	20.9153071774558	16.3194688152152	-6.82614000660014	20.6778252699216	15.9477975415517
OCIAD1 TPSB2	-6.95037722110197	20.1215796983703	16.3567405328799	-3.00952625300919	19.546513684116	14.2717091274777	-5.87761478349161	21.0363724905961	16.2459193738044	-5.09920499112823	20.1777590317388	15.5682670172885
OCIAD1 TPSG1	-5.19023843839047	20.1489870060454	16.2896034228409	-3.57960097057351	20.0266416941531	14.9494124198412	-5.25870933447074	20.8323388157057	16.2536152163461	-4.65906046869485	20.4656965858839	15.9066322667213
OCIAD1 TPT1	-10.933477234405	20.9490001518197	16.8416179303228	-3.03732020092322	19.8734190052157	14.5937850861182	-4.7080208052731	21.3099223243903	16.532317547684	-5.75698056722192	20.5972204815383	16.0448158439386
OCIAD1 TSLP	-11.6100887866262	20.920118981741	16.7939652217326	-1.65449407707142	17.9495720359262	13.5286510063769	-4.01832110322587	19.9789909438714	15.6919423749824	-4.6783514569028	19.6644320548431	15.4967823670092
OCIAD1 TXNDC12	-7.87236933927468	20.3420668062406	16.2302944438767	-1.85460374677299	18.2616365478772	13.83365251491	-5.11423407315872	20.235010801867	15.8673590966414	-3.75592449349638	19.5450237155655	15.2801619385949
OCIAD1 TYK2	-2.77646417418037	20.4641128178279	15.5170798233553	-3.53272853615514	19.4756452097359	14.4448878698417	-5.31002133322523	20.4682426375542	15.8441763866091	-3.85807405394531	20.0628515176027	15.4623622715414
OCIAD1 TYMS	-3.41028059511929	20.4168726625261	15.8169798714999	-2.91630309785767	19.4737001287037	14.551067397909	-6.68508288421013	20.6310249906565	16.2306796154468	-4.40767875859502	20.184197605016	15.5649834917658
OCIAD1 TYRO3	-5.85751211728602	20.367477021228	15.7315530303397	-3.82461431396765	19.4098664489943	14.6153549117684	-4.95080921654866	20.3658228746656	15.7906903384541	-4.82914392307201	20.0856985228923	15.6677027662442
OCIAD1 UBB	-5.04673946601048	20.5366948628656	16.0686843405453	-3.95244408114721	20.4191152796575	15.2057039764133	-9.04328612953992	21.0709927101537	16.4517759117726	-6.11997727335089	20.821379625794	16.0773846597025
OCIAD1 UBC	-1.22270334964095	18.3440780672028	14.0850477394855	-1.4094055941371	17.5452385583238	12.0886697236032	-2.43731702955278	19.1656271409474	14.5594540409715	-1.5370792134386	18.4630502161297	13.7212311543968
OCIAD1 UBE2G2	-2.55618237046013	19.2211338334332	14.894616323492	-2.72901651196363	18.6727186068689	13.347529631682	-5.40422319209719	20.3128805624967	15.7032479389935	-3.69111171077336	19.4364992194493	14.7155116626806
OCIAD1 UBE2I	-10.4775729261329	20.6255300773917	16.2907310975951	-2.32554143539966	19.3348486632036	14.1627290055441	-4.9404085665976	20.7165787371721	16.1937516199397	-6.03833558175503	20.3036000119725	15.6963595215841
OCIAD1 UBE2L3	-9.9663161371831	20.646032910323	16.4656838318624	-2.17870252764654	19.0858092036233	14.3282113490173	-6.16106810864607	20.5800017327421	16.125263058789	-5.67532819338711	20.2252418335083	15.7623710079309
OCIAD1 UBE2N	-5.22117034450797	20.206333565701	15.6747845611445	-2.86362076109553	19.6869360457497	14.558836107739	-5.66947244607982	20.7913622144575	16.1706213852287	-5.92757598922915	20.2462855850076	15.6979559539793
OCIAD1 UCHL1	-8.02567644122378	20.4772425648605	16.6986334129442	-4.35448906135854	19.9298116032534	14.7972872704192	-8.13615622232454	20.5816986155447	16.4088353585077	-7.12436557620532	20.5675002898961	16.0981365357943
OCIAD1 UFC1	-4.92953413016389	20.2439736378632	16.2655431209917	-3.31707905485157	20.0090764541482	14.0998283719561	-6.61551662980911	21.5629195567441	16.51341103511	-5.25794780836451	20.5018798998056	15.664834405118
OCIAD1 UFM1	-4.12651136633427	19.5966410021959	15.577172458931	-3.41811426619275	20.7787494578024	14.4922755828565	-11.6863066052378	21.0746353006593	16.6368999794474	-4.74442491230526	20.609114596307	15.4746545269548
OCIAD1 ULBP1	-8.77854523126483	20.1689664331711	16.115872604458	-3.33355144615397	20.1804090495797	15.0307541072304	-7.54799946137731	20.6813492366611	16.2365650484944	-6.46631617748302	20.2473063088643	15.9064425774509
OCIAD1 ULBP2	-22.3031420147379	21.2294312786832	17.2883723803192	-2.67362784780626	19.4453588807732	14.1239752751651	-8.29410719830259	20.8430245887162	16.3100353375794	-7.83457702281289	20.7851370323066	16.1337093920359
OCIAD1 ULBP3	-7.81556404963302	20.6154662274216	16.3666626204283	-1.67668655164996	18.0883747329044	13.4335705829448	-3.67965074814873	19.8607889036209	15.6253690520105	-3.99072612424392	19.750049011293	15.3897818903531
OCIAD1 UNC5C	-0.304491023480714	16.1625669137686	12.4539129070799	-0.386812735637326	15.6753468828068	11.4641085282846	-0.337793180436252	16.6290674574939	12.9528438269219	-0.313481768916006	16.1292688277065	12.3073792280503
OCIAD1 UNC5D	-1.51117836564014	18.4784809306212	13.9066592353227	-4.71094756086358	20.0373392157903	15.009481145449	-2.99339091710944	19.6790880004596	15.0935906111685	-3.58453421399306	19.7437421803308	15.1562187832274
OCIAD1 USP25	-1.89000279002573	19.3884064601517	15.5318146459581	-4.03091845315179	19.8410736808807	14.3560577913624	-7.82223191770624	20.5146195560758	16.3293240496254	-3.80974230916396	19.8564126451232	15.3510201206773
OCIAD1 VAV1	-4.51124162579507	20.5100708904976	16.3999739900036	-2.54168087238164	19.5458944874625	13.6224047615514	-5.27361409461163	21.2980752041433	16.431320405185	-5.41894286455474	20.3997714777189	15.5627480431317
OCIAD1 VCAM1	-1.07132935771078	18.3527822385601	14.6612530761436	-1.43727899637862	18.4736692478294	13.5793954029903	-1.32768580083753	18.7285250361818	14.4813377450889	-1.35165603736624	18.6929462536652	14.523912105128
OCIAD1 VEGFA	-0.921500880249136	17.0202125328913	13.5537183959911	-0.401167391584229	15.9212799603258	11.8254122427303	-0.666799072413242	17.1258298649336	13.330254488944	-0.490986869838492	16.6831271046711	13.0082108883756
OCIAD1 VEGFA.1	-9.35440061454703	21.1457734146781	16.6324227894001	-1.91600374283287	18.2982047424966	13.8169949854068	-6.11055643277649	20.5016088950034	16.2943155776365	-4.56133757372842	20.1955638582208	15.5990710028751
OCIAD1 VEGFC	-2.17868461426721	19.2283917402342	14.8520691769432	-0.90435454667904	17.7027406238332	12.9338423815149	-1.5058586709346	18.5337415708007	14.2196140411728	-1.71108405805786	18.76122604522	14.3669774338869
OCIAD1 VIP	-15.1524730624825	20.7812410369037	16.6806034413192	-1.20689130592799	18.4031534024561	13.6894148666698	-5.98242982870071	20.3426497878558	16.0256695206201	-3.45271778716415	19.7562791501873	15.3851594773786
OCIAD1 VTA1	-6.59189267214765	20.4030919182948	16.1272077803705	-3.13139323782002	19.9988302666755	14.6050990429817	-6.61081348853265	21.279284936621	16.5822677327316	-6.57364927266002	20.6112601660661	15.9198793461581
OCIAD1 VTN	-3.08379325430118	19.6159948661081	14.456097885435	-1.70539095970989	18.0392500834193	13.0887570800264	-1.8039884189743	19.5483619998814	14.1893924324905	-2.66767848207695	19.2423101790326	14.240800477444
OCIAD1 VWF	-2.06360471706012	20.0242146295401	15.0893505351641	-4.81599320607222	20.1579444614756	15.1761065638219	-5.05125715533609	20.9036955340214	16.0780233164516	-4.3710853771325	20.5476971026734	15.7411582226944
OCIAD1 WFIKKN1	-1.80173650238764	18.566351190948	13.9600975892274	-3.16877916748184	19.6360606278384	14.0705435211872	-2.61044267009053	20.1536393935182	15.0545846749428	-2.57395929383534	19.5802470018803	14.6799629169094
OCIAD1 WFIKKN2	-10.2900413266712	20.9852027873972	16.3763024636548	-4.23297129620833	20.4476504700287	15.0535826735238	-10.8774051585195	21.0088029371393	16.5118227185537	-7.88202919638153	20.9682936242074	16.092148636923
OCIAD1 WIF1	-3.48482565321982	20.8634739742444	16.2087849687365	-4.11715502014989	20.1091074485754	15.1475752487588	-5.39393701603173	21.3577934792377	16.4958297408448	-4.22760593263186	20.8560608014243	16.0723996461961
OCIAD1 WISP1	-2.22028260700018	20.2195759264655	14.8493191986834	-2.25254639442911	19.1252393640114	13.8909470743856	-1.7839743437456	19.9597984093865	14.6944556443071	-2.29887367691345	20.0166005311297	14.7168498257757
OCIAD1 WISP3	-4.82784915009192	19.7374464654822	16.3389420510242	-3.30320060741866	19.9641027546885	14.5900826491128	-5.32921416794321	20.3827399862915	16.0403467527289	-4.16990142339162	20.0503089156164	15.7471804112478
OCIAD1 WNK3	-9.01412963851732	20.2713606347063	16.2657786958181	-4.10969892670011	19.8102643541565	14.9279613321006	-9.98230780111635	20.5222560688775	16.3870414495701	-7.03241961766526	20.3803318808895	15.9840075153838
OCIAD1 WNT7A	-7.09411454432024	20.4185092805919	16.4569917787002	-3.92663717361024	19.6178826356331	14.3826655974944	-8.37900764885992	20.9555035571626	16.2982862408438	-6.6109557443414	20.4513510864266	15.7718266852554
OCIAD1 XCL1	-2.69760157610542	19.8320128261691	15.6842094431908	-2.77903221549379	18.9852917220942	13.994260524943	-3.19923838743238	19.5004163267102	15.2293099854109	-3.1094006079876	19.559736303449	15.0603477464614
OCIAD1 XPNPEP1	-2.52042913038738	19.4181090933979	15.5205694336745	-4.61383636030383	20.542959681007	15.0763987540869	-4.47092590702803	20.2550263827128	15.9814607594021	-4.22664345844713	20.2767027112293	15.5641355794449
OCIAD1 XRCC6	-5.64932368335706	20.9807873936562	15.9446500612259	-2.79601429862261	19.6867548472007	14.268322049936	-5.54438113155022	20.8956869040772	16.1986837502304	-4.3341637636716	20.5121051838693	15.3050052288816
OCIAD1 YES1	-6.25045912039017	21.2337970977769	16.336717874344	-1.06283724447218	17.9187235755142	13.1088922447952	-2.43613383840907	19.8561198303659	15.1074036761761	-2.55423095739032	19.7107685546444	14.9218121744869
OCIAD1 YWHAB	-8.97289518402642	21.1166341912329	16.8421160090795	-3.26697744966466	20.3151093139094	14.8708545354372	-9.0884992863438	21.3973114804706	16.7669578943584	-6.26513218906587	20.8717080579931	16.1363100802341
OCIAD1 YWHAB.YWHAE.YWHAG.YWHAH.YWHAQ.YWHAZ.SFN	-5.64433332406083	20.9811485131711	16.5654454417562	-3.69582766469669	20.20910632204	14.7834734184195	-6.43315114899536	21.2592607929993	16.6713809100916	-5.36637430580697	20.7343815565982	16.0323282312853
OCIAD1 YWHAE	-7.16540773853485	20.5521813586263	16.0873584736933	-1.75593601161567	18.9729880404764	13.742987614413	-3.82866208010929	20.2997580337193	15.7089385231138	-4.26891259114482	19.9469311466705	15.2226168251156
OCIAD1 YWHAQ	-7.7860284400678	20.4960276473289	16.5785315947613	-3.78547501783774	19.7390720845844	14.5589953301653	-7.95968133725171	20.9231945919199	16.513488767487	-7.4005002818117	20.4428212421621	15.8802872922937
OCIAD1 YWHAZ	-6.01527953870694	20.8333280447909	16.5030782134231	-3.43141814011873	20.4036164512443	15.1230713430078	-9.55437588051111	21.1216329292019	16.7548447646795	-5.61566702687124	20.7672751075996	16.2804065970492
OCIAD1 ZAP70	-7.53712541528717	20.7413544046719	16.6940605844997	-3.53302770937789	20.2739621168773	14.6857426982858	-10.4962907731828	20.7949872531938	16.3565347071554	-6.08462580343236	20.7151454554792	15.9031493248963
OCIAD1 ZNRF3	-4.73297506074595	20.299406275068	16.105770491696	-2.22164975861496	18.8197782153473	13.4942842076647	-5.23080253812198	20.561562050761	16.0217560730853	-3.57470818339068	19.7391799740409	15.0661591466829
