protein_name	r2_male	rmse_male	mae_male	r2_female	rmse_female	mae_female	r2_all	rmse_all	mae_all	r2_all_sex_adjust	rmse_all_sex_adjust	mae_all_sex_adjust
OPCML OSM	-3.7705033723709	20.1959125081811	15.0085190371611	-18.4356896934019	21.6082050335213	16.3219373883417	-9.44405309425656	21.4050702529069	16.3051476953839	-9.91167736813498	21.1526998299381	16.1565842925805
OPCML P4HB	-6.16760616631597	20.695329356291	15.6319457085931	-10.3606596403695	21.3013605801492	15.6888802412575	-10.2747905257192	21.5633796190914	16.5464980807532	-11.5504021875202	21.3367112444925	16.3539345115633
OPCML PA2G4	-6.02867008801651	20.8131652855626	15.5474678811517	-3.04498627070602	20.6813183982851	15.3521798721646	-4.97649742557688	21.1204459483592	15.7321242477303	-4.41947630290099	21.0722173112928	15.7353074270776
OPCML PAFAH1B2	-0.959341368723126	18.1313892247498	13.1609229514945	-1.72191689491231	19.3410916038361	13.804160356811	-1.40080783573212	18.7264388183498	13.9351112619089	-1.48897079656479	18.9063298539882	13.846775735476
OPCML PAK3	-2.86532611988972	19.5275151527544	14.451990316807	-10.9523441926101	20.7675419164172	16.1068800507692	-5.62630589113762	20.6901375761068	15.9211479611012	-6.70552914508321	20.7175568282673	15.9123518584483
OPCML PAK6	-5.49905777211973	20.2800736925305	15.4484033005288	-2.52143059394622	20.2067896892889	14.1609337919759	-3.90734634925411	20.4136925182949	15.1924895853471	-3.85060603265521	20.6167812092647	15.1915293035273
OPCML PAK7	-6.70919636721363	20.6788041941423	15.5330630590344	-2.44677365069279	19.1067855786482	14.2421415270588	-4.19715030342744	21.0628817449482	15.7516345186498	-4.54138742321794	20.1636408102687	15.2420756615678
OPCML PAPPA	-1.4191456475231	18.9407088521959	13.8002877728157	-2.64181621574135	19.0743909441964	14.2313426879418	-2.11084633521978	19.4157230375844	14.4584449086285	-2.26798632146005	19.4558320508201	14.5895082627663
OPCML PARK7	-6.97303694320844	20.6699605982854	15.2796640765432	-2.36757690483994	19.8282555774596	13.8104458230315	-3.46850165772657	20.5970655824469	15.1138410963022	-3.8300912026489	20.990062994099	15.3671374929175
OPCML PCNA	-2.23091889907769	18.6505847812898	13.8839667883804	-8.23843560451085	20.6589491499841	15.4745107483941	-4.29503384546425	20.1633257115909	15.447367842937	-4.22188773584892	20.0742939574526	15.1646827716811
OPCML PCSK7	-1.10292048089459	17.324071456478	13.3654165455616	-2.84929839359792	19.7772133948299	14.8656338844724	-2.21735554423389	19.0400935803546	14.5958314473628	-2.32016792283601	18.9475873129719	14.494812270578
OPCML PCSK9	-7.13549876744422	21.5799511607442	16.0456010732709	-16.9588353895524	21.6038795695596	16.3146518891999	-12.8614122190677	21.8872589333795	16.8309379055886	-15.4063140334524	21.9277404832924	16.7024315424286
OPCML PDCD1LG2	-6.02288112515019	20.4912742443491	15.2346442843406	-3.34075949305403	20.8156108317245	14.4395314243277	-3.94516236113283	21.6928044341258	15.7215995710353	-5.10519163176451	20.9091843460647	15.3294579092556
OPCML PDE11A	-1.4561519773437	18.5632083064303	13.4151318711701	-4.67344545072193	19.9363958933393	15.255604751694	-2.7734908963295	19.6721175584826	14.9588000648601	-2.85778530622619	19.5536364623905	14.7356580688897
OPCML PDE1A	-5.50858611449261	21.7025216934576	15.4197620325925	-1.66716719160875	19.1664874945419	13.0237498634566	-3.13891689873907	20.8999112807055	14.5118195681009	-3.4307300910177	20.7441402577712	14.7220874029406
OPCML PDE2A	-5.2747217562763	20.7990241422433	15.2912669878797	-1.59413911948731	18.8674434950482	13.3304967323388	-2.96719163164084	19.9016015397909	14.6986904101633	-3.02966188507303	19.9650138685877	14.5350839961899
OPCML PDE3A	-1.59498819678473	19.2900563316388	14.3566917120264	-1.31108274053976	17.8139407089917	13.3539977654628	-1.52757544080302	18.8261723758706	14.2096756567314	-1.4657859043915	18.7212432896542	14.2385307339722
OPCML PDE4D	-1.16038076839237	17.4354903350368	13.2085993860876	-1.77205481274106	18.0983979496948	13.2157894625337	-1.49992592107618	18.3305826995077	13.7529603857975	-1.68772331950325	18.1119260048001	13.548857169992
OPCML PDE5A	-7.50870548898115	20.541442834994	16.0933124194456	-2.08808426098009	18.6687232555858	13.0358890060702	-5.22841112667429	20.6123756155174	15.4723645850013	-4.7843403885513	20.203270323758	15.148995178629
OPCML PDE7A	-2.18942485102781	18.7620345624622	14.2674920570318	-7.46208138184071	20.1200398330245	15.5166515710692	-3.94789727790724	19.9834603663556	15.4450299242149	-5.48071982904496	20.3855866003319	15.5431075886492
OPCML PDE9A	-0.664014333179219	17.2249591715679	12.6234277085686	-15.3358549165629	21.0076948107543	15.7012663538357	-4.37206309340845	20.6835165970645	15.6667069072965	-2.97857801020374	19.6001565326635	14.7072100914869
OPCML PDGFA	-6.08512149690325	21.018044144995	15.6639737408226	-1.63462976845656	18.8173420911426	13.764918081333	-3.19082320983627	20.5230458641272	15.3806909582585	-3.94634810629274	20.4611279853375	15.2446377420899
OPCML PDGFB	-6.93824367727924	21.5187166996098	16.0399665397399	-2.62113001712921	19.0226887995438	14.1878420753617	-4.92689523681234	20.6680249685313	15.5935197969233	-4.93429850126779	20.5953778952994	15.483756877469
OPCML PDGFC	-2.777212326344	19.6500039401277	15.0533919881743	-11.2640899101483	21.4081888518257	16.178268201781	-5.87510148504985	21.3836309064577	16.2000481383434	-5.75611570427373	20.7242254315411	15.9467272260699
OPCML PDGFRA	-9.96716567678629	21.4719534472174	16.4351855737186	-10.8088082235507	21.1250766155627	15.6072027865091	-12.439749042075	21.758800574354	16.5654738630889	-13.8482015801576	21.6151348292565	16.4174035818339
OPCML PDGFRB	-4.64161536816417	20.1460701990109	15.00667777599	-8.17064621112809	20.2625628274876	15.7612834982722	-5.80386817139596	20.7664199952162	15.7144633389538	-7.70975118983172	20.673152815899	15.8580606822135
OPCML PDIA3	-4.59492665111174	20.9765405413439	15.5800571514782	-5.58628745316035	20.6918518822315	15.5863930809318	-8.04704132976429	21.010263708041	16.1103630013702	-7.36445540014745	20.9254456424407	16.0300495829358
OPCML PDK1	-7.3080587800656	21.3657140439319	16.0168333211669	-5.53699092291985	20.4057760276122	14.8573556438621	-6.95818799059719	21.4815032605878	15.9172328196173	-7.75633825376388	21.1528206816654	15.7770698155414
OPCML PDPK1	-1.77763753717745	19.3942589851706	14.4012627324308	-3.82882408497767	19.2213095667791	14.132746200612	-4.63058885090059	20.3410372204525	15.5398215941087	-3.31468403998871	19.6700591990298	14.8589001637167
OPCML PDXK	-1.72603642550885	18.5469216189065	13.9174909001624	-6.76187093874347	20.7790500601281	15.4542984575232	-4.85685011601994	20.6039446173894	15.6704880662256	-3.91589961346626	20.0849562694757	15.1813911785149
OPCML PDXP	-5.86577041660731	20.6453841906411	15.4772485178167	-2.9394045735814	20.3645109060914	14.6262761676198	-5.06128764689751	20.6893206322623	15.3271527069405	-4.31324470300903	20.8901625578792	15.4040307270125
OPCML PEBP1	-2.0619601332221	19.5511830489901	14.6677158306586	-1.03227575095498	18.526890193265	13.4525047355841	-1.79517223073992	19.7272722226497	14.6384812092641	-1.80464606774806	19.4392769610058	14.489936431442
OPCML PECAM1	-2.39321844686791	19.2430125346073	14.0994020332807	-1.99296335093506	18.9800759980858	14.2186697850171	-2.71402419504671	19.3734726747655	14.6552930230411	-2.62135720041525	19.5489557998271	14.6848895101314
OPCML PES1	-2.10133711704994	19.5785109800574	14.3286107281127	-3.47412433412777	19.0516745273671	14.5383059358333	-2.5444474861118	19.7596502681566	15.1119400804662	-3.85664288587409	20.0331802972745	15.1130097157304
OPCML PEX5	-4.1901033469793	20.2356774628079	14.7679751292681	-10.3068724501413	21.0122512659827	16.1052802897247	-5.05996203824095	20.7489109016928	15.7612269977999	-6.93462288596857	21.0250964314157	15.9500007196493
OPCML PF4	-5.02753309389294	20.902390978622	15.80124378671	-1.97480480176054	19.296623447675	14.2017520808696	-3.59152736689541	20.9674343313467	15.861693512119	-3.54968850671424	20.6148448915442	15.4261755946174
OPCML PFDN5	-4.99614900058852	20.6804560491486	15.6243098694635	-3.69727444954742	20.2827659515709	15.3499020691376	-5.40433733414308	21.3577772746744	16.1004315774031	-5.17422745912424	20.7834054966901	15.859882641625
OPCML PGAM1	-1.72273206008717	19.9613439933533	14.7401468740449	-4.4329368080447	19.6128619492806	15.0895884469509	-2.11847461733423	19.8683295492828	15.0743246042797	-3.32695672404389	19.9892667886933	15.2930934000061
OPCML PGD	-2.32401657966379	19.4712909996281	14.221050153646	-3.93962892003461	20.0444335126172	14.6656488932309	-4.61892973345402	20.4008010026205	15.4263744608219	-3.56786014757557	20.1827587360688	14.9083708612759
OPCML PGF	-1.20994443383242	16.9170924911555	13.3534598970099	-5.516473049245	20.6421548139856	15.4635463074406	-2.15101444843033	19.8135501742335	15.2065086643509	-2.71099750951536	19.6629791899423	15.2254308926428
OPCML PGK1	-11.2744736536262	21.3679315165671	16.1104358147508	-1.71048558350388	18.8120388618259	13.5965416801807	-4.4912888708814	21.4629844204401	16.0335227677392	-4.80559301211394	20.4951423173701	15.3261813632185
OPCML PGLYRP1	-2.5672807778039	19.2239913290731	14.7099007276957	-8.46503365395739	20.7664531923638	15.4779941902893	-4.70431580382053	20.6254080974305	15.7580569705383	-4.38288998393689	20.3830634709889	15.5001470922244
OPCML PGM1	-1.40818417662402	18.2276209934399	13.0911204508578	-3.08916227137788	19.3469280882541	15.1150669161553	-2.34327742621819	19.6550745437475	14.9290545970858	-2.73769840016277	19.2455173648204	14.6183838208982
OPCML PI3	-0.126931686226847	15.3197879794977	11.2143187123092	-1.38132320168467	18.1968863498136	12.212377299587	-0.985542068196228	18.2267437943309	12.8012519249871	-0.836502356861631	17.6443918625914	12.1909362065612
OPCML PIANP	-2.16184984810053	19.7611739352292	13.4072854983593	-8.57770211824438	21.1354878393279	15.9575159782224	-4.08631433384266	21.3563430028448	15.5884832110838	-4.1042367833997	20.8211886562128	15.0280856161197
OPCML PIAS4	-1.78724512092359	18.2857246903908	13.364303503777	-2.29169009016895	19.0128312151517	14.6925353830662	-1.9830914321225	18.923928370425	14.667496656828	-2.26108077770872	19.0599719192826	14.4731675943282
OPCML PIGR	-2.82495415024018	19.8225890761055	14.4626293920338	-8.31147384542803	20.7756911747081	15.3262507059398	-5.83757379882226	20.8334151859142	15.4779676073662	-6.03638884865	20.67434265791	15.4594293278475
OPCML PIK3CA.PIK3R1	-2.37734626564742	18.988779654996	14.1057784161365	-3.52382334381791	19.3773240088466	14.4610166449969	-8.37733673360967	20.6150289382277	15.7401332217938	-4.03974453436258	19.5382743452989	14.8358208474826
OPCML PIK3CG	-7.70014968277773	21.507281064734	16.0529108129557	-2.88001730074377	20.01822963001	14.7525759131553	-7.34315024602393	20.8996450936348	15.953065966224	-4.99206608426527	20.8478842418044	15.6991567293956
OPCML PIM1	-3.84764655412369	20.1030045087251	15.032503062788	-9.48043279811923	21.0191330792533	15.5095610363575	-6.17091032142945	20.8953225129711	15.8224881102491	-6.54631744317954	20.9276370567421	15.632098356371
OPCML PKM2	-3.80063800271531	20.0529706799222	15.1119452048656	-1.77286589022712	19.1092293770765	13.4877329457508	-5.87016977929369	20.4383371535687	15.7344421283213	-3.13596328777184	20.0867505744613	14.8696157418437
OPCML PLA2G10	-2.47530797403348	18.8209494328769	14.1603878307943	-1.89624460477013	18.6998020626178	14.0167854648925	-2.13460993812693	19.1012125345429	14.8869796400442	-2.34347915369823	19.0308884676321	14.5890152679258
OPCML PLA2G1B	-5.3350828854612	21.1030337950952	15.7945837579346	-8.70212505494813	20.6044941760979	15.7266968653418	-7.95283984097831	21.1669939873378	16.4233008614409	-7.43809109414062	21.0871344026457	16.1742702627827
OPCML PLA2G2A	-0.75091626537601	17.0205929176611	12.6224119202143	-0.817792615112272	17.4094056887129	12.5303271423693	-0.572901385122182	18.1368335956271	13.0954667015984	-0.917995755671155	17.8961897724513	13.1117872616347
OPCML PLA2G2E	-3.57501035000338	19.6500053648407	14.8997351854365	-2.20862536249876	18.5332402866321	14.2638469615368	-3.54816258355298	19.723589772112	15.5475363943777	-3.65367162205572	19.4593961427518	15.3591215679193
OPCML PLA2G5	-3.36927226890548	20.1283059331713	15.0008045397118	-2.09777391263105	19.7193120209308	14.4885932675693	-3.06498708347408	20.5432624531785	15.3480786832533	-3.60481744580774	20.4408264620197	15.2477795828471
OPCML PLA2G7	-5.21815337324213	20.9413193050039	15.0821593240891	-11.6430996060065	21.2825857319995	16.0822027709645	-7.47552485073825	21.490742600202	16.0648371144655	-10.2590247553439	21.5394555646081	16.292992809729
OPCML PLAT	-0.305671843043701	16.448389292041	12.4261703162468	-1.08121608511439	18.0468281463157	12.7687412204568	-0.847805215356409	17.8189499011512	13.2361125973448	-0.73654308304944	17.3909598591327	12.9006261550406
OPCML PLAU	-3.93775056380622	19.8641367434477	15.2065375324867	-8.61769642555344	20.7464743772095	15.3871167938784	-6.82494764023594	20.7398413964006	15.7997663626394	-7.41364150913084	20.8843152580861	15.7818166590595
OPCML PLAUR	0.213783999944771	14.1504274874361	10.9204064844142	-1.12154390760367	18.2098320501358	13.3163302547424	-0.420140178484744	16.9951237220321	12.9911914146114	-0.396572780264544	16.6556925245858	12.6353572796682
OPCML PLCG1	-2.7789266390755	20.0423206308272	14.8243297293507	-10.8595397988831	21.1879500334773	15.8516606829797	-8.67301016063072	21.2464418122766	16.4756739633536	-9.06085641200881	21.1051141050383	16.1006836769329
OPCML PLG	-2.98358455820809	20.5124908876111	14.8682597621411	-1.03752155954223	18.9883096587922	12.7187907555296	-1.89609336424513	20.4203865797235	14.6191715379132	-1.90918914674022	20.0118967243579	14.0509271364643
OPCML PLG.1	-3.81045916005954	19.8970130044065	14.6991907428523	-1.44617099765664	18.0555215971251	13.3764048010132	-1.88034276318777	19.138065142793	14.3705434804741	-2.20344698347154	19.1751536378854	14.2975826063703
OPCML PLG.2	-3.7030425260126	20.2504233717039	15.0867011961875	-1.52050830131277	18.3506775156152	13.27302115879	-2.20573378391107	19.7033522560194	14.5592055962173	-2.45156167007653	19.5444765057232	14.4135873160758
OPCML PLK1	-3.05674060056596	19.7184104538568	14.2870065775849	-5.06474639979657	20.0868589797424	15.1510264199702	-3.98880841086253	20.3402165623662	15.3187166443932	-4.59807818835519	20.1597521283295	15.1547214006299
OPCML PLXNB2	-4.61118766839762	19.4584631095513	15.1055238187503	-7.83311303318829	20.0029185109556	15.2609479109281	-5.49557635455387	20.2541896988244	15.8416043374629	-7.56889077370223	20.3513271409182	15.9198907647799
OPCML PLXNC1	-6.53473796539246	20.8562137133877	15.3238848638143	-9.01462196425054	21.5911759709055	15.7771328312284	-9.72353596347878	21.7821560691348	16.3195073022176	-10.5153993050196	21.5302387338054	16.026134492888
OPCML POMC	-4.75162254106604	20.5816758811914	15.4285236245196	-5.31191455506996	19.9481496304351	15.0288800872085	-6.21913570140785	21.0095561073229	15.9657236660156	-5.82498834319752	20.5946670933274	15.6164301548994
OPCML POMC.1	-1.56331542968263	18.9479206383996	14.0579439986407	-2.23687169043169	19.9683083731007	14.0027498422641	-1.72017258276108	19.721203629173	14.6407522115616	-2.59079987562675	19.9040619565924	14.6831786005691
OPCML POMC.2	-1.20847209691762	18.3516609255002	13.476732138906	-3.54536211317308	20.30041262048	14.6368309880133	-2.25713156302531	20.0549094731967	14.7324102695485	-2.27680840517	19.8170505237262	14.4606203032802
OPCML PON1	-8.061126946529	21.0953224921971	15.9154844219806	-4.35845926928421	19.6186973706152	14.7481955355837	-5.29121261799618	20.7693240721258	15.6895119081614	-6.02039235710361	20.6319387155995	15.578368472278
OPCML POR	-1.69789987709782	18.7564197471658	13.4785293627011	-2.83269744179253	20.0576220606677	14.1604901102399	-1.87065701450694	19.6865234104559	14.0391557009213	-2.50977114733015	19.6622933557734	14.2116244466545
OPCML POSTN	-0.669027049488525	16.5491681859837	12.449148229442	-2.45416013954775	19.4852422127212	14.2023967372385	-1.09401776091005	18.1009945678399	13.6281832751844	-1.40215915168429	18.1955089049412	13.7145397129925
OPCML PPA1	-3.99517584636562	20.2894435060013	14.834166577752	-4.52403909607872	20.5714377848152	15.1522282056995	-4.50496404668271	20.4888533440239	15.3554246085024	-5.69343307834022	20.676415151904	15.430360154763
OPCML PPBP	-6.81106956554749	21.0594486181813	15.7685490960691	-1.83415294373014	19.6444042587943	14.2117400862004	-3.71354409719149	20.9045428765393	15.6885783706841	-3.57279722455917	20.8460974980198	15.3737336088761
OPCML PPBP.1	-6.52685726934473	21.1271344707363	15.8342340880837	-1.73818703200655	19.4892301737035	14.2001211182487	-3.61379854480637	20.8750271777226	15.7321404107571	-3.36131874109277	20.8134153471153	15.385273457776
OPCML PPIA	-6.61173074460203	21.1078691351424	15.9280228444169	-7.094266834755	20.5565794067131	15.3780213807931	-7.65884303639877	21.1343970258466	15.9630914326065	-7.73691427391855	21.3079196974681	16.0924417499718
OPCML PPIB	-1.15997361821993	17.9581121430851	12.466600350168	-2.1239469865457	19.4941747794391	14.2118542673547	-1.19830243647487	18.9904703063888	13.9177314054551	-1.807761581686	19.0567755681036	13.7761974783016
OPCML PPID	-2.97904576503623	20.3420757603126	15.2765114898904	-2.92967523318675	19.8769763457781	14.0624352006113	-5.53570719564875	20.5157573239019	15.7706698919039	-3.71814894398195	20.5318862900734	15.1568723565322
OPCML PPIE	-10.4607431745173	21.4701099285385	16.1608280669959	-3.32777236497939	19.9140987177721	14.5872816205976	-6.51446805485183	20.9054806364266	15.757510383834	-5.76093973428925	21.0483314861619	15.6674017627868
OPCML PPIF	-1.51905928204752	18.6465137470321	14.0161163618123	-5.42211903501906	20.6130114765643	15.3026817379179	-3.6882764119929	20.3807351902704	15.4272139093903	-3.3669084828485	19.994042024789	15.172125656957
OPCML PPP3CA.PPP3R1	-2.28202691603001	20.1684352962304	15.105141890897	-4.68757719847064	20.5884986550786	15.1945943291643	-7.75193037071078	21.0036148125772	16.0743145419927	-4.79206876755466	20.6673349516499	15.6688655932402
OPCML PPP3R1	-7.35937210138462	20.5732861573333	15.516509170372	-10.9472859368163	20.9441601680075	16.0049554278171	-7.86147349342686	20.8293561053764	16.1087421765081	-8.88931154625108	20.9893749462737	15.9595042536544
OPCML PPY	-0.149043461529029	16.2055474152705	12.2087390233911	-1.44918623797267	18.5413915667725	13.5466378464465	-0.90415489355426	17.8518199458245	13.4611190704444	-0.837444032908829	17.7659471036005	13.3338186217235
OPCML PRDX1	-3.01060362323085	19.8766951895547	15.1117994788831	-2.05057473965452	19.9293188856514	14.8054668443525	-3.01303341555718	20.4971606482368	15.5323432857331	-2.76957741459467	20.2889822982658	15.439310792473
OPCML PRDX5	-5.85728229565516	20.4601182995669	15.3818888473147	-11.8267145255481	21.0685087075976	16.0193329102219	-7.70914811525406	21.1533086235845	16.1335794092461	-11.0560377710193	21.0656937940409	16.2242545814452
OPCML PRDX6	-8.41288319878214	21.6761281061361	16.3568544341582	-5.35167146516533	21.1654617467771	15.7975731590198	-9.80666588122007	21.9066851126982	16.5415904437666	-7.30058675257373	21.6749699333183	16.4131819661411
OPCML PRKAA1.PRKAB1..PRKAG1	-2.50934142292612	19.4970958145864	14.7639360983198	-5.96856657128502	20.593239673412	15.3877731005535	-2.97563756987554	20.0832243149955	15.2089562792624	-4.41104650856219	20.4972607264493	15.4037085781464
OPCML PRKAA2.PRKAB2.PRKAG1	-4.30021818541605	20.2537619865037	15.2936899761713	-4.34033449861673	19.55021598904	14.5933014295498	-9.24786286764556	21.2764710368722	16.2772530049526	-5.8440592408885	20.3676578398897	15.3877463015607
OPCML PRKACA	-1.0630652274133	17.6119031509268	13.012174616636	-5.10990573447494	20.3557105879048	15.3634531889806	-2.37554001608014	19.7156416635135	14.6600464285083	-2.55908145784712	19.4106423530647	14.629412512398
OPCML PRKCA	-2.91555289087002	19.8701557154884	14.6803656981775	-6.00309419551371	19.9695258795902	15.1225505568576	-7.26447360687303	20.975337448658	15.9230264342889	-5.78956281557329	20.3421957378301	15.5121184049347
OPCML PRKCB	-3.51315731567413	20.1298790701041	14.7785523369987	-2.18490418531545	19.3813370152751	14.0231279976832	-5.47126638720076	20.6514590869851	15.7548224563057	-3.82905463744893	20.2228853424694	15.1252117912881
OPCML PRKCD	-5.58072120838689	21.0859218294239	15.6543744188385	-2.87455214498486	20.0740005384119	14.0275373597605	-6.07505330779437	21.270701037339	15.7491998681007	-4.91447390764036	20.7660127424186	15.3034276250702
OPCML PRKCG	-2.05230412861446	18.8167301370557	13.4253640790966	-5.56180865793031	20.788951794562	15.1239695920588	-2.70590839856929	20.3400339468954	14.8420395462161	-3.97136627837751	20.212214924574	14.8505524314541
OPCML PRKCI	-5.21477585188286	20.7962392792563	15.4851216058844	-3.28323737394621	20.9128041997095	15.4055251851136	-5.32856401260495	20.8769718015579	15.7119276600509	-4.38513628054807	21.1650934698043	15.7781718343452
OPCML PRKCQ	-6.40449520774653	21.0656044001219	15.8610988485686	-6.94093624647541	19.9565741089379	14.788259241935	-10.3705765015534	21.2776877176297	16.1433070657581	-8.92602878741408	21.0168334886953	15.9283822046995
OPCML PRKCZ	-2.09532304294227	19.9775635886395	13.9412617464282	-1.61924722036968	19.2519856213908	13.9671835378354	-2.04334517041165	20.4811341225235	14.3841453002239	-1.91330382547091	20.2475169133084	14.2299547869261
OPCML PRL	-1.63906964788458	19.8554822416993	14.0553976546932	-17.0614327053331	21.2287580773746	15.968754121176	-5.83211167416511	21.7048038067626	16.1861387337168	-4.97178399551477	20.8642032059627	15.5291864733035
OPCML PRLR	-1.99428759552106	18.9469539469758	14.6907161320381	-5.10086847585797	20.4966420006866	14.827664224265	-4.63014737299686	20.5483496847075	15.6726286657151	-4.79704745485677	20.3475528879552	15.4412685364651
OPCML PROC	-2.2655943213961	19.8807077793316	13.8807876746141	-9.54088385741603	21.2504094317756	16.069561780754	-4.48669646170004	21.38077195981	15.5221074856131	-4.40097935659624	20.8676917570229	15.3213957036549
OPCML PROC.1	-6.86606189783097	21.3476925293261	15.5922879314755	-3.88291965944907	20.3177207657675	15.1416604059826	-4.67947765442951	21.4722830883276	15.869939186833	-6.90122761876194	21.0952456033491	15.8526281152608
OPCML PROK1	-2.45016617299565	19.0080945446499	14.0214346229008	-3.00379349398698	19.596000580557	14.73704829423	-2.95057014639915	19.8487229369911	15.030562203887	-3.8589204273747	19.9674848917778	15.0488863724906
OPCML PROS1	-2.42361559888834	19.7451958949086	14.1732936357974	-10.2657185896742	20.3536945663	15.2980161890382	-4.84598702937603	20.304068317285	15.2626572948544	-5.83730754915661	20.4666366784093	15.2832371455531
OPCML PRSS1	-7.50949534540665	21.4156613919067	15.4733927038807	-3.28488263758608	20.3443466142527	14.9962610516093	-4.37671536492409	20.8151700768455	15.3415360389966	-4.77067341373836	21.1986174322803	15.5957826566228
OPCML PRSS2	-1.68175839501156	18.6447541644725	13.8906294285663	-3.04069935043782	20.0256130046085	14.6487204342833	-2.42850301492237	20.0153440948957	14.962544098579	-2.65365650040978	19.7813602586788	14.7863124390924
OPCML PRSS22	-1.08795172785259	17.6241773690881	12.679357784577	-3.1829192790662	20.7158413012461	14.4751416562205	-2.57657567696768	19.7464744684531	14.3867797431961	-2.62088077445795	19.4529431580141	14.1449388731244
OPCML PRSS27	-5.34026713366785	20.7792968867125	15.2330794475712	-4.01720749120139	20.1882722744684	15.0302070099114	-5.11056410993697	20.9090371018821	15.8570380829721	-5.94062331752846	20.8630575123095	15.6631347116549
OPCML PRSS3	-5.53368818839538	19.798572686065	14.6701053787399	-13.3799778127693	20.9518030864554	15.816788408904	-12.1456709341908	21.115999273482	16.2600244864675	-12.8684132370396	21.1193787470615	15.9998026937675
OPCML PRTN3	-4.76273324772488	20.0064169515907	15.1233134241415	-2.74550994080714	19.3634024038303	13.9689034182923	-4.07325088993035	20.516811868302	15.5746309600157	-4.97793033634734	20.106680282777	15.2209632102824
OPCML PSMA1	-5.29559873863393	20.8554388526815	15.3612609023106	-1.67488496814572	19.1155719831853	13.9144864525966	-4.22902634879928	20.8049490245244	15.5712801358592	-3.00603293266333	20.2611747406927	14.9229411495044
OPCML PSMA2	-8.76501762339557	20.8871473597829	15.7373360795343	-10.1553780974098	20.9926660089006	15.8749749613537	-8.14693937214432	21.2477750072049	16.0882389341714	-11.1098650791659	21.200530860399	16.2402701036079
OPCML PSMA6	-6.7059124497623	21.0789579394972	15.6544104886541	-1.96877829771769	19.4673017899405	14.0437819468837	-3.38477535911806	20.3434820862727	14.9894726155004	-3.64627627351315	20.6525655682336	15.2157920117983
OPCML PSMD7	-8.75804867991733	20.6411810211818	15.3845066926763	-5.20525313744671	21.1953721669335	15.1459846106884	-12.2264390673077	21.6876953162595	16.4464664271032	-14.0407636411408	21.3244720682957	16.2031936071142
OPCML PSME1	-2.7032914985776	20.0217442158983	14.9910326103935	-2.28131529611503	18.9601952582322	14.0728787788241	-2.20725389054407	19.9303413325294	15.0684631935333	-2.89619626145703	19.8932147820817	15.0161377593671
OPCML PSME3	-0.722613353545551	16.6212852799491	12.4106325718381	-1.15957469232711	18.4212446601649	13.5226143907511	-0.755710593400348	17.810963561923	13.2560980938629	-1.0534010254136	17.8479499912801	13.4143331123546
OPCML PSPN	-4.00616346140563	20.5573396917625	15.0287424469486	-6.17610421351245	20.0522557301445	15.4214070274886	-6.41952726042081	20.8963177342203	16.0376220442198	-6.00114909077769	20.6635950748623	15.7502262062343
OPCML PTEN	-5.93608566343957	20.5039841020564	15.7724786463723	-2.67646244394109	20.0524978261304	14.7701245908939	-4.48826919396491	20.8891320050001	15.9253851730993	-4.22759609814113	20.8119484379193	15.6625608112345
OPCML PTGS2	-4.17427398853446	20.1252372558202	15.4715270692169	-1.39409256444196	18.7549761191843	13.5349163518722	-2.49456342189128	20.2086765793438	15.2365758991564	-2.92918743301412	19.8798454751124	15.0338805853678
OPCML PTH	-4.85719847543444	19.9697239613388	14.7661766400056	-4.31260793413019	20.1045613937531	14.6643089335017	-4.57484871406055	20.5074125887762	15.2468809450817	-5.21335488744345	20.4890819672311	15.1636553304484
OPCML PTHLH	-0.0524961086780689	15.1532856801959	10.7806392904457	-0.649030846452359	16.4772335397893	11.9214011114562	-0.452879636578526	16.361242668173	12.2565969991067	-0.437435722860083	16.0572088946249	11.8998820404106
OPCML PTK2	-1.76840047594044	18.515730146442	14.0001936772152	-5.03136191942043	20.3962083654888	15.1100504505026	-3.0997650375006	20.5507204281461	15.3613497872204	-4.29547469248682	19.9416087626538	15.2991352830042
OPCML PTK6	-2.21875237028043	19.4364126007316	14.5336825586926	-4.74465596141754	19.6297091984407	14.5906326428113	-4.02991184385655	20.0479269619178	15.2302502032625	-4.05351629094761	19.9114094600977	15.1377415126487
OPCML PTN	0.727322100618307	10.0413466458898	7.32808531671053	0.532309175255105	11.7112596316237	8.47397208267205	0.638019889321841	11.0349072673935	8.34498426376349	0.64351415171401	10.9893027820641	8.05182176147412
OPCML PTPN1	-5.26174560058778	20.1895745766324	15.5055704500989	-7.92239517925504	20.1952730715385	15.2398214978736	-12.3074722110862	21.5225593236843	16.5527392381832	-7.62194258431971	20.7011326323993	15.8326558468812
OPCML PTPN11	-2.23809681153913	19.0054509835933	14.6633657381271	-10.007155434603	21.2282192010596	15.95573521994	-7.62116797734161	21.3866293594218	16.2861562028936	-6.19399005668406	20.4798867900282	15.8316221517337
OPCML PTPN2	-7.15524797487872	20.7661942001138	15.8038161010124	-14.5305147961938	21.178900468447	16.1532372367124	-10.986340310196	21.2031254863871	16.4487955490739	-8.87156982672376	21.2322297168118	16.2522104732901
OPCML PTPN6	-5.92996395648649	20.0597750231577	15.2904837891541	-9.37312445440771	21.1211690638704	15.6769037331591	-11.0556903161239	21.715684118806	16.5179860716649	-12.0090362784853	21.2566301206184	16.1327067356226
OPCML PYY	-8.70597537081419	20.9511583135897	15.7622384677754	-4.76770255157758	20.8823705567115	14.9655880303329	-12.4682563635586	22.0492471601816	16.8568913607179	-6.27366377348584	21.0838098300143	15.6680596706639
OPCML RAC1	-3.81949622429403	20.2042598273692	15.034290119536	-4.03608857688986	19.6915036815206	14.7919067610895	-5.17012888216248	20.3763763365833	15.5475909464027	-5.44739136376317	20.3049643938946	15.5226970538042
OPCML RAC3	-4.35508571385233	20.086295363691	15.2579129718836	-6.12435654483841	20.0811512627041	15.108488153551	-7.73522668259286	21.0788678596474	16.1304826120606	-6.06023571086004	20.5215372345151	15.6108143151642
OPCML RAD51	-3.24934168123802	19.4255037969912	14.246327799278	-16.1174146584567	21.1007322422309	15.9772673575149	-6.57745918410996	20.4609136422882	15.3867029213895	-8.73902213274046	20.8010661427438	15.7914724812876
OPCML RAN	-2.39897885615721	19.1545003054269	14.5456287975099	-8.91852999768634	21.039149725625	15.6401524639135	-7.05004460977727	21.0347912558455	15.9507712505348	-5.17752367739464	20.5629276916182	15.6056031692589
OPCML RARRES2	-0.750027085441384	17.6073493553943	13.1904626501715	-0.830194787638008	17.2771271258576	12.5124920662864	-0.784947235543119	17.6035654355029	13.1997159458508	-0.863354850445076	17.8148369847955	13.259254885499
OPCML RASA1	-4.27227820990116	20.1997865391692	14.6916251187262	-13.4679776723274	20.9161163235979	16.0574890569937	-8.76631610603062	20.9517151217906	16.0625594555248	-8.165587409875	21.073862509131	15.8384776766465
OPCML RB1	-3.88274231604745	20.3165472654592	14.9443407961186	-14.7292711021539	21.7069754347659	16.491815548256	-9.8035718719194	21.8659764017268	16.6280587320685	-8.7646996021478	21.3634286304611	16.1803792433025
OPCML RBM39	-1.30549743165261	19.2265702382948	13.3024594556019	-1.25525568306857	18.6481669576268	13.7529744194004	-1.14086266877177	19.7280997160859	13.932571109846	-1.43663527780489	19.8539379454733	13.9316473563046
OPCML RBP4	-8.49900784828631	21.3022186462328	15.9980197718185	-4.98908959791491	19.9873344138324	15.5335851985463	-7.531699349078	21.1667552919473	16.4012545309894	-9.41010692813199	21.0864674220922	16.3369533017417
OPCML REG1A	-0.49577067544545	16.2880311265323	11.8349423208866	-1.47730683836826	17.9566575142301	13.2801712183013	-0.790257598231978	17.5359930092303	13.200095088224	-1.21765480827814	17.4851511126281	12.9899732687738
OPCML REG4	-0.165304491916481	15.9910321418667	12.1271898287887	-1.45292218718599	18.4745406729059	13.5817764772772	-0.961690887773309	17.9637659901576	13.6521988320938	-0.79451486571928	17.5703699773289	13.2703937910741
OPCML RELT	-0.143701431795123	15.6191484986906	11.0161508976583	-1.08891688880201	18.0064295434229	12.363493441092	-0.796081683245281	17.6118776634831	12.3790122479512	-0.672782303481986	17.1491566088178	12.0506122602835
OPCML REN	-1.84144038714819	18.6996411253099	14.1722927838297	-2.54495745533271	20.1410979978535	14.7552198223826	-2.9417965966486	19.7977235442918	14.9777996656336	-2.50514458718323	19.6463246282153	14.8714136920602
OPCML RET	0.35495440586481	13.6260743683453	9.97003575066585	-0.973538464697159	17.8549723497461	12.8350993353822	-0.242905177267791	16.38749835447	11.9236956658476	-0.0864182585143831	16.0785340112142	11.6625539651691
OPCML RETN	-2.8179038539385	20.6106071935444	15.0154675455759	-7.43766613842312	20.5953444846792	15.5432761744762	-7.01199741725265	21.6584982292998	16.3108476227788	-5.68676991692127	20.896245470527	15.8339391662372
OPCML RGMA	-1.25035771267973	17.6945045997901	13.6110352960353	-2.01335556834945	19.8548713515074	14.2179328842462	-2.05337661840981	19.3378025681556	14.8298326731685	-2.01118372505485	19.1206519991959	14.4517947620285
OPCML RGMB	-1.84033568725455	19.7917002200767	14.095098404851	-4.87465105045027	19.9751008975474	14.965199964268	-3.58780363020432	20.9657461752603	15.4305566755974	-3.39746692865475	20.3452947116703	15.0892843343413
OPCML RNASEH1	-6.96327380835662	20.6562587985224	15.4128877191764	-8.95851584965106	20.7573354576462	15.6309335023801	-8.04735657365079	21.2982655918442	15.9631001991265	-8.76538933753502	20.9967771410778	15.7323782292563
OPCML RNF43	-1.9160947584251	18.5523630328821	14.4242046836781	-16.2668699114825	21.6499925721796	16.3265087177988	-9.91282616552189	21.2802055377904	16.5575135491873	-7.84202735734123	20.763152573163	16.0705193575695
OPCML ROBO2	-6.78375127687046	21.0717260524232	15.4048424542814	-2.51219267671601	19.347249508439	14.1151922967998	-7.59462971099102	21.0297402240649	15.7654623448326	-4.63148340440885	20.4342166468535	15.0631296430123
OPCML ROBO3	-3.82067882060353	19.947490032569	14.8563697175934	-7.82765628434849	20.4357127384169	15.4379486776245	-5.64294007323015	20.8200500105229	15.9644453401054	-7.80609471068932	20.7460094425153	15.905866945089
OPCML ROR1	-0.342790957041737	16.1746316390419	12.2772236203446	-3.84296604808444	20.8099842950035	15.0283070556652	-1.65866286608767	18.8311322061337	14.2275525029549	-1.77607791060137	18.9733760287602	14.0846232599486
OPCML RPS27A	-1.70488027796996	18.4989268153855	14.3396968494906	-0.982553726408026	17.7311578695959	13.2083039852981	-1.51096573595087	18.8480160652428	14.4301456778567	-1.55473470613826	18.5254329173037	14.1957873841076
OPCML RPS27A.1	-1.77997271788671	18.9370943879993	14.4044056210171	-1.46379000109901	18.063258874591	13.8632689970004	-1.37696197591399	18.8124749106135	14.3941452335447	-1.66518384269958	18.8160993872077	14.5443584160357
OPCML RPS3	-4.742187929615	20.3813514123133	14.7304974666686	-6.14348819463733	20.6756056233954	15.2552050600107	-9.3199484297346	21.2544638754999	16.1249479756005	-7.14345773423078	20.9827542327347	15.685793939069
OPCML RPS3A	-2.02677055497456	19.5947261041013	14.2015476964581	-6.02983678286157	20.7584628057449	15.5431425277829	-3.61550842984094	20.5490597355794	15.0459038220831	-5.62338428079559	20.6484448198479	15.4331674925053
OPCML RPS6KA3	-1.43800723901634	17.8338478512528	13.7137978602508	-2.82175296613441	19.2621173365807	14.2716957397805	-3.2631516719238	20.2820810481891	15.3242766612	-3.41094867519358	19.1532803777725	14.7349877012383
OPCML RPS6KA5	-2.62209079661288	20.258869869151	14.8940096866674	-1.54557536411158	18.9907906633462	13.8436481787966	-1.95021034089875	19.8229784893095	14.5972399866715	-2.17131076734336	20.058764076336	14.7160631153379
OPCML RPS7	-4.12618919191049	20.8447183290495	15.4220459179257	-1.83111236050451	17.8132152172309	13.4314945063858	-2.61724135571552	19.8254151899739	15.0100576732894	-3.34181371318697	19.6228157220325	14.87353784529
OPCML RPSA	-5.3852548530116	20.3430161624093	15.0517283260211	-12.9604828212557	21.4406752403412	16.1713327892368	-10.0184685546844	21.431633702634	16.2737997072869	-11.103655706674	21.2262723254116	16.0338160177007
OPCML RSPO2	-0.969551776211635	17.9677028918202	12.800929943545	-0.612143053674766	17.8646358831156	12.9391008553772	-1.13426115726042	18.79573699324	13.6340582434655	-1.07938532497672	18.2470187758715	13.286430316494
OPCML RSPO3	0.376821221383941	13.4442111637693	9.64805895576213	0.123574093626298	14.0529600740802	9.79349808318985	0.258435523871022	14.1295332623138	9.92356940616202	0.280196797472388	13.9028730020332	9.93278673316069
OPCML RSPO4	0.334208585916152	13.7797388306295	9.69120717435536	0.252990300280685	14.2070442516362	10.5616144837784	0.293688970697275	14.5861180398235	10.5546306102498	0.311118845329689	14.2679538644913	10.4483992000774
OPCML RTN4R	-4.73843590806675	20.2523695925767	15.5632172749982	-3.79234365412904	19.8601236884886	14.7908977457465	-4.51536259828124	20.5564805343669	15.7687919059521	-5.16809787351911	20.5939122089313	15.7750269446569
OPCML RXFP1	-2.74226679386327	18.809077341949	13.8212775539741	-4.45052853717228	19.5678377672383	14.8583144552605	-2.62713057064521	19.6593863071723	14.5940663537639	-3.8793540990091	19.6558284807611	14.7643470276233
OPCML S100A12	-4.12103749857978	19.3763704378678	15.2267776032172	-2.5744056341661	19.6919239435591	14.5057841888525	-2.52102559278009	20.4607279756166	15.5024467208175	-3.27849507626878	20.4069420189858	15.4831788572753
OPCML S100A4	-9.94202423247319	21.6634813413089	16.5080598837207	-7.82929038291071	20.5409422933446	15.5984773895995	-10.5783677816584	21.4484720186305	16.6416347196403	-10.1061995948653	21.4080943336857	16.5654854238458
OPCML S100A6	-6.83234537923594	20.736758963992	15.5095668529954	-5.54781607832132	20.4609703211802	15.3902643950985	-6.07256914147899	21.1506012571615	16.0580264777617	-8.8766213188289	20.9578401504075	16.0136258818245
OPCML S100A7	-5.33324544109737	19.9985054900782	15.4093380234637	-8.99490104764113	20.7382209454193	15.5996078165001	-7.54129633139665	21.3953463327125	16.2492754420931	-8.56341400218621	20.8193842082796	16.0418024260859
OPCML S100A9	-0.415234578666323	16.2765876008427	12.8033960622537	-1.4110963692898	18.7632870018533	13.3322801694195	-0.953586325731778	18.3064306153064	13.8361531918379	-1.0132713057269	17.8959558349595	13.4298778318611
OPCML SAA1	-1.52861652257149	18.8308421106986	13.7616455177765	-2.79720653779994	20.1136524718615	14.8658297536643	-2.1602488507563	19.9978798952962	14.9373887502186	-2.54969927835963	19.844529489315	14.8498862487827
OPCML SBDS	-5.65515151692159	20.4943009958087	15.5117042190199	-3.38640574319741	19.6084165179709	14.3596510165459	-5.45368896368926	20.4488283839397	15.5407433812978	-5.76536379932613	20.5292221713817	15.5277070384211
OPCML SCARB2	-4.11054900614949	19.1431389742914	14.574067302117	-5.59962376227866	20.2247970815985	15.1955319527571	-5.46839197518526	20.3847542028267	15.7201163563715	-6.28182685288111	20.2892043998653	15.5926815712606
OPCML SCARF1	-0.752815976840202	17.2984752191632	12.7641889245028	-1.03475148706176	18.1627749859597	12.6039166565097	-0.909181663852348	17.9746731521779	13.3023481421999	-0.939904824949803	18.0438995798609	13.1900722453259
OPCML SCARF2	-3.55599889357418	19.6351710894299	15.2203783088403	-3.8141538691739	19.8859671166016	15.1896712130709	-3.41905042840673	19.8775575558922	15.3267313286069	-4.34422705226832	19.9893504498252	15.6205989341133
OPCML SCGB2A1	-3.54108539902159	20.4688792936324	15.1187974845379	-2.29031854248022	19.1027269188053	14.0816058203055	-3.03250140770646	20.3044578121396	15.3017506233253	-4.22772270906561	20.5371870968882	15.4601982573642
OPCML SCT	-3.3880690328632	20.0746083905235	14.9003540676842	-5.11151812588311	20.7268285334095	15.7239688411138	-3.43033213636746	20.8433039859233	15.6715927672645	-4.58125912731326	20.6182408197139	15.7026941232448
OPCML SECTM1	-1.20062580713359	18.2810832796619	13.176756285517	-1.67900311910709	18.5450321829538	13.5135927996704	-1.68420409819409	18.9192180889775	14.0029103668207	-1.57845107861401	18.7118943674584	13.7487245198904
OPCML SELE	-4.59644011077526	20.8092054375756	14.9184255172824	-5.29246612910415	20.1276004192489	15.0323679917323	-6.22466322385077	21.2128629638801	16.0082052996064	-6.15119650819282	20.903719055318	15.484002142798
OPCML SELL	-4.54195881492792	19.5494032631822	15.2319030539495	-5.21227238463942	19.6186455546036	14.7623954772555	-4.30895045703585	19.9153814755365	15.2181574452643	-4.24899437025523	19.8782602171891	15.3246088691684
OPCML SELP	-7.03824387284791	21.5672242192363	15.9148601418321	-2.99519584407734	20.5824514767504	15.0817732022252	-8.60638825287377	21.3497527872773	16.2361588754772	-5.12282667106553	21.3268313671632	15.8210151793603
OPCML SEMA3A	-3.98986092382724	20.1167593028754	15.1258040510692	-3.2260876179708	19.7891549695909	15.1480927067722	-3.29135827810948	20.3823599816043	15.5942909540812	-4.10807315493528	20.6122803327236	15.6450322279353
OPCML SEMA3E	-0.658228353685996	17.618653587083	12.8239805962086	-3.00909853777794	19.7767738086824	14.9557912579438	-2.25710275981476	19.1054179064633	14.6143307047949	-2.03888869909043	19.1069686177826	14.4773259116719
OPCML SEMA5A	-4.90362146779909	21.5467857889525	15.4150640682516	-5.28225177947438	19.7227215764339	15.0462837653019	-9.68644792030528	21.3921664216828	16.2128370066194	-7.33267027383809	20.9375241385806	15.7333726581565
OPCML SEMA6A	-1.85556313207487	19.0557038442605	14.0627543893017	-2.3551708822334	19.38906448884	14.4887690172742	-2.3613574466436	19.4138946966738	14.6719499864882	-2.2035314089923	19.387664945927	14.4649296087123
OPCML SEMA6B	-8.45821046358389	21.2060976815054	15.6983361988562	-11.4088216098899	20.9406896189967	15.9476576816986	-11.8687645272907	21.625713717381	16.5308076562065	-11.9719377755509	21.5113710179683	16.2569797069432
OPCML SERPINA1	-0.282301478262195	15.9096450776976	11.9944255739359	-0.674736155723928	17.7418416650172	12.5885274239884	-0.451810503315423	16.8752758283918	12.5599381169515	-0.534127337389579	17.2037237807126	12.7032202656501
OPCML SERPINA10	-2.84274980915615	21.1230037966629	14.4786629083854	-5.87737769653469	20.9619792305711	15.4872806228432	-4.29568961508603	21.5759724890684	15.5744580113007	-3.95766576521735	21.4267656031816	15.3956106142874
OPCML SERPINA3	-6.3892205356059	20.4884375699229	15.6117191788488	-11.1354623189942	21.5150996971131	16.1553038912277	-6.6023682585294	21.5177601225578	16.243060856766	-8.56545414219741	21.3206352979363	16.2949938630608
OPCML SERPINA3.1	-1.38651084592107	18.3229827213056	13.0572806806795	-1.77664037181182	18.9556852647244	13.6146593699295	-2.0061407932926	19.5834404750801	14.3087620854567	-1.84629859505843	19.1435851611825	13.782963647071
OPCML SERPINA4	-3.98672092533462	20.7692522431808	15.0910469829061	-19.9152247568816	21.3881985340927	16.3946531271949	-7.35328709780138	21.4931231832267	16.2159912324922	-7.59237711236053	21.3831244478153	16.0903708936186
OPCML SERPINA5	-4.19148046873142	20.5193712710311	15.3058723284478	-23.1429214157744	21.6373032516776	16.5806297211478	-7.07920999338375	21.2206922434049	16.2818644560052	-7.32186345212461	21.4005641473264	16.2208928141516
OPCML SERPINA6	-1.47677322725258	17.5589955031928	13.3461226938515	-2.04459599760927	19.3463872768504	14.4696043711885	-1.37656987544237	18.9002973894898	14.4675837310361	-1.86744868507067	18.8399843880328	14.4746138851419
OPCML SERPINA7	-6.10675741400865	20.4685279653219	15.3964280080562	-6.07371094804428	20.5434625878427	15.057353959819	-7.22475199169597	21.1498230356698	15.8203028823064	-7.54163427494314	20.9374181071393	15.7810030124227
OPCML SERPINC1	-1.63432576023747	18.5274760919363	14.1773884281666	-3.32466713336536	19.2026913404374	14.7699344780126	-2.29363731519542	19.1052390431526	14.8459448613173	-2.38038936864373	19.0783154722525	14.6976869140043
OPCML SERPIND1	-7.09782766849638	21.9393552153689	15.9300657276582	-2.4856326662323	19.5086330809168	14.0931732974139	-5.32542057578728	21.9576983217798	16.1120079333458	-4.8357084902789	20.9716350734204	15.4107531442088
OPCML SERPINE1	-5.38120847668721	20.4993923418547	15.4486203922814	-6.62451674220516	20.5852336021942	15.500758180913	-7.23794455957458	21.5403471094548	16.2073193762184	-7.31058620096039	21.0351187921279	15.8645178581873
OPCML SERPINE2	-4.8825823571116	20.9824133812169	15.5122142448054	-1.52775926260164	18.763089672978	13.6986227439425	-3.24392105259436	20.2961985204834	14.9891058386992	-2.90391442879048	20.2924901369354	14.9730978622154
OPCML SERPINF1	-7.77404826882838	20.9573833407125	15.7093380267662	-3.23809303753922	20.2715429717438	14.5820875332703	-7.5103857391541	21.2371046377426	16.2069796624423	-6.24136947163784	20.9290920690606	15.6230447027184
OPCML SERPINF2	0.157156064718403	13.9821475272329	10.4717083861655	-0.801665946568386	17.6264856888219	12.5426009245017	-0.380184711212134	16.3603272019619	11.9097126706556	-0.373873975079931	16.2209652888166	11.9087713274147
OPCML SERPING1	-3.99179819869376	20.4683229424518	15.0401869213416	-7.66846686604998	20.504478431741	15.8627034053175	-6.01489495677855	21.0386418669111	16.2559270859264	-7.45893003195639	20.8004543948554	15.9966502102418
OPCML SET	-2.31532692400149	19.5474378086278	14.0894666504185	-10.7840169243133	20.6275367088966	16.2148650616462	-9.09134130574541	21.0914060937178	16.3743029366785	-5.48622148892571	20.5872040605137	15.6062744071091
OPCML SEZ6L2	-5.44931205411649	20.5381526501428	15.1618221136985	-2.15108498031019	20.3944830894709	14.6721490316361	-3.9034100566622	20.7283906724371	15.3145066213391	-3.66996900690182	20.7267095628205	15.2786758490844
OPCML SFN	-1.08183268844069	17.762617946057	12.9637432932841	-0.830142747372095	20.0116520007722	12.7657821916975	-1.27320817218083	19.1988634119283	13.5273512220125	-1.11683151154041	19.1465967897957	13.3289705666712
OPCML SFRP1	-1.83017890243052	18.8299568310495	13.7993581509829	-1.29520447847566	18.0560575538416	13.3431563572742	-1.52011946302504	19.0928754045441	14.2944607541951	-1.65330809187799	18.6623874351268	13.9423546542762
OPCML SFTPD	-1.94923174880211	18.6026894622739	14.3028140319554	-1.00544547925304	17.2201443810059	13.2433884853063	-1.63861180025366	18.6226118942167	14.2329720043094	-1.55062183654694	18.3118549886565	14.1616197856921
OPCML SGTA	-2.59868960748425	19.9171709735481	14.8073065996245	-2.67473016953515	20.0411706241108	14.4065507132205	-6.58373062340615	21.0798019468202	16.0153946951542	-3.87718139728008	20.4500661922804	15.1958469952729
OPCML SH2D1A	-2.87045308734914	19.534912411254	14.19884145066	-1.5915681099082	18.3172523890968	13.7094853479079	-2.1353399116599	19.4998187508084	14.6350527892219	-2.56104570034271	19.2234963931391	14.3468059425601
OPCML SHBG	-0.494733299259156	16.8879980484779	12.5443021024148	-4.74253452176619	20.6748299660212	15.1543359101768	-2.54595436814243	20.226347589915	14.9572997948533	-1.85369628627285	19.3189100789261	14.4853770395262
OPCML SHC1	-9.29055021708365	21.4563591493169	16.1494297381617	-2.18856845920244	19.7325264997377	14.3753086228537	-7.99243581600529	21.3741878634197	16.3059306841118	-6.07624196015074	20.904618173398	15.7170346327757
OPCML SHH	-0.262284672808508	16.6257130920007	12.365940356368	-1.27114480781661	18.4755766085691	14.0817877221094	-0.695264153751349	17.978984731038	13.7351498773412	-0.76877123137371	18.1271715630646	13.6816373718836
OPCML SIGLEC1	-2.37536966792374	19.2253024158646	14.5598586583113	-9.52465349260669	20.5656844699381	15.7262650893463	-4.43630372262944	20.2966163236674	15.6860084295775	-5.4612706317322	20.28351434116	15.5290799010116
OPCML SIGLEC14	-4.55742119308815	20.7322646836162	15.188875439933	-1.44934179374047	19.2836349412952	13.5646359056865	-2.52411016148128	20.2019028844633	14.724766811961	-3.46707157777966	20.1436560129264	14.75195168435
OPCML SIGLEC6	-4.67097638029661	20.4257703428351	15.3244001144276	-4.9029704328037	19.910611754733	15.1167602548692	-4.66882335590543	21.1391007417326	16.0168204719469	-6.32452244336232	20.6195985320658	15.7717343691651
OPCML SIGLEC7	-8.04405787344806	21.0617271608943	15.3198980883064	-11.8959667224458	20.7083994793962	15.8050452453605	-9.2674848051442	21.5312932958674	16.1196391943689	-14.7687543434424	21.3007262101723	16.1221525125886
OPCML SIGLEC9	-11.0059059203187	21.4043467613396	16.1010701856657	-13.1860440261408	21.3221667147485	16.4363283383565	-13.3368099959569	21.9800938961996	16.7334762256579	-15.0161874480821	21.5707767212679	16.5618708535221
OPCML SIRPA	-2.04037852747056	19.7709855728778	14.3101134147339	-7.02756278033298	20.6886294802086	15.6906751869657	-3.47210475578033	20.3248167788658	15.4609759808816	-4.84005382452707	20.5521222629093	15.5715591167396
OPCML SIRT2	-5.07423164593982	20.4180950616199	15.1915201463265	-4.29447588803193	20.6805217546799	15.6345522834919	-4.64995205349075	20.7852508281823	15.7138628619587	-5.66554931467139	21.0006344444108	15.784652672527
OPCML SKP1	-2.35030659448036	19.464895813556	14.2994814658193	-1.08097775313757	17.8155135325622	13.2089759945093	-1.78089840288521	18.8957325426954	14.0548073334597	-1.73595195897758	18.7211927676857	14.0669046185516
OPCML SLAMF6	-3.31191937406098	19.9538767141625	14.8228461737636	-5.91572027116743	21.5828412145488	15.7177979066497	-4.83871376783103	21.4072352816544	15.8159655139462	-4.91991632174246	21.1661206055812	15.6404229587313
OPCML SLAMF7	-2.00591154713636	18.6599765153392	14.1658080341644	-9.01447769827266	21.4696593126507	15.7696069346685	-4.65736487378674	20.8175948242488	15.5114519519243	-4.53928472068624	20.5521799615248	15.3777927181941
OPCML SLC25A18	-7.63141182753205	20.6272972978086	15.6987143160994	-8.43522114524448	21.2603554223873	15.8952314026367	-8.969141147323	21.1864297310503	16.2643536439992	-9.41050250234581	21.2333389516336	16.1954253188558
OPCML SLITRK1	-2.64943354176736	19.6583228134674	14.5253002730181	-1.65950907494896	19.2521236460587	13.4692443931142	-2.18879254053795	20.0671014865425	14.5399412816777	-2.51877528009217	19.8111221411398	14.4031210123391
OPCML SLITRK5	-3.67644346495211	20.0670867934991	15.1817793280508	-5.12585825809852	20.9053798436082	14.9148933621191	-10.0423993512978	21.5109515012252	16.0128864805296	-4.92087815469361	20.7816313122582	15.4326827718543
OPCML SLPI	0.291566895510369	14.1822919541827	10.1636125316461	-2.96306903676498	19.3781930830553	13.674791284847	-0.698435761290435	17.3748246315249	12.671011386335	-0.584992923734869	17.1832133863523	12.2909776283688
OPCML SMAD2	-6.81859347817941	20.7149212177431	15.5520153859208	-2.50664008418717	19.5974343995929	13.8739859676937	-5.71698597210231	20.7351950048949	15.8010499815993	-4.76433557094924	20.4400058905801	15.2205830222656
OPCML SMAD3	-4.34627770413809	20.3402170963512	14.9171295379017	-3.70448862683344	19.7811939956472	14.6560765793339	-6.58909298824378	20.7860983715908	15.8402862841816	-5.30811413054867	20.3903909129604	15.3857422961928
OPCML SMOC1	0.340232138722331	13.1851327892612	9.23161837087445	-0.0525447578918452	15.4239828493063	10.1903198618247	0.102730103111978	14.8040259095102	10.4162850088095	0.204658210380852	14.3825852018379	10.027717943343
OPCML SMPDL3A	-1.79353298036372	18.5184059750154	14.0519112684704	-2.15354355165681	19.0762042961836	14.3580802000246	-1.84817160947015	18.9561300303055	14.4595302012507	-2.52401008162835	19.1947777440091	14.8134839212031
OPCML SNAP25	-4.30722546716545	19.4157445121764	14.6931524766741	-10.9743227803087	21.4785068066455	16.0306684228058	-6.0563216816285	20.8144959503942	15.7189754933792	-7.27229261347846	20.8893979711109	15.9200663915
OPCML SNCA	-5.72389980369678	20.8216692571575	15.4279316989326	-2.72324078283064	20.2080336464927	14.4131766001614	-3.94231764164321	21.1168650749311	15.397745561768	-4.59767651561562	20.9778551435986	15.4089855706913
OPCML SNRPF	-3.67481259622139	19.5328453447609	14.7871758656026	-2.1018477256538	18.7144752704232	14.0742263600366	-2.3027106205913	19.5414643556394	15.0860397351727	-3.42662429761471	19.5716671499272	14.9622537467129
OPCML SNX4	-4.33878926857275	20.6372802220931	15.6720127324629	-3.72304963903907	19.3531993417607	14.4649624431584	-7.82719541724989	20.8460655164642	16.0154321446741	-6.6608941866867	20.5419605122273	15.752835994924
OPCML SOD1	-2.28044799421378	19.2740098210281	14.1110762995354	-0.528269675455946	17.0010612014576	12.204796604083	-1.68270891547362	18.8245975084514	13.9684679412445	-1.29391177161132	18.4758851288592	13.6069006311347
OPCML SOD2	-1.64615606584161	19.2200239484434	13.801105749846	-0.873496755862267	17.9257718812363	12.9877662670425	-1.39024131536632	19.1490734777388	14.2389038557174	-1.60688893214627	18.9463054465114	13.8735535404713
OPCML SOD3	-1.84003347359332	18.3919245610676	14.1651085136311	-2.45880933706187	19.0500073397425	13.6213311025001	-2.02862369423821	18.9067959894843	14.5911669120432	-2.21727121481946	18.9165605536684	14.2344225766588
OPCML SORCS2	-7.84873539690315	20.5227406025599	15.673616817826	-6.1961841847682	20.0979651467192	15.2984369850362	-8.94459237136351	21.6533237092204	16.4600367254153	-10.3915842428057	20.8271747337155	16.0829238313549
OPCML SOST	0.312473084120646	14.3135566045515	10.107787960251	-0.524507414063682	18.2296865255633	13.3127107333346	-0.361599381813129	17.2063772670933	12.7701824641345	-0.118035134911432	16.6384537709871	12.0596073464394
OPCML SPARC	-6.90368857317552	20.8687337746662	15.3684421663909	-2.43398761395575	19.2287716085767	14.339416570453	-5.06960238308852	21.0579116967833	15.8368342660745	-5.25424196024186	20.6714638966768	15.505218407023
OPCML SPARCL1	-1.3205863811039	18.3964921049209	12.9825255403269	-6.20853161625296	20.8027391795148	15.5882306564376	-4.2069859038887	20.906075216445	15.7178573680959	-3.33992161423488	19.9991222846537	14.8022253336027
OPCML SPHK1	-2.99039628632109	20.4468089222157	15.4257902734357	-2.73354522297602	19.6205209155359	14.1144194556778	-6.42094593105275	20.7907705573021	15.8969696849761	-3.95012505991654	20.4021048416671	15.3263817644942
OPCML SPHK2	-6.2650723658863	21.2053258498888	15.7634039339581	-9.77586417256239	21.7506653630459	16.4382817001155	-9.68796561696954	21.6165364416606	16.6497580501897	-9.65152179008838	21.6099434926253	16.4775008401531
OPCML SPINT1	-1.28120815888218	18.0556302088789	13.935740226087	-1.66218266035715	18.5554799028848	14.5189837120883	-1.29166447320014	18.8007916662292	14.6594471548165	-1.6946131831782	18.7115578450778	14.6174750694181
OPCML SPINT2	-8.81814861299705	21.4635432993634	15.9564390435523	-4.27243138411339	20.2701706171241	15.1788546685817	-7.36537863990454	21.3425327155251	15.9875387264974	-6.24832248683599	21.1918729267044	15.8965325656979
OPCML SPOCK1	-8.16097272282405	20.8394494209174	15.7833520367206	-4.90694766111734	19.8199449397597	14.5666730948588	-6.68494480504789	21.1470349683856	16.0003499144761	-8.35866554698904	20.6559262600446	15.5809726093438
OPCML SPOCK2	-3.69134736929444	21.131176959725	15.0519963656423	-5.25084873104193	20.1310059698068	15.0130631826595	-4.67688566326276	21.0836103720082	15.6221872740024	-4.91216016463501	21.1254389594205	15.4745777854634
OPCML SPON1	0.214507907614753	14.2446825089328	10.7376003407968	-1.63061984225112	18.3843209433925	13.1926196141154	-0.462627272328614	16.868769969569	12.7700083501174	-0.370418929600569	16.4603924400598	12.3349751773682
OPCML SPP1	-2.63395716546729	20.1197536911352	14.5311578021902	-6.15569162150082	20.5897562369212	15.2824942953976	-3.97004524280557	20.8860980264351	15.3888183962598	-5.3756308995486	20.7072309093703	15.4757071986395
OPCML SPTAN1	-4.43111179403184	20.9246927888362	15.3840625320894	-5.09382467007997	19.8292831131275	15.1195223960185	-5.01864298721815	20.9797580752619	15.7920745330983	-6.0236101980532	20.7873374855805	15.679700455586
OPCML SRC	-2.20289844532242	19.4319792976526	14.3970198450056	-5.08544096068069	19.9509645483646	14.7071890027462	-4.69172547990321	20.6656683077272	15.644485048826	-3.77289044469292	20.04318575115	15.0040273096006
OPCML SSRP1	-0.624298327426316	17.1806098688322	12.8400569953114	-2.45343055970066	18.607268551022	14.0475380158344	-1.40962552294363	18.6744042352395	14.1822358580232	-2.12984604436452	18.5282793478282	14.1825607097575
OPCML SST	-0.124127942174092	15.6170422078016	12.2328558521427	-2.6316338853432	19.6951565316145	14.3403665203097	-1.32071204967479	18.8400227192364	14.2246887051182	-1.15388976533999	18.0981126083253	13.7607112837811
OPCML STAB2	-9.54757227439406	20.9785679192033	16.0114939339847	-3.48093812797754	19.9674554052629	14.8906192024412	-6.7110265962725	20.8810005654775	15.99162734698	-5.91918087992773	20.9534774378267	15.8969269092901
OPCML STAT1	-6.83098479599941	20.893810418455	15.9303352442287	-1.74092563017794	19.4922573037313	13.7293065287913	-3.35317709967537	20.3520279097075	15.1849740961176	-3.26638459567217	20.4794928907317	15.0433578833443
OPCML STAT3	-7.52850802809354	20.983051284665	16.1015382632215	-3.21493083704849	19.9930325160722	14.5513455701434	-6.47885522166742	20.9663804165071	15.9467020661385	-6.18734318101187	20.8806126720148	15.829178495265
OPCML STAT6	-4.92389589701684	20.4570502878813	15.3939752311673	-4.89373604466205	19.361726011851	14.6446246256126	-6.28861867580198	20.5193068414443	15.519476847157	-6.92170813013103	20.4102044112893	15.5144330029497
OPCML STC1	-0.226206454777217	15.7070623042254	11.6929434487287	-2.18114399478943	18.8393917285434	13.5653513465644	-1.39837923173022	18.4053244176827	13.7322893753316	-1.02832377970957	17.8708178959923	13.187943255852
OPCML STIP1	-7.50878154841091	21.3198015072043	15.5896508967151	-3.89019870676297	20.6016443073083	15.3950414665852	-6.78203214804049	21.4457054233495	16.1127395227011	-5.95447922920783	21.2690819624522	15.8769748296488
OPCML STK16	-6.09980797741363	20.7892547441807	15.489561829536	-25.873339351898	21.6239357687394	16.4503106767299	-11.4372984502419	21.7214919780245	16.6233331924659	-13.0608253354265	21.598057209464	16.4233538497118
OPCML STK17B	-7.45091896642713	21.2131484132044	15.5642796066663	-4.14680967391809	20.1869709470588	14.7093594659497	-4.55423041510137	20.8025505563778	15.4928262206643	-6.05762730276381	20.808145907085	15.4126477445451
OPCML STUB1	-2.66825382242815	19.1572669162091	14.5456446910767	-4.62255094957318	20.2948320135303	15.0393273707075	-4.98030173332968	20.4284825481666	15.5775856692056	-6.28506365505642	20.2320859548119	15.5405702768757
OPCML STX1A	-7.10971302953361	20.9392889828115	15.7409936499058	-9.63699455481178	20.8426006746511	15.740324043657	-10.3158156668543	21.034917121903	16.0802783927798	-9.57116989559395	21.1218505720919	16.1062079645383
OPCML SUMO3	-6.30504006522396	21.0643841099189	15.5955430424752	-1.70791225219121	19.682696841402	14.0966039306143	-3.39288687569438	20.7504087322011	15.20320284395	-3.45227752274208	20.7587399625088	15.2936475665953
OPCML SYNCRIP	-7.87092463566272	21.5565018179555	16.0139083210105	-4.49233974683595	20.5613114399636	15.0336358870343	-6.96637351622724	21.2919848233931	16.3294333056294	-6.70688738511377	21.2356734876748	15.934399805091
OPCML TACSTD2	-2.36062396175475	19.2958263132429	14.1979781691322	-2.21871578829987	20.2415268194721	14.4506146591558	-1.82109494853642	20.1541518216943	14.7285702599741	-2.5778328179559	20.078346286729	14.7371829337457
OPCML TAGLN2	-7.50458329280698	21.1649829647918	15.6841867194494	-3.09921943111384	19.5315971737852	14.5879267405224	-7.35075338652015	21.0653855267153	15.7390879835197	-6.60447657772125	20.6148498048985	15.6156978244094
OPCML TBK1	-4.54264619136209	21.3368666097741	15.2410825912684	-1.84054085256673	18.8706631154232	13.9773753108782	-3.18956560152347	20.7730808952779	15.1269385373711	-2.88373834825798	20.4423676519496	14.8318784830223
OPCML TBP	-2.59000377877651	18.7180288239734	14.1798912732069	-14.6514942745068	21.2290676752501	16.0426509689505	-5.91900444367656	20.7511732847577	15.9812522915028	-6.04546664729237	20.3357989773323	15.6488625681611
OPCML TDGF1	-11.7300359540057	21.319235192845	16.2520305131858	-5.62820615939339	20.7167890647724	15.3785496135556	-9.94693504374277	21.5206549396373	16.2696240722297	-11.0425395799064	21.5673783692784	16.4039674081461
OPCML TEC	-3.36552116591898	19.976129933672	14.8663237821552	-3.30752415913451	19.6118541591195	14.3857454552985	-9.47973147782095	21.0756186895477	16.2097519747408	-5.70371583494427	20.4382696311182	15.3895477031667
OPCML TEK	-3.57478928361185	19.7117547520704	14.8758643031186	-7.0517942014747	20.5202913595362	15.159826477009	-8.84421793497364	21.2233796788365	16.078413862113	-6.77497336237374	20.7221710064684	15.6041254166274
OPCML TF	-2.66391343112381	19.3812608174001	14.4809748142515	-2.31307597452063	19.0244511019059	14.5394813673603	-2.83456636054253	19.4078707345393	15.0298586682777	-3.51808080004693	19.5154671242733	14.9804712039711
OPCML TFF1	-4.16915944853015	20.5232267579903	15.4130603560787	-5.78666212999036	20.226583434725	15.3083642252247	-4.49242260209558	20.6831344996196	15.7791908617343	-5.2030885014125	20.6737077871358	15.8827169321215
OPCML TFF2	-2.56393571212869	19.865326839543	14.6985906101138	-3.36648840606729	19.3704337375629	14.2095739083878	-3.29156286867788	20.4802442429972	15.3159944227694	-3.50342344268629	19.9864093698576	14.9075302487681
OPCML TFF3	0.279625747482227	13.8587359501851	9.58213811489833	-0.814270445679288	18.043761985856	13.1173863362543	-0.278284426463659	16.6454294877295	12.0384556497853	-0.279981071272037	16.5453914717404	11.8035346401753
OPCML TFPI	-2.55573614174356	18.60297550534	13.9125245133512	-1.02361199520146	17.5742748748683	13.737636022757	-1.49332247770953	18.3820673520916	14.1864468985125	-2.55912555665676	18.5598877019472	14.4678705996788
OPCML TG	-2.66065561984284	19.1173002402086	14.4929031878765	-13.970727485275	20.9460198296557	15.8454117610866	-5.78525242565208	20.6782078669076	15.9258362150403	-5.59379131521238	20.4992877254022	15.6999606311161
OPCML TGFB1	-1.43118805958252	18.7842766959505	13.5413940647577	-1.36781200303095	18.5296803856828	13.6905699895212	-1.36922068716154	19.0349847937928	14.0082206050098	-1.73546443294397	18.8524387860424	14.0789408863559
OPCML TGFB2	-1.94323134398658	19.126964989911	13.6639952651161	-4.20875537672338	20.1017005254295	15.5077636114005	-2.70038242540452	20.2748449764767	15.2060497021533	-3.51943148566702	20.1146798630083	15.0488689007008
OPCML TGFB3	-1.61651267904765	18.5345919962472	13.767372847388	-1.05629281426359	18.1482491380595	13.8645324926713	-1.4547289170851	18.6752162084429	14.4613439159543	-1.87269830047276	18.7618533801025	14.4277727493474
OPCML TGFBI	-7.65318439088695	20.7855050078421	15.6956611936186	-9.00687998776674	21.4152600871047	16.067437873057	-8.35503143416848	21.2770257654683	16.2424757868733	-9.32187386211438	21.2647213647062	16.2655589780045
OPCML TGFBR2	-2.90382650786006	19.390208371446	14.6155299360915	-19.6179784184246	21.4980233444865	16.3190054933929	-10.7266107968841	21.4465520991684	16.2982509843154	-6.5081555186877	20.5808333093559	15.7935297508838
OPCML TGFBR3	-2.14910416480965	19.4712886869052	14.2650640087774	-6.5550677913081	21.7639170468841	15.9891729349452	-3.44760930512995	21.4470021438893	15.667595686053	-4.65769794255335	21.034556283019	15.6686768410725
OPCML TGM3	-2.78765015412199	19.6343234000379	14.4336895616747	-7.91624158069418	20.9580427389909	15.4053232917894	-6.31531474405616	21.053906242207	16.0413664755134	-5.19365148003038	20.7045447872674	15.4137026526842
OPCML THBS1	-5.85737971651829	20.9634288965569	15.8266798267176	-1.55005427953402	18.9158469273632	13.8771638340789	-3.10612963261749	20.2237234447012	15.3590387746047	-3.01186014967691	20.3270094436668	15.1734858008397
OPCML THBS2	-1.26754846426589	17.9373384378505	13.785750192035	-1.89850985920253	19.2724262546078	13.3550755908002	-1.5619841887534	19.2411109934799	14.4457458031088	-1.66979049641551	18.8951724484806	14.0136829291385
OPCML THBS4	0.0476844858684177	14.8685840851294	11.5607044237381	-0.654306376458426	17.3887431734158	12.3911548575103	-0.569703061743203	16.8063419490794	12.7242380363023	-0.460116397735125	16.6090238117925	12.4483429016834
OPCML THPO	-2.79116319214798	19.4079133877495	14.7404744886187	-6.03562666543857	20.1389556167872	15.2644577986658	-5.10162173610839	20.4102124442324	15.8545636871189	-5.79108432653066	20.2219258891332	15.5223064329314
OPCML TIE1	-6.82387893398424	21.1271448036451	15.6953216599681	-6.41050391981581	20.9470587332815	15.3835130252655	-10.1520135805812	21.3955234301825	16.309442395639	-7.35629995818825	21.4229006343043	15.9279042741207
OPCML TIMP1	0.218604103561878	14.1647943288094	10.6292726187201	-0.577725678131764	18.3015734742127	11.8138199424449	-0.215104824796472	16.6668557544303	11.779475436081	-0.294806657464193	16.7947821835539	11.6323978317214
OPCML TIMP2	-0.652798511764365	16.6762810683506	12.5379382585626	-2.16181299020184	18.6708164662484	13.484784631198	-1.56324517973705	18.2704716763737	13.6802168244206	-1.6165700950121	18.0731100225705	13.4033046887745
OPCML TIMP3	-7.76790199285343	21.6567130470606	16.0971959595519	-3.18345746448688	20.0407871040153	14.5173672354716	-6.40554841231833	21.0244349255702	15.8477692558118	-5.05092143307319	21.006431755942	15.5437964264003
OPCML TK1	-7.00935530715709	20.9430644521993	15.7091911514821	-15.0317308534669	21.3822193286842	16.3700041680935	-13.8521072050031	21.6765337088033	16.7301696541376	-14.0944609108907	21.3987659179784	16.5254911350939
OPCML TKT	-5.00960388862295	20.6712211191531	15.2394295317954	-2.83111145258021	19.9539075862898	14.8512400616214	-6.37539899076661	20.802365731571	15.6001021205009	-4.51610013273439	20.9031709749177	15.5838268579525
OPCML TLR2	-5.77440081488571	20.8294612527686	15.5461051235538	-12.7984799875994	21.3254067592174	16.1672358041202	-9.53269149981035	21.2262543467766	16.2080169743312	-9.4668064786756	21.2796690869837	16.1239184598235
OPCML TLR4	-9.70662862958417	21.1468155978494	15.8181295781915	-13.2022445698532	20.9567451123761	15.9349962105532	-14.9491002149762	21.7559465441093	16.5933741633753	-13.6721938602646	21.6013378260263	16.4248994472694
OPCML TLR4.LY96	-9.44709692905426	21.0184217412575	15.7879205529267	-6.48503299712134	20.6480568315792	15.1855954958612	-7.67927748052268	21.4388036853306	16.1032927795463	-8.22729205828881	21.324837214006	16.0042403719938
OPCML TMPRSS15	-0.749074830577095	17.6774832383688	13.1600595744342	-0.808100749458913	17.933327578193	12.9970346738567	-0.890908400721977	18.7151619984976	14.0885010088897	-1.05506307090386	18.2121222401416	13.8075772802901
OPCML TNC	-7.06642645921482	21.2458465909752	15.7401980776905	-4.59682958699003	20.2193263750006	14.8916477285817	-9.102242708762	21.3909214149037	16.4538593741	-7.44326463345716	20.954530561967	15.682132555514
OPCML TNF	0.31318330189014	13.7864531457261	10.4568423254898	-1.46401982353027	18.0862938691985	13.7118392261905	-0.224744391284445	17.4723741499052	12.8915475360618	-0.288113928371362	16.6516440899847	12.6856561919721
OPCML TNFAIP6	-0.846701972738637	17.9209428847703	13.0854980870249	-4.63841599209827	20.5002145345132	15.080850903494	-2.44332812183226	20.0766400468146	14.8344130687436	-2.4097514541618	19.5079344528223	14.4034704287157
OPCML TNFRSF10A	-3.0273016820188	19.9250513304629	14.5523504495005	-6.04411453776913	20.3908091609287	15.0874605341401	-4.5548299146614	20.5711676976037	15.4496562813401	-5.97220230395159	20.8511002914613	15.6219209716754
OPCML TNFRSF10B	-0.915877241142329	17.5399181884449	12.9709509165626	-1.67007781178296	19.0339964161171	14.0157890183116	-1.25646520285809	18.8827979540997	13.8830734167143	-1.51846036769254	18.7122803430073	13.9533622053379
OPCML TNFRSF10D	-0.603008168742376	17.4724607747898	12.9317335067324	-1.28985246915838	18.2531440086236	13.6777612769718	-1.04339840274708	18.7218881080367	14.3102892126008	-1.04281765131486	18.1863851397851	14.0700891147345
OPCML TNFRSF11A	-1.37693724369979	18.5373946047824	13.2762487799655	-0.998475234601055	18.2432563826015	13.6110128402572	-1.12519878877549	18.4676828826252	13.8362166198808	-1.30486530604981	18.5908223611645	13.7650735291114
OPCML TNFRSF11B	-13.4049808284521	21.5720335446752	16.3995826102236	-18.9103435647039	21.4475706269057	16.2679801986752	-13.2816244441261	21.7316495264623	16.493172928096	-16.5452338392434	21.8330961244616	16.7047161197899
OPCML TNFRSF12A	-4.32494800642962	20.2683634734251	15.3147236798753	-8.1109159672217	20.7563172577014	15.1634052090833	-7.49144275200028	21.0694853037391	15.9172723334717	-8.10964249570819	21.0899713634409	15.8170062246569
OPCML TNFRSF13B	-0.47940436694238	16.7875891390654	12.3866119910608	-0.896493779909376	17.9635058828963	12.8184423073695	-0.820389935037356	17.7602042519355	13.1202737274358	-0.870406813733229	17.5673975219216	13.0104291171919
OPCML TNFRSF13C	-1.64033032716099	18.8279165349627	13.3504509272736	-3.82487473854413	20.0189968910178	14.1682742868676	-2.56682606221187	20.0716676447531	14.2691493197181	-2.91649578889291	19.7771912207673	14.2382916339812
OPCML TNFRSF14	-0.704716180457548	17.9962555062186	12.8454528246425	-3.55286434688284	20.1511471166345	14.6726121496208	-1.55321885062569	19.5863570618831	14.7909636067655	-1.9678910336831	19.3542404232446	14.2799209859285
OPCML TNFRSF17	-1.88118237695208	18.848837468796	14.1905171040562	-4.77214037871144	20.4858424594452	14.8051692084488	-3.17115406519326	20.4664094828852	15.2382001282595	-2.91277792922383	19.99613470717	14.9022237130102
OPCML TNFRSF18	-1.26861022322015	18.0892119936126	13.4328248171121	-12.9640313860258	21.3332400043321	15.8530973254427	-3.96724485664256	20.3330722076649	15.4199692872735	-4.60903824873486	20.3206206390732	15.3390456687381
OPCML TNFRSF19	0.170524115619303	14.4203876923626	10.6079481060473	-1.18137996937629	17.8833825699349	12.8420778937275	-0.255069710341463	16.4984771487583	12.0637798901378	-0.425108958765589	16.5301962279015	11.9362312473648
OPCML TNFRSF1A	0.461440232851431	12.3751409115647	8.9146296508641	-0.107234423851193	15.5764854670547	10.7303667893847	0.132429146636874	14.7676451439771	10.7069464171627	0.217159086380223	14.2975596101713	10.2635704544086
OPCML TNFRSF1B	-0.0265024606055295	14.9598892457826	10.5511623195947	-0.51809392915933	17.0280831210916	11.6184992408604	-0.253683712556134	16.4467764286822	11.6814680603908	-0.326556286540978	16.3408948334772	11.565795194264
OPCML TNFRSF21	-0.689672299945022	17.6947966476451	13.1423570941361	-5.04713897685463	19.9888136636808	14.8857504636394	-2.56602943128459	19.7870737015376	14.8820920236341	-2.4083098823629	19.4253836071791	14.7023312730638
OPCML TNFRSF4	-0.27419060635203	15.9889184397806	11.6298789512764	-0.379864203149478	16.7408518454765	12.665547436167	-0.15334855917535	16.2838268025201	12.4204998463801	-0.28181108909343	16.5848914506094	12.372132789344
OPCML TNFRSF6B	-0.740853234304439	17.7921027499612	13.3702234583656	-2.16242274052964	20.2518917587655	14.5933465820432	-1.0829519424043	19.6824192289206	14.5470738971673	-1.3909978271994	19.335946008611	14.3268121913007
OPCML TNFRSF8	-2.86264263635233	21.1651872026205	14.5737381348778	-0.994360097191384	17.9785052454025	12.7749081683632	-2.3572116957867	20.2023384635269	14.5767849827432	-2.13902786538653	19.8749859250219	14.1676783796212
OPCML TNFRSF9	-1.03533298877427	17.5227381800192	12.9870635181919	-0.374728668022547	17.6499788355528	12.4175077077037	-0.552352342204802	17.7465262245235	13.3283231884831	-0.796217420771986	17.8367249595584	13.1660286864262
OPCML TNFSF11	-5.82868511122445	20.4974487581481	15.5931788204491	-32.6280655048284	21.6061803622443	16.6106419556401	-12.0202800652041	21.5803490763105	16.6020563354887	-13.7407797671977	21.5075383776702	16.6019712647813
OPCML TNFSF12	-3.68511600433804	20.0811506570122	14.5708115712883	-16.40540919316	21.1748256807735	15.9391079390939	-6.06800876038722	20.8792324855395	15.7886550600199	-9.04158252162917	20.847988642236	15.7277111650109
OPCML TNFSF13B	-6.84581628366235	20.5978968977157	15.3109536837573	-8.51638719688922	20.664404397029	15.6414416313393	-9.88644012594969	21.4831201931896	16.4738645520131	-10.8217024003313	21.1942264567977	16.1138272558032
OPCML TNFSF14	-2.19733946403497	18.642377875423	13.9632961259989	-7.40237415784349	20.4699534301365	15.4945716017064	-3.75104621899164	19.8213485089595	15.2661080870732	-5.20257077637851	19.8799831340716	15.2121550220385
OPCML TNFSF15	-2.42071134060977	19.3086087512079	13.8181675365309	-3.39354590201557	20.2707953752935	14.934648946596	-2.87560271964777	19.9277965919535	14.8049396698548	-3.42288984990749	20.0595783116404	14.7390764313109
OPCML TNFSF18	-6.78989006605089	21.1250193506156	15.5495279892828	-8.94226065787123	21.1831699832548	15.7646570770618	-9.60549217046807	21.6765865882845	16.3191556105854	-9.65030282127906	21.4836142762502	16.203960027171
OPCML TNFSF4	-4.20030888021262	20.6907905245705	14.7675366898523	-8.12319227969465	20.5691573817349	15.4267343723589	-6.36050254465471	21.2819569512322	15.8210458711461	-7.29324283942477	21.1973155509529	15.7640505033117
OPCML TNFSF8	-2.61104225185398	19.1054115824266	14.3961684628689	-8.10587221553247	20.8033616250716	15.7012715442537	-5.07152284625049	20.7658095251312	15.6828264694283	-5.6065974734398	20.4141501904335	15.7125208095685
OPCML TNFSF9	-7.51551413770648	21.1013545934829	15.8537739548756	-4.07650468926298	20.0374307890826	14.3678104531724	-5.83299320791936	21.0066110870548	15.6723218857755	-7.35599203939785	21.0965961915163	15.7395260764482
OPCML TNNI2	-7.16799024577069	21.3513839099658	15.9890632927077	-15.6564784723596	20.8240355405562	16.0321839935786	-12.839075670448	21.519905667816	16.5580615067356	-13.4039306931751	21.4538118185737	16.4986969649208
OPCML TNNI3	-0.874625996072791	18.0233310278323	12.9751629228662	-2.83915892131667	19.4542466841316	14.6283801484523	-1.65295620922462	19.14349267466	14.2509920108135	-1.70118783178444	19.0545681881615	14.0868129665994
OPCML TNNT2	-0.278084568592983	16.6738691353255	11.6317642746766	-0.301703739222437	16.5425292708092	10.9220959784566	-0.629326735855137	17.854131578291	12.4848048312545	-0.350024394754482	16.7943202422325	11.5549333238422
OPCML TOP1	-2.59742526815398	19.6188543589792	14.2683925824642	-4.48577764113583	19.561560206009	14.7517009421973	-3.21660190274809	20.191540979419	14.9976926902091	-4.74312726996372	20.13726077889	15.0253653477352
OPCML TP53	-1.97034843343295	18.835203616559	14.0136509025929	-13.1022620317841	21.4183151347589	16.1851824126211	-7.28386504172759	20.9331663234659	16.252113184585	-6.3952755046404	20.6572981255119	15.6434797996999
OPCML TPI1	-6.33675950658901	20.6677122787624	15.48394082882	-3.15646102610703	20.0371117092606	14.8292537746369	-5.09774705283838	20.6308283278079	15.4736988724508	-4.88959931539867	20.8672854653907	15.7070336835335
OPCML TPM1	-7.01755136918908	21.2707669916984	15.8465411212816	-11.0823692819838	21.2104911275206	16.0560905028957	-11.3716773046095	21.532016678835	16.4439263160079	-9.92530685841414	21.3890618273873	16.2348808499785
OPCML TPM2	-7.67188318536366	21.0170925364701	16.10478841669	-18.465458013128	21.5780200477182	16.2619403696379	-12.9089532019303	21.7511874318224	16.7047555179426	-14.9615935204769	21.6143644238921	16.6614989704488
OPCML TPM4	-3.44109803233505	20.5257516883362	15.2717473320755	-4.9844266836098	20.0216910182883	14.8573361692871	-6.48914139403957	20.8302572898642	15.7575618189693	-5.64347044131741	20.6422074129327	15.5734117507776
OPCML TPO	-2.52420171331173	20.0411097218638	14.8392982821213	-5.90418630505093	20.4607289910225	15.7058947042463	-4.07327696812251	20.6742872954425	16.1284943430409	-4.79495343230889	20.5371454301267	15.780028374875
OPCML TPSB2	-3.38364173551275	19.433627989234	14.5180645297457	-4.23134267321672	20.4872680518457	15.270990859011	-4.75892202744777	20.6060816464653	15.5571479092518	-5.20312020498888	20.3818803469304	15.2935771139662
OPCML TPSG1	-6.26310504300353	20.5067868820547	15.6443787598812	-13.3252356650323	21.4945561267281	16.049085495215	-9.15506322834577	21.4227996867646	16.4126010148174	-9.48068024841276	21.4393240712865	16.3632900591592
OPCML TPT1	-7.48722730473726	21.2232439453175	15.9522495270712	-2.81822916038136	20.104515527713	14.6725733864258	-5.10638351327578	20.965485012351	15.8364095142288	-5.45168730482567	20.9740261967835	15.7124059733578
OPCML TSLP	-3.3530401337504	20.7387309988456	15.1252006464772	-1.34941238312254	18.626171009996	13.5745392411916	-2.29787884523985	19.8383331351023	14.4955528064214	-2.24490996212921	19.9407648889035	14.6483010076317
OPCML TXNDC12	-8.38751926022225	21.4281854565376	16.073240625138	-5.13901150747129	20.0261850997059	15.3190482850219	-8.26939327163994	21.2885279732132	16.1245434697655	-7.47358952773823	21.0802982415165	16.0037546811282
OPCML TYK2	-4.61717434712001	20.1594269771554	15.3125337670232	-4.80214115120329	19.6098964355781	14.2414542105113	-4.66194391857529	20.5729520682954	15.3379892443284	-6.73287465155387	20.3716383158415	15.4081985650596
OPCML TYMS	-5.1794540845468	20.5071362193351	15.1962434462989	-14.0738701414578	21.4712453208647	16.2862044116756	-11.5062454639369	21.7122344069645	16.5831520632669	-11.5394334890311	21.3389943051152	16.272216424446
OPCML TYRO3	-3.38591177747963	19.8240934483199	14.6573509016947	-4.89344356614183	20.1776335075613	15.5819288004468	-3.6452880676846	20.4716650273239	15.5402823043641	-4.40271115296388	20.3316855727809	15.5622720024272
OPCML UBB	-5.66095840380897	20.7478097522175	15.7063886735527	-6.4096330854142	21.3232494820248	15.8716424727044	-6.98886175697584	21.4176942582198	16.208133088207	-8.32557561383902	21.4433469070018	16.3145476874693
OPCML UBC	-1.52527822060855	18.7617993329491	13.9442422658561	-2.54405039651505	19.671381623766	13.8088815878656	-2.50001826000833	19.8394814291964	14.5952072814075	-2.34292213759476	19.6219325078674	14.373578232074
OPCML UBE2G2	-5.04383520957353	20.4527991573724	15.5459976697244	-4.72010480231075	20.2488619210568	14.8101182211195	-5.25931129662637	20.8440479572066	15.7488074990075	-5.83993175157281	20.7891359304634	15.6647805663829
OPCML UBE2I	-5.43894388199851	21.41994677874	15.9300707816465	-2.04406594815015	19.5762435125338	14.1668255387583	-3.76042989702125	20.414080476659	15.1812684518155	-3.60033604045167	20.8427624700931	15.390462851617
OPCML UBE2L3	-6.68983487051061	21.350562209168	15.8911881834587	-2.39834975244711	19.737813108426	14.4926591213978	-4.68025435449609	20.5981385030177	15.3774802841022	-4.95066411268927	20.8847302016157	15.6186433936444
OPCML UBE2N	-5.55927889739099	20.8619975182105	15.4487778378614	-2.25465852765742	19.9178217024262	14.6956480281078	-4.47212715515379	20.9754259901905	15.5069782744259	-4.13823910545461	20.7269769923646	15.476145760367
OPCML UCHL1	-8.01756662771822	21.4017627947517	16.0364382504846	-6.81727276688137	20.9364569654737	15.7498448496488	-8.06556973135382	21.5708556314225	16.20975055448	-10.8416176275134	21.3880831109376	16.3084218307249
OPCML UFC1	-5.0175107342227	20.2035465309391	15.5220429763876	-4.93612860225257	20.0503178001974	14.9838831835118	-9.66419337440853	21.2689730733891	16.2462584397654	-7.13546162237937	20.5101579996162	15.701827207066
OPCML UFM1	-2.82756517531001	19.0350359904489	14.6667062315559	-6.22801802443444	20.3082158835261	15.0249927413738	-6.29098420294039	21.0029754180111	15.858097643386	-5.41411891040287	20.0061688998988	15.360021911385
OPCML ULBP1	-4.46008148811476	19.7802858164291	14.6136968542456	-16.1198674751682	21.2280383779472	16.2775811728086	-7.86566456435957	20.7716136952918	15.9407702354035	-9.24100257917641	20.9863676115492	15.9003364506218
OPCML ULBP2	-5.84500312981425	20.298945878065	15.2805109429172	-13.4554767807446	21.1517140432639	16.0284663700922	-7.01804798886999	21.4244317478063	16.3404269800173	-11.3936809949252	21.2169557851951	16.2163005626418
OPCML ULBP3	-4.22966672491115	20.7526407481299	15.6042705120495	-1.40951957638761	18.3129833665562	13.5624934920243	-2.53791067066056	19.7283346796707	14.6897748224406	-2.59290652095086	19.8565667481958	14.8544048975022
OPCML UNC5C	0.13609366649955	15.2922871210671	11.3588290939216	-0.799064674570908	16.8703833128548	12.0184001895639	-0.229012291729449	16.978838298747	12.5969075199935	-0.335654914793435	16.4766253266089	12.1999203899706
OPCML UNC5D	-1.89977001955268	19.418947752512	13.5353487429093	-11.3517468872495	20.6013103950632	15.7897632646191	-6.58645821708995	21.0704272799282	16.0901556362693	-4.58780860475008	20.5637338051643	15.2475776299467
OPCML USP25	-5.37258431890303	20.0576431711279	15.3562298068846	-6.61792194441288	20.5918235694419	15.0627263650819	-11.3536754289561	21.5542890927754	16.4296918808941	-9.45429056618605	21.0044049209719	15.8467741710419
OPCML VAV1	-3.1041349254093	19.7337062068415	14.9811197660815	-3.63580510610356	19.2018035829519	14.0244439595998	-7.58967588768351	20.9761929874455	16.0672273890343	-4.52775542162418	19.9873831932211	15.1384466153931
OPCML VCAM1	-0.895924250613648	17.4566969193579	12.9559015849054	-1.97409891979171	19.6547304288225	14.6883795158813	-1.71825937558254	19.044249801055	14.2749989575109	-1.71440390481506	18.863437007267	14.2608283354692
OPCML VEGFA	-0.425975966237834	16.7103651487032	12.5646424464067	-0.347092612905402	15.7099015584946	11.7185308215346	-0.437796584130621	16.5423285295435	12.6887310966823	-0.475649856338424	16.4394371433767	12.572168221356
OPCML VEGFA.1	-3.80117208218139	20.5833252678558	15.1648868018954	-2.6375210858421	19.8393369800828	15.0180272950267	-3.63039022776806	20.4932865435618	15.649641169866	-3.29165270992645	20.6467502160228	15.5092148798783
OPCML VEGFC	-2.11289640922473	19.8303122339929	14.5206500064586	-0.702762660223857	17.4174652372957	12.0606159805199	-1.27172088792538	18.9595008080566	13.5397697775878	-1.35716082337383	18.9683874756276	13.5836165959818
OPCML VIP	-6.87984752833398	21.4566619148642	16.0300349595739	-1.44344575726278	19.0426690191275	13.553785213778	-3.69160273052765	20.6994350026906	15.3379018942177	-3.18626291282034	20.4965309374129	15.0294101887781
OPCML VTA1	-7.52125522732072	20.815180546918	15.7450980947141	-4.23299114020264	20.4232957401002	15.1926550214557	-6.742007007938	21.0165831169988	16.0765595229427	-7.27139455883971	21.1126454450325	15.9555854880546
OPCML VTN	-3.37966589628894	20.4260809708944	14.5302026412799	-4.98760187296158	19.8694384973455	15.1017375797877	-3.9437968885935	20.3489515376897	15.101893673639	-5.03507844641792	20.4404615421001	15.1737884145707
OPCML VWF	-11.996251830914	21.3024572255541	15.8286528728453	-16.0473466380628	20.883868775752	15.9229629579823	-16.4128702173246	21.7294471779416	16.3925763996914	-16.0615276481039	21.6472658878293	16.4054872210437
OPCML WFIKKN1	-2.46122831100946	19.9574209882365	14.1021893306664	-4.593154972802	20.568892857677	15.3561553607449	-3.4438010896101	20.9874284952015	15.5189630279807	-3.40158269577516	20.8751300818866	15.3436039094753
OPCML WFIKKN2	-7.19010439170019	21.2864621548674	15.5486304857103	-24.2053420500398	21.9372165979698	16.5863423813427	-11.5401110879962	22.2121339311741	16.792556710129	-14.1598963003839	21.7976640095109	16.4094946478466
OPCML WIF1	-4.98483229805369	20.3911285660456	15.5213500118393	-10.8685856993683	21.5236938921913	15.9956451700488	-8.81269133814706	21.6277418528485	16.6139738182263	-10.229680250092	21.3571000113081	16.368184589523
OPCML WISP1	-5.34150768036555	20.4352445094788	15.2700151421724	-12.2639655844014	20.6770205524207	15.8099112820359	-7.29731405578181	20.7465330448456	16.1548726301978	-8.7031178929313	21.0061044654352	15.963517380921
OPCML WISP3	-1.75515562214823	18.6895082617596	14.3552841382422	-8.34379156649682	20.3490479107011	15.6318812554123	-3.21825941727782	19.7322609305416	15.3246143117689	-4.63740482489996	19.9597575681823	15.5743187805904
OPCML WNK3	-7.24465290209739	20.789521366118	15.8280045772248	-3.27910623364771	20.3669504044927	14.7989254125289	-4.63459987792035	20.9370658011664	15.8198670752829	-5.95671577656304	20.8539244229214	15.6518397782812
OPCML WNT7A	-5.00938095350202	20.3321788048501	15.5393104960493	-8.19841518084259	20.5191696116135	15.5576962136623	-7.3609459417734	20.901888697138	16.0090678750963	-9.92933162519083	20.8689232693327	16.1079467638408
OPCML XCL1	-1.11602243033213	18.1847203213722	13.0254906971643	-3.39898925026818	19.4559970139978	14.9855132791974	-1.53444416538281	19.3997886238369	14.4484629920528	-2.36621508147331	19.1466601636608	14.3939571865702
OPCML XPNPEP1	-0.849435458879582	18.1758193482564	13.3305944140933	-4.68389128955615	19.5141156294789	15.0381928191423	-2.87783949473003	19.9519919745999	15.1895598288274	-2.71886582929167	19.3164039062672	14.8686979017201
OPCML XRCC6	-10.6545595219817	21.5890505404884	16.362490328979	-4.98206075652647	21.0897343708726	15.151454783852	-6.92551864960506	21.8433682509511	16.5169396113557	-8.69420969992871	21.5520113126231	16.107585317588
OPCML YES1	-6.73118067916156	21.2153480059983	15.6273971043943	-0.997363344842045	17.8947912020017	12.9831101101815	-2.30932795991386	19.85660939033	14.6853959366718	-2.5047838924139	19.9248201598091	14.5841852130899
OPCML YWHAB	-8.07957001814752	21.5067635723096	16.1465815035982	-3.93534700316512	20.072648858599	14.851596125778	-6.98824651347788	21.0706194530865	15.9275771549862	-6.61823977801576	21.1067604438122	15.8342022413517
OPCML YWHAB.YWHAE.YWHAG.YWHAH.YWHAQ.YWHAZ.SFN	-7.21254154615085	21.4317020341967	16.009849198626	-3.78533214205185	20.3009797453236	15.1672292450603	-7.71001417366672	21.0774699917928	16.1029673061504	-5.96906142450663	21.3283338822831	16.073092087822
OPCML YWHAE	-6.73777631768188	21.0580211779804	15.7967804361983	-2.55244178208633	19.5201594539362	14.3924598738908	-3.8603975988725	20.5045174048039	15.3977052667341	-5.12534570854605	20.533673555058	15.4835860907137
OPCML YWHAQ	-10.1810499509581	21.3932902861311	15.9760747176665	-5.86456240216476	21.0006833359584	15.1261341613593	-7.32157019557965	21.5275271607314	16.0932573056821	-8.00034713992068	21.3340382727592	15.8113215954373
OPCML YWHAZ	-4.57359166148571	20.8106466744642	15.8097215548503	-5.9443530690087	20.4810647555837	15.1153712923134	-6.95155670389407	21.1194412819	16.043525059707	-7.30894654238689	21.0819802890967	15.9698133537396
OPCML ZAP70	-6.2727824640426	20.5824425870124	15.798123928142	-19.1012278227869	21.3965925515956	16.3003366141393	-12.1156782068931	21.5324279723971	16.5068805372492	-11.9549684505407	21.3357554257059	16.4498442552548
OPCML ZNRF3	-3.81737303692766	20.2534807620439	15.457692150409	-8.12059040589272	20.4255619966515	15.2490348476799	-6.72008296760512	20.8760872565628	16.0616083134743	-5.90812994964163	20.51407144258	15.7842964194841
