protein_name	r2_male	rmse_male	mae_male	r2_female	rmse_female	mae_female	r2_all	rmse_all	mae_all	r2_all_sex_adjust	rmse_all_sex_adjust	mae_all_sex_adjust
PAFAH1B2 PAK3	-0.693629669389134	17.0471411283837	13.7768497268757	-0.751381902301982	17.8327406014748	12.8336618650804	-0.867256367335329	18.5116874400755	13.9822414919212	-0.887300751759846	18.1221493378456	13.7230831780512
PAFAH1B2 PAK6	-0.804103020739583	18.1934631486198	13.5730530308006	-1.89709222483362	18.6522228041443	13.5853879296145	-1.30662302955215	19.3532509371455	14.2590296214657	-1.30497994718875	18.8295291658858	13.9730562069321
PAFAH1B2 PAK7	-1.3222413560366	18.6601345155572	14.7189795769621	-0.881370884378416	17.6085035946075	13.0769403358132	-1.51031573051694	19.0026064516513	14.5981860625132	-1.27686520138976	18.5505993044231	14.2478175954702
PAFAH1B2 PAPPA	-0.694615882134197	17.0731493514564	12.4961005775692	-0.858484105027926	18.0277385695313	12.7589481876	-0.824755328865687	17.6067908793311	12.742182134241	-0.863166854406421	17.7088182651961	12.8472184366495
PAFAH1B2 PARK7	-0.551046187888041	17.0886516995626	13.2110894901667	-0.731349468281904	17.365893971294	11.8616744753108	-0.898335384178823	17.3539387449169	12.9986279293081	-0.728532524433763	17.2492910087638	12.8731079428647
PAFAH1B2 PCNA	-0.400408504245199	17.5166691462675	13.4134636854631	-0.871843275875982	18.3105047115264	13.3955783018062	-0.940759351065817	18.1623893621778	13.8285001444456	-0.763891363105415	18.203215991304	13.8026306043565
PAFAH1B2 PCSK7	-1.15467660437446	18.2914185789895	14.5024498340342	-0.884577202464119	17.5281066008586	12.7583087055069	-1.50634809805588	18.5798972504931	14.4100608778397	-1.24386065729463	18.3643796384931	13.9707002239896
PAFAH1B2 PCSK9	-0.990312396561612	18.5470540212783	13.8827077398326	-2.08832631609404	19.4381493184611	14.1896715145821	-1.35813376408836	19.3442856936258	14.3244851662333	-1.4447361979953	19.3010704415084	14.3699308221115
PAFAH1B2 PDCD1LG2	-1.80284052229924	18.7051821494846	14.5948632684637	-1.33418300096726	18.514201173103	13.0990515985273	-1.61578022291934	19.5861213205731	14.5135037714147	-1.40604889573308	19.0065442212282	14.1652956637208
PAFAH1B2 PDE11A	-0.0295007399639009	16.2045505390874	12.1341710371762	-1.33475407130522	18.3484044365568	12.9868468569813	-0.463055713110218	17.8487547539329	13.1258600241706	-0.636704840263434	17.5075064488533	12.8991947500322
PAFAH1B2 PDE1A	-1.86864880587348	18.6464847975493	14.4472533786032	-1.19478555370834	17.8233757854563	13.2506800005404	-1.47653387317209	18.8219558466716	14.2643039914936	-1.59657686344116	18.6787650687937	14.1626053630886
PAFAH1B2 PDE2A	-0.658409033995063	17.748403827279	13.4166578840649	-1.27304941265227	18.3586648382967	13.4162865012425	-1.15655879207695	18.5646513982304	14.0787439370829	-1.00491117278546	18.5029550725896	13.8071045298354
PAFAH1B2 PDE3A	-0.960445658017396	18.5973263084969	14.3506776766083	-0.558413104583908	17.1772701347039	12.6299145594592	-0.87063411216978	18.3823522735532	13.8886286375761	-0.777909744262659	18.058398233962	13.7664761639374
PAFAH1B2 PDE4D	-0.798874823116524	17.7410120745483	13.5960066290395	-0.846025896968527	17.118571769584	12.8117433874558	-0.728707181618	17.5053875021483	13.4360390709115	-0.912717505232252	17.6370884156074	13.6325608696758
PAFAH1B2 PDE5A	-0.825591352327496	16.9767131449985	13.5309334904082	-1.70448101815872	18.3450443231262	13.2697581391026	-1.01165396344958	17.7576783543222	13.6927052014245	-1.39710746780488	18.1820762504385	13.9455483480218
PAFAH1B2 PDE7A	-0.496754824629802	17.6972709514019	13.5637442403119	-1.36720401691064	18.5095897783922	13.9313588057796	-1.23084688861513	18.83814191682	14.5428149447909	-1.34408951489095	18.8316051088135	14.4995075380027
PAFAH1B2 PDE9A	-0.0509943228949017	15.8084994330095	12.296173777635	-1.40195473579636	19.1475787475484	13.732482267141	-1.38639012208843	18.4624113403029	14.0610048198801	-0.774090632347668	17.9359442474722	13.6465397526176
PAFAH1B2 PDGFA	-0.880282012878696	17.6749867093944	12.9758936134751	-1.74528650801779	18.1639921591434	13.5738356828446	-1.06713511158775	18.9731874889314	14.0919759901353	-1.19764092140137	18.3188023301348	13.5941956254287
PAFAH1B2 PDGFB	-0.7684066393597	17.6276713220896	12.8856338656693	-1.27425945566682	18.6434213351164	13.4040264416502	-0.911150723922456	18.9513950668358	13.9081000100069	-1.20731857247633	18.4921254539375	13.6281144272168
PAFAH1B2 PDGFC	-0.482938532447141	18.0064654512118	14.0936876779834	-1.78180347023654	19.3588187228981	13.8349397801638	-1.37533999732296	19.0852510043917	14.3270513561057	-0.941686014232378	18.9195372955589	14.247833426464
PAFAH1B2 PDGFRA	-1.04622531102533	18.376566575659	13.5126058969363	-1.31516549524969	19.178185231801	13.734307435776	-1.13907505614517	19.0693695747191	13.8995343749022	-1.23667245983756	19.0333151290982	13.828546085872
PAFAH1B2 PDGFRB	-0.945784712636238	17.8935999978819	14.1416150294097	-1.11263401668432	18.3000819237486	13.6649534120576	-1.11385792212065	18.6630919926804	14.3540962692777	-1.18359326388342	18.4542122704243	14.2305705978022
PAFAH1B2 PDIA3	-0.238062713426449	16.4433890884255	12.4341744706786	-1.3729228820748	18.4995495617188	12.9721028550987	-0.752305995658994	18.011990109789	13.2144788271635	-0.772282276264175	17.8042238900561	13.0301317314728
PAFAH1B2 PDK1	-1.53994210565874	17.9570216488831	13.7087312440972	-1.23751990586205	18.0374485110963	13.1502421948855	-1.73843701416147	18.7536609339172	13.9982774840806	-1.60067270619444	18.5280943024208	13.9905653317729
PAFAH1B2 PDPK1	0.124825904737238	15.2155647703706	10.8624919215829	-1.57084972121167	18.5188024065973	13.470287713702	-0.49145250832908	17.050168854279	12.934438536331	-0.552839904964542	17.3439756101843	12.7652472367289
PAFAH1B2 PDXK	-0.68109330380493	17.0743584340565	13.4737034686116	-1.61856082409489	19.3030032539118	13.5402677108607	-1.46893417485112	18.701011070072	14.3172777800943	-1.11029383302984	18.5061797183541	13.9100410875535
PAFAH1B2 PDXP	-0.282914583325752	16.2473227996839	12.3896287637414	-1.64319677070154	18.3546421051942	13.2306928366775	-0.803168736159777	18.4698214462751	13.5516773574279	-0.897722858235253	17.6510367233253	13.1770966599089
PAFAH1B2 PEBP1	-0.693173273325901	17.2112827276553	13.2963770682581	-0.977891244709696	17.8958332690146	12.9435314138311	-0.90977394559133	18.7342551755635	13.8720324018624	-0.729635320764716	17.9874882176823	13.3821860318571
PAFAH1B2 PECAM1	-1.41916767193242	18.3763728705585	14.4239623060246	-0.650544649310776	17.3861276394807	12.7040111375903	-0.670013758979697	18.1489628122287	13.575651631012	-0.921501636796451	18.0319714482889	13.7247216513384
PAFAH1B2 PES1	-1.20892908028956	18.7651130822447	14.5949041460027	-0.843504465597562	17.0496877034464	12.400752469228	-1.11854259389734	18.6043898897513	14.2222066150414	-1.1722950945204	18.4576995124194	13.9689383367448
PAFAH1B2 PEX5	-0.728830658083587	18.5323200398266	13.8070888225186	-1.25561553579923	18.6155030704319	13.7541594705411	-1.06388222707665	18.7336746519452	14.0139608639954	-0.914351932396188	18.7990840620015	13.9806993367768
PAFAH1B2 PF4	-0.97650770912043	17.8266734925954	13.1849825337712	-0.918222579736712	18.3416852072868	12.8064743942686	-0.952058330461852	18.8181669133158	13.8951759864662	-1.08490673494243	18.5560869320744	13.4988948466357
PAFAH1B2 PFDN5	-0.767711473179235	18.4670720340523	13.8214498244443	-1.27206965100486	18.3832519427102	12.9015242671597	-1.72239404288356	18.8824734685484	14.1742273471711	-1.17666849190106	18.7705767135104	13.7658136241198
PAFAH1B2 PGAM1	-0.664667538683671	17.4678750733823	13.4887186580784	-0.840610979253314	18.2559719091717	13.3370830550425	-1.01722238683757	18.5720892662206	14.3750477628367	-0.783088158511805	18.0445526621342	13.8040583467889
PAFAH1B2 PGD	-0.530335062380742	16.6467144781151	13.1260394755819	-1.65867242871927	17.8037968352531	13.1319752950099	-0.817062738379809	17.8826828421649	13.6516704607903	-0.798798121491847	17.7491077365912	13.4396797659874
PAFAH1B2 PGF	-0.0290865921930019	16.5400447394353	13.2405045748015	-1.03550647012273	18.2373547115891	13.3231958787151	-0.422236770996255	17.4640578194191	13.5456119726596	-0.456400616025767	17.5420399703636	13.5467356126314
PAFAH1B2 PGK1	-0.489123129989895	17.9338556442575	13.7164144735607	-1.6141049277241	18.47891859075	13.5005573407583	-1.27034363959089	18.6230857021067	14.4197403117369	-1.11934384472261	18.3971244189114	13.9387584981949
PAFAH1B2 PGLYRP1	-0.7104508559511	17.2872135550245	13.7401491702561	-1.22462982079855	18.2267334429261	13.0793801148798	-1.17538596552686	18.5180751437492	14.2373546298294	-1.07090586547882	18.0573455319537	13.7691862246298
PAFAH1B2 PGM1	-0.330422793888257	16.3881312587582	13.0236798661948	-0.892734662739363	18.0235488389733	13.071420496377	-0.6519722041788	17.4522937328254	13.5191460854726	-0.694808097999612	17.4950741376035	13.3523172932514
PAFAH1B2 PI3	0.185920996200594	14.4663562921345	10.935920971298	-0.872935132572063	17.5042447494781	12.0381259980856	-0.583099709665406	17.4155226974765	12.4431468780556	-0.317490533964938	16.5823920746437	11.8569650051849
PAFAH1B2 PIANP	-0.193192283762245	16.2483251788674	12.0304465241582	-1.58038513143197	18.3768585180086	13.1754386885031	-1.01078419178909	18.0409874015708	13.5094728589906	-0.842579887394267	17.6026798279833	13.0423122012078
PAFAH1B2 PIAS4	-0.684241327499391	17.2357170311868	13.039816800795	-0.340043363673527	16.9262754619056	12.607661613752	-0.393241981389961	17.0909050303117	12.9646675221976	-0.544662361587455	17.3374814333843	13.1365411127083
PAFAH1B2 PIGR	-0.933134423308287	18.0963604646217	13.6121593221051	-1.48128484711478	18.6881145768658	13.4417299371697	-1.57781060789054	19.1483033481929	14.20778670515	-1.24536160349443	18.6972409365494	13.8926036073039
PAFAH1B2 PIK3CA.PIK3R1	-0.212173550390701	16.5153382145982	13.0574408170954	-2.1346909028797	19.1045483598165	13.9753021815951	-1.16384890696848	18.4409866567082	14.2529468670362	-0.961503503368117	18.205399576115	13.8764330878372
PAFAH1B2 PIK3CG	-0.812196188700867	17.606736617584	13.5504866099592	-0.952915820623057	17.7968628207064	13.06013230947	-1.34330150710645	18.7233327917331	14.2451901760577	-1.02521790752133	18.0115365466631	13.6720670290655
PAFAH1B2 PIM1	-1.42737468653265	18.8453179115591	14.3813094432091	-1.39762553166036	18.7803002893086	13.3784602474062	-1.3792005619871	18.8077325466966	14.1797630875852	-1.43878489368642	18.9232192564053	14.1900950890634
PAFAH1B2 PKM2	-0.574433519418312	16.5655847020332	12.8552648506852	-1.84590447842019	18.1299176842136	13.1074771697546	-1.11171873126369	17.8042282736356	13.3878720866563	-1.12067702736612	17.8499026167736	13.4898923416675
PAFAH1B2 PLA2G10	-0.837449176244121	17.6822079911146	13.4354442075073	-0.261839032631368	16.3245794756185	11.9875314640171	-0.651932503993758	17.3958757119296	13.4380855664302	-0.5853365873522	17.3595346933279	13.2415151842917
PAFAH1B2 PLA2G1B	-0.771572684842922	18.0725395415677	13.9680878730424	-1.06135057411624	18.4340344568603	13.3243976841167	-1.44099594384571	18.8245416036013	14.4892495202958	-1.08411138023407	18.5669311282206	14.0936691948235
PAFAH1B2 PLA2G2A	0.068438925059392	15.3409332106128	11.5411201012241	-0.0765518327835977	15.2900192737953	11.0385880383368	-0.101018554667238	16.0432111568135	11.631129779188	-0.068029271795355	15.798009799497	11.7114677352399
PAFAH1B2 PLA2G2E	-0.651745500431623	17.9204099992415	14.0580025739012	-0.234620295197811	16.2294493214885	12.0092832695751	-0.386112754878789	17.3825748851456	13.4267658161461	-0.418672466513955	17.2956907201462	13.3097246583438
PAFAH1B2 PLA2G5	-0.636691212225227	16.6861314808655	12.5638293514574	-1.26922217517619	18.6039479919994	13.579202639565	-1.17933836531759	18.8557550333901	14.1706632500122	-1.16996134946379	18.2080289347209	13.692625279674
PAFAH1B2 PLA2G7	-1.40394544993595	17.860771912966	13.5744905124285	-1.9683189306528	18.7268533691965	14.192272409429	-1.65418443295809	19.2177868746596	14.5977460919091	-1.82712146919404	18.7379877655169	14.4014787637402
PAFAH1B2 PLAT	-0.0666470527737903	15.1826549905864	11.4916848777989	-0.421057818399176	16.6877001138319	12.3401452665186	-0.483280673403351	16.6946283523042	12.7955638303713	-0.295620726692312	16.2670410342686	12.2790460149857
PAFAH1B2 PLAU	-1.12413633711535	17.5097928304439	13.6231584843805	-1.21159257493525	18.6371228338059	13.3351643539783	-1.52749217757662	18.568744710541	14.0987778725516	-1.50252188827676	18.5429227077889	13.9724972724722
PAFAH1B2 PLAUR	0.31477418371001	13.3962962925534	10.566569585495	-0.604169457992549	16.5139278851698	11.4853095383038	-0.0318348235861767	15.3959417571518	11.4247122214687	-0.139649152215147	15.3485096919183	11.4026683150315
PAFAH1B2 PLCG1	-0.593131758340541	17.198480958316	12.4182537729434	-1.17109667860167	18.5662418076499	13.5085248889438	-0.917199333256524	18.1875528683463	13.6341670098783	-0.985590388844497	18.2183398629739	13.4528983995051
PAFAH1B2 PLG	-1.24633096277759	18.7211591953294	14.4623741604495	-0.888969693000709	17.8551873343518	12.5119288675402	-1.37934621243076	18.7585470486857	13.8119796838948	-1.15178813727756	18.8190162317821	13.8167077527051
PAFAH1B2 PLG.1	-0.970065101049881	18.3833823788866	14.5249312814588	-0.385033743424363	16.2405705602622	11.6423638239443	-0.524177420259225	17.7115550867939	13.2901936887336	-0.666271161886892	17.6271883681158	13.3147088902311
PAFAH1B2 PLG.2	-0.813510221245076	17.8630682909711	13.3098234549281	-0.861024137799129	17.6827907840312	12.5607929847921	-1.0916644104269	18.2741059716796	13.3910769110558	-0.886476823938761	17.9629933754419	13.1829284289024
PAFAH1B2 PLK1	-0.957390742737897	17.9386754395922	13.553139384696	-1.43788954012556	18.2206215664036	12.475103314767	-1.11174870939182	18.3310059588122	13.6720833774358	-1.26627882569984	18.6070523941639	13.5853075846326
PAFAH1B2 PLXNB2	-0.31538606558602	16.4514967516136	12.3231100965167	-1.31700992047801	18.4640792725802	13.8193892497277	-0.560408535476911	17.5111154258123	13.3975780134394	-0.669099554272091	17.6326599163483	13.319317456755
PAFAH1B2 PLXNC1	-1.34766427829836	18.0541850299532	13.8238634851168	-2.14826959143408	19.5758262253472	14.4337006359024	-1.69465445076449	19.3987374260865	14.6875357415481	-1.72260586421173	19.1803375744943	14.5372885510104
PAFAH1B2 POMC	-0.939331217237131	17.6188250163432	13.8516815447466	-1.26610374845847	18.3483056449786	13.6443742757167	-1.47736159897562	19.0093007766572	14.5172753785909	-1.11070830856235	18.4382506390399	14.2652545315708
PAFAH1B2 POMC.1	-0.918002317538352	18.1971791218091	14.1853055874288	-0.793196523087616	18.1412626161126	13.1588751573918	-1.00375355437798	18.2407230233121	14.0157938909559	-1.06925622555987	18.5019253905457	14.1175209480741
PAFAH1B2 POMC.2	-0.482637555502618	15.9321303688342	12.0284662064459	-1.06349439552091	18.4312562759411	12.6297170233125	-0.614390138460625	17.1861286815744	12.7029601083973	-0.767825610598988	17.4009410625166	12.6853216932292
PAFAH1B2 PON1	-0.598732350185462	17.1686501138915	13.1972750965864	-0.773117878332094	17.7019579513529	13.0834288390311	-0.750413641220541	18.3558623676505	13.6508410545685	-1.12676466712194	17.8518161871294	13.6332914937712
PAFAH1B2 POR	-0.372327926227217	16.3734215805549	12.2742996249799	-0.8462312286541	17.6186637379725	12.685360946342	-0.543340580314304	17.3775734164297	12.7845245536183	-0.710792863030054	17.2882554676985	12.8313389011502
PAFAH1B2 POSTN	-0.0150548178953764	15.2306253150519	11.4518445683229	-0.474103579346583	16.7148659906932	11.6823901250097	-0.364946030623691	16.3591990044849	12.2227676240716	-0.240559227563322	16.2202583555577	11.7962081040603
PAFAH1B2 PPA1	-0.600964147406584	17.6846577932404	13.3494903107524	-2.11812129941261	19.0538258814459	14.067366412939	-1.24873826014407	18.954735922461	14.3662957360495	-1.3523230500633	18.6900278420012	14.0967831179403
PAFAH1B2 PPBP	-0.854646098608476	17.6164835354025	12.9338546618094	-1.10232008359619	18.1625008949127	13.0756081994351	-0.85046323025988	19.0034683293515	13.8870065756057	-1.16930040256218	18.2895259531638	13.5076883748648
PAFAH1B2 PPBP.1	-0.840994736178916	17.8493034404639	13.1503460087227	-1.19151161264638	18.2112850386611	13.040315995034	-0.907256527557157	18.9822587314907	13.9205263169483	-1.15993619442289	18.3330833485572	13.5847973150363
PAFAH1B2 PPIA	-0.132705404118822	16.0211959850733	11.9616980081674	-1.15531537425835	17.802666040583	12.7458151430779	-0.501541716734519	17.7718164468016	13.2016694284312	-0.685828131274176	17.3968197458215	12.7215620384552
PAFAH1B2 PPIB	-0.690663759646555	17.3756167407328	13.6129596423907	-1.14117788643672	18.2965835712124	13.4369250502881	-0.833843599967869	18.3408849436664	14.0080660061058	-0.918867569387396	18.236995121864	13.8093658125364
PAFAH1B2 PPID	-1.1648738210006	17.4403032046567	13.8107772833024	-1.51890461193963	18.2599334888839	13.5403684025627	-1.13032839044451	18.0913636997026	13.8776536715188	-1.43247719373442	18.1428468437251	14.0024239493504
PAFAH1B2 PPIE	-0.719770366012951	17.0684201134646	12.824922095605	-1.93130773933379	18.5724417846926	13.4436888286064	-1.15771600365893	19.1240889848079	14.2861155288382	-1.34827091159318	18.1335106240645	13.5843427272884
PAFAH1B2 PPIF	0.173028306602068	14.496248612617	10.6174516091183	-0.919548072737536	17.5359926413616	12.9302278217033	-0.156712914490908	16.4167205013871	12.5078103323959	-0.319014438216857	16.4357781411007	12.2509111597166
PAFAH1B2 PPP3CA.PPP3R1	-0.52213033690419	16.9089146843756	13.1655276341469	-1.9431101401299	18.1395343945845	13.4737651932474	-1.21987786763709	17.7875584538288	13.8368435641336	-1.31369186423912	17.8562144166196	13.6863997651001
PAFAH1B2 PPP3R1	-0.460190802046522	17.5539782199263	12.9519567391325	-1.31640106165986	18.8368821031325	13.8226838866886	-0.978077583369614	18.589730619484	13.8332799596602	-0.952527062532927	18.4632467522161	13.7431050016596
PAFAH1B2 PPY	0.301735568160496	14.1241683297529	10.9831925326398	-0.50695625108233	16.948494330818	12.055796487872	-0.117142034293277	15.7694086578443	12.0539529352986	0.00182017285372982	15.6407866667887	11.7417731561629
PAFAH1B2 PRDX1	-0.220994859762818	16.3779956755542	12.3491520728924	-1.46514755502061	18.4215405975305	13.2766639385158	-1.00562359671646	18.7725106451544	13.9901063560851	-0.958248249248793	17.9986914951524	13.2454884076716
PAFAH1B2 PRDX5	-1.04557656095711	18.1623977103602	14.3170289073368	-1.02617218561816	19.0688103586602	13.2267514129877	-0.997472586697179	18.9828901834232	14.1126380860321	-0.947120158207937	18.8266560170009	13.996819403633
PAFAH1B2 PRDX6	-0.362570609175093	16.6507347601925	12.5619975794104	-0.992866947187359	18.1147859608093	13.0903718810844	-0.692594248282221	17.9507115255182	13.3212313578345	-0.72691538544695	17.8163052657112	13.1071863658565
PAFAH1B2 PRKAA1.PRKAB1..PRKAG1	-0.916502021172126	18.6487053355022	14.6097143288073	-1.29292671518919	18.4254909498718	13.5111191285655	-1.22116080595476	18.9008487167036	14.4678692491275	-1.4936206759448	18.8781505218884	14.5158463757973
PAFAH1B2 PRKAA2.PRKAB2.PRKAG1	0.0148710766086811	15.3644099914537	11.655070097921	-2.0321176650619	19.0314340484455	13.9017195496566	-0.793244615142335	17.9293130924482	13.728454149058	-0.767452868883452	17.8828550738753	13.426284478583
PAFAH1B2 PRKACA	-0.104418790887224	15.6239558261756	11.9566473247788	-0.725275662560077	17.1308387045473	12.8071509242596	-0.285273662180086	16.73097700079	12.9754832493405	-0.453362797086806	16.6946204092748	12.7548657289572
PAFAH1B2 PRKCA	-0.106114526961878	15.5632556336998	11.7568922622419	-1.40443494791059	18.6935841521842	13.5997635407753	-0.655223715061719	17.4740176778469	13.2828841105253	-0.756857741380395	17.5338653266011	13.1660318816573
PAFAH1B2 PRKCB	-0.434714031554261	16.2986921332652	12.4117281975691	-1.64527817278237	18.4603543596556	13.5646313423364	-0.959149838500294	17.9186855818259	13.4863945975364	-1.14634655847366	17.9146940139842	13.5385935321421
PAFAH1B2 PRKCD	-0.480144720952846	16.8195650594814	13.1130510437129	-1.34906793894801	18.2912267007463	13.4293503961609	-1.31432344123615	18.4741886870267	14.3090831979659	-1.05157266474153	18.0443334572714	13.6645604760569
PAFAH1B2 PRKCG	-0.982189897863644	17.8420164080636	13.4149796708291	-1.02032427332973	17.9867421231599	13.0917069750103	-1.20485800416918	18.5402084670214	14.0999864944488	-1.12462238855362	18.2864688928835	13.7158169003085
PAFAH1B2 PRKCI	-0.659056608292149	17.7736321297499	13.1369601589132	-1.98811433610662	18.7764275557528	13.5007201536473	-1.12762753748726	19.143651142733	13.9459967627341	-1.15409510763908	18.6938467789568	13.720131281278
PAFAH1B2 PRKCQ	-0.366592743400258	17.6556214236967	12.8513552487841	-2.17999287894666	19.1002862653975	13.7581162104795	-1.00027256027988	18.3809051043511	14.1197748474985	-1.05995788961882	18.5431981587207	13.8005309148659
PAFAH1B2 PRKCZ	-1.21232436880667	18.343084661841	13.7931421641323	-0.812141241748198	18.3342393621402	13.2551916170317	-0.950444203200945	18.8877018651344	13.8973902246844	-1.07515780266327	18.7357493691467	13.8327866103708
PAFAH1B2 PRL	-1.1657965442105	17.8440806866875	13.9638887429597	-1.37949362962052	18.8076304258964	13.4954424624953	-1.25335204650792	18.6457168580834	13.9574842538487	-1.3995172019542	18.6741918905598	14.0297999180342
PAFAH1B2 PRLR	-1.4523927732797	18.159080605	14.1669021214175	-1.29475596154572	18.5955655199739	13.3852505994093	-1.24099822103093	18.8059049435968	14.2442789959737	-1.31374429776652	18.4999154895362	14.0299891299376
PAFAH1B2 PROC	-0.351049650306269	16.6429839214872	11.9459157362748	-1.45414718121554	18.8872379572926	13.3780766233423	-1.08512838219177	18.2947176746241	13.4227856117479	-0.804595493478698	17.9765021564501	13.0796138244314
PAFAH1B2 PROC.1	-1.91998709418937	18.650022451381	14.7773473147059	-1.88622557016047	18.9757767286728	13.7302240417133	-1.93867285879015	19.4904349086674	14.817871135815	-1.70786074309376	19.1364246010159	14.5381990714616
PAFAH1B2 PROK1	-0.0191702374187561	15.7263875055773	12.1971133692224	-0.591405324608035	17.6656288641349	12.6630795264008	-0.549191972459155	17.2200187033685	13.3632487517351	-0.516887552624076	17.197003616533	13.105689633466
PAFAH1B2 PROS1	-0.556417330522224	17.016933625489	13.1267682003088	-1.35313650670401	17.9813540944391	13.4793829251993	-1.12664647204867	18.2669134216489	13.8314229714502	-0.862818193412074	17.98224421773	13.5834053089803
PAFAH1B2 PRSS1	-0.740357413301254	18.3565798252536	13.9208576247981	-1.07886402689275	18.0139149914177	13.4527445471215	-1.24055240352991	18.4369753514351	14.1622571669098	-0.893617932528737	18.5764752019642	13.9813608026944
PAFAH1B2 PRSS2	-0.810567759412687	17.5423536089881	13.6477026754032	-1.01018998468529	18.0230649489038	13.1459238640927	-1.01954419125734	18.2118942778701	13.9710573088245	-0.895602137531642	18.0610949042984	13.7681730376699
PAFAH1B2 PRSS22	-0.747269098353788	16.4950482523552	12.7477152281152	-1.68513108494211	18.8268302298989	13.1797165951912	-1.44661677716608	18.3328632476123	13.6422025658165	-1.26610068022544	17.8833637258245	13.2344701853528
PAFAH1B2 PRSS27	-0.707208876158033	18.5494779431288	13.9517505440892	-1.30706941734631	18.9713400253395	13.2227506717541	-1.35159436875038	18.8158095633367	14.2701479807883	-1.11758113590287	19.091911973253	14.0160774490764
PAFAH1B2 PRSS3	-0.900824637307013	17.8553538897679	14.07225664946	-0.970000381095241	18.5963953243784	12.8400851737755	-1.04764144902515	18.7486980426005	14.0581841965627	-1.00544438307349	18.4514327326735	13.7801976115799
PAFAH1B2 PRTN3	-0.768516693106683	18.3943880035283	14.2507477296484	-0.932169432439936	18.6187128010136	13.0734088946778	-1.18545396247841	18.9182410406553	14.1970959703504	-1.01516566044623	18.8727457235624	13.9741182281958
PAFAH1B2 PSMA1	-0.624154002855593	17.7974943051857	12.8102138446457	-1.0555364530845	17.6904038999144	12.8411378453389	-1.12469450227629	19.5174884087462	14.4033110499222	-0.901291536565457	18.2600227598579	13.3686090054963
PAFAH1B2 PSMA2	-1.28502951071869	17.9380225870635	13.5223937820531	-1.38693261682463	18.7896074587492	13.3378046338271	-1.36425999819047	18.880506876716	13.9204850688253	-1.65777515686199	18.8490364376047	14.0555439172783
PAFAH1B2 PSMA6	-0.418502055153084	16.6403084359353	12.4480396564575	-0.992363129492817	17.6979163346136	12.7594085011664	-1.08410490302065	18.9555013836943	14.0577343930146	-0.830030250237059	17.572010547304	13.1036857071744
PAFAH1B2 PSMD7	-1.12405894697236	17.7202139494863	13.8171694334314	-1.47872180397499	19.4804643022583	13.370836046285	-1.79277427698551	19.4073960676299	14.8055472774376	-1.67247209624568	19.1095769992161	14.2806723223398
PAFAH1B2 PSME1	-0.479402050024971	17.3197878988873	13.0424491242287	-1.1581540768166	17.7511859233171	13.0154400557984	-0.696819531370861	18.094818599118	13.8040166905966	-0.806871288026773	17.9436348707997	13.3620181979238
PAFAH1B2 PSME3	-0.50728196661218	17.775333468757	13.7422576592819	-0.224889745929963	15.8384382765661	11.8306421812453	-0.390301240005547	17.3533265105157	13.3765429246548	-0.509782361856929	17.1750254506672	13.0642243224572
PAFAH1B2 PSPN	-0.350868351276039	16.2217654382766	12.691931837354	-0.544859067426822	17.2737655831721	12.5188489644543	-0.582996807405085	17.5346336233703	13.4087593379311	-0.618942693032857	17.2335193439969	13.1557929914354
PAFAH1B2 PTEN	-1.80260893048635	18.6227775889674	14.7088602983584	-1.15849267525939	17.8856326314261	12.8639961493032	-1.84676756308163	18.796521546747	14.3251311561577	-1.62371894747381	18.6678173975414	14.1342462727972
PAFAH1B2 PTGS2	-1.00679798886723	18.3974093400479	14.398122846015	-0.937395348927692	18.1753134924269	13.1818835737252	-1.04532632391683	18.6900716600295	14.1282912654393	-0.94974388135087	18.5706189857949	14.0535685486134
PAFAH1B2 PTH	-1.30610417115787	17.8342882423722	13.5317149767411	-1.31887181063356	18.0873826961088	13.1124085344541	-1.65748978627568	18.5335776054591	13.8126056810448	-1.34166053885174	18.2017372838286	13.5668953113477
PAFAH1B2 PTHLH	-0.00714188363194279	15.1890583997102	11.7213248276883	-0.281372629318247	15.9512129776993	11.2940946116948	-0.194110554013429	15.9259002087771	11.7938504731244	-0.199723155928068	15.975128393262	11.9344303536374
PAFAH1B2 PTK2	-1.10139601809184	18.2437072769267	14.3937315176135	-1.24690565836534	18.6397819938159	13.5685181595919	-1.36705760660139	18.6855176839328	14.5392076209292	-1.428164274152	18.8518545117306	14.4263424456522
PAFAH1B2 PTK6	-0.316298995245486	17.9676328039622	14.0254234789001	-0.870050951371361	16.9345583817144	12.4536140226008	-0.804177953115251	17.9382474929009	13.9716148864935	-0.821641567002039	17.8785081616686	13.8105406951226
PAFAH1B2 PTN	0.751565695643744	9.60580576363932	7.13466075426914	0.575184198228162	10.9523201136709	8.06153881020558	0.664875463552825	10.5915440836701	8.06309261108895	0.68025145417033	10.4392204491132	7.80765798641343
PAFAH1B2 PTPN1	-0.614083911442268	17.5965722035224	13.4802887231647	-1.72609679648958	18.8190084833986	13.4442604530243	-1.25569531028329	18.8963817578434	14.0156653584967	-1.33185760829661	18.6944388311745	13.9880267437023
PAFAH1B2 PTPN11	-0.197450218588455	16.3908886381121	12.5645103526362	-1.20590116751798	18.3211045712243	13.4445080047811	-0.691863107615393	17.7833503877114	13.4685237287685	-0.639230438651447	17.6139217959314	13.291998949006
PAFAH1B2 PTPN2	-1.40483634366356	18.3705792359727	14.596303469538	-1.40954928762507	18.7063084808789	13.2296536397921	-1.25296004872458	19.0031865985046	14.3868412081172	-1.36223142838326	18.8256860337828	14.2140400698585
PAFAH1B2 PTPN6	-0.467961130434605	16.8985909140819	13.0953254754987	-0.868862557234533	17.5741310635621	12.5376673871168	-0.643076545506764	17.7120514695551	13.4813507048569	-0.784568224134715	17.657870450907	13.2189873624906
PAFAH1B2 PYY	-1.21868445406797	18.4168725498224	14.6720831320127	-1.86716328848418	19.3270514486747	14.0431025487568	-2.06942119770159	19.4275874719517	14.9202165339595	-1.69141456074761	19.0829714825035	14.6513810788975
PAFAH1B2 RAC1	0.0307682031284019	15.1920883378322	11.4164654839705	-0.840179637314856	17.1950538965478	12.2081498351643	-0.249381051870802	16.8220480577406	12.428605955854	-0.394074962539113	16.6077216471364	12.2715978148553
PAFAH1B2 RAC3	0.254068733845472	14.9536430982323	10.8884742674771	-1.09646492203529	17.7844477079112	12.6905470467422	-0.215654235799497	17.684404588273	13.0092964381118	-0.228400087168879	17.0322635008236	12.3054561537117
PAFAH1B2 RAD51	-0.98587390506758	17.449816287651	13.65059381393	-1.17035442501548	18.5215344925498	13.4589470408726	-1.33675857721778	19.0396926413328	14.5212422076764	-1.30765486602458	18.4012524949028	14.1327823663981
PAFAH1B2 RAN	-0.699231363482645	17.6065676400796	14.0439631777584	-1.11012389027902	18.4828140181743	13.3148246254579	-0.785840961085488	18.2203925908473	14.077254964066	-0.829625728758574	18.1893311614045	13.8953177613079
PAFAH1B2 RARRES2	-0.0909700313524229	16.8406322830011	12.3888780521381	-0.397403538903397	16.464915853753	11.9490910230857	-0.253438164213428	16.7390330241677	12.7293016496202	-0.191705462179128	16.7937753679913	12.4197751180395
PAFAH1B2 RASA1	-1.04829382233316	17.2953422986418	13.5917330738896	-0.814407229095668	18.1096342963661	13.3527910824286	-0.864339388890171	18.4793945761667	13.8568588270316	-1.06508229207862	17.9648851925043	13.7022720864086
PAFAH1B2 RB1	-0.852939163032939	18.1532099991547	13.2742348844608	-1.96002677505431	18.8723235243692	13.9073109332696	-1.57922071329418	19.2711313236066	14.5352108703089	-1.55063855165401	18.8952027378056	14.1645698214879
PAFAH1B2 RBM39	-0.732530610185691	18.1919054151372	13.4635244654267	-0.588710448502343	17.641432734441	12.9547330279002	-0.47309812455051	17.8451701626304	13.366986889239	-0.672420739196645	18.0894828629801	13.4340319681544
PAFAH1B2 RBP4	-1.09084681253037	18.7700466045956	14.208429716867	-1.27768982782706	18.3021807803488	13.8153829422224	-1.49083780225973	18.8800361239595	14.6669018220367	-1.15177364155953	18.8305836730989	14.4230139915748
PAFAH1B2 REG1A	-0.700309740246009	16.9294005577146	12.6263021189176	-0.783118226120999	17.3432405103065	12.4582570467734	-0.760938880941281	17.0790866108304	13.0974540941086	-0.808653740435714	17.4230962508996	12.9041350745601
PAFAH1B2 REG4	0.115781042568896	14.8919460601131	11.3826249727563	-0.23721702950047	16.0324074582815	11.4291084488133	-0.222542248358993	15.9515128559565	11.9807984797831	-0.10026857823766	15.7996628622792	11.7830871747917
PAFAH1B2 RELT	-0.134514050435711	15.8033349070046	11.5509885580728	-0.613703113091161	16.5208186527737	11.1240459311386	-0.458277776610659	16.6619256276458	11.7357620339627	-0.344137997114764	16.3103640017726	11.56077524395
PAFAH1B2 REN	-0.437376218070623	16.6854613945264	13.2226744358681	-1.13957678696689	17.9977538276626	12.9045394947699	-0.927594898290441	17.8735675154492	13.5766672804323	-0.89590522324066	17.7934005917901	13.5502960734469
PAFAH1B2 RET	0.388289773841445	13.3818420464249	9.8001718067466	-0.958687906608047	17.2652549579054	12.2623611801786	-0.214370326380927	16.0427320854291	11.631210261212	-0.105389768463639	15.6123031765415	11.2576376359696
PAFAH1B2 RETN	-0.271398981815035	16.9282740942319	12.7181864383583	-1.72752955750624	18.9771979314783	13.7793557353793	-1.06854863354349	18.6903358777102	13.8169758665524	-1.06405507399245	18.2076558143567	13.5693692353323
PAFAH1B2 RGMA	-0.352713035180793	17.3533855045811	13.1101482040095	-1.12495151429725	18.7031817968696	13.4324152401235	-0.955451319036072	18.5762598314458	13.911861483302	-0.831340983540523	18.3778639907853	13.5809478615728
PAFAH1B2 RGMB	-0.990160664007416	17.7596071801458	13.3805015461813	-1.38977363012006	18.2515263666	12.8422594337663	-1.16907114501069	18.348086062055	13.8693345865583	-1.35352535553159	18.1561352948529	13.5364652270217
PAFAH1B2 RNASEH1	-1.03746674918847	17.6894969199847	13.9393729750486	-1.05788072037899	18.3597962646701	13.2612628971294	-1.1548620493033	18.8653774430456	13.9867219317914	-1.06895347856881	18.3502149439549	13.8669000432005
PAFAH1B2 RNF43	-0.830404586216662	17.8928606320812	14.3527714423641	-1.23023272764338	19.1594621958577	13.6468863164857	-1.23824509962219	19.017364422548	14.3894532039649	-1.13290623451405	18.8058545710493	14.3242974900766
PAFAH1B2 ROBO2	-1.34322771282508	18.5124218058486	14.0691443301008	-1.31545796018034	18.5779829864292	13.5235709389011	-1.70769533232296	19.4106177436666	14.7707466305889	-1.54498576010206	18.7569049231962	14.1689274938155
PAFAH1B2 ROBO3	-1.40153120031044	18.2552591841155	14.8415051440995	-1.27692605948205	18.7273020839255	13.6861754937978	-1.38200050868308	18.7240991985152	14.4722803458198	-1.32761495760033	18.7136602763026	14.4507944471379
PAFAH1B2 ROR1	-0.0587342855330359	15.5004066534154	11.9012257735659	-0.968181213070409	17.5754801319792	12.2774034157273	-0.459800740299359	16.9005853803368	12.3694087648622	-0.433640764762102	16.6756297204447	12.414982077925
PAFAH1B2 RPS27A	-0.608517009522132	17.2643800940122	13.5575528137859	-0.778703739499051	17.6551601564565	12.7943936941978	-0.926234925695283	18.128496548303	13.7619132157513	-0.692374122749142	17.7297748601493	13.3897364664955
PAFAH1B2 RPS27A.1	-1.52728318234369	17.8735850570528	14.3100125808547	-0.774692495147529	17.1414893171883	12.5672957180458	-1.08420318584067	17.8346237049863	13.5724434837904	-1.07899120661075	17.8600488931915	13.750390451284
PAFAH1B2 RPS3	-1.09697184001595	18.2389328709531	13.7982391620247	-1.50497408342808	18.2478788863546	13.0937784485478	-1.32389270163022	18.7286645542062	14.270748247056	-1.26813486350763	18.7753075161323	13.9328623813928
PAFAH1B2 RPS3A	-1.2792678274157	17.8011729109618	13.7933143156663	-1.15680352314503	18.4868152141987	13.4546254948984	-1.45989337740147	18.9877133892561	14.338830513142	-1.45083697928867	18.5715014080102	14.1608173380912
PAFAH1B2 RPS6KA3	0.218092029375246	13.9473305392188	10.863612358243	-1.30548044908283	18.2810469053459	13.4161159007122	-0.249485542629261	16.9401124543792	12.9839015617392	-0.481176844731088	16.721919996094	12.688725624398
PAFAH1B2 RPS6KA5	-0.762478625268462	17.4173789606589	13.2588445751218	-1.19416174070698	17.9215366078864	13.0871166013397	-1.11721488787857	19.1457210760925	14.5448388017495	-1.08084903509927	18.1244579319129	13.6258844635554
PAFAH1B2 RPS7	-1.20452241984278	18.0669185917841	13.9243610918668	-1.54944118335236	17.7683193178248	13.4549824706209	-1.64346889852789	18.9515626441502	14.638070963339	-1.48302109977601	18.4486663051008	14.1524401486736
PAFAH1B2 RPSA	-1.61361324916206	18.4202465334975	14.2450221233041	-1.87382650386226	19.6559743306921	14.1725598081878	-1.74285158766541	19.4121866412188	14.6551938864395	-1.82144022269847	19.2285474262863	14.4260097799376
PAFAH1B2 RSPO2	-0.534749806273823	17.556629480436	13.343429010436	-0.555015727220796	17.1163867618589	12.4151575044213	-0.708122166315361	17.5978765200108	13.3325085290423	-0.75745010838594	17.5812210924178	13.3309690835494
PAFAH1B2 RSPO3	0.594638135858719	12.3049981973028	8.86499851348743	0.204853589597196	13.8216045171845	9.39804522547439	0.448928615224442	13.1099322617358	9.80660414234705	0.423203611645357	13.2636586175729	9.51861551599952
PAFAH1B2 RSPO4	0.435190061539597	13.5091411709319	9.91740315374116	0.284209819008102	13.5659967937604	10.2428160120649	0.371821427976664	13.6403227734232	10.2081175240552	0.34111360774279	13.8294932684475	10.4416163829059
PAFAH1B2 RTN4R	-0.801831885042588	17.6875458210418	13.7165283923585	-0.82380478148827	17.852059309119	12.8080444550794	-0.653032838101816	18.1149075822395	13.7283692477071	-0.815178517930578	17.980635313798	13.6384072583673
PAFAH1B2 RXFP1	-0.445133875315296	17.6894530911228	13.4602602736771	-0.913183520047584	17.226131465293	12.7213475527169	-0.534261139105841	17.6428505689571	13.0243376476635	-0.673516509524638	17.7520577209631	13.4190287157756
PAFAH1B2 S100A12	-1.20525403020327	17.8449426737164	14.1156643791247	-0.574562466932804	18.0048711098222	12.9964173064951	-1.06842931920961	18.572624459356	14.2271319337037	-1.0826003306128	18.3935047379411	14.0201239118165
PAFAH1B2 S100A4	-0.993249046925189	17.7724956878139	13.527403384311	-0.976910445553399	18.149109533336	13.1413589444155	-1.11426332762362	18.5673615414048	13.9755685517476	-1.16532037012336	18.3746429718297	13.7178126485235
PAFAH1B2 S100A6	-0.754173352448628	18.3496745398116	14.1878921787616	-1.52176583843363	18.8437572310333	13.8512958074107	-1.46002806102157	19.0521183210804	14.4774658094998	-1.24594660658317	18.9386459205999	14.3544732122843
PAFAH1B2 S100A7	-1.80487834790022	18.3261407579434	14.6515954402833	-1.55412802772953	19.226600424897	13.9945173571069	-2.13637161417644	19.3416713481618	14.7596210225296	-1.63363391904996	19.0181957136973	14.601524691455
PAFAH1B2 S100A9	-0.182644130265348	16.0043411048716	12.4961678518986	-1.11681038097591	17.9913535690209	13.1239588033259	-0.713234781692502	17.4761338855344	13.6603118944261	-0.645954833420814	17.2371138820518	13.2057180046837
PAFAH1B2 SAA1	-0.880019913117468	17.9674411210797	13.6778041557841	-1.28520338322948	18.0684704303501	13.3217673173847	-0.982186063588401	18.224777729733	13.8161003770137	-1.00540804443833	18.1702932382867	13.7722845605102
PAFAH1B2 SBDS	-0.335795453627203	16.4691767767347	12.6905118423829	-1.57837334488845	18.1471696287301	13.6389297436562	-0.698343230067068	17.8833131222052	13.4814942343213	-1.00635041469408	17.7524239809587	13.5419087031725
PAFAH1B2 SCARB2	-1.07111594877034	18.1009569047565	14.567259948209	-1.02817540265958	17.4220096407071	12.7510193762496	-1.02279545809406	18.5061989412143	14.1491196252014	-1.16166732557635	18.7101744328991	14.3463894503412
PAFAH1B2 SCARF1	-0.463311728556907	17.2497721042709	12.9406374108943	-1.03151648454537	18.1766581914022	13.1888386099964	-0.732773434815564	17.8159375345339	13.2220621886936	-0.895604706680442	17.9810875307254	13.2951270515787
PAFAH1B2 SCARF2	-1.1418971276479	18.6354130267388	14.4231977575029	-0.526470194596192	16.7610870377424	12.4493023276239	-0.64099048328039	17.627501933769	13.5134696751637	-1.06291193099303	18.2412820455785	13.9367686813451
PAFAH1B2 SCGB2A1	-0.75156229542822	18.0430584744186	13.5240412980361	-1.19354196357034	18.6303391325477	13.3126928655225	-1.22012626634913	18.8475219020987	14.3251063209712	-1.04639272725109	18.7024137027352	13.922260518913
PAFAH1B2 SCT	-0.541055211325639	17.8451982360911	13.9419884233914	-0.791196460545894	17.9630388551277	13.0116716774854	-0.860931039257793	18.2792858887272	13.8690196409623	-0.826110479941845	18.2064555147576	13.8569904636267
PAFAH1B2 SECTM1	-0.263210154027543	16.7793996042514	11.9127816423261	-0.429824374606615	16.4823136041972	11.6862084840328	-0.50123587831311	16.8584956829244	12.2546445118372	-0.422559750182801	17.0041771717263	12.2435799992876
PAFAH1B2 SELE	-1.10865919691161	18.2217160518828	13.6124080398918	-1.32474066474842	18.4654852336034	13.0360524996973	-1.38813001178297	18.9636152004302	14.3463140299426	-1.26236086551709	18.5439628258044	13.659367456949
PAFAH1B2 SELL	-0.625516651626507	17.3484175132374	13.7837940315063	-0.662876294766325	17.2129234358062	12.5416996503592	-1.2043560182266	18.1226608716014	13.9092095993482	-0.849526812889987	17.7099031544992	13.6007917304186
PAFAH1B2 SELP	-0.911325687195908	18.0895209224023	13.4824205268702	-1.25787782368848	17.675427245092	12.8301210909854	-1.26526838678655	18.5631660627444	13.9591659552797	-1.13283914722227	18.1872718593356	13.5776473066751
PAFAH1B2 SEMA3A	-1.32274333773638	18.3850539996551	13.9814073137996	-1.31979059475825	18.1250638714275	13.6513510942181	-1.55493511372814	18.999579266999	14.6081421121965	-1.29886288384259	18.7588467547657	14.2970106367437
PAFAH1B2 SEMA3E	-0.335100319396082	16.1869638064565	11.8841009730492	-0.732028024057875	17.8833527631983	12.3210850411769	-0.739688179898747	17.5840849668239	12.7259955255191	-0.50382734530395	17.1576968709988	12.470319002976
PAFAH1B2 SEMA5A	-1.33271849888559	18.2889604756064	14.1652580183382	-1.66764627193295	18.5337805598165	13.5554233951742	-1.64189040681501	18.8530388855065	14.2610192403652	-1.8376758815546	18.8876823088326	14.3560896482073
PAFAH1B2 SEMA6A	-0.918110570769758	18.2814883779726	14.0245060687707	-0.604989019194648	17.212727085841	12.2382365027975	-1.07059152339329	18.0764077287467	13.68321715422	-0.954691123140155	18.0703104997207	13.5942112830183
PAFAH1B2 SEMA6B	-1.28527887554191	18.6689921268749	14.1537248797846	-1.17289542644074	18.7840284972462	13.3580973727684	-1.57080178055188	19.0523318932332	14.2044679916602	-1.25935375296928	19.0034644928766	14.0121660576652
PAFAH1B2 SERPINA1	-0.51363097399209	17.6705574435942	14.0027912742457	-0.283500708675928	16.3427449520883	11.9493817650418	-0.613651745944354	17.7196066340827	13.6300907061677	-0.463763177651504	17.4177707796143	13.335447673028
PAFAH1B2 SERPINA10	-1.32860587867828	18.2902880402626	13.7594568376168	-1.5892827267549	19.3944030014005	13.6869955093774	-1.44585811855186	19.1322406926844	14.0257194821892	-1.71061106560545	19.0551102437419	14.0922528200894
PAFAH1B2 SERPINA3	-0.88365803974073	18.3246634071501	13.8064720999338	-0.998706673020406	18.4258242146306	13.4818599937748	-1.07425424332123	18.5161781535874	13.7583500836498	-0.867956736527574	18.6825436029053	13.9667256766323
PAFAH1B2 SERPINA3.1	-0.535870474120725	17.1025955022997	12.6727773138012	-0.659848000900509	18.3995375901124	12.7197945648674	-0.844073778132886	18.0298896700882	13.5074605938427	-0.641512711364674	17.9000124328625	13.0359072159908
PAFAH1B2 SERPINA4	-1.0245414093992	18.0371052442117	13.0240790345096	-1.40712748749839	19.3907726569217	13.916627020641	-1.13814587024205	18.9917098402648	13.7980355644832	-1.41545563412774	18.9682708150173	13.7426837776856
PAFAH1B2 SERPINA5	-1.18378327272293	18.494730896495	13.9968324697584	-1.60882845087469	19.2099165844799	14.3798164194645	-1.26095616260859	18.942885475245	14.6347224598914	-1.63013897508843	19.0545941672501	14.4871898459126
PAFAH1B2 SERPINA6	-0.503311879181212	18.074834074667	13.8295395609936	-0.792706659961222	17.5640101416012	12.7925786736594	-0.576462377740347	17.9589213472285	13.4924249608259	-0.881074704595677	17.990791796086	13.6471859782169
PAFAH1B2 SERPINA7	-1.13168405967382	18.1011363611245	13.5294411069358	-1.72673948972829	19.0549826663542	13.9898349927224	-1.41712922563669	18.4231522573796	14.0579952177948	-1.60713298376385	18.7222415756134	14.1128096001503
PAFAH1B2 SERPINC1	-0.419987275718381	16.4944790507366	12.0438411324648	-0.847438934479452	18.0418899397403	13.2761263291224	-0.538900754982939	17.4017419451835	13.0929132156136	-0.611704053149189	17.4640928419363	12.9914669103544
PAFAH1B2 SERPIND1	-0.638353238438423	17.6666772762778	13.1661908322858	-1.45069116000063	18.6651083760633	13.5523772927456	-1.11134844872883	18.4580195056823	13.7207506662751	-1.22164528519803	18.6718516083431	13.7317964874942
PAFAH1B2 SERPINE1	-0.629985587113066	17.0174689041317	12.5996581328497	-0.813097211869079	17.8932149026256	12.8060853728517	-0.990398071736582	18.4391134769481	13.8123662587534	-0.820410733995671	17.7688880798886	13.0550579557919
PAFAH1B2 SERPINE2	-1.56203776323018	18.3113299839221	14.1101289149742	-1.28427745581445	17.7392519999934	13.2094640012709	-1.12624623647842	18.8862817316454	14.3027259388266	-1.5356922450853	18.4044805671718	14.160489714715
PAFAH1B2 SERPINF1	-1.17350258706418	18.3942584804618	14.2709594067175	-1.56090111141647	18.4451632654999	13.3499350105017	-1.76358443627953	18.8081903322151	14.4966120609173	-1.19459927321925	18.8524559576402	14.1960931166057
PAFAH1B2 SERPINF2	0.135017402022709	13.9308502446814	10.2823667310029	-0.316996177994346	16.3398694331124	11.5847519924101	-0.25391131302689	15.7778747693278	11.6063512808277	-0.0858825491149215	15.2773424934097	11.1946502651853
PAFAH1B2 SERPING1	-0.570379052820392	18.9646342846395	14.1179570470281	-0.537420219296712	17.6234583641309	13.1620443984283	-0.491688375215939	18.6965045086138	14.1641451905747	-0.625613312192869	18.6621173288351	13.9558277240849
PAFAH1B2 SET	-0.632811699467756	17.1753279947118	13.1197938172779	-0.942045678333525	18.1359511847453	13.0329402799506	-0.839181493201155	18.0560339761035	13.4500812256727	-0.999296230264651	18.2248931436335	13.5363107227676
PAFAH1B2 SEZ6L2	-1.13719562566862	17.7365628217647	13.373290949466	-1.00973314939646	18.0184542115226	13.396885894422	-1.49137517939014	19.2690759731003	14.5300655982762	-1.36565694568236	18.4130270935636	13.931093673075
PAFAH1B2 SFN	-1.22423455494548	17.3008399843153	13.7900914168417	-0.598416973389486	18.7404772292987	13.0892783087778	-0.927064527057565	18.6379906386817	14.1450660134479	-1.02457538195846	18.1689231994807	13.7963663359903
PAFAH1B2 SFRP1	-0.3728937617159	16.2157696862735	12.5169011516372	-0.523021450648308	17.2171270032347	12.5122991368148	-0.472369437350268	17.1484439806968	12.8934042769197	-0.45559944396935	16.9517388256832	12.7506551082005
PAFAH1B2 SFTPD	-1.05700578209911	18.3525753331286	14.2871859684224	-0.921067649192152	17.4817179720132	12.6879042725688	-1.32280156481128	18.2208681535782	14.0693575920937	-1.05666244650594	18.1443096859463	13.9591740984671
PAFAH1B2 SGTA	0.171877143303935	14.6825196249506	10.998675369442	-1.39959121515409	18.2414663223564	13.168049477804	-0.759069358226957	17.2925544273637	13.2290256669012	-0.588379086252509	17.2119817174885	12.9232586287356
PAFAH1B2 SH2D1A	-1.27491071128182	18.3601208038266	14.2795903605385	-1.11195212074124	18.0455959121208	13.3976344636162	-1.56384100567761	18.4455529061003	14.3968409382361	-1.31826454469699	18.4173198828648	14.0439824325372
PAFAH1B2 SHBG	-0.0504345439144358	15.6426939133643	12.3773693850488	-1.05017901325124	18.4876501895762	13.2997695607796	-0.899282806749638	17.8827769852099	13.4484917965513	-0.603411871847401	17.5653731408088	13.2608861772084
PAFAH1B2 SHC1	-0.236061732840992	16.8227615253847	12.4389452929217	-1.45436557224181	18.714708803832	13.7377449342707	-0.692038012045211	18.2382564268135	13.5633674709254	-0.747604335727823	18.1144761906579	13.448031541791
PAFAH1B2 SHH	-0.619569234415601	17.1915473778385	13.5937354220765	-0.690154096263176	17.2116716935795	12.8583698632976	-0.796864009501161	17.7309018118659	13.7289417724703	-0.662089444581011	17.5320312594958	13.6323031654213
PAFAH1B2 SIGLEC1	-0.72572321800309	18.0681367526267	14.0099500004608	-1.24572262082117	18.8248827949479	13.8467387720067	-0.92631357014419	18.8040958073829	14.2336728159547	-0.95917680505589	18.72446897195	14.1960635348521
PAFAH1B2 SIGLEC14	-0.738333521524095	17.4663135730002	13.5916628397584	-0.43763758665503	17.2007713625912	11.6632058271292	-0.949985905938673	17.7645521429312	13.2547812679826	-0.607748814631726	17.4289506177396	12.7895968041752
PAFAH1B2 SIGLEC6	-1.16119630552717	17.7348416695367	13.9287807147059	-0.619960942209751	18.0542357156105	12.8687848795194	-0.895978289848874	18.4631817692335	13.9569041243279	-0.945389269541015	18.3718931842565	13.7496126567952
PAFAH1B2 SIGLEC7	-1.07132303105568	18.1270857644464	13.8804241415964	-1.08530367202222	18.4758007552004	13.5413199505012	-1.09234243760219	18.7103783723341	14.0660623993022	-1.14314170369606	18.5435429545259	14.0912176572398
PAFAH1B2 SIGLEC9	-0.836155007266568	18.5405878891032	14.5354300779458	-1.98071952106949	19.8332698195064	14.5893173317198	-1.70145495732656	19.4650493441678	14.8644691824735	-1.27743074377074	19.2148100971709	14.6629012373976
PAFAH1B2 SIRPA	-1.61569802373267	17.9656924351112	14.1600802849559	-1.31264182997817	18.8970299872995	13.5973576966462	-1.51331951237704	18.8708274084313	14.2679321399336	-1.69588680689188	18.6443846546524	14.0569372395649
PAFAH1B2 SIRT2	-1.42178619583717	18.7038111383219	14.4907052787583	-1.51876068966119	18.8800895811712	13.694212818572	-1.45600102635806	18.9423978782983	14.2095477813429	-1.73961808389766	19.0456187039643	14.2771152848749
PAFAH1B2 SKP1	-0.794063234117316	17.955918216252	13.5475342554652	-0.622509755672866	16.7679772351931	12.9281517071161	-1.36039521264456	18.4287289907675	14.2575825342364	-0.809957064427263	17.8541323947918	13.6713984022792
PAFAH1B2 SLAMF6	-0.711436407785958	17.6304656476114	13.141721996594	-1.07424738233357	18.690234638637	13.2010181249433	-1.00144429164999	18.6350265774417	13.3755120222092	-1.0884578242073	18.3699645024029	13.4914952656875
PAFAH1B2 SLAMF7	-0.699930784059482	16.8230043751638	12.9257335511074	-1.59130700509079	19.307046776586	13.8010517993842	-1.62989462061686	18.5930489347374	14.0771837370695	-1.20125153079238	18.2683780291416	13.6106624217919
PAFAH1B2 SLC25A18	-1.22317382736322	18.3667699327958	14.2253531417008	-1.15173716012039	18.7244699319305	13.7330447777324	-1.18411276565521	19.1430249306388	14.2777300545712	-1.09588064676954	18.762642933709	14.170545664674
PAFAH1B2 SLITRK1	-1.02047882452195	18.0355010736864	13.8652259076529	-1.02519479156261	18.1945234686174	13.1651173064342	-1.18980601367246	19.0477947290294	14.311682417335	-1.02283095572245	18.4478669644086	13.7107746127452
PAFAH1B2 SLITRK5	-0.677170174108696	17.2424960646043	12.8134729601507	-1.33958828597171	18.7585186004291	12.9582285869889	-1.18054079010992	18.7395082348507	13.5477897469869	-1.0814991324405	18.2805372012764	13.2364212054333
PAFAH1B2 SLPI	0.367140864306405	13.398488102639	10.2181898348921	-0.478569867714794	16.2698178998111	11.3583091874578	-0.00850448955285876	15.4776067949579	11.5844036367976	-0.0239765059972956	15.1984306852643	11.106551986337
PAFAH1B2 SMAD2	-0.708536636931092	17.3177859811496	13.3298015288826	-1.75055541076857	18.8013370357823	13.6678329875739	-1.20696721151564	18.447739529606	14.0725654136147	-1.14900648209536	18.3419807164502	13.8029929112865
PAFAH1B2 SMAD3	-0.279356564994598	16.7248680524135	12.5658497240071	-2.27627911448195	19.0100823738284	13.9595940242923	-0.721747312916496	18.430457341217	13.7851670701922	-1.01955987237316	18.172524080564	13.5348630870167
PAFAH1B2 SMOC1	0.378423760269767	12.8401550837822	9.10921307998672	0.226412929250857	13.8065349377335	9.30342320039782	0.303266069589563	13.5737083224433	9.3777142759596	0.318243933623296	13.409749579884	9.37424058484486
PAFAH1B2 SMPDL3A	-0.344795407358294	18.2552708644642	13.2297131212758	-1.32748168090945	18.2507149687866	13.5675843143266	-0.962989819557438	18.4521676134386	14.2155910268427	-0.742176386824463	18.612440505508	13.7918108550437
PAFAH1B2 SNAP25	-0.817647712417508	18.3032640418008	14.3428752166166	-1.25193231954138	18.3184443683502	13.5255002846037	-0.793322887993415	18.0822050210588	14.0951969807985	-1.07269266097793	18.3967333127145	14.1312479456515
PAFAH1B2 SNCA	-0.72468980285267	17.3997079342152	12.9802914198242	-1.74220328857675	19.2580607341512	13.9153108474789	-1.26791045899725	19.4901991366181	14.2984665740222	-1.22908986952009	18.7932399677553	13.9976777815798
PAFAH1B2 SNRPF	-1.23858376710623	17.4760877230615	13.4999518912115	-0.503435788595469	17.1201472990518	12.2195442010907	-0.659413273089734	17.4629731237272	13.0818397662561	-0.923842731500745	17.6088490961471	13.3334335443814
PAFAH1B2 SNX4	-0.0965392732908039	15.6737453553344	12.0196445680545	-1.22194895965383	17.8697147256777	12.9528906095378	-0.39595772083382	16.9825789546902	12.7167607209744	-0.598734764746546	17.34434039053	12.9270010823006
PAFAH1B2 SOD1	-1.40156930091588	18.8376132218827	14.1419448049181	-0.657061451916066	17.2407448094786	12.7186252839967	-1.10843775792667	18.4297686058063	13.9498181464158	-1.11558943530318	18.2147091840239	13.8655383313316
PAFAH1B2 SOD2	-1.12490860421091	19.075517431553	14.0545350786935	-0.648487332719456	17.0693972113661	12.8084194693945	-0.86694387888151	18.4389828869238	13.8002588226694	-1.12684538198863	18.3978326169313	13.7627969670004
PAFAH1B2 SOD3	-0.532152437823351	17.0337269981802	13.0820544542982	-1.41043945381134	17.9512516650093	12.7545785049705	-1.11467852968792	17.8526885750413	13.4502488802355	-0.990963271856622	17.7528353085738	13.3052264744972
PAFAH1B2 SORCS2	-1.26165351019962	18.4066904330444	14.5676019512864	-1.40484707768802	18.7502887572386	13.2497759600805	-1.94882278148124	19.2366920407682	14.5582576086124	-1.58816368288239	18.9007997669105	14.2184708533016
PAFAH1B2 SOST	0.573161158584368	12.2549181255437	9.02464926898307	0.228396683746519	14.3344866943605	10.6467564407416	0.284332471952951	14.7427610254446	11.3179990537014	0.394881540812604	13.7913093803201	10.2294299954496
PAFAH1B2 SPARC	-0.864453505226338	17.7156948872335	13.0793318944378	-1.02400248662941	18.3024036534701	13.4463622884634	-1.01278096306851	19.1406477740374	14.2532520893446	-1.10191976388617	18.4561112976995	13.6720200226458
PAFAH1B2 SPARCL1	-0.0129197617321648	16.2856627635207	12.3107007680615	-1.31250227807528	18.4990583393355	13.2960389907239	-0.44636246417617	17.7252174586282	13.2042337836557	-0.424752964087004	17.6022058426073	13.0316204936379
PAFAH1B2 SPHK1	-0.280706591054769	16.2747788695609	12.6725051137925	-1.68459455780837	18.6800451855164	13.7283243306088	-0.774692764224523	17.8251415255264	13.6604661650951	-0.945397226093031	17.9011060318669	13.6338013315857
PAFAH1B2 SPHK2	-1.20206285069969	18.5972395017495	14.60108185829	-2.17967826606872	19.3536479277266	14.4211700297039	-1.42122103056125	19.4259092736829	14.806832513115	-1.47155879787976	19.1300984718523	14.6159343493433
PAFAH1B2 SPINT1	-0.967606701286609	18.039023769492	13.9299307160745	-0.705883051284126	16.8385662394827	12.5985257476976	-0.853022999409148	17.6949396142167	13.866359190152	-0.790046443740169	17.701859739732	13.5731159574692
PAFAH1B2 SPINT2	-1.26337577161993	17.7317677126731	13.8799519795502	-2.31273119061863	18.8195672131367	14.092037896589	-1.40819638354613	19.1357675806916	14.5001519912575	-1.59854206006966	18.9270674780743	14.3568004437401
PAFAH1B2 SPOCK1	-0.610889485328968	16.7238549192257	12.9036758809643	-2.00138092319774	19.0455079067917	13.3958655794869	-1.4373433053002	19.1398486510466	14.1284456553546	-1.17471019748521	18.3054446577818	13.5304806905817
PAFAH1B2 SPOCK2	-0.731705961986297	18.5400136814264	13.0406329468483	-1.39725734510181	18.9289711503151	13.3709837897816	-1.29734588877453	19.4934904173429	14.0939879878956	-1.17928801035576	19.1359480211517	13.6494268427014
PAFAH1B2 SPON1	0.427215571965684	13.1738664280286	9.96435366033605	-0.0504027332441515	15.6470703265224	11.001576338647	0.233910498874209	14.8408428827422	10.8925888672767	0.257215313885286	14.5266958804433	10.6568097884929
PAFAH1B2 SPP1	-0.320236035622217	17.3169294279745	11.9629874678707	-0.541238495384766	17.6933410351968	12.042536979111	-0.597837164568447	17.7822451560749	12.6843846877844	-0.452355437699266	17.6819977420041	12.3112647300141
PAFAH1B2 SPTAN1	-0.946158960689498	19.0563629014391	14.2742494807861	-1.45076186759672	18.6431878470768	13.0505129874377	-1.33213895531339	18.9372024194069	14.0809648051286	-1.14874681158041	19.1556127231105	14.0071902640241
PAFAH1B2 SRC	-0.269940447103711	15.6503541884667	12.0598731169256	-1.53705067505551	18.3279194639346	13.4652255729008	-0.556337790021508	17.0304195057501	13.0494603046895	-1.03197461818041	17.5835651502461	13.4058944854259
PAFAH1B2 SSRP1	-0.145378405710737	16.6609516794717	13.0761501071167	-0.981105669039944	18.0864589735285	13.0610139165504	-0.556886452376337	17.3649766702418	13.4357967973415	-0.671527789788013	17.7774957973661	13.5715799220507
PAFAH1B2 SST	-0.14707734716483	16.3087258108134	13.0401592127001	-1.40062011678015	18.4754205013301	13.4637352228269	-0.941259773688284	17.936012458118	13.7525760306855	-0.694377620890017	17.6273334734803	13.5079028844423
PAFAH1B2 STAB2	-1.56339139130347	18.5314890495211	14.6819236530606	-1.08769462871767	18.6805595567958	13.4230098669568	-1.15088392270503	18.6979434712349	14.24371232764	-1.40908555049397	18.8738566530783	14.3561616832698
PAFAH1B2 STAT1	-0.751036404375297	17.7007443483387	13.7168771242758	-1.8037197530281	18.7223688731677	13.854901496827	-1.24026341128768	19.0589725882671	14.405417024548	-1.19995952220761	18.6047729780555	14.1884177310084
PAFAH1B2 STAT3	-0.406823074448913	16.8279425227212	13.0125956224427	-1.9977976253126	18.6562204298375	13.6570346401761	-0.899502340483125	18.3633391539628	14.0474023011737	-1.15077582213879	18.3099991480906	13.9090287971966
PAFAH1B2 STAT6	-0.359315408828033	16.4055849004185	12.4222547658923	-1.31896737807629	18.822831195624	13.1743020191769	-0.972778260995379	18.4629215048027	13.6254514559093	-0.817681985909804	18.0407508941671	13.1381234999878
PAFAH1B2 STC1	0.304118412790717	13.8352266777088	10.4566640140555	-0.965261654188508	17.5041591784798	12.8558397420025	-0.296755206250906	16.6617281273868	12.5928646794453	-0.177853189240629	16.0756887588398	11.9968136506357
PAFAH1B2 STIP1	-0.331964552374901	16.3254569489089	12.306654956102	-1.46021199647263	18.7155904429701	13.3960010342817	-0.882493041149084	18.376668971305	13.4004529272987	-0.939613802363848	17.9433173652227	13.217623414522
PAFAH1B2 STK16	-0.739378427780837	17.3534142952609	13.7754886794175	-1.10767659311656	18.9478342741115	13.7772118445908	-0.934879306788636	18.6507925931011	14.0754786262838	-0.97187320912339	18.5777362957563	14.1021084363506
PAFAH1B2 STK17B	-0.678374429928211	18.5704543702005	13.7660529644617	-1.3679096658443	19.2460847836497	14.0746908209601	-1.31115697545854	19.2580937230451	14.3283180272262	-1.05253634148191	19.1011164351366	14.2394159919806
PAFAH1B2 STUB1	-0.0337838840931273	15.9611894247706	12.4350721836534	-1.27131190846802	17.818623854206	13.042025340025	-0.413170964736547	17.3512651294731	13.3043170361585	-0.615243778888113	17.2657258584843	13.0765502714041
PAFAH1B2 STX1A	-0.713554868774633	17.3759824821448	13.4854624063792	-0.977161632465793	18.4476560925067	13.2372222282424	-1.00732466902267	18.2944741745948	13.8857233914248	-0.975173897137313	18.4143632430686	13.8534384388949
PAFAH1B2 SUMO3	-0.565434092146868	16.8595549478076	12.7963187577035	-1.58486715544743	18.4322528182675	13.5608501305932	-1.41304899672471	19.0028126949073	14.4641703065072	-1.11044489312225	18.1043862283902	13.6662522103948
PAFAH1B2 SYNCRIP	-0.967635202012782	17.5530640447822	13.4818237980064	-1.49773136180983	18.4343153347918	13.4131182493548	-0.92382064219636	18.9014825371583	14.0435780873493	-1.17686620489728	18.3666587349971	13.8560248713582
PAFAH1B2 TACSTD2	-0.979319804773591	18.5600056342914	14.2485887210167	-1.30222112637501	18.5555565925309	13.800295663441	-1.1185752243219	18.8707922427236	14.3910721212466	-1.20626057601547	18.7676637682519	14.2958965209782
PAFAH1B2 TAGLN2	-0.117647046496516	16.5317838434912	11.8313470265505	-1.29696969762199	18.5919930720041	13.2818112084719	-0.745522642171951	18.6948821522651	13.8069032267231	-0.736455706902	17.8918262990016	12.9374415188791
PAFAH1B2 TBK1	-0.795194374048058	18.2669015493253	13.5320674971736	-0.771832116201116	17.6785406228344	12.8473788607746	-1.07534028483931	18.5579463235123	14.0632874503553	-0.919026901882786	18.2719754711566	13.5914247093716
PAFAH1B2 TBP	-0.572751868042888	17.5021782253942	13.6721745710169	-1.26683233054635	18.5228179193333	13.2566620517163	-1.16632063183773	18.4468312211341	14.2155646669312	-1.03861154601969	18.3176792436927	13.9993072531293
PAFAH1B2 TDGF1	-1.69197659962329	18.3054830827898	14.3601758821573	-1.39892922979806	19.3685350631258	13.7145478110603	-1.74015426273794	19.259850838962	14.4824639101552	-1.36262424470001	19.228960140018	14.3856655328269
PAFAH1B2 TEC	-0.302563115859141	15.6461050986455	11.8415597152629	-1.50122875312034	18.3841090168294	13.5202563876979	-0.674399256047992	17.5498169608685	13.4752178440708	-0.726103407811774	17.815545241294	13.3669605264013
PAFAH1B2 TEK	-0.884465605500391	18.1527054033414	14.1428571536495	-1.02010373352464	18.6504706492033	13.4057595116382	-1.27355424347472	19.0135123682637	14.2207230372686	-1.03949292524557	18.9309797407283	14.1537174968858
PAFAH1B2 TF	-0.894316188397327	17.9129907783523	13.5813080387977	-0.970800371835908	17.5511023059557	13.0874635761825	-0.773332750074729	17.8518631972805	13.747355049905	-0.841592959568381	17.8651220226564	13.5506103997527
PAFAH1B2 TFF1	-1.35427364159887	18.3922030139966	14.2604571936628	-1.7823947570938	19.3656825182403	13.8253695962861	-1.47351758020243	18.858986331058	14.3545595965389	-1.47348526804058	18.9592623466114	14.2187089854172
PAFAH1B2 TFF2	-0.507931182944752	16.8286639259206	13.11416221042	-0.678555843743118	17.7748013045666	11.7741926367128	-0.68761118038973	17.7168869500561	12.7662707717402	-0.601475523586736	17.474389328981	12.6759840150773
PAFAH1B2 TFF3	0.362646913636639	13.3051008724999	9.63035335082786	-0.268605132112488	16.1019742609053	11.5399668788266	0.180299325644324	14.8817316807297	10.899190274616	0.135024349689768	15.0738863280352	10.8663795624004
PAFAH1B2 TFPI	-0.424879477750467	16.9856545179965	13.0816538088196	0.0121103081186285	15.1437672548556	11.1055039349948	-0.249519608741544	16.8182318633251	12.818729936031	-0.289597316011387	16.4718740474469	12.5297724763211
PAFAH1B2 TG	-0.366676324698974	17.3399852925131	13.2364316466475	-1.54803917568285	18.9470489202587	13.6884561501236	-0.935870595129096	18.452126084042	13.5998424294047	-0.673013159970394	18.5443571697501	13.6717332104771
PAFAH1B2 TGFB1	-1.67165404927727	18.5688013665873	14.6864164409883	-0.869318164007756	17.8719688283808	13.1660565505486	-1.22563664814937	18.6178328463559	14.2448558999336	-1.48536773799462	18.5100160941914	14.2352181341205
PAFAH1B2 TGFB2	-1.11225875826273	18.395667050035	14.3696046086435	-1.43956854215308	18.9284708055172	13.629757717586	-1.45692633167594	18.9262884237797	14.2356462693689	-1.30085527064321	18.8592994201522	14.1743950300363
PAFAH1B2 TGFB3	-0.20534389293187	16.1194157458799	12.3068929300053	-0.0756634734494477	15.871285766454	11.3153039555286	-0.221744320014332	16.4135022186685	12.2209457887455	-0.163987761563319	16.3061837623729	12.0626229426925
PAFAH1B2 TGFBI	-1.2878239941549	18.8261747897458	14.5267157790063	-1.48251537273012	19.2532336515107	14.1273673266773	-1.61885429470166	19.4673843788357	14.8299812131431	-1.40473871570627	19.3949635943385	14.5916875654795
PAFAH1B2 TGFBR2	-0.854369911787569	17.7159949736069	13.5673893370005	-1.38047980139395	18.613319317008	13.6774974838143	-1.24997354938709	18.8933986834179	14.2890889643652	-1.11091893609354	18.3739435781139	13.9890582894753
PAFAH1B2 TGFBR3	-1.15138075510224	17.7744014313495	13.8380254290319	-1.14943692409643	17.851660162471	12.8722430097717	-1.19790813285111	18.1443444834267	13.6639848892417	-1.1296226176619	18.0034543801141	13.6614980387101
PAFAH1B2 TGM3	-0.827311635470078	17.9465877513716	13.844006301718	-1.60025510744826	18.8039726437834	13.5581712339772	-1.59106248207535	19.1829642016823	14.3873706934738	-1.14458623167675	18.5662369464158	13.9085907490984
PAFAH1B2 THBS1	-0.995172463856817	17.9768625546324	13.3833728479643	-0.881432428136727	17.609961042921	12.8654442138529	-1.00964663701481	18.7376499320487	14.1804545122509	-1.09974105151236	18.1841183203796	13.5647160479647
PAFAH1B2 THBS2	-0.12716698401949	15.4792576576903	11.4133789746144	-0.439873151339087	16.9318716604891	10.906242538089	-0.536584330213026	17.0281436871379	12.2358001131778	-0.384789297416953	16.4114084758398	11.6211857874374
PAFAH1B2 THBS4	0.230980068431491	14.0059460008953	10.7739149450898	-0.765144566293346	16.7243645608501	12.3053897646525	-0.252273482708354	15.7861902997177	11.9668803787276	-0.24432506033275	15.7763744296227	11.903960206186
PAFAH1B2 THPO	-0.616803865199154	17.5187543081647	13.8563340982148	-1.83254411518961	18.8315219948057	13.667565867695	-0.990526269294879	18.7079974987497	14.1119515537151	-1.02493164374745	18.5126023897035	14.118515079817
PAFAH1B2 TIE1	-1.77079971896002	19.4725880104529	14.8332977551271	-2.32835100772274	19.3649610437078	14.0289231776718	-1.51901472303579	19.3132483733944	14.5933306013391	-2.0995739661882	19.4766625181639	14.6842034570553
PAFAH1B2 TIMP1	0.0401206165686809	15.3976414254276	11.8285204533148	-0.316172464404743	16.4458870682375	11.3994963782544	-0.10632324258954	16.0526659307671	11.9250813986679	-0.111671442575525	16.0777499784855	11.8912139191296
PAFAH1B2 TIMP2	-0.604423317253679	16.2914285353059	12.7582603999337	-1.23485053045844	17.6405682517224	12.8397103617142	-1.04166370209464	17.6498097373095	13.3852470416933	-0.939215812839128	17.274444014303	13.2168673534015
PAFAH1B2 TIMP3	-0.827300440548951	17.9901105134258	13.7064593159714	-1.18231971109551	18.1413033205821	13.2246231984802	-1.14947144009987	18.6496023931843	14.2595453199839	-1.13130470285631	18.3780620880028	13.8913998923486
PAFAH1B2 TK1	-0.753959141757636	17.9313968661731	13.7380637658475	-0.562935957312131	17.666924317203	12.6097261483893	-0.830500142584079	18.4474688259949	13.7902316544461	-0.70742082254934	18.4067671863421	13.58839695131
PAFAH1B2 TKT	-0.145137543698751	15.8151990451243	11.7246293339494	-1.6621735577496	18.1214486063199	12.8934877390738	-0.711989849816075	18.1933277721649	12.9735882546773	-0.748214319033625	17.4186388375105	12.6250024087544
PAFAH1B2 TLR2	-1.18458927893664	18.4359638557315	14.5297595393367	-1.63263850953546	19.3778424325538	13.7351602319959	-1.4780714459213	19.3084404876405	14.6075456917594	-1.42299693041301	19.1098931570513	14.4130987848516
PAFAH1B2 TLR4	-1.5697060618053	19.0786602466681	14.8028515954256	-1.7361386539797	18.993750485727	13.9226750381818	-2.25696980986796	19.4384378434777	14.9089060721999	-1.94633033940106	19.3976868345084	14.7837206389404
PAFAH1B2 TLR4.LY96	-1.1232829969456	19.113746725471	13.9237890634647	-1.17448274932277	18.3369221255158	13.3965348157094	-1.06344912692249	18.9186591248167	14.0116863496951	-1.21872304964313	18.9793510011588	14.1083125426545
PAFAH1B2 TMPRSS15	-0.34761357797125	17.2480653563757	13.6258198726952	-0.506059427779244	16.8238706532892	12.4052806156086	-0.373752735407675	17.4014881895699	13.3063561325826	-0.446522963268621	17.3232898061069	13.3622232604904
PAFAH1B2 TNC	-1.15566775822337	18.4210168389089	14.2609535489893	-2.10108607173813	19.2903748676616	14.3443393962121	-1.14556938109034	19.3093290421744	14.7485348870012	-1.51526478905594	18.9289165579389	14.5276278969659
PAFAH1B2 TNF	0.15207755428033	14.8847018399324	11.0983669715043	-0.377615264516927	16.2804740265903	11.7974683655428	-0.048890302805086	15.7376590727522	11.8399101662426	-0.0602326115439	15.860866917178	11.8466164886743
PAFAH1B2 TNFAIP6	-0.289231866841689	16.5785484152293	12.9257148248972	-1.24802801088278	18.7395963794804	13.5073191940496	-1.03970592298491	18.2426907881139	13.9371613514535	-0.791888509571524	17.8616756035871	13.4645758248399
PAFAH1B2 TNFRSF10A	-1.66151932646964	18.6890942791445	14.6432975772602	-1.33678286450527	18.6463129165287	13.1508433340387	-1.52244718099214	19.0281230283164	14.3294833002956	-1.56658468659037	18.9674407909786	14.1566121876032
PAFAH1B2 TNFRSF10B	-0.670829736860667	17.9191901930503	13.6460460389112	-0.993958184691693	17.851431070226	13.4048561215704	-0.663185167762098	17.870834219481	13.8722214012506	-0.921778006551916	18.0829664711908	13.8647959633579
PAFAH1B2 TNFRSF10D	-0.145120568167236	16.6958926105975	12.2405207346659	-0.227860612688569	16.9705928169481	12.2614070267146	-0.199647066171318	17.1430409552435	12.8501106908696	-0.152962361136494	17.091813870254	12.6067084877519
PAFAH1B2 TNFRSF11A	-0.783611220921808	17.5162857927704	13.4365995238988	-0.851467213059318	18.1995210232959	13.3153890226264	-0.694358115253378	17.9564055806441	13.7359798940842	-0.845362483111044	18.0740815132312	13.6336679762047
PAFAH1B2 TNFRSF11B	-1.60504395007674	18.5542904461984	14.8088054426968	-1.03469797639082	18.7437810938208	13.5705360731321	-1.32145852719099	19.240493706803	14.4481279037881	-1.31115731672103	18.8996705093032	14.4046958238758
PAFAH1B2 TNFRSF12A	-2.23453758121307	18.935120392843	15.048969434595	-1.36725047454274	19.3785994909763	13.643782684597	-1.65736025556423	19.3106871750478	14.478560990603	-1.72333184149885	19.3524643441127	14.5288078485769
PAFAH1B2 TNFRSF13B	-0.254934177123109	16.6306750782595	12.7982561634702	-0.798203627695382	17.3391263889262	12.5790807786599	-0.534962604594942	17.3710093222431	13.1768169160104	-0.449467036418418	17.2483139148987	12.9897100021434
PAFAH1B2 TNFRSF13C	-0.283012418226484	16.8364028947014	12.0951311039243	-0.698457481030991	17.5936026764983	12.032497822071	-0.598634549779412	17.7773904594336	12.7177632209367	-0.552299316587788	17.6247318643426	12.5855179450569
PAFAH1B2 TNFRSF14	-0.768549125185109	16.8183476398658	13.2321009581429	-0.68243413834394	17.5501256001994	12.2345116082754	-0.498692413619544	17.2284093299614	13.0238182548988	-0.623777682761152	17.3315696531189	13.049526204578
PAFAH1B2 TNFRSF17	-0.610799676165539	16.7720803795824	12.8327990192443	-1.36035220925909	18.9773531548098	13.3131116879314	-1.28188604475614	18.3240109760271	13.9083115534221	-1.00864192450974	18.1101301782411	13.4240522824045
PAFAH1B2 TNFRSF18	-0.457259832806293	17.5181211071844	13.2754754207279	-1.28539533411822	18.7281034296766	13.5346575754876	-1.26860795581124	18.676482207524	14.0775475637315	-1.12532349948149	18.5947261577359	13.9148140576202
PAFAH1B2 TNFRSF19	0.336892256716247	13.6908829845915	10.1146772833295	-0.514143269221601	17.2144883993428	11.8309745257268	-0.100557237939717	15.9676081634997	11.4537453385022	-0.0801681142633492	15.6938977081193	11.230023970031
PAFAH1B2 TNFRSF1A	0.46894276118496	12.493200842294	9.20347803558358	-0.00959803260468983	14.939641585938	10.4143889386271	0.176694085446527	14.3411019247966	10.3652240485019	0.278483594595479	14.0538206547664	10.1557845003791
PAFAH1B2 TNFRSF1B	0.23111179124253	14.2711642969298	10.2148827203854	-0.17516092859989	15.6291835165504	10.6027380618816	-0.0473750501197094	15.3492506786651	10.8927466651844	0.0165214848491817	15.115677416501	10.6896433782776
PAFAH1B2 TNFRSF21	-0.457198105056935	16.9697202967337	12.2426429659525	-1.1447857678799	18.3434720767263	13.1434561232673	-0.780467356082072	17.9103186214336	13.2085144261	-0.788467024468869	17.9716629909558	13.0728065605627
PAFAH1B2 TNFRSF4	0.113233482691804	14.6874366403602	11.4587694338418	-0.196638819451039	15.5542954157548	11.4227521951477	-0.0244360536991091	15.2960664512546	11.6852427937708	-0.046893732889187	15.3780219403529	11.8478479219709
PAFAH1B2 TNFRSF6B	-0.586415966765892	17.2782406108802	12.8471914570971	-0.899767518253528	18.4214933748432	13.2912338437496	-0.721839511056102	18.0773995976666	13.5199545602237	-0.810130430505077	18.1751596989777	13.5332513198241
PAFAH1B2 TNFRSF8	-0.963468010660402	18.5800866498996	13.2219094654706	0.0300900530968463	15.703149555205	10.6664602976222	-0.487774899541369	17.9488024654467	12.5165275688743	-0.445677244126044	17.3744536176251	12.2866556268555
PAFAH1B2 TNFRSF9	-0.419767209063099	16.5181465172294	12.3045582507125	-0.0230366374562663	15.1951487613528	10.6651445856235	-0.207549540027321	15.9636983191702	11.6321149352106	-0.28488574737007	16.1611387687329	11.7875562945795
PAFAH1B2 TNFSF11	-1.20254686849128	18.4445463772798	14.02650061926	-1.07289788344181	17.5563973546451	13.0822384141463	-1.02575399625592	18.0964154461681	13.9672986581257	-1.24519226252089	18.2632484162538	13.8604603925726
PAFAH1B2 TNFSF12	-1.05027298970278	18.1141632996995	13.7914063769275	-1.72177564819073	19.2039751026937	14.0995709104519	-1.41673180691666	18.9682645709186	14.3881296429467	-1.51633716709014	18.9388383030417	14.2716847447064
PAFAH1B2 TNFSF13B	-1.0139742455124	18.538547515432	13.4672174049487	-1.68362899437458	19.5002322599396	14.1050534229092	-1.61153494007313	19.6608734854593	14.4254499701215	-1.22000602002473	19.3229052349599	13.9868374785738
PAFAH1B2 TNFSF14	-0.676887441383513	18.0624525120523	14.6137487766108	-1.46984644596896	18.8954672726869	13.5794938110815	-1.4341337770893	18.9613436529825	14.497798510937	-1.38516353002318	18.6986942891425	14.3322494814391
PAFAH1B2 TNFSF15	-0.426286376609398	17.3903675646037	11.9360916743214	-0.896502404499504	18.3437093526655	12.5740154562021	-0.701293785142594	18.0569294446306	12.7683769580173	-0.744537846274646	18.0217555053249	12.6126175135019
PAFAH1B2 TNFSF18	-0.645783342175314	17.2595691904907	13.3075918322909	-1.65516935149338	18.6871016248214	13.5223876866419	-1.28798472592404	18.8935410990464	14.290290841696	-1.53212004855869	18.7057496603379	14.1637849168379
PAFAH1B2 TNFSF4	-1.49793984783846	18.291907212724	14.1680835018124	-1.66874883628589	19.1869830828819	14.042710748522	-1.82514396613935	19.0717272617751	14.5879929197781	-1.67088386243783	19.072584972568	14.4569000853489
PAFAH1B2 TNFSF8	-0.886822277064853	17.7800959473806	13.433001259335	-1.43506575260172	19.2841724941202	13.7599012258301	-1.18001650973767	18.8485878654576	14.0404345681818	-1.24439185634429	18.8496712016711	13.9460059978776
PAFAH1B2 TNFSF9	-1.12466496093376	18.375745537155	14.5419446307344	-1.53521848811542	19.0348138653435	13.4993928033283	-1.6850171089793	19.0892810146531	14.533018846112	-1.59830378075818	18.9235679191953	14.4397304497048
PAFAH1B2 TNNI2	-0.575453132287268	17.8718130466591	13.6259262225794	-1.56784674835716	18.8250339640969	13.5360783297894	-0.962105382449071	18.6195906202142	14.0765187867848	-1.12322837163125	18.7304218800447	14.0265364648446
PAFAH1B2 TNNI3	-0.31834753851442	16.402184879383	12.4467676179934	-0.561017580001545	18.0237277171196	12.3985698999874	-0.358950913965935	17.3516356072912	12.6395803291578	-0.40147936025572	17.3408385703761	12.5587659956528
PAFAH1B2 TNNT2	-0.224741848012178	15.9057625399309	11.6910468598636	-0.0566558147595344	15.545387540534	10.5265149599597	-0.374062749207587	17.0110442835506	11.9630108211038	-0.163612717650228	16.0136684903114	11.4360792452913
PAFAH1B2 TOP1	-0.369272436098659	16.323127426028	12.6354471086337	-1.02190437825412	18.1474827434838	12.8993468766922	-0.75777320364275	17.6200882092346	13.242899328426	-0.79077132645992	17.588836267401	13.1545041576179
PAFAH1B2 TP53	-0.343411762855565	17.1681969469722	13.458130134583	-1.48499756339755	18.8167544543756	13.4672794355919	-0.949726211777711	18.8228030767526	14.2442280947102	-0.844748652820199	18.5695885627309	13.9528717365305
PAFAH1B2 TPI1	-0.472586732295836	16.3465768635385	12.0742476010379	-1.85929197754063	18.2795401286047	12.9753511455187	-0.818229516262895	18.5938912762483	13.276910102612	-0.94086157244112	17.795949337204	12.8632222591257
PAFAH1B2 TPM1	-1.02017488575075	18.3594518896571	14.0104329965189	-1.7136270831557	19.37260172193	13.7654039836958	-1.31833259899189	19.1628192960148	14.1508342422539	-1.38484231840638	19.0021044981169	14.0950803747821
PAFAH1B2 TPM2	-0.807248030767496	17.9736374188891	13.9840513227171	-1.36364362142658	18.3454307687624	13.3529137750993	-0.941078646231727	18.801363541349	14.2716064265214	-1.05231570202935	18.6305406756951	14.1038081659293
PAFAH1B2 TPM4	-0.363556290988276	15.9549628923	12.4415677895562	-1.10738705980813	17.9611080025285	12.7750014860954	-0.565174728181678	17.1688908291573	12.8770993114404	-0.897831823315929	17.5517816845242	13.1814910919718
PAFAH1B2 TPO	-1.07256905610011	18.8819273688667	14.87086249069	-1.04746887945775	18.3677984061294	13.5150407448999	-1.09300302426651	18.9881028728011	14.4057566043015	-1.02788632532578	18.8833482792527	14.3864267747399
PAFAH1B2 TPSB2	-0.230031571764729	16.3121154750955	12.2586433845315	-1.10480657193067	18.7115563780392	13.1441852966298	-1.15135082553131	18.5647196216729	14.1011796553809	-0.940400992511632	17.9193427094584	13.2372762350685
PAFAH1B2 TPSG1	-0.913869054118866	17.8757799173759	13.754612403103	-1.65183844467936	18.4002459091968	13.6225637874536	-1.65470629430432	19.0580049901776	14.5661680922746	-1.46884859939952	18.8272377445869	14.3617235789899
PAFAH1B2 TPT1	-0.444864031410287	16.8973932132346	13.0349452982111	-1.99517131957363	18.6221684016112	13.4559706966675	-0.901092638766683	18.9062229462802	13.9159533127512	-1.0636333077127	18.1637180375145	13.5470422079251
PAFAH1B2 TSLP	-1.17184311649457	17.7473902007904	13.5351639320445	-0.593045909413484	16.8127478640642	12.3623785861422	-1.14269478285852	18.2568901686184	13.9796496119844	-0.943048778449649	17.666641078736	13.3052040030443
PAFAH1B2 TXNDC12	-1.64951616458791	18.4910109380932	14.4169529155133	-0.963784135630829	17.7692610053313	12.6499131550712	-1.19740652092815	18.7246975244871	14.3288907362884	-1.24545976393664	18.3508534707592	13.7765958003551
PAFAH1B2 TYK2	-0.864026230426461	18.4028230644501	13.6050156740767	-1.09692532987455	18.1062309929635	12.8491816474681	-1.15450669426583	18.7291409015726	13.8115992424462	-1.19219863189124	18.5420547596769	13.6014168331734
PAFAH1B2 TYMS	-1.04439298927806	17.2782971743214	13.7303067546973	-1.40134272931118	18.5420679538364	13.6053313321812	-1.77307263837769	18.9761709475759	14.4753487391048	-1.41856004204425	18.3233489749837	14.0955679916509
PAFAH1B2 TYRO3	-1.09880099735146	18.1764281082233	14.2461436927455	-1.23603138869645	18.5094330340867	13.4378142118569	-1.48944161141342	19.2125752542518	14.6855450159076	-1.40480528857389	18.8188632567137	14.4327024606304
PAFAH1B2 UBB	-0.647373490329954	17.4085715957617	13.7646758164377	-0.883757009475275	18.2528411297216	13.1084882089941	-1.24592421233035	18.4715113983184	14.046650315581	-0.95296313132391	18.2314565578996	13.8600303660135
PAFAH1B2 UBC	-0.592343186035438	16.8978699443709	12.7335795410257	-0.869210125108662	17.7231862134903	12.8230836459084	-0.723296714725931	18.1281454951732	13.3755977303692	-0.735786183070941	17.5868689104347	13.1260415181637
PAFAH1B2 UBE2G2	-0.628396901202632	17.2591867114023	12.4886226828904	-1.16736549116507	18.3704991400785	13.1809127808645	-0.966382952260421	18.3350284408064	13.7529337122186	-0.96192106307771	18.110009150689	13.260949332094
PAFAH1B2 UBE2I	-0.431571417021591	16.645168063576	12.4128693533358	-1.57123793172622	18.1309495636662	13.242613062049	-1.19265192156434	18.8864481515386	13.9150932808292	-1.251558732519	18.0094648357329	13.3503345350005
PAFAH1B2 UBE2L3	-0.593245023726755	16.6798166365126	12.3960345723248	-1.90345267037864	18.5323640867977	13.6356966723709	-1.07116132699624	18.9874879666621	14.1049709170292	-1.20520153576427	17.9616092177788	13.5084365646268
PAFAH1B2 UBE2N	-0.390828809124056	16.3232153731929	12.1580872555722	-1.84933478937541	18.7475065402565	13.172468822215	-0.877597143194481	18.7436279575918	13.5038936161329	-1.03822747278431	17.8831347478891	13.0126833689006
PAFAH1B2 UCHL1	-0.673025374566441	17.1283959360036	13.1026965231366	-1.52553754005247	18.1044320713242	12.7319848680717	-1.25064140423011	18.8464155752118	14.1007093230459	-1.05436703750007	18.0661358376419	13.3025453563672
PAFAH1B2 UFC1	-0.0072113372335616	15.8404126988447	11.6857745645734	-1.07947768826737	17.9695183111023	13.2257559668233	-0.369283406977101	17.3504927441394	13.2329474209247	-0.553405111636209	17.3207967996137	13.0863556659513
PAFAH1B2 UFM1	0.189805094778157	14.5631319288042	11.1332791935804	-1.64711314575026	18.3248813139322	13.4944507007108	-0.324231134761564	16.8882168756093	13.0561304922675	-0.464723328835048	16.7147080857827	12.6429515505399
PAFAH1B2 ULBP1	-1.65380018716982	18.7994935687367	14.3255959358503	-1.36386873762843	18.692791221513	13.2901624703772	-1.7394757188774	18.9489876442317	14.2894749254053	-1.5391590929229	18.9572222810006	14.0654170214719
PAFAH1B2 ULBP2	-1.42689976273544	18.2853621988989	14.4415806295416	-1.13267327208568	18.3405537802467	13.3405206105672	-1.30041700926538	18.6521818919468	14.3355243736403	-1.48834662594705	18.7374451485867	14.3904742240745
PAFAH1B2 ULBP3	-0.850917049061271	17.6849443496081	13.6533658856492	-0.873599773325122	17.432780261	12.9371551689996	-1.45088609104692	18.8765714899883	14.3864985090245	-0.869223477282822	18.2246759440528	13.7661119853112
PAFAH1B2 UNC5C	0.131234205610011	14.8923944333059	11.4851886118142	-0.0216538868235057	14.7055098865259	10.2430417069226	0.0257069396841934	15.1239298687614	11.1451112228721	0.0541773347926985	15.0352018882883	11.0948080491794
PAFAH1B2 UNC5D	-0.646220536036512	17.3491911092613	13.1451637926552	-1.10377432555442	18.1239435135952	12.8428822230567	-1.17164637844849	18.1619743319743	13.7015740276092	-1.06773746454618	18.0903163605619	13.4680942381164
PAFAH1B2 USP25	-0.971043945222977	17.703865144521	13.353597332177	-1.72229843978569	18.7355540073586	13.1976672097193	-1.57326666732077	19.0568193020677	14.4827244300607	-1.36247240592828	18.6358097171514	13.7788688553874
PAFAH1B2 VAV1	-0.0219837267140097	15.7231258398567	11.2103917029611	-1.52444654044783	18.6582910027893	13.4530600085478	-0.558008254662706	17.5436539603652	13.3733160378905	-0.740162046889436	17.5793988348096	12.9888255554186
PAFAH1B2 VCAM1	-0.303418466278874	16.0857370527331	11.9662907158131	-0.65163344830311	17.5622798713362	12.0543424980847	-0.589483465563934	17.1656078356781	12.592780192618	-0.529365129600196	16.9409200408058	12.2699761195851
PAFAH1B2 VEGFA	-0.0984799717082041	15.7935641590244	12.1571564206822	-0.022686117054096	14.4616170220768	10.1706486670568	0.0987177862822882	15.156877376576	11.3460408153646	-0.0753359170267047	15.2756775332283	11.433796576643
PAFAH1B2 VEGFA.1	-1.53031233407155	19.2272153608852	14.9455880021982	-1.10196904056646	17.5215527046337	12.8106826914691	-1.30474190442219	18.5144546983909	14.2428170753973	-1.44185094047173	18.7360558267713	14.2559439548995
PAFAH1B2 VEGFC	-1.38630829348697	18.2529266446156	14.0527260868846	-0.559495059629096	16.8771030045137	11.9984472987714	-1.04119799566498	18.6715030461689	13.827597003596	-1.06143435204631	18.0389353386861	13.4848763485826
PAFAH1B2 VIP	-0.895766316084079	17.5244126943107	13.3141510021292	-0.706176617612825	17.4228342755197	12.720663080718	-1.02352553412861	18.829278236255	14.126998258864	-1.00090113009883	18.0047633110205	13.4800371487648
PAFAH1B2 VTA1	-0.129230441476234	15.6337734282225	11.6517131660447	-1.42596932802557	18.6314420608824	13.656875653077	-0.61717426449562	18.2090479495531	13.3008861468605	-0.677353669624812	17.6606959577312	13.0146919150979
PAFAH1B2 VTN	-1.06059936348161	18.3719806019629	13.2270093385562	-1.46125132355936	18.5025375094531	13.3611218885188	-1.17393838991716	18.6506210424774	13.7118277451518	-1.42274712035827	18.782844274959	13.7526458218476
PAFAH1B2 VWF	-0.544936095214206	17.5735701750559	13.1623053962142	-1.88726111991277	19.5623319671745	14.0897780806526	-1.14052789402009	19.1171121865988	14.0509102903016	-1.09582585747746	18.8519800310278	13.8862435261589
PAFAH1B2 WFIKKN1	-0.655879073382598	17.69219384173	13.026419312608	-1.36907919325444	18.8166680990428	13.3598122512319	-1.10322276014	18.484683271202	13.5827325810332	-1.01248986396781	18.5355287518586	13.4637175579797
PAFAH1B2 WFIKKN2	-1.36037552182089	18.331336213645	14.363239000107	-1.01000811924051	18.2551902894044	12.9870932408201	-1.33638365784545	18.4803587739581	13.8169817105211	-1.22676218065651	18.6432778010403	14.0476284544341
PAFAH1B2 WIF1	-1.04877284777001	17.8801281758665	13.5451107203314	-1.3779750388722	18.4256351656778	13.4445168898164	-1.19877784856149	18.4550125506035	13.7771519298086	-1.42804037188569	18.4352975610676	13.9180371912783
PAFAH1B2 WISP1	-0.530716324840867	17.4776919091215	12.7607029810481	-0.481946947600292	17.8545835265349	12.3030466056985	-0.734721828363603	17.7748266116934	13.0360983409891	-0.553752356092168	17.8027858382923	12.776557039158
PAFAH1B2 WISP3	-1.51837095810006	17.917618130467	14.5917867824883	-0.978073357360359	18.0318073773723	12.988175742956	-1.1848164526465	18.2825446249188	13.8639847622157	-1.39431960286859	18.2648027977981	14.1944868564442
PAFAH1B2 WNK3	-0.335965052801952	16.5512086987624	12.256582046537	-1.89206996382085	19.0923287170091	13.6086510299996	-0.966213009513407	18.7549947770126	13.8418972572486	-0.943653314694618	18.1553477755153	13.2982901787924
PAFAH1B2 WNT7A	-0.460525951180779	17.3082780113751	13.7251767784338	-1.30221542699329	18.6038179536152	13.533591042491	-1.0250889744637	18.648373463909	14.2090916201495	-0.828300973467138	18.4267925679354	13.9771452416875
PAFAH1B2 XCL1	-0.726352326751064	17.9852393513906	14.034670270442	-1.17768605784053	18.622815799873	13.6782861957433	-0.957940007455771	18.30670695978	13.8690394024304	-0.936833959217352	18.4080079441997	13.991874338314
PAFAH1B2 XPNPEP1	0.171017289070419	14.8898426810314	11.2691000389057	-1.22082337626396	18.1207229043538	13.0404546356452	-0.404099635507082	16.9202109531779	12.7740941232115	-0.308126409845947	16.9188864786847	12.4107736171163
PAFAH1B2 XRCC6	-1.62459348616703	19.1890913936989	15.27112631968	-1.08904377081164	18.8687194511882	13.0697727279306	-1.49125852174012	19.4952324859634	14.6365096535491	-1.46198534240716	19.4405591726737	14.4611685683251
PAFAH1B2 YES1	-1.1126646750718	18.0139439885283	14.0720216728991	-0.803046945586565	17.5414600978141	12.6067033661242	-1.3427886812841	18.8533118813095	14.2148848269956	-1.11823743560763	18.1407008959863	13.6526248941439
PAFAH1B2 YWHAB	-0.0433314341483129	16.1297214786996	12.1515236962657	-1.06269445426075	17.5512734803104	12.6048469812541	-0.341749302806048	17.8602909813067	13.1249702485217	-0.549356622911236	17.2451937343661	12.7096777821751
PAFAH1B2 YWHAB.YWHAE.YWHAG.YWHAH.YWHAQ.YWHAZ.SFN	-0.707375649036754	17.7376225764469	13.7236574848891	-1.54206196651943	18.1212492608187	13.0516264701044	-0.784191012973107	18.4515167048548	13.8881318153187	-1.09954668056811	18.2266921037937	13.7420133328923
PAFAH1B2 YWHAE	-0.536295885662206	18.0090170726749	13.2809179361478	-0.770080550629679	17.2495845589271	12.7442430010445	-0.638665189725933	18.0012099338486	13.2371937608899	-0.805376247195722	17.9820141309093	13.3256813283136
PAFAH1B2 YWHAQ	-0.742546488217086	17.5855852488377	13.1379199463694	-1.41986479487783	18.5508809771683	13.0221380247511	-1.9012280515547	19.187384775663	14.4932363697762	-1.30636087362026	18.2843636541678	13.5224563347114
PAFAH1B2 YWHAZ	-0.100665553302519	16.193811050952	12.2015343623228	-1.13733080553039	17.9064741899727	12.6380675198785	-0.344885823460741	17.2232542168061	12.8827219494431	-0.627811407463094	17.5291553757751	12.8795823484489
PAFAH1B2 ZAP70	-0.584381230612855	17.7409607031519	13.642812527859	-1.21174434182755	18.6369509970896	13.2590587062009	-0.812910898143762	18.5503608549149	14.0166500377568	-0.847420684378081	18.4100240783612	13.7360044832455
PAFAH1B2 ZNRF3	-1.33175444493931	18.2920487472779	14.1701435396419	-1.46427359744627	18.3781079162863	13.7055619546638	-1.14863780249336	18.3922847056915	14.2780342924708	-1.58557518804808	18.5434325205953	14.3213717080656
