protein_name	r2_male	rmse_male	mae_male	r2_female	rmse_female	mae_female	r2_all	rmse_all	mae_all	r2_all_sex_adjust	rmse_all_sex_adjust	mae_all_sex_adjust
PAK3 PAK6	-1.51751446807258	19.6586461909399	14.7162759378618	-1.35962897841588	18.6563196785286	13.926598346141	-3.37788568783887	20.0612268295517	15.7189594377612	-1.94206608944036	19.5027268402677	14.8543521136899
PAK3 PAK7	-9.64851317330954	20.1571233640104	15.9340692094476	-1.94666436802318	18.373791915886	13.6818002816582	-7.55082275121363	20.7568204902351	16.2267865646095	-4.81982191201174	19.7232558625263	15.3267022533184
PAK3 PAPPA	-1.54305701935154	19.6753812912579	14.4187457892697	-2.71595407443047	19.2929559296023	14.7506472099014	-2.08664783237721	20.1455787002307	14.787247201361	-2.44005022833583	20.0667187240186	14.9363570606056
PAK3 PARK7	-5.18994450803318	19.6295334391588	15.3335410584136	-2.64940931125434	20.5838112955895	14.5179593229151	-4.44245298556975	20.492290169982	15.5950749216451	-4.50272680587406	20.2775799427759	15.5086584397638
PAK3 PCNA	-6.40530701563943	20.1169988887206	15.5529708206002	-4.26549405241405	19.8625763257451	14.7924627243138	-4.64459433343034	20.8099261199771	15.7596007658972	-6.6673857146501	20.3785505580432	15.7396442956016
PAK3 PCSK7	-1.80272757292387	18.5437298297675	14.6472237742707	-2.18905170736279	18.4557922638894	14.5468284121154	-3.28693157739766	19.4630362336328	15.5426485631741	-2.80619746216366	19.1142085091248	15.106305173354
PAK3 PCSK9	-10.7411419201009	21.1874236396496	16.7678436725171	-8.72323612263307	20.7826676971922	15.7919836592282	-10.868402665647	21.3786156248059	16.6046504569604	-10.7917482972351	21.2811642465513	16.4834223678188
PAK3 PDCD1LG2	-3.80027776961524	20.1336778615713	15.2650841618515	-2.576974078189	20.0035593545123	14.4184946497543	-4.8679160328872	21.3597877034414	16.2353807812315	-3.74369144332652	20.5500909793238	15.2769723988245
PAK3 PDE11A	-1.61966892369925	18.5947751191348	14.0286509112085	-6.23345429400327	19.7730841970693	15.1088694247374	-3.37507741967815	20.0974064917977	15.3904270630416	-3.63365528231877	19.6614096164326	15.0911350335375
PAK3 PDE1A	-5.25190887540472	20.5337493041092	15.7164485183743	-1.59102092315732	19.6112078079403	14.3721681808037	-4.33180392042014	20.7800262682921	15.9760349437212	-3.38101380690209	20.4951428218605	15.5439880102383
PAK3 PDE2A	-12.2043140822629	20.9687326178086	16.288736613194	-3.52236714315135	19.7814701824813	14.981734027539	-7.59998764417416	20.9142779312229	16.4898388339047	-7.54321400718457	20.7444210973037	16.0334709763135
PAK3 PDE3A	-4.88969149760534	20.1693059504277	16.4901179575361	-0.637066922777564	17.2908579281332	13.4868159254731	-2.43228422663007	19.4925659022991	15.7627763268257	-2.18964683960542	19.0895643494251	15.4198902378754
PAK3 PDE4D	-1.84530767215194	18.7718755025987	14.8161199577523	-0.863572007751879	16.2294568177451	12.4749749664803	-1.58274604546124	18.3971439548461	14.3228290904925	-1.42317237374873	17.6993030815132	13.8844088848645
PAK3 PDE5A	-3.04013529935928	19.9038117910823	15.3318036753508	-1.3270998920593	18.2496308600168	13.3983485736837	-4.19039707877248	20.2705004670978	15.473455019594	-2.65715560579637	19.7202194984647	15.1500736199788
PAK3 PDE7A	-2.5830625960119	19.6808873079508	15.687187242843	-32.1574158027581	21.1138026315017	16.6597306375382	-11.5784575418889	21.0910693266897	16.8269315165365	-22.2774840704025	21.2490458575877	17.0046199379546
PAK3 PDE9A	-0.91721341507968	17.953017601712	13.8097295669179	-18.2075379095484	21.2081866491645	16.1113963447571	-7.23491395854051	21.0018960362327	16.4478397873839	-3.38892542405864	19.9725257917716	15.4164443036683
PAK3 PDGFA	-5.7398600612383	20.0540752107344	16.0055565856071	-2.08441514467845	19.103886497251	14.4957920352766	-5.90652453705002	20.6802527025425	16.5514659828037	-4.23454215459763	20.1737413833218	15.775010006801
PAK3 PDGFB	-5.50402032355897	20.396350320644	15.8073756172804	-2.82519184383206	19.5685323096361	14.7982109443063	-6.20490734921231	20.9553880204692	16.4767512273204	-5.29155095991534	20.3900758280239	15.9656068129704
PAK3 PDGFC	-4.84487949078583	19.9659238601175	16.2310556076096	-22.0269935908539	21.1885420878138	16.2206267303251	-14.6097785505462	21.5131581579375	17.000550955475	-14.3186660985559	21.037651540171	16.5933201033936
PAK3 PDGFRA	-6.98301896277444	20.107304207759	15.9609991695049	-34.2188745225927	21.5587512751559	16.5499982758546	-16.3811862933859	21.3772200387464	16.7307711229722	-16.64607128282	21.3437893623672	16.6317786845066
PAK3 PDGFRB	-7.52937444424274	19.7276514667757	15.4915129530581	-13.2569608748233	20.4742277582335	15.9899306888292	-9.47032417286159	20.8033194843217	16.2202417666131	-14.3631295017908	20.9460695589229	16.4377428821864
PAK3 PDIA3	-5.12452718978558	20.1846559148719	15.6894641979187	-4.96456933965266	19.8041832115616	15.4302948485421	-8.98293634493674	20.8865336803757	16.5423944430737	-6.4925957844534	20.3825851318824	16.0410025102127
PAK3 PDK1	-5.32370492175039	20.5922772595645	16.0932405763977	-10.2903049469153	20.5470105562644	15.137043087248	-13.7636615002973	21.2165546930882	16.3548175792901	-9.90557624903984	21.2360144687547	16.2526573031398
PAK3 PDPK1	-2.95881885910905	20.5075605725709	15.646772805313	-10.666664853667	20.7196902122622	16.2031576352758	-7.50603857582049	21.2024921590526	16.7225430861827	-6.9920127798087	20.7908989438237	16.3141198454181
PAK3 PDXK	-1.99880039773196	19.5526384721113	15.0333277078032	-8.71810913395496	20.9080970147628	15.685072662273	-8.46034708814018	21.0862916823019	16.5752146588484	-5.47918456540639	20.3828841890904	15.7555774785412
PAK3 PDXP	-3.61667724742022	20.0351496944982	15.1350801273346	-1.6511263836804	18.6016961472517	13.9155452532792	-4.85525297414962	20.5218078600012	16.2060692220458	-3.07879570154799	19.7202797646227	15.0497155001202
PAK3 PEBP1	-1.41449208828076	18.397968910469	14.5603051455844	-1.46209279824676	17.8586524350454	14.251507895576	-2.30577021137748	19.4556716826726	15.359455595647	-2.09670539493292	18.6944276624028	15.0925031178594
PAK3 PECAM1	-10.7694671804187	20.6767176859699	16.652351771588	-3.00286168550173	19.6756167834537	14.4856264965669	-6.47895549446154	21.4150392970148	16.5287934318851	-6.92050866065025	20.7036987869943	16.047323578379
PAK3 PES1	-4.09891353877815	19.7434266839488	16.0266946523169	-4.8017944459968	20.0864212754183	15.4634621935195	-6.27849876613825	20.7158067054196	16.3918265035355	-5.28594261539226	20.3624273318882	16.2241426209482
PAK3 PEX5	-6.9900792336384	20.7271405447844	16.3397760022575	-15.5278368311255	21.4733904980117	16.5713480177355	-15.4773209211225	21.491724819611	16.9305139070909	-13.2018396022333	21.479925309683	16.7998040166998
PAK3 PF4	-4.24803516148735	19.8687834527643	15.6390334207292	-2.81593688174211	19.3295551460038	14.6341406762174	-6.58157138877381	20.728316124115	16.476987803963	-4.25160079572215	20.1000890649786	15.6854150710092
PAK3 PFDN5	-2.95805140621059	19.6731501852234	15.4662239258117	-12.092651183175	20.4243812361349	15.9535931442332	-7.78273529284427	21.0562185524644	16.7031371509225	-8.88157557690175	20.5108190656315	16.323011112513
PAK3 PGAM1	-2.49037135474996	19.4688831587536	15.135557408499	-1.13318008506915	17.817007878654	13.8971606215394	-2.20113344600941	19.4336614144686	14.9539949471228	-3.00825581905947	19.1655854735749	15.1396002300622
PAK3 PGD	-3.46428198057446	19.812545344964	15.3929046335624	-1.82496868586613	19.4022355816968	14.2180104398958	-7.34595174761287	20.6212226592045	16.1859349482478	-3.51626062512659	19.9867712378543	15.2994100835556
PAK3 PGF	-2.01245959506551	18.7526551950259	14.9016351413624	-34.302134699289	21.2253857221124	16.7785057740126	-5.16879930373705	20.5877801195127	16.4267168506248	-8.35416166299245	20.3603022575386	16.4070928313552
PAK3 PGK1	-9.28266081583815	20.3461730346546	16.1609899071382	-1.71604557374993	18.9846500210249	13.5928459884292	-4.78927662767905	21.1220394330572	16.27800888282	-4.29250191307086	20.1747056841315	15.3239344105738
PAK3 PGLYRP1	-4.76825333438194	20.3148504454484	15.9218046403546	-11.379307466253	21.1664786919047	15.7034075974071	-11.4260830980943	21.3798115887404	16.3815164009448	-8.94804955385873	21.0353743576409	16.1844680250229
PAK3 PGM1	-2.35459345824647	19.3130048666179	14.7368095228601	-11.1012967495405	20.3034017133356	15.762099035449	-5.98503303232666	20.4678646231919	16.1725954704816	-6.31140508226158	20.2718035133235	15.6936013126344
PAK3 PI3	-0.0581988981136041	15.4789663015049	11.1188982500028	-1.9076530331605	18.6208915709971	12.831607151749	-0.908485629723788	18.3993787296991	12.8585466679597	-0.868925326877928	18.001873255212	12.4191499737746
PAK3 PIANP	-1.41344053512572	18.8544961835927	13.6513719570587	-5.01055385796813	20.859752065923	15.9121567352144	-2.96511829447839	21.0168869125212	15.5239795411615	-3.31740129203797	20.2285141012465	15.1447418260049
PAK3 PIAS4	-2.34815496956076	19.3803886389508	15.0524762093775	-3.98421926012142	18.7906854694745	14.5579685065942	-4.13231911201417	19.8257349772281	15.7164336107134	-3.51979976843609	19.5844414380794	15.2439457486285
PAK3 PIGR	-2.50025735776424	19.1643545586899	14.5123649752963	-5.5675567504483	19.6223103455005	14.6009102195031	-4.34394346516964	19.9840159493674	15.2526985003441	-3.76198311592723	19.7356947194215	14.9330203672635
PAK3 PIK3CA.PIK3R1	-4.04018560391193	19.9248176859563	15.3952833008895	-3.79266769980283	19.4261822602929	14.8079981070523	-19.6836351456476	21.2831927333097	16.8601023182899	-4.61017792937295	20.0970233645784	15.6466196778402
PAK3 PIK3CG	-12.1489327014802	20.9124067386893	16.6734497977126	-1.71316879058725	19.4457545984702	14.3114289942058	-8.00829304536074	20.8861828814139	16.338819281971	-4.4509127344125	20.5840801903978	15.9344915236965
PAK3 PIM1	-9.42198117184591	21.1826096369333	16.6735466891557	-23.9647317896158	21.4711314037168	16.5651637435842	-27.0874721536586	21.6497160445378	17.1094234792638	-21.7672799260763	21.4724288373621	16.8901645496717
PAK3 PKM2	-3.83964722370627	20.0583562283201	15.5712345265491	-0.8520902682418	18.137388146319	13.3010145617034	-2.6834443521845	20.3274523357021	15.6201986702067	-2.0492579162286	19.5897399774099	14.8236479640596
PAK3 PLA2G10	-4.75973924024542	20.8566321615685	16.2612442571194	-3.08144398230332	19.0033624883075	14.3643907737058	-5.38687051581452	20.2238854424057	15.9186830126977	-5.29694018160718	20.1827639712374	15.7144069919542
PAK3 PLA2G1B	-5.97082712814642	20.2609479038559	16.1767990611852	-6.02520520468131	19.8264698182485	15.5167663353524	-9.00807307902113	20.913442997869	16.6044750719339	-9.04293563057052	20.5892358584585	16.3760528662882
PAK3 PLA2G2A	-0.701948768251468	17.6811713420887	13.4363842231361	-0.691097001393517	18.1675523791478	12.9515984482832	-0.860120288193431	19.1213443479445	13.9025465368293	-0.990465417325536	18.4396495531496	13.6938150349609
PAK3 PLA2G2E	-15.0906193800341	20.7353568655825	16.6934314689123	-2.24847139156214	18.7495821411967	14.5618062649091	-5.06143800814655	20.7825393446382	16.4009412509302	-5.75202700778577	20.3444067067556	16.1608376845394
PAK3 PLA2G5	-4.50099012910908	19.5976094809197	15.4234604631456	-3.39099322393337	19.4804055464575	14.8269802446753	-9.38488020064558	21.1378657715197	16.7348177683359	-7.00137276532831	20.4809507949966	16.0735330923164
PAK3 PLA2G7	-11.5052648778818	20.6242656478423	16.5411163168755	-6.51105595419881	20.6060598582578	15.2364643840825	-11.2219105168403	21.4669339240692	16.792402595365	-10.6176369475587	21.0898155679125	16.3031440352327
PAK3 PLAT	-0.359881367521042	17.0422918013728	12.8820499829993	-3.22040219221153	19.13871030202	14.240691162803	-1.76133817871158	18.4095941940572	14.2933842074562	-1.25638120824725	18.2714796751041	13.9293460468237
PAK3 PLAU	-4.53020354912246	19.4058736243433	15.8022316540809	-9.93803529311784	20.3275517287251	15.8270463493566	-9.66532058654782	20.6799717842861	16.3466098479355	-16.1895247694919	20.7526276561751	16.5304898457358
PAK3 PLAUR	0.178175713744168	14.3927159859476	11.1302512935986	-1.70436962501665	19.0401837086901	14.1441058576386	-0.412825567502538	17.1835017347155	12.8969247862252	-0.532419770448706	17.3263045957124	13.0891030393818
PAK3 PLCG1	-8.19962964534646	20.1121473567396	15.6762970131942	-16.5564663130689	21.3933871237327	16.1779582012473	-13.0346878173786	21.4920127027114	16.7736590489161	-17.6973141782247	21.4668419712104	16.4858939967889
PAK3 PLG	-1.54622033305696	18.8572704750725	14.7580660203003	-0.692459589211655	17.922473810119	12.33706942793	-1.35513308669754	19.500470841042	14.2932779626844	-1.23664713433592	19.1295768800847	14.0071190805163
PAK3 PLG.1	-5.95974357637833	20.2772945309312	16.091075761662	-4.18500149214362	19.6269015621466	14.7248350521458	-5.32314614167981	20.821032747447	16.1039178325778	-7.10843082427192	20.4277909308492	15.8411440837334
PAK3 PLG.2	-2.24857300207636	18.9306734710799	14.8892233517715	-0.998579708514934	17.644852060756	13.0274872107837	-1.34423022867381	18.8262280699828	14.3189249395136	-1.62518295523788	18.7644922191338	14.2463254479763
PAK3 PLK1	-3.33551110198937	20.2867313997716	15.5337274785438	-11.5724451428056	20.4856257270168	15.751521780837	-6.78716908114391	20.7195197162104	16.1415160433102	-6.36160780548366	20.7881817119977	16.0370473309479
PAK3 PLXNB2	-4.76255462059494	19.7491351039992	15.4400665912012	-22.3056220639444	21.1323941162618	16.3533166341201	-8.97262946884696	20.7844544552072	16.3238118343733	-11.291167603407	20.8894853321226	16.5017855501209
PAK3 PLXNC1	-11.6759414933509	20.6675567446543	16.1574063550205	-4.3698535127669	20.3930234214623	14.8722766034388	-10.546971838964	21.2085607749282	16.2981926162096	-7.69267533794631	20.9572628516641	15.9128629166299
PAK3 POMC	-3.47678369579864	18.98833974122	14.8744491515287	-3.09400837573989	19.4933767294422	15.0591385275057	-4.57496944233398	20.5360714052182	16.0971151500338	-4.5182570455003	19.8712789620663	15.4942033217809
PAK3 POMC.1	-6.07662034315243	20.3670932630648	16.5719941664937	-8.52133353857269	20.5956795202857	15.9344982884294	-4.96115706669635	20.9918619835396	16.4564590431623	-8.28278430589962	20.6265117132182	16.5337272022653
PAK3 POMC.2	-1.13677935056287	18.3315902285396	13.9327066271782	-3.99047218102151	20.5087153508105	14.7754411946179	-2.14495076708518	19.860905108293	14.7722030901076	-2.30377591380074	19.7652699025535	14.7836165618738
PAK3 PON1	-12.69913898524	20.7772392667708	16.5460073120808	-5.54531995859975	20.047571680198	15.1277306092956	-9.44578677636361	20.8020350236547	16.4476226001659	-11.501871118032	20.763203245398	16.2330350133176
PAK3 POR	-1.08851857501117	18.241064714422	13.1348153012625	-3.03944733388611	20.465786759156	14.2679253581044	-1.70810685619514	20.239925042354	14.2883593915992	-2.01450050546037	19.7399606263475	14.2087362844514
PAK3 POSTN	-0.0603674612366143	16.2919950040055	11.8586287587227	-2.46262369952082	19.8102480831251	14.5502979687513	-1.10630285859772	18.6832052922666	13.828257159325	-0.952075682805386	18.4263272982069	13.6998240743439
PAK3 PPA1	-2.67073370786944	19.2308993078107	14.6309109291444	-3.51822894317365	19.6209300723455	14.9945370631776	-3.86986331415068	20.1401689300346	15.6658259542236	-5.00546579473497	20.0596875987361	15.4541016553618
PAK3 PPBP	-3.55896420774829	19.6347165686749	15.3704615565182	-1.88135435923479	19.29889467286	14.2928026719993	-5.47260378170214	20.576944350691	16.4454606358062	-3.93981790514041	20.0100621529379	15.5387661754505
PAK3 PPBP.1	-3.64914585090519	19.6197766113891	15.3411030569036	-1.95307400792304	19.1301210612529	14.1874914170469	-5.7020892074925	20.5922723224857	16.4541324205154	-4.22382244420662	19.950706174525	15.4927273722471
PAK3 PPIA	-4.54811517977085	20.2114088774957	15.7612450180708	-4.36420478687944	20.2131338411579	15.5991471593504	-8.51948864956377	21.5164344548974	16.7007154125228	-4.82043126975735	20.6651090478616	16.0625763773208
PAK3 PPIB	-1.65254878233977	19.3459080017616	15.4710315675883	-8.59598573673498	20.6679269667697	15.7634796174729	-5.31681196941862	20.4127645401589	16.0919797276098	-3.69725574768282	20.3209365810012	15.9312694545843
PAK3 PPID	-2.99756784856568	20.4840274707623	15.6715302007355	-1.98962236292079	19.1258512369719	14.2814598633268	-4.11111150445502	20.7273177368021	16.1091320144257	-2.83251558480513	20.2399547857942	15.4816199358371
PAK3 PPIE	-3.19932256028483	19.6935483002547	14.8572940675054	-1.58949178717914	19.0431445944878	14.3398700031245	-4.42713282124539	20.8459397900422	15.9220125418954	-3.2281424653022	19.9976417325079	15.330641489758
PAK3 PPIF	-2.80900831087626	19.9961858144373	15.4792481308194	-25.5856288656707	21.4144926389938	16.7142736618633	-5.9817999646413	21.1078126502467	16.4275419270077	-6.46761634651814	20.8551672321878	16.2961783492935
PAK3 PPP3CA.PPP3R1	-3.89586897646204	20.122375858319	15.8886462420404	-2.22793923705314	19.5374443302975	14.9602801521587	-6.44206754468917	20.7037978453823	16.2536467130019	-3.63545949984476	20.3472876460215	15.888528912814
PAK3 PPP3R1	-6.81116897471085	20.7087316032105	15.8339196385976	-15.302768320002	20.9352550358434	16.3904136486032	-17.1666975784079	21.3859824619712	16.6498476651357	-19.0989074563851	21.3475540209998	16.6041181124851
PAK3 PPY	-0.776530955035104	16.9213855337016	13.1546272645655	-1.25493652134548	17.6379392154725	13.0757181449944	-0.993637044079595	17.6035688379027	13.6015923140466	-1.16070838687009	17.7669087188296	13.6622930469741
PAK3 PRDX1	-2.26714669831338	19.196898552785	14.8647584575163	-1.95659666352068	18.4944758305298	14.6064876327905	-3.60291701698965	19.8834908053424	15.7823129686455	-3.18276835816636	19.3991172356228	15.4597838495841
PAK3 PRDX5	-4.465837786051	19.5023471294165	16.0814851676311	-16.7719293163759	21.2792481993781	16.383778652499	-11.0264180684708	20.8379856919847	16.465432332516	-10.4948373059747	21.0548082666407	16.7119023354964
PAK3 PRDX6	-6.44967838930109	20.1483219463976	15.744823742631	-3.95535427488348	19.5298354737805	15.0503721635072	-16.4438317805161	21.286389736145	16.6952125480201	-6.24088666739338	20.2629646523903	15.9047882735231
PAK3 PRKAA1.PRKAB1..PRKAG1	-1.07734523867223	19.3195637043534	14.4492383111158	-19.6509014035795	20.6429114488591	16.1779285243794	-4.3541957227438	20.2698530036163	16.2756576606197	-6.68153406600978	20.3641447979484	16.1238620779073
PAK3 PRKAA2.PRKAB2.PRKAG1	-5.03384376208843	20.5707819838006	16.4233498685572	-7.15592791680535	20.5102097556167	15.6882227461567	-30.9925224381932	21.649730936125	17.0610176338013	-8.92752760181894	20.9138963753931	16.4027957022707
PAK3 PRKACA	-1.84341987326469	19.4071101431744	14.7619032636943	-9.64282317674289	21.0946152543867	15.9961263538993	-3.89943790532347	20.7998843451309	15.7767772837511	-4.33064308618853	20.6087662676348	15.7259658312987
PAK3 PRKCA	-4.55961889562153	20.1210091298577	15.6651731498386	-7.63180703782863	20.5161132759097	15.9682494529143	-6.91408528971367	21.4989269628025	16.8348126062008	-6.54299294815349	20.7630301895621	16.3484293534403
PAK3 PRKCB	-3.64178139853344	20.0569230277605	15.4881302349618	-1.95691643175897	18.6314785506958	14.2186027294983	-3.70787130263386	20.5620445441723	15.9728105086698	-3.01844615853963	19.8245082931808	15.3545944697018
PAK3 PRKCD	-11.1232773373312	20.4394194074988	16.1960658832694	-1.40432707155484	18.3093891377193	13.5557963105804	-4.25945477775458	20.3999645483064	15.745028632608	-4.10585104076915	19.8565477093685	15.2704317040297
PAK3 PRKCG	-4.03039668741223	20.0273606457931	15.9080181582583	-7.99147575670111	19.9719551405921	15.7107547061466	-9.48364554456879	20.9143775376653	16.4619586097413	-7.82093781108486	20.6805412552715	16.2268056815071
PAK3 PRKCI	-3.42480390314625	19.832535110096	15.5754094676994	-1.73501602559732	18.9825853473875	14.4919719777257	-2.69260109209874	20.7288364835199	15.9122160817407	-3.6154396038029	19.9698161919319	15.6098878987168
PAK3 PRKCQ	-9.14869566453503	20.9351891519985	16.7734229357833	-2.9767562877273	19.4779857896745	15.0338044758872	-7.83496956295175	21.3760474480283	16.5111156359803	-7.1005429154566	20.6694121160572	16.3870779357386
PAK3 PRKCZ	-3.31564731035501	18.9189058991408	14.7328041123638	-2.20445736684031	18.9605968225813	14.1868507579574	-2.11204713125327	19.919645825082	14.8292127466825	-2.51791678751551	19.5189389340108	14.8621654112831
PAK3 PRL	-2.73011889717748	20.023187363111	15.4340753587157	-5.0142885647627	20.2832629676273	15.3488824274665	-6.59207948144904	21.3254459923173	16.4314838960676	-4.82822819138478	20.6157457838883	16.0292260921476
PAK3 PRLR	-2.74839514534538	19.2332412476428	14.8828161191196	-12.9527850979942	21.2435055892941	16.3243060896673	-8.05425932340272	20.96483035508	16.2053530663683	-7.48150827476931	20.685645481571	16.0848628939104
PAK3 PROC	-2.12838001124244	18.7963715753154	13.7803448281828	-6.35331217061306	20.3777095598404	15.6299777984385	-3.17070887500038	20.1337182032109	15.0124597981017	-3.59412730880383	19.9764583757239	15.0616074655916
PAK3 PROC.1	-9.4602264702498	20.7506534048419	16.159147524459	-9.69147221806919	20.835243590936	15.9829912514435	-21.6580850719357	21.5950995625648	17.0050119372697	-14.4526958798454	21.2902625921435	16.6279841752442
PAK3 PROK1	-5.34383738877195	19.9134267343081	15.8993396047031	-2.89594707484975	18.980123193077	14.4274036173142	-5.55707215409702	20.995604581688	16.3445831831557	-6.25992237941166	20.1972895317972	15.8805904430834
PAK3 PROS1	-0.878777130756714	18.1970551384138	13.3056470459382	-8.15329524884102	20.1089794702357	15.094234775295	-2.74440363807141	19.8397704010677	15.1012341672732	-2.86702123731353	19.6724948816187	14.719256041172
PAK3 PRSS1	-5.91640960605281	20.2715267253855	15.4085914962424	-2.72138002378828	19.7847255496197	15.128289339157	-3.72614243033012	20.6009934180982	15.6451102808102	-4.91946434009248	20.722765157579	15.8425946476646
PAK3 PRSS2	-2.1834034558864	19.3137379320256	15.0269885014931	-5.15513502570652	20.2422906849461	15.077445855052	-2.96529181819105	20.5187211935327	15.4601676624255	-3.60945828577893	20.2719365048004	15.4801545601553
PAK3 PRSS22	-2.33052095982589	18.8736773372771	14.4742070410924	-2.89847389849814	21.2938767233433	15.2683292294629	-2.79369257871543	20.2745183387198	15.3013082922782	-2.87869289038456	20.5822211698852	15.2856195793574
PAK3 PRSS27	-3.07271511350505	19.9308785348999	15.0886492220359	-3.94762648258928	20.0290866864667	15.0004547482957	-6.85358535694345	20.3730694927348	16.0402866535548	-4.35872866094445	20.596079534871	15.6284438721308
PAK3 PRSS3	-12.6359272070756	20.8617020317992	16.4927226878881	-15.0540909649971	21.2240832117371	16.3452034400206	-22.1654488528736	21.5495754161419	17.0295380345275	-15.6130453340336	21.4047297848382	16.8240520725344
PAK3 PRTN3	-7.52870864745326	20.1904193426681	16.1107542054012	-3.32826441384538	19.4032355862107	14.5756049523392	-5.6494930655259	20.3318644005758	15.9052300992638	-5.81695159752982	20.0694915007849	15.6558056445915
PAK3 PSMA1	-6.38951258120951	19.6996811420407	15.4377849065265	-2.67612993301331	19.3902951969081	14.5380134032849	-4.98597623537738	20.2794491958628	15.7437176928966	-4.59385292225384	20.1442200044465	15.5315370753881
PAK3 PSMA2	-4.12071446925171	20.2644697360262	15.9016800781044	-28.1072134858604	21.6831669985197	16.2644092435863	-12.8614412144636	21.6460343240647	16.7681942983402	-14.9460632514766	21.4383336462365	16.6811290015112
PAK3 PSMA6	-3.91155982629147	20.1754433872821	15.645898514131	-1.69351042867023	18.2000171735631	14.2209175345914	-3.65887519136189	20.1733176256354	15.8372578556197	-3.38790185815106	19.7223378576476	15.485625345927
PAK3 PSMD7	-11.9290712931876	20.5523363511913	16.4847652610343	-22.9489875746067	21.2966936465986	16.4702961185121	-25.9731567934696	21.7982259200126	17.2749983577616	-31.6389378294733	21.5157661782541	17.030180336307
PAK3 PSME1	-1.96247039803265	19.4797521828766	15.0907617041866	-4.84909777878428	19.0024091610134	15.2582555118202	-3.6390982317344	19.9394411245951	15.8640752033033	-5.2273796111595	19.6880841712271	15.8515248049182
PAK3 PSME3	-1.13783835677264	18.6025412299335	14.6370237606755	-2.4835996714871	18.6808630860696	14.5337391782769	-1.43126583220817	19.2201522826387	14.9364329589187	-1.92302612307953	19.1396706156368	14.9786113884419
PAK3 PSPN	-6.84259661104566	20.1966251009565	15.6032518619648	-8.90759818854262	20.5925174097766	15.9742811055036	-10.7226444891299	21.0828788626908	16.5386870888742	-10.3872052003756	20.9730364756219	16.4365847689843
PAK3 PTEN	-3.9961695822021	19.366879301558	15.3730448051303	-2.30044133671969	18.4621440705519	14.388423969505	-3.00763467391009	19.6753642694016	15.5055206010777	-3.42839839958159	19.4124324166119	15.4281060923132
PAK3 PTGS2	-8.38016002336911	20.2904757190433	16.3808821411447	-2.63083219680793	19.4875263301489	14.5169900539272	-4.49457011254456	20.7503192730248	16.0318345285694	-5.13776646546145	20.4378326882484	15.9635548675575
PAK3 PTH	-3.79716040788494	20.1245504363498	15.1070581957247	-4.1823540527125	20.2724834360934	15.017760347696	-4.11809727640837	20.400070929665	15.3227319047504	-4.35820544722225	20.4103132677361	15.2569496020418
PAK3 PTHLH	-0.342743289405916	16.3167919106212	11.946513506458	-0.795993455074755	17.3973805101196	12.5847062274654	-0.925820547230894	18.033769535121	13.2753439725532	-0.631201153353764	17.2994923152589	12.5822845772514
PAK3 PTK2	-2.85814690151923	20.1805674877665	15.4858830301265	-10.4105600643418	20.4741378735528	16.0310606077252	-5.88357266540372	20.7487903641731	16.3386325366698	-6.5697321063465	20.7892664081892	16.3027811150039
PAK3 PTK6	-2.54108970222322	19.7532901412784	15.7509703719585	-8.65893011616526	20.2257195846858	15.6329542401087	-8.0119222142953	20.4109138021556	16.3241067303058	-7.19471995813774	20.3594084417343	16.1521844375865
PAK3 PTN	0.74748707331353	9.69309328235179	7.05941501332458	0.532373835838917	11.3979560578027	8.45989471317392	0.621498987395125	11.2482032792171	8.34520076938816	0.621235586338406	10.9422640504822	8.01152314659421
PAK3 PTPN1	-1.92669930380824	19.3406344999948	14.6413695522827	-4.21537206615633	19.6131748600616	14.9125755284351	-7.220192683873	20.4625081120688	16.0729811025326	-4.17686982653966	19.8624268640663	15.4375102775817
PAK3 PTPN11	-5.63871049731483	20.3334114351626	16.0455406514172	-14.1959707652323	20.7974305066408	15.9223815409566	-20.9606311363317	21.2287423479505	16.6617015477684	-11.3152698406009	21.0131538572772	16.3948988311028
PAK3 PTPN2	-4.48711459430629	19.7831314572157	15.7077589834917	-16.2162482541684	21.620361920183	16.322119676113	-20.2045634219041	21.6139174049168	17.071932356002	-10.643131246993	21.0314475480184	16.5376751391701
PAK3 PTPN6	-4.82150443666803	20.1569294875943	15.7971193316157	-15.5860651234895	20.9274532399421	16.3070216364939	-16.2411253409614	21.5128500731499	16.9050570420475	-13.1910241690813	21.0628812321626	16.5095546693232
PAK3 PYY	-2.76032739450681	20.0357785929884	15.2952267036362	-5.5737131647401	19.4534570768141	15.1018651306399	-13.4605398135323	21.2979538529219	16.7219957225043	-6.10367482018021	20.4181681936154	15.9416827654869
PAK3 RAC1	-4.36528720955506	20.1421342172364	15.7242917577049	-3.21627942225898	19.2405416816822	15.0555659021096	-7.39890317224864	20.8441784369954	16.4879392387761	-5.26662694197552	20.1760938603819	15.9175727565802
PAK3 RAC3	-9.71469522123417	20.3530502667816	16.2056260699088	-2.84582934948483	19.8733932262972	14.8604680411567	-20.5320750434789	21.523641273782	16.9589865982933	-6.02416628915319	20.5794361187496	16.1326087897574
PAK3 RAD51	-8.18459150915537	20.3909332178846	16.124324901799	-11.5200505209452	20.9980507581637	16.1229927151962	-14.5363658518866	21.1705550654891	16.6463359822504	-13.0055951849303	21.1278933449212	16.519894185251
PAK3 RAN	-3.11516522618235	20.4170648049918	16.1984636347131	-7.33748728528862	20.7670640065947	16.1139588487993	-17.2692634695447	21.3586489791935	16.9000075775804	-5.59890915038873	20.8843976401202	16.4089289038038
PAK3 RARRES2	-1.78221588607555	18.5554109827205	14.8641909809094	-1.02959137291282	17.4587002475231	13.1814786596714	-1.39577084112139	18.5223103822302	14.2755533954905	-1.18601064691607	18.2698311524159	14.232350862305
PAK3 RASA1	-4.59412566711922	20.0610227184222	15.4240062851927	-13.4640376719597	20.5808308352147	15.9135122795404	-8.61513989269257	21.1379335458763	16.4283631644112	-8.27334631100011	20.8967818198906	16.1461482086915
PAK3 RB1	-4.77973010451645	20.382425573694	15.9246967722776	-20.2725847466151	21.124537792194	16.3758845141729	-14.1989760439383	21.4201759219729	16.7552579337885	-11.2153362303725	20.9867027703685	16.5288419257807
PAK3 RBM39	-1.68016881507683	18.9601635683731	14.6815747795813	-1.79427520148338	19.0833365723137	14.1948567074783	-1.81661351316202	19.9017712061859	14.9921370578089	-1.92075330709639	19.6873204802363	14.8349178633325
PAK3 RBP4	-14.3443000386837	20.6665945409353	16.4153102833384	-6.38044498320604	20.0352672049122	15.7941099525854	-15.7510808775004	21.3829807006569	16.8335651254262	-17.7694750029916	21.047603268475	16.7618893385787
PAK3 REG1A	-0.558170184692263	17.8595473897022	13.4809213861624	-1.09579508317689	18.4475813488301	13.7562110921861	-1.00343042383202	18.280509220136	13.9173500956968	-0.888544280215846	18.5452665677144	13.9763424792793
PAK3 REG4	-0.472937892592936	17.1479066366987	13.0309992711301	-1.49534901220826	18.265309461025	14.1936022630958	-0.759263040349917	18.0009165324128	13.996485516535	-1.10455194187171	17.9743449724475	14.0311470976092
PAK3 RELT	-0.286194508018016	15.9538151345281	11.7502069338728	-1.10824883752703	17.8215927273548	12.4784170744055	-0.757660604615477	17.5143363923361	12.4112414795063	-0.748226780963483	17.3928977112099	12.4461276320176
PAK3 REN	-1.1627787804166	17.9134414363556	14.3079862980909	-3.371157803537	20.5131440712096	15.1121168148768	-2.32857053536632	19.9358396481933	15.4633790941264	-2.45215390214183	19.6892258987468	15.3859963032386
PAK3 RET	0.612077450658144	12.1434477457894	9.11620191138444	-0.710279635749291	17.1548194553619	12.4178306785719	0.108788694434765	15.4729250341459	11.550474490625	0.0976848561738752	15.317930060923	11.19075490906
PAK3 RETN	-3.54183607581458	19.5670763096937	15.2455798060532	-11.267410212703	21.2688559638662	16.2770540824512	-9.69947206502084	21.3155264896599	16.4685938318915	-7.340074849354	20.8962323468427	16.2936143042812
PAK3 RGMA	-0.833346106383823	17.8026617665531	13.9146649135249	-2.5249379808976	19.3365703420978	14.4038932275411	-1.4696922938819	19.2967694984218	14.7412273372349	-1.64172165819295	18.9596521419239	14.548270331777
PAK3 RGMB	-1.71514351678305	19.2138329383513	14.8562724576417	-5.19676999114404	20.2834980201613	15.4234291195788	-3.84123241949801	20.1171454116121	15.5389463220995	-3.48122547798063	20.175985031538	15.5997664927796
PAK3 RNASEH1	-4.27127889284238	19.6077173214699	14.9286907218524	-10.8986439312719	20.760853297707	15.8993888441155	-13.5713020275817	21.1223644335509	16.4804741106298	-10.0040646815344	20.6712947402857	16.0396587860457
PAK3 RNF43	-4.05709966572444	20.3281409467282	16.2636701216462	-17.4690174455018	21.6572026244818	16.5038895080011	-31.6886464469702	21.8931978151207	17.1908210620158	-11.2926759557496	21.1706413603794	16.6501118037622
PAK3 ROBO2	-7.02488109096404	20.0249831965917	15.6572048866071	-1.79308883553603	18.2127517252818	13.0198859593409	-3.68294034446187	20.0527446061597	15.5107667330831	-3.83311919085064	19.4762971222028	14.8065508864132
PAK3 ROBO3	-4.92060653282651	20.4020109516003	16.0032562718823	-9.34162656562916	20.420707652817	15.7784532082233	-7.92422061198539	20.6358421352529	16.2549156361055	-11.3274912495354	20.688834064135	16.4239030508355
PAK3 ROR1	-0.363651537089706	16.2180878261854	12.4048625180429	-4.24469603809189	20.3621654618386	15.4267892445021	-1.58492291368357	18.8570800061037	14.1622406583657	-1.64715217880061	18.8954035770988	14.4362542623165
PAK3 RPS27A	-0.991104599675445	17.8466834437376	14.3145540716301	-1.75183182769957	17.4754398853149	14.2862299286833	-1.60885525776168	18.6840626085638	15.1119691799132	-1.72060393872993	18.165536715464	14.8840769262837
PAK3 RPS27A.1	-1.01276233934979	18.6396698800261	14.8120995085109	-0.798847601422363	16.7730944699797	13.6726789578219	-1.14037530096806	18.5711313936816	14.7745627372967	-1.49186317243839	18.3027366845752	14.8275159158059
PAK3 RPS3	-7.70244986401518	20.4847041138127	15.9719167758152	-4.08208905146716	19.5354669797883	14.6754515369914	-7.54639681882701	20.8595957078948	16.3322912955071	-7.41501825986443	20.4900489444867	15.8458111600614
PAK3 RPS3A	-1.63138538907428	19.4188644873596	14.6989965335487	-25.6854822148635	21.5663067403184	16.5136035391646	-11.7325201374689	21.2134002968903	16.591337686011	-16.6355714318722	21.2388155373978	16.6336424384948
PAK3 RPS6KA3	-3.20869792997191	19.2201303566481	15.0985194666838	-6.77166155376848	20.6051514507649	15.5913507623637	-16.8600776317969	21.5448204995982	17.0290360371511	-5.05767330828553	20.1103557264389	15.5747626513101
PAK3 RPS6KA5	-2.08160227333514	19.1810410242654	14.543204926855	-0.790998149422704	17.7485063119965	13.8054209446248	-2.02024360055034	19.2173421169894	15.4324627200384	-1.87026982037584	19.0285492114065	14.9156669859477
PAK3 RPS7	-9.37824862821172	20.3939128917263	16.3289126363166	-6.04291365072764	19.7401969844118	15.4658234962476	-7.70976200599184	20.6441625753757	16.4048993144976	-9.81317133071606	20.4265292803796	16.2021792044744
PAK3 RPSA	-3.68960375846186	19.6004781904498	14.7981842698022	-24.1981900038896	21.4686026464877	16.4919699124497	-12.729203806333	21.3075385196627	16.559033710363	-10.7138518990916	20.9681316957316	16.0293902709325
PAK3 RSPO2	-3.49239735513539	19.2387806114591	15.3013038081525	-1.77325203410633	18.7044733865766	13.8910439837987	-2.55559669502679	19.6848682328155	15.1516789972957	-2.65816684193492	19.2499886233053	14.8218910882613
PAK3 RSPO3	0.426991667051698	13.0387433798466	9.27820804490477	0.0402807981086925	14.5962122339057	10.6108382314362	0.287894358838418	14.126628688941	10.1592608561607	0.229058354924468	14.2640909297246	10.3349305472911
PAK3 RSPO4	0.321034033853815	14.564383258021	10.6262831772593	0.2802458823532	14.4377741333329	11.2912483295404	0.197666603839498	15.2865621560758	11.3476257764402	0.22089002706946	14.8363111461006	11.2515850433607
PAK3 RTN4R	-10.2073425766439	20.6948768632797	16.2276666875421	-10.843759271551	20.3451144995958	15.7111319494742	-15.3172242607503	21.0092212489338	16.6470880565234	-13.0634948264701	20.975043215037	16.4683223437118
PAK3 RXFP1	-2.48458574226994	20.0725292735777	15.1647329649792	-12.6174271533171	20.4527407891257	16.0335643376982	-4.8029952257167	20.6415229635071	16.0302416836468	-6.96535244180539	20.6215625537664	16.1817126450616
PAK3 S100A12	-5.44252801004036	19.9968717857269	16.1994724063803	-2.81271316132444	20.2313020662703	15.1507705603184	-3.86548701885172	21.0483018648222	16.4232303611494	-4.3807372828813	20.681421711146	16.2170052521135
PAK3 S100A4	-6.22081884275183	20.5469451518818	16.0518647566582	-6.5030568266179	20.0795976192389	15.5977042390614	-8.15442032123785	20.8324773402896	16.336825827607	-8.21764272495492	20.6850335325923	16.2109152510855
PAK3 S100A6	-4.68289887011301	20.1735466427605	15.34996111721	-3.33500660912601	19.6411916781982	15.0803959230446	-7.08274222612958	21.0789061185247	16.2874198003163	-5.1716678944609	20.2749254962097	15.7299245266343
PAK3 S100A7	-5.32218946383739	20.3679117602893	15.9399008414259	-19.0652136440544	20.8811056893582	16.1579374328693	-15.177386952327	21.4384543122864	16.7999984913816	-15.9937437845783	21.1242946823903	16.6262585953549
PAK3 S100A9	-0.877802519802858	17.2248718848816	13.0514483083003	-1.70878567492516	19.5570394782511	14.4186808284168	-1.38380591295412	19.2933055174638	14.4094779035334	-1.28459399214383	18.7837556011084	14.1549162032902
PAK3 SAA1	-1.43207917218748	18.9154803488591	14.2599417092675	-4.56834192139367	19.7578555350079	15.1046496670661	-3.13459207751446	20.0009647617613	15.5959121295618	-3.63780221640033	19.8767194729356	15.3692707652664
PAK3 SBDS	-3.48624049672673	19.7620664505878	15.2811818098071	-2.00665985069941	18.9704527356803	14.0253567367887	-3.85059664447079	20.4052199991512	16.0035283790947	-3.32260997365977	19.9531075145719	15.3028268060216
PAK3 SCARB2	-7.01064037862532	20.2217138242582	16.4020000358308	-11.2003426692446	20.6074307461321	15.6004412357887	-11.5967941141045	21.1203073036672	16.8416030250956	-11.5101798877601	21.0242097257112	16.6054341568527
PAK3 SCARF1	-0.498608870685014	16.7148689379476	12.5201411983893	-0.263537968457894	15.8094712122953	12.0898241766082	-0.497871200389261	17.1478584275012	12.9931571509497	-0.483561186097697	17.002848815363	12.8409938051037
PAK3 SCARF2	-6.42017506088066	20.1988728370904	16.2678494374646	-26.4432996874353	21.150405775296	16.8379993556269	-8.41702707705217	20.6430285137633	16.6711298064644	-14.6305225278002	20.9635415639574	16.8546182409295
PAK3 SCGB2A1	-4.36601233833027	19.8166338398294	15.8201001190568	-8.01798845113071	19.8251892422248	15.6601560849968	-7.5357447978157	20.5046252361962	16.3591713894694	-10.5350083598346	20.4200406951579	16.3535441194005
PAK3 SCT	-3.65657201050711	20.312498812565	15.447897184723	-9.51717041407975	20.1914919659825	15.8512094254138	-6.28555685225315	20.6517865922397	15.9630513221491	-6.69591063835383	20.4765403745201	16.0618239183509
PAK3 SECTM1	-2.04015685120534	18.8620946565893	14.837332016264	-1.29358896629375	17.9027878823339	13.7109059533844	-1.89913702085706	19.1327765226816	14.8054836415007	-1.77861735949639	18.9456587022878	14.7298885757643
PAK3 SELE	-5.63038821063396	20.178427561009	16.0685444939282	-10.1916423470143	20.6557013973622	15.576366829659	-6.43915250545141	20.5924881157085	16.2427004817221	-7.71078475350959	20.9178863565656	16.1474862520527
PAK3 SELL	-2.58323255338311	19.3728821869121	15.3273531338637	-3.35567987498297	19.6050022935155	14.7461322194802	-3.59492796088623	19.9505070259515	15.6002050284295	-3.15652911186218	19.8038438930894	15.3195660498502
PAK3 SELP	-11.984753585986	20.8342888768531	16.4476589152596	-2.30398944988913	19.2309027029817	14.207895050663	-9.41577708595945	20.8932504674915	16.3119210099149	-6.41353903904453	20.4483418162809	15.8591567599522
PAK3 SEMA3A	-5.24233195751701	20.2044888531455	15.8762677257267	-5.91094890479094	20.1198562505129	15.5160939192201	-6.84845236614664	20.6978502436997	16.3041069767604	-7.05174832954638	20.4751627961645	16.0037567321051
PAK3 SEMA3E	-0.692291885079513	17.5494076652727	12.9898731682907	-7.76151563414772	20.5669005734171	15.8614526263244	-2.57488514441183	19.452481828813	15.2609748757595	-2.94309690595042	19.734286830474	15.1257286452324
PAK3 SEMA5A	-3.64382130533355	19.8982022504344	15.5944782200138	-10.7630215661905	21.0042748771007	15.891727410776	-7.40786354046865	21.0710691810849	16.3759748946467	-7.39961324824627	21.0026141930661	16.1949185894108
PAK3 SEMA6A	-1.56422132573707	19.2038692668453	15.2041554598993	-1.58364795172716	18.7148217365363	14.6226119143194	-1.87604657811333	19.3931895862335	15.5185804235277	-2.62431695293536	19.3908669496416	15.424832592773
PAK3 SEMA6B	-4.48682858326622	20.9752552532367	15.9233798213503	-10.3196654728288	20.5977206006258	15.8943346911911	-12.5350113853894	20.9595420345556	16.5160110314417	-9.18093929976456	21.2790066543881	16.3963676184382
PAK3 SERPINA1	-0.692240467289881	18.0213725124176	14.8810833743122	-0.846962099490935	17.6790481723354	13.2832238910274	-1.00288463320005	18.5838046837744	14.5792543708925	-0.800286352651995	18.2576578482905	14.4130874565828
PAK3 SERPINA10	-2.4829955572437	19.4610839745196	14.7105961717354	-8.17187272032636	20.9129593204633	15.9139397982813	-4.94000768998168	20.8087816699687	15.8534305751923	-5.34848970521502	20.5241594872556	15.6945421547489
PAK3 SERPINA3	-2.92098649130024	19.5251602430352	14.9183711751265	-20.1225038112423	21.3077601443361	16.213728859899	-6.03913457979697	20.6694434507726	16.1052161513619	-6.67503441002351	20.910120363847	16.0351443861019
PAK3 SERPINA3.1	-0.969336550534535	18.1585556682641	13.3377137261873	-1.61504606303917	18.9765018752998	13.6825444802246	-1.74449973186611	19.5008189681886	14.3428191499958	-1.55427402838821	19.2566444288674	14.0002701346602
PAK3 SERPINA4	-3.00590258191014	19.6237146447782	14.8170526713131	-7.88828042515827	21.2317840387619	15.7337852537598	-4.33869845193403	20.7081931372039	15.7357287382672	-5.36386207304523	20.7288082728247	15.7005496598826
PAK3 SERPINA5	-9.66361658200453	20.3721249610686	16.2069266654951	-35.1829492260396	21.6028816545938	16.6510569661192	-17.8027194812101	21.441773725176	16.9772368749554	-18.4572540817757	21.408415126582	16.74981250144
PAK3 SERPINA6	-2.17978022093932	19.8624019032036	15.6657932923623	-4.34727316792423	20.0202038727138	15.4463175599383	-3.49779345893586	19.9067862618712	15.8580849345035	-4.7074705888357	20.2476022127236	16.1316148562413
PAK3 SERPINA7	-8.32111644705147	20.4161657178589	16.1792185419608	-8.20797143744483	20.92994267869	15.4336822852375	-13.517797326716	21.5853286246157	16.56560295731	-11.1628350452377	21.176551686873	16.2898977877096
PAK3 SERPINC1	-0.298797169015698	16.5686825547968	12.0469553585638	-1.954615138604	18.9458677524924	14.3347248941574	-1.19193978202243	18.261247498143	13.8507111147505	-1.16808160374109	18.2552304550377	13.7518481221444
PAK3 SERPIND1	-3.09173146917551	18.9762935545333	14.7716625128047	-4.93166056602203	20.3744176201948	14.923680821764	-3.6709374055404	21.0203975819673	15.6915606649952	-4.80592805507682	20.7208831242215	15.6500283582432
PAK3 SERPINE1	-6.78709606913443	20.3771588725739	15.719195935518	-6.05574570148572	19.8887279536708	15.4018401443284	-8.23928647960581	21.056035567497	16.6851253117156	-8.32028710283913	20.5636623406124	16.0569955833337
PAK3 SERPINE2	-5.90700590993637	20.3277028735061	16.3270138963324	-2.18291308008961	19.2201334377463	14.7372199416163	-4.46677455236427	20.5861953912865	16.1141448197947	-4.3773016182899	20.2063482839152	15.9696012827625
PAK3 SERPINF1	-10.3471744271645	20.7339967493679	16.0911907870484	-3.36133589580436	19.5916192872901	14.5920559093317	-15.5622854344895	21.2499677039654	16.5453962870574	-7.51475310307778	20.6579401935185	15.9912232976114
PAK3 SERPINF2	0.448198850947372	12.7597345359167	9.83147519747744	-1.13662054132328	17.3659975619061	12.7129803603347	-0.0111408910928932	15.4858635888533	11.7123134424839	-0.152497940936836	15.6241083504792	11.719331744225
PAK3 SERPING1	-8.55790468045191	20.3932603499792	16.2687286918975	-8.93281323654089	20.6744242735036	15.8659881669437	-8.42418945586491	21.0928810344339	16.4744165195524	-12.7899715133963	20.948185613646	16.5365437849542
PAK3 SET	-1.63993545897803	19.7504454509201	15.0054985392085	-9.97359295954429	20.3611998074484	15.5980080678613	-7.58921705901737	20.6627335514387	16.2811229437906	-4.82985945112732	20.3839081113471	15.7599073336009
PAK3 SEZ6L2	-5.5145798798308	19.9787445808797	15.9007317699571	-1.81611891025092	18.4469883453767	14.2654811694947	-3.67887887721812	20.1455036725449	15.711348268466	-3.51324625295337	19.7490891992676	15.528086338488
PAK3 SFN	-2.43962497560395	19.1347666283879	14.7527114810655	-1.56442201288845	19.2887123825075	14.1537314215572	-2.80202598241433	19.8282880710298	15.363722343501	-2.10081593468921	19.5720105114269	14.9332013271104
PAK3 SFRP1	-1.00444518643486	17.9211032308682	13.1490696827283	-0.968628723795095	18.3859512680547	13.6928747383611	-1.06875824128498	18.8414854369301	14.001735318383	-1.41957024832025	18.7387256240449	14.1430626972564
PAK3 SFTPD	-1.98968786181591	19.1701299352338	15.1392638820531	-0.44065396881022	16.9246416291088	13.261647933988	-1.949523876339	18.9211841065611	14.9185881693269	-1.4288142206905	18.5033189620398	14.7132060908093
PAK3 SGTA	-4.04797400259738	19.7344672156393	15.0381332885387	-3.26536081680646	19.8437663208291	14.6145486209979	-8.48663389308987	21.2233246920662	16.4563066291549	-4.84067003947362	20.2600632917309	15.5483868483355
PAK3 SH2D1A	-2.43082100549423	19.4146236024241	15.4142714819512	-6.90774654767156	20.6815506845419	15.8132949601646	-5.20352622241105	20.5231336640396	16.2802260730695	-5.29559977564754	20.5472799474122	16.0850791902776
PAK3 SHBG	-0.71459767980569	16.9608372308091	13.561529132583	-5.70731429774877	20.3410100232475	15.2069637349268	-3.66219750732168	20.0336057914417	15.2859267884617	-2.57448876145779	19.2151208277748	14.9197492039414
PAK3 SHC1	-5.27513091005048	20.1888178194711	15.6373129892821	-1.34052869818707	19.0070284282641	14.0596207674912	-6.51429117894471	21.2887235492169	16.3659485455509	-3.83366288325966	20.2080277619134	15.6233380794806
PAK3 SHH	-0.496154443524121	18.1950852912913	14.7273286128428	-1.62043406195082	18.1156924844697	14.4796268704763	-1.13045278693964	18.8101136800845	15.0460208155869	-0.988247607017698	18.6401882331953	15.0146789345931
PAK3 SIGLEC1	-4.6041514712682	20.1460292754851	16.0318747004561	-6.67416320446181	19.3559238168728	15.3454925570392	-6.65017769836436	20.5729973454658	16.0805227175843	-6.5696510645636	20.2830363023651	16.0575799653227
PAK3 SIGLEC14	-6.25689987871478	20.4045451349934	16.0496696290333	-1.63695264322554	18.8736936929655	13.9899381065868	-2.66033266579545	19.9276847026528	15.0303803274276	-3.72116163284903	20.0083974638626	15.3182695029599
PAK3 SIGLEC6	-6.73545838138141	20.5679923811257	16.0803159340117	-16.1627365912657	20.4968206934925	16.0085584711826	-12.9822632785526	20.9975515327982	16.4262282334245	-12.7746301478181	21.0807464501381	16.5034936506053
PAK3 SIGLEC7	-9.91863405173966	20.5372794456784	16.266378871368	-13.2159566166832	21.4069049046454	16.3947388850132	-19.1991896665411	21.5387317451318	16.8746960556475	-15.9125240854527	21.3033202763275	16.704655260336
PAK3 SIGLEC9	-9.92295509483449	20.2859395872903	16.2025313848977	-18.2019022519469	21.1196083695746	16.278160638069	-34.1421523783476	21.6397364574743	17.1778856174496	-18.1280713038945	21.2312616138039	16.7073526424721
PAK3 SIRPA	-4.09396617663365	20.2318016328882	16.3172444770599	-6.84179128749631	20.7608782720863	15.7743647124283	-5.08957176215273	20.9655429972068	16.3236284067065	-7.22652653017239	20.8143376707984	16.3798926433793
PAK3 SIRT2	-8.93374828033949	20.1612444356737	16.2130868474054	-15.3109141214567	20.7092295674565	16.0161315129591	-17.50151510927	21.2133451408683	16.7576992125594	-16.4376477745556	21.0420138109607	16.6724651838297
PAK3 SKP1	-2.95462421110787	20.1209623434841	15.5803705492152	-1.8601937041931	18.6612534421807	14.1008301970086	-3.47188343902744	19.9769093621329	15.6651468776655	-3.35048074795317	19.8217760436777	15.3481896150879
PAK3 SLAMF6	-6.24892221318089	20.2143639064492	15.8822302862188	-8.130674466234	21.0665239078445	15.9672323528064	-7.97508786293633	21.2814348243054	16.553889953485	-7.97868988380646	20.9713520267042	16.28019874669
PAK3 SLAMF7	-3.34010232396523	19.7688811569369	15.4969205070646	-17.5613670504908	20.8343857437181	16.447287466056	-10.3331637542633	21.0395380299283	16.7025119413537	-7.29810310235878	20.6838801116069	16.3916016817587
PAK3 SLC25A18	-4.63103004819122	20.6832401597727	16.16445019947	-7.69881857701995	20.826886831478	15.9746028591467	-9.32524802558343	21.2624620632139	16.8102818720072	-11.9875099975391	21.1613817177427	16.688407575468
PAK3 SLITRK1	-3.20338486925875	19.6590983952428	15.6458300847268	-3.76402514182209	20.575370192385	15.0140296531707	-6.40840417492764	21.1099988431244	16.3249972931386	-4.86787594338522	20.6763729884055	15.860858609593
PAK3 SLITRK5	-1.80558395373324	19.2517834382088	15.0740424441614	-7.89020348152648	20.4205710195311	15.4336187284731	-12.5915514265583	20.9813988723819	16.5447305625085	-4.63653763376902	20.2648854135932	15.7520258817665
PAK3 SLPI	0.118282474785836	15.1269726688925	11.071955400566	-2.87122740788913	19.1678738427278	13.7365763570772	-0.823687242230558	17.7481544372462	13.1249909409073	-0.70765553567002	17.5429771793241	12.6849931943236
PAK3 SMAD2	-6.2881961015506	20.2948368618459	16.1944901891226	-1.7684511064114	18.9703349245623	14.163617332448	-4.49126710345124	20.8757110779302	16.4539020780306	-3.55839124242316	20.1388377516334	15.6116896352769
PAK3 SMAD3	-5.71300045185914	20.3496333469492	15.8726245256738	-2.26108716035145	19.4710083987265	14.4950919957067	-6.53680287134689	21.1646432110496	16.4402430313628	-3.93838639034638	20.2781412896433	15.5553399575713
PAK3 SMOC1	0.377729941445706	13.0828719192222	9.13000935692328	0.0466445244627933	15.288144202179	10.0737602656307	0.152105035460659	14.8635106796115	10.0854692423914	0.160365543391112	14.5540457125338	9.8944443636028
PAK3 SMPDL3A	-2.37179697854908	19.9974928027879	15.819251403521	-2.42999257201099	19.3016238747511	14.7177070058104	-3.8982059818895	20.464873662815	16.1640313236422	-3.58708207317656	20.0560900976392	15.9289442441291
PAK3 SNAP25	-4.92416508946493	19.884153403194	15.9141701671394	-22.9799956503342	21.456578290385	16.4514366823876	-29.4564693373592	21.4002420585757	17.0583221050538	-19.0784460737686	21.3308781723083	16.7704264747707
PAK3 SNCA	-3.61401475102834	19.5913180796954	15.5399927771904	-3.5568991301822	19.8171023958268	15.0032768625988	-3.99278643200097	20.8402301176013	16.0565421656008	-4.62878065625945	20.4075463956428	15.9747625119632
PAK3 SNRPF	-4.11951527210497	20.0292982382396	15.6038837551393	-3.21480671989775	18.9739130047976	14.6012090297219	-7.5456084619971	20.6316530756279	16.2859491712135	-5.4588703990104	19.9476895675201	15.5238274677921
PAK3 SNX4	-3.22485201994182	20.1348574092629	15.5521736965141	-3.00725467987666	19.5654298752621	15.0306187155271	-7.18126303126058	21.1583734356438	16.6980100869743	-3.88614031196507	20.2808412933672	15.7779303308544
PAK3 SOD1	-2.11854515163969	19.8876019034108	15.4377960350069	-0.89886861087363	17.292825321128	13.4318429070109	-1.45681529749532	19.3367707247776	15.0252678815544	-1.74940695602728	19.0072535210298	14.7763307437128
PAK3 SOD2	-1.1407944133742	18.2936536963666	14.4999980202942	-0.0172647207055259	15.9904647116061	12.3115988328768	-0.593602738771503	18.0285783534834	13.8600211215904	-0.681115636610311	17.5945460209637	13.6960263174882
PAK3 SOD3	-0.768894883437226	17.2129909711719	13.8460289119842	-1.61849015394664	18.3667616350165	13.4540546930431	-1.28927214719824	18.4403322014187	14.4147992734112	-1.36649098304461	18.3087940640105	14.1302853777217
PAK3 SORCS2	-5.6547323267701	20.4580573867273	16.114869099619	-5.53362491705285	20.017460879636	15.1161418960415	-8.70167671977203	20.9924679669833	16.3989329499095	-8.15285900175238	20.6540750907472	16.0892526888399
PAK3 SOST	0.281712611641967	14.2054800451283	10.4880279151297	-0.578324904131261	18.1468041563057	13.4100711637357	-0.413550300458635	17.6137566968615	13.1771436742815	-0.209339322415208	16.5996526007365	12.2934770795726
PAK3 SPARC	-7.76347305147408	20.3985591848899	15.9574532395479	-3.0223849268226	19.5292490097072	14.9592217741715	-9.35233529301899	20.9151187654138	16.6275618777445	-6.51884133284285	20.4061647070514	15.9387158832965
PAK3 SPARCL1	-1.9257792687631	19.1071359925247	14.6115587882927	-11.6504132084396	20.5154011023125	15.9768118595796	-10.1966097748433	21.0171334615534	16.6072917675546	-4.72336130825159	20.3232048064894	15.7552994348235
PAK3 SPHK1	-3.67540864218446	20.2160307774973	15.8769055521833	-2.23305210676941	19.2793884503595	14.459448910529	-4.42895470791233	20.7490891984837	16.1882063297508	-3.44363491094758	20.1457874788815	15.5993196513907
PAK3 SPHK2	-7.99541809110197	20.5610012834015	16.3744288799855	-5.21919920538023	20.4926531108609	15.0986232409129	-7.09657313368226	20.7907409763484	16.2779257687355	-10.8484883207605	20.9163167442899	16.2588230519846
PAK3 SPINT1	-0.894050213853366	17.8928610708067	13.7527283020883	-1.58559363585386	18.199649057542	14.4886976012449	-1.20959369441372	18.6681760191162	14.6904505676767	-1.35782261182717	18.4783303293933	14.6175966210342
PAK3 SPINT2	-10.4973873431355	20.8093482350241	16.2933534229608	-2.05793469351619	18.6051604038094	14.3868113831873	-6.03996435988033	20.6589953240295	16.1433509000489	-5.25654920356599	20.2102901260721	15.7608549390331
PAK3 SPOCK1	-6.41016751593376	20.2673321593543	15.97816632058	-5.18946410104268	19.3638078319682	15.2960201535859	-9.62298196291611	21.1150185657056	16.5569779526589	-10.1112404871014	20.5198967550045	16.2380990178452
PAK3 SPOCK2	-3.53484499188749	20.1662626865384	14.9223774221484	-1.85667285605637	18.5826211082517	13.7643815676188	-3.73950985805558	20.3716623041661	15.3468864390558	-3.04753614400475	20.0474345388698	14.9220071285849
PAK3 SPON1	0.230516570403816	14.65761353676	10.8844517301696	-1.06012765889203	17.6618403341421	12.8073906192446	-0.287908296583731	16.7551216340528	12.3811421769956	-0.269875821237899	16.7365626050145	12.4832607487215
PAK3 SPP1	-1.31022963078132	19.3455259626798	14.0532252059311	-9.48329588915905	20.7649705783023	16.0194165413217	-3.92713643710847	20.7840814645172	15.9733731848992	-4.2754622123157	20.6676239903471	15.6906426819927
PAK3 SPTAN1	-3.41165698555613	19.915476191554	15.4172089090048	-13.9779194091914	20.9250586042749	16.3064733205489	-8.10506272160201	21.2809017102604	16.3711706127084	-7.64201222583378	20.8461263652735	16.2836778403254
PAK3 SRC	-3.28364715817075	20.167600273158	15.7319439606657	-4.62959638563047	20.1867626374982	15.4672710271835	-5.40036055675067	21.2145250717444	16.4866094605348	-5.29680177394749	20.5032090230326	16.0060689941934
PAK3 SSRP1	-2.59102406917991	18.8613227403313	14.8273819890882	-10.3007473215928	20.0144171882862	15.858327567877	-3.55292846799757	19.8193156688997	15.4847542466072	-7.07682631398086	19.8487455605309	15.9017482201238
PAK3 SST	-0.327650325798785	16.9375491233465	13.3431065236452	-3.41574716063715	18.9020125429321	14.5525370653596	-2.63919480571064	19.254646769416	15.4026274889622	-1.45519422350959	18.2129487125211	14.3029115149711
PAK3 STAB2	-9.24588842694437	20.7272606510776	16.7023698467075	-4.29741792176865	20.3635086115819	14.851447034017	-8.48274471232434	20.9482946606201	16.3977362823354	-7.87885120864281	20.9035659231596	16.1209039624797
PAK3 STAT1	-2.73322958060819	19.1425863101987	15.0150770016438	-0.465266351578747	17.1597787693106	12.2682168581199	-2.12775147321772	19.6878369215818	14.9504582552801	-1.60365368450738	18.8909049746897	14.2965081318129
PAK3 STAT3	-7.99948307475327	20.7073824623244	16.5448559583455	-1.88014775943007	18.4100084536161	14.077476101252	-5.58679176903595	20.8829741480203	16.2043713358513	-4.30372507001312	20.0290747481193	15.7684427549787
PAK3 STAT6	-4.1124512557172	20.65686597861	16.1343041014168	-7.49417047443342	19.7452902835223	15.5853243426963	-9.23692853587107	21.0464776978042	16.623095736355	-6.83930031504599	20.4997033878119	16.1841296642482
PAK3 STC1	-0.164914415257106	15.5733548021515	11.8012933808147	-3.13933733099706	19.1356329358229	14.0182509496689	-1.30446321630034	18.2012493961219	13.6648244968272	-1.40846676108395	18.126331146403	13.5042712294179
PAK3 STIP1	-5.40740908094817	20.2860634697483	15.556477253321	-2.15480916265966	19.2641845460123	14.7795055577961	-7.10286972898288	21.2527952742951	16.4573004194716	-4.4642618863158	20.2710017067195	15.6888404734914
PAK3 STK16	-7.2110973102694	20.5613601076798	16.3729981912252	-11.1090444917865	21.0614437901142	16.0695318438436	-15.2314940987308	21.3232047608185	16.7717334971265	-11.4158217930271	21.1684350149641	16.5685424274395
PAK3 STK17B	-17.2204750716904	21.1301560359639	16.4529898354323	-6.01538125732286	20.4040903931	15.3701129498794	-15.4591383021813	21.2493340807418	16.8716325590905	-10.4383061580173	21.044539322317	16.26621766606
PAK3 STUB1	-3.15463118366964	19.485714442164	15.4237732710348	-5.99949125196527	20.1472070906724	15.5634043832741	-6.7465303449223	20.6203851641603	16.2553194010175	-6.11885397306143	20.3215468207888	16.1021961845062
PAK3 STX1A	-5.96980526087349	20.2443933441804	15.4977998503096	-8.16466673229751	21.1556851576356	15.9289920016633	-13.5055881655381	21.4112434756514	16.6449982754557	-8.78695911140963	21.3460536800211	16.3447468465179
PAK3 SUMO3	-6.05200920524063	20.2544013378687	16.1334022959998	-0.852939006275287	17.560215175361	13.3832891302699	-2.61182935877711	20.2878324441349	15.7251593853749	-2.65149500358734	19.4161048448391	15.1316295864241
PAK3 SYNCRIP	-7.97649042844725	20.5267883196671	16.4087718935863	-3.37309976127073	19.2721868526345	14.7346721859311	-8.98484851376454	21.0822162458916	16.6998545367195	-6.57505932561979	20.5122694554679	15.9756601275602
PAK3 TACSTD2	-4.44137984126052	19.7199832402397	15.8588744693304	-2.66490000166059	19.8437136726983	14.9317834648268	-3.44262153723432	20.288301914209	15.9172789616717	-3.76516225471211	20.0724332382145	15.7453613418392
PAK3 TAGLN2	-4.31313122247565	19.5650857469998	15.0549888793697	-5.0650704182055	19.8241128892015	15.320241156077	-8.44677478798344	20.7691320313501	16.3441729650294	-6.81954846882994	20.401858529709	15.8983038587202
PAK3 TBK1	-4.8725779731922	20.3228415524592	16.0158441809068	-2.26375229891746	20.049262714137	14.9316653929507	-3.41964014947668	20.5774064743896	15.9742926775839	-3.68843020841179	20.5294919635173	15.8273490491605
PAK3 TBP	-5.28693794044501	19.9815411483262	15.9126358915061	-15.2265180554093	21.2871144686136	16.3848901320999	-15.2630950290536	21.1907060054578	16.7900210662974	-11.977563024666	21.0289887958417	16.5976682467918
PAK3 TDGF1	-11.0944522053418	20.3752577753749	16.0191556806081	-8.92743485185682	20.8598947968453	15.8177864997865	-18.1065188417521	21.3635575083145	16.6365463429796	-15.0557120269577	21.2262097041209	16.4897719309373
PAK3 TEC	-4.10561510053959	20.0395146377122	15.6793302943472	-2.31799903287637	19.0398277490722	14.3103314648694	-6.89633015301197	20.7144433716131	16.4399747641526	-3.78138456820116	20.0560038876557	15.5932417521013
PAK3 TEK	-7.8304302604641	20.4423486367932	16.3650080482501	-4.81155586188568	20.6241489680384	15.2232673343465	-7.02612050926613	21.2744916090904	16.3253517466992	-7.39403497863666	20.9575715226253	16.1589941034003
PAK3 TF	-0.904511225591349	18.3147954848283	13.468035886222	-3.49223510032877	19.1455052762419	14.9027430950318	-3.07760364367449	19.4953861567051	15.6013550886363	-2.26721497101795	19.2400984347625	14.9735429248647
PAK3 TFF1	-3.7281600960058	19.8234171322797	15.5770455920748	-2.0232863569641	18.6709464057552	13.8671727715978	-4.09811910409163	20.3811911315757	15.9875842110502	-3.16129025310305	19.7021269114466	15.1899364982847
PAK3 TFF2	-1.17743271794661	18.7090149852758	14.1260972391901	-2.43129613663222	19.4518285496295	14.5218618925547	-2.77264463797891	19.9084625863072	15.292212562623	-2.16374085183602	19.5292995188544	14.7051788033383
PAK3 TFF3	0.317728920859023	13.8166362756716	9.64680623635724	-0.751111770890088	17.8215014954377	13.3237842218288	-0.0846044818154921	16.4502194904769	11.8755482965389	-0.18166898833416	16.2941325236233	11.8510654106075
PAK3 TFPI	-4.73120318646205	19.7207997471855	15.4905603333816	-4.37853977650061	19.2254774612785	14.8985093088508	-4.66171502524329	19.8726004590028	15.5980892638447	-5.55455931954605	19.842983677903	15.4973489149327
PAK3 TG	-7.57514477851664	20.3683651319013	16.4763503216156	-6.97443550307905	20.6706999449485	15.9690594690277	-8.74049482069126	21.0632571085042	16.7549980788323	-9.758071929621	20.863463930459	16.5652744287768
PAK3 TGFB1	-2.21776881604533	19.266676289214	15.6643024228976	-3.66043499945781	19.5905668020101	15.3601677600522	-2.95441119548541	19.9929137837065	15.8645548975983	-3.34057232759043	19.7956171646044	15.7861222570523
PAK3 TGFB2	-1.61136144475474	18.8031333984657	14.6684537163348	-10.1671055669912	20.1494295730869	15.6876897166682	-3.40028213219515	20.3338788919046	15.6677253180778	-4.88706496247555	19.9899598567451	15.6259898819143
PAK3 TGFB3	-2.55618133164863	18.8702320650677	15.0646647300601	-3.56473435884287	18.9140007509102	15.2996331129242	-2.8546699043079	19.4639124331232	15.5705842301712	-3.74656859801866	19.383565345952	15.575887813454
PAK3 TGFBI	-4.1768946250466	20.2929546418476	15.4858367665804	-4.55748005559495	19.2685789701627	15.104576433505	-5.02292010396806	20.7237136957467	15.9037099314868	-5.0149390769099	20.287455196952	15.757004505815
PAK3 TGFBR2	-1.74745287268389	19.1394528809604	15.3072575696381	-8.90868854265597	20.8946449654219	16.2923873120291	-21.8508421544412	21.3679894183576	17.0104461420315	-5.81806408080797	20.4932384796898	16.27420146906
PAK3 TGFBR3	-4.65674297359285	20.087488253896	15.6519071327123	-9.46683700423416	20.3923007493403	15.4911600744135	-7.61603180220853	20.8991273361982	16.3087448290504	-8.13371552704326	20.7222132584316	16.0484378726426
PAK3 TGM3	-2.02799098599005	19.5487240797195	15.3870407050928	-5.66804785762129	20.1043238947304	15.235302113569	-4.99781123542155	20.980284161872	16.424214592987	-4.28545594485106	20.3118964342554	15.8339636810682
PAK3 THBS1	-3.9694266435617	19.9428008577994	15.7658856658516	-1.60409802144462	18.7729975777729	14.2449330126718	-3.57889894299163	20.1711836006634	16.0115249494541	-3.54279251769194	19.8681278552695	15.6117977625301
PAK3 THBS2	-1.27219032700895	18.4372590868557	14.6935549487142	-2.82456722529393	19.587506265093	14.3259848984257	-2.23262079034486	19.7893039196827	15.0329989877867	-2.02904188981714	19.3417774291438	14.8798893079292
PAK3 THBS4	0.10107846501358	15.2371394720354	11.6436295913164	-0.738251163658346	17.1761216353682	13.371967520841	-0.314075006020384	16.7134650636774	12.8930612290008	-0.40409196079595	16.6387300035447	12.8740829373697
PAK3 THPO	-5.41204946531899	19.813642163836	15.9248754034222	-26.5764004114736	21.3786419812474	16.404666277922	-15.0819791835207	21.1271258785486	16.5123342125077	-13.7165868896875	20.9660345588956	16.6347979182719
PAK3 TIE1	-5.99452516275555	20.5475433221128	16.0271797209399	-5.81140598980218	20.5121225089792	15.0388792907932	-7.07872504559781	20.7882463988088	16.2745066310614	-7.27855076871729	20.8114959051077	15.9052032222657
PAK3 TIMP1	0.257146272809248	14.609091445215	11.3966156612961	-0.386325997663619	18.0830819375248	11.9611843219425	-0.0645059197698272	16.7893315063027	12.048722901212	-0.157915822813382	16.8987059912759	12.1961728759199
PAK3 TIMP2	-1.00103453135225	17.56335163265	13.9526423931586	-1.33722726135815	18.3207074465356	13.6490789070469	-1.28547751310718	18.5401278661496	14.1862555020203	-1.27507791741891	18.2775833340592	14.0917032904413
PAK3 TIMP3	-12.2831170548109	20.5271637955738	16.6711019833793	-2.36556733956517	19.3900574997632	14.2815595248941	-7.84485971659133	21.0263371750844	16.4297543668073	-6.14544598727489	20.5485555421531	15.9896447779641
PAK3 TK1	-2.83650208499949	19.23181616781	15.2061558144678	-21.0727718856311	20.9690335048836	16.2833354442946	-11.6278550678753	20.8227837603065	16.6100182571181	-9.68752520194675	20.7619988736295	16.36361533882
PAK3 TKT	-2.81804315836576	19.5861595341453	14.8128432426629	-2.59509299513662	19.2017888853229	14.7841972803014	-5.95208027478844	20.6835169911625	16.0994156229752	-3.60405704715352	19.8503690254097	15.3263556520819
PAK3 TLR2	-7.71011295350695	20.664896644457	16.6709107147877	-15.1551213366553	20.9199441881717	16.1069586724479	-13.4956844506016	21.3365717010879	16.8425855789827	-10.4030832528285	21.1258499375058	16.6043045070904
PAK3 TLR4	-11.0747312521466	20.8523562936357	16.4451596768772	-9.43314874489536	20.6865758348719	15.4842791385187	-10.3894153445606	21.2661666890349	16.5382983629572	-12.9230662509164	21.3127174870835	16.4062323237515
PAK3 TLR4.LY96	-11.2527060377253	20.8199855365804	16.8331528851742	-4.69252138801717	19.4339698067566	14.6919134965304	-9.10275969253095	20.8905669361348	16.4345826516707	-10.0963794625384	20.5284810883863	16.2380162961064
PAK3 TMPRSS15	-1.81032398499845	19.041995756523	15.6816817929224	-1.91712623874038	19.4760960560873	14.044404934665	-2.86341846449031	20.1834724108295	15.4091562536108	-2.48088904936216	19.6829943058074	15.2693825454793
PAK3 TNC	-5.12377457405066	21.0177142220388	16.144435461034	-4.77639248696843	20.3470727476879	15.394025907148	-11.4088860678753	21.3870641543537	16.9824894598677	-6.63811086880398	21.0312660190672	16.1680142826962
PAK3 TNF	0.116741851025375	14.9632367006136	11.8512156413973	-1.64140911526925	17.613146157834	13.7870572053876	-0.97235623250544	18.3030142213864	14.0740167994854	-0.585155720468367	16.804370623567	13.2754794086132
PAK3 TNFAIP6	-0.487514440707026	17.5001988746001	13.4934773997646	-6.40381384562279	20.6337577685163	15.0021385363269	-2.41881978873939	20.1787405348471	15.1189040033249	-2.0709157109178	19.6562261851274	14.6734556594658
PAK3 TNFRSF10A	-3.59532942228332	19.9930278527663	15.471766096118	-11.4304953943351	20.8876263470391	15.7155248881253	-12.083616423252	20.8599965995912	16.4396248197749	-13.2457375953034	20.9593719154503	16.3947363182143
PAK3 TNFRSF10B	-1.7393134294117	18.9188071394577	14.7473111034867	-6.21618284802502	19.6907131554324	15.2389450384385	-2.91275060013972	19.9068757078623	15.3054943773431	-3.41306018205434	19.6674512334247	15.376063675416
PAK3 TNFRSF10D	-0.339835923936629	17.087936096101	13.1502746642377	-2.80321642075071	18.9208845469234	14.9164178024743	-1.41632016900032	18.9188236104103	14.7545660319794	-1.81655017577537	18.7546644956482	14.7757516281848
PAK3 TNFRSF11A	-1.91454010155874	19.6527828128977	15.3514390820417	-3.28359509503948	19.2537567506324	14.8187022048914	-3.36301138749895	19.9511436257018	15.5912132792877	-3.00182119254492	19.6192947556989	15.3621932801576
PAK3 TNFRSF11B	-6.06396358794246	20.2556284221814	16.5873570051082	-29.2240034038877	21.5406167721001	16.5804748547726	-15.2747319973359	21.1706619486576	16.8829632069366	-21.2960914052838	21.3277692433265	16.9551453060633
PAK3 TNFRSF12A	-3.37191926532588	19.7084549259898	15.4739678985261	-17.7145543138709	21.4420423874537	16.1756649973051	-7.70922488225183	20.9685100589899	16.2967171456778	-10.5294134078518	21.1266271102729	16.3477979708521
PAK3 TNFRSF13B	-0.652583796193858	17.6037828088797	14.0743217950697	-2.95873214287591	18.4155870389384	14.0220647792899	-1.64604093714333	18.6825403177584	14.7767343155287	-1.35855240910838	18.5088593853883	14.4243471667603
PAK3 TNFRSF13C	-2.19010582765621	19.0344823325552	14.1206272569382	-4.69640416730474	20.4141555338005	14.852733985793	-4.69899774716433	20.8033158337889	15.4265728560807	-3.72688463535675	20.2185327187714	15.0279450941376
PAK3 TNFRSF14	-2.89098210253632	19.2048386886166	15.3703269967051	-9.69139207699049	20.8581123234192	15.7856178080055	-7.33835272309482	20.5348115780192	16.125134060714	-5.00455187201992	20.3292848018192	15.8418453132432
PAK3 TNFRSF17	-1.42982207385257	18.906678190509	14.7293816432111	-4.88905853027607	20.4888323624837	15.242882929232	-3.27583762236163	20.424356238832	15.6548604733522	-2.94477497362219	20.2689628104506	15.4761753273367
PAK3 TNFRSF18	-1.98001818700954	18.4820110927365	14.9156460653943	-8.06493560521458	20.0688028317409	15.380149737561	-5.14710794210153	20.2181152150836	15.8940654243797	-5.64803539125242	19.8851350288792	15.7988193071065
PAK3 TNFRSF19	0.182652640265076	14.7656754175131	10.7931638817267	-0.959689803985377	17.5084896645466	12.9342455623154	-0.180339134074943	16.6327597121731	12.2275161794081	-0.22767946566418	16.4832700959981	12.1339035078402
PAK3 TNFRSF1A	0.365758653538051	13.3096551243979	9.68177658900502	-0.189187361099946	15.4453092371791	10.9520155524002	0.10905304435329	14.6786475157751	10.5581959997584	0.104223385991444	14.6215654742701	10.5822884597911
PAK3 TNFRSF1B	-0.132595095835093	15.8724403049369	11.3609946725835	-0.417681644282075	16.5572207423878	11.5956010644449	-0.196328709258498	16.5214429367043	11.7003203979072	-0.340395535738372	16.4664307272875	11.779754814415
PAK3 TNFRSF21	-0.924840813198549	18.2793217998178	13.9796807629884	-9.94883784790834	20.3819035818276	15.8799434916876	-5.27313409866068	20.1601478077216	15.9149325258376	-2.35069283971639	19.8214603953818	15.3966978079242
PAK3 TNFRSF4	-0.0359145054820313	16.2463362454683	12.3171132120326	-0.0685634589281732	15.3523607153673	11.7313921140394	-0.140551777435347	16.4223410610742	12.4782847427168	-0.13045586811591	16.1661892624564	12.5263738374459
PAK3 TNFRSF6B	-0.931288374473216	18.738832586181	14.3362002032876	-8.76571141433536	20.1245347356126	15.8266341786364	-2.14189095171677	19.9576233207181	15.5822376144091	-2.53479299051067	19.6716737281465	15.4262590475933
PAK3 TNFRSF8	-2.75657029429702	20.7953703854886	14.7217363206127	-1.84910078274259	18.8513514290086	14.1160429131762	-2.83003459757274	20.4726640414894	15.1024170151195	-2.44397375822754	20.1973887137376	14.8323608692398
PAK3 TNFRSF9	-1.26332596081981	18.9529980097583	14.8216336085719	-0.591126993026291	17.9759806262551	12.9212326087473	-1.1222428865691	18.7743383074878	14.2824736695097	-1.13949872988441	18.7174941347968	14.1270036942693
PAK3 TNFSF11	-12.4597675758758	20.6259317982108	16.4931079617863	-17.7578886344188	20.9168407215493	16.2644991264268	-18.1854109687074	21.173113484412	16.7624712704674	-22.5295908568908	21.1885784532817	16.7975435286311
PAK3 TNFSF12	-3.4072000931668	19.886405947453	15.2164288675825	-9.99316814853337	20.7087034010241	15.9871802505558	-8.13725338002439	20.9643707585247	16.395876480307	-7.41966708611518	20.5813408825349	16.0004004427922
PAK3 TNFSF13B	-3.59054640250169	19.7078224971683	15.4800200721152	-6.5203214456811	20.6331324610058	15.9343693617135	-11.5726087273804	21.2417515291926	16.8193504649595	-9.85971128082856	20.7784158243552	16.3989970535302
PAK3 TNFSF14	-9.34208411804308	20.6150884842528	16.6771792598701	-10.4088888195267	20.437194329422	15.6934608408938	-9.81263855796796	20.77383689191	16.5089420859696	-12.3225152305375	20.911592693354	16.4916207641341
PAK3 TNFSF15	-1.10700611512171	17.9017439168949	13.5832924931481	-4.19906742193393	20.2108123847355	15.2964990738942	-2.08594678109453	19.8635550414217	15.0020643442408	-2.54902603541486	19.7606515059489	14.9835905370133
PAK3 TNFSF18	-3.3312052368505	19.5670005321955	14.7147551907802	-23.0944260610419	21.2496647686193	16.2918192003442	-7.09891601216539	21.1845842959285	16.432507687061	-9.44705902612497	21.1744358506774	16.2785529411794
PAK3 TNFSF4	-7.5173282345994	20.9946716565301	16.2470087352341	-26.0166385069701	21.3664285841832	16.4109510386735	-15.3179191608267	21.5457382951407	16.8265233388469	-19.0884395113006	21.4754095906542	16.7750448228272
PAK3 TNFSF8	-1.92530445979004	19.5351949848082	15.0207301781114	-25.7032004331779	21.3827585966251	16.4349638586671	-6.55534684475782	20.8357192112168	16.3623458534656	-5.34451515035636	20.9240692721046	16.1979628888636
PAK3 TNFSF9	-3.9928722117398	19.3748587759203	15.3326716865217	-3.25076980052183	19.4666072868114	14.33687947731	-6.05111369273458	20.2667529864401	15.7597235267677	-7.84141780323082	20.2561059352784	15.8861645627045
PAK3 TNNI2	-4.64401659256114	20.1038690889015	15.8030012686808	-12.5264317331125	20.5713391945876	16.1654653850291	-10.7966080843746	21.0454441004467	16.6372687135205	-10.3433786557498	20.73539890843	16.4584056326191
PAK3 TNNI3	-1.29545508111409	17.9957125092147	14.3629191457164	-5.54437180664598	19.9947257669165	15.3474467031046	-2.41743606801605	19.6237694235767	15.2299016593395	-2.44851627813047	19.2708057499175	15.1069497765235
PAK3 TNNT2	-0.241644155458174	17.0741691059787	11.9302617964113	-0.736591984304523	16.9100816427394	11.878040126675	-0.84714378263659	17.8946801358383	12.9058824276405	-0.558691297642027	17.2859007653043	12.2362336549729
PAK3 TOP1	-4.40498679553789	20.1418610121317	15.1574745893105	-20.5503427181043	21.1455322278274	16.0582646842552	-6.88806495083688	21.1157583131224	15.955414262495	-10.3031561843046	21.0373421733471	15.8873592640787
PAK3 TP53	-2.73394970196109	19.1545321730568	15.4342906474459	-12.9490748966388	21.2425436341287	16.141976509731	-23.5370683252159	21.7599230880405	17.1016038694003	-8.8960139775139	20.7016028222066	16.3523074121642
PAK3 TPI1	-2.31388361696012	19.4804157153103	14.5530852001906	-2.48371717706338	18.9949126638229	14.6276831960458	-4.17149585485475	20.4034364054226	15.8442013494192	-3.05487670990124	19.6552210344933	15.2035002443954
PAK3 TPM1	-5.15843313180504	19.9912348101639	15.8717633684049	-12.3460889681321	20.8755178215174	16.0918166594616	-11.5753647203527	21.175228892381	16.6928815331626	-10.159157771527	20.8151555110719	16.3163366267088
PAK3 TPM2	-16.3927817275904	21.0837190914453	17.0614676281162	-13.6086566898433	20.4491752801718	15.9324901909429	-19.2366367598122	21.2653935467871	16.9360576535828	-19.5430228152572	21.1957733237698	16.8552712785862
PAK3 TPM4	-3.40391832746201	20.1335388841245	15.4798547135602	-5.62107590771806	20.2075419796148	16.0116684103161	-6.33932278543152	21.1343576215964	16.6149957120107	-5.09360166036577	20.6429871139935	16.2400922044898
PAK3 TPO	-16.9336733983858	21.057133038448	16.9120718485888	-15.2585548250305	21.0870256277978	16.238502796885	-16.5316553570308	21.7824118559138	17.236696699551	-20.4507449008781	21.4060331344784	16.9316502742738
PAK3 TPSB2	-2.81886303591278	19.2413260364084	15.2109266490137	-3.58964930876828	20.1994671002071	14.8107517815867	-4.66861765574089	20.5683690790453	15.9240516991547	-4.59929993149727	20.3401513791898	15.5815928827703
PAK3 TPSG1	-5.53686675671162	19.8203373036397	15.9141738449429	-11.7237803091629	21.2172498892377	15.6959149438895	-9.24176840151504	21.0261417163604	16.5167664389013	-10.0236313805301	20.9154634369624	16.3473808264617
PAK3 TPT1	-2.78783223023535	20.0145105787752	15.3439536477456	-1.53236169192514	18.6953262344243	14.0464845635155	-4.05357102556529	20.639248556308	15.9830127540517	-3.11905891596379	19.7865543661037	15.2897842909199
PAK3 TSLP	-4.60392270072247	20.2240945253567	15.7785025879197	-1.02354368256635	17.9352596532597	13.9146230234277	-2.70010852772426	19.9676372752177	15.6089676153778	-2.58776937120343	19.5566648786216	15.3569890086781
PAK3 TXNDC12	-8.35416798827696	20.7782337505959	16.2133429287232	-4.72139455469919	19.5780332709857	14.9610113840978	-7.76375434152032	21.1322638314144	16.4917816795827	-8.57805517165092	20.7346880492451	15.9794831875283
PAK3 TYK2	-2.83418735169237	19.0195592622419	14.7239162308882	-9.02077964143333	20.2619321214083	15.3047172838077	-7.30175120388265	20.5707847918189	15.9346396987494	-5.88025939557457	20.3583732086192	15.6513996635747
PAK3 TYMS	-5.50645955789408	20.7961357848028	15.7182572090938	-18.7601084423407	21.2402399295679	16.365814696058	-16.9107699022868	21.863024939911	16.7630286901012	-14.0373297185839	21.2774933764627	16.4656944175293
PAK3 TYRO3	-2.93007585533942	18.3444296668876	14.9814017582667	-5.88157754739292	19.4653574162127	15.2457994048659	-5.46331683269789	20.2172080060425	16.1665996971692	-5.3342642097445	19.603392486351	15.7868317367202
PAK3 UBB	-4.20523124448463	19.4516001481084	15.2303043157307	-33.4939150464238	21.6301133723586	16.5569495842068	-12.7517361662249	21.3527979749678	16.5024653359782	-13.8003867145218	21.1827447357228	16.3558792597548
PAK3 UBC	-1.7114354077481	18.902577368371	14.4982330860291	-2.17642890704704	19.36926520299	14.0511086257511	-2.23091899150559	19.7521045224495	14.7864702133138	-2.55092184652138	19.7050687787231	14.7830649079665
PAK3 UBE2G2	-1.92669220386973	19.2693987678804	14.7715804035679	-8.42835211758995	20.4636721389232	15.3044507460123	-6.66848892184268	20.6615164097586	16.2280625814103	-5.42420208913531	20.3520050026447	15.7143043780445
PAK3 UBE2I	-4.6149420127903	20.2413596784911	16.0176782326558	-1.62513472750781	18.445331345839	14.2069634593967	-2.92245630810369	20.2604274716566	15.6481408290556	-3.3558772438055	19.8136635151808	15.4738525394229
PAK3 UBE2L3	-5.65494935813224	20.3299152341528	15.6668187384068	-1.26080135390604	18.0783417118209	14.0144852757829	-5.19440678952048	20.3424900518044	16.2576422617398	-3.09140766289854	19.6475203895441	15.284424192668
PAK3 UBE2N	-2.3520074422176	19.5888108139496	14.6784827847715	-2.76526769909238	18.8527520872377	14.7947165279277	-5.25263726087618	20.7119859672856	15.9849362569193	-3.54206854244957	19.6783192253476	15.3511083058006
PAK3 UCHL1	-5.62854255492975	20.2492686928172	15.9037092504747	-10.9606901587328	20.1083325817896	16.0149994122144	-10.3506088259652	21.0056764107388	16.6681772158605	-10.3343809955073	20.6480885210051	16.4023776176647
PAK3 UFC1	-6.41498483054614	20.4081083343722	16.4062405949978	-3.30237155353354	20.2869183634469	15.2767124994938	-16.485437678249	21.4125154921847	16.9758031882406	-6.29953211014878	20.7008704055916	16.2366457320755
PAK3 UFM1	-5.39674377270506	20.0573906953622	15.9811412878842	-6.79703835090126	20.4888797142934	15.5077149877769	-15.9485960287929	21.3436406735742	16.9158667427073	-8.30652767600504	20.4774352529379	16.1329500649512
PAK3 ULBP1	-4.55084857642579	19.809391837895	15.8535521282088	-13.5906523070809	21.0292629493902	16.2797911232019	-10.4368835399519	20.8113901241014	16.4975017979074	-10.608848772815	20.7786411464007	16.367495464273
PAK3 ULBP2	-16.1161348710229	21.2630039517137	17.0149989374192	-15.4208741602264	20.9685469405125	15.7645712131545	-21.9300695972086	21.6664087552197	17.0347247107999	-26.1603811167814	21.5611147755401	17.0145797487854
PAK3 ULBP3	-4.89698216796028	20.342864471768	16.0516129877198	-1.22414943772831	17.8933581243162	13.5657903884539	-2.55897334866045	19.8969139183148	15.6611355295665	-2.60428073918958	19.5600588717463	15.2679065126603
PAK3 UNC5C	-0.217970180696186	16.4396083322381	12.3288885018655	-0.543577925604876	16.617684962823	11.8213483961275	-0.421207774086739	16.9688707350816	12.6076213473001	-0.519737824703893	16.9174892267312	12.468991072693
PAK3 UNC5D	-1.22486992794191	18.4481717471162	13.5331736365758	-6.69144499439331	20.8767249647671	15.8062969404398	-2.49493008205877	20.3273903384718	15.5349559197477	-3.12276946236005	20.1586943180172	15.1661108278416
PAK3 USP25	-4.12293972826263	20.106114985792	16.0901064326701	-15.1229620584665	21.1654957855671	15.6995659172647	-19.7901782196861	21.5182644574252	16.8504617743948	-13.6132408909912	21.080174496694	16.3974539787621
PAK3 VAV1	-5.304988709558	20.748300736102	16.5855725481045	-2.70460371594615	19.9654419900564	14.7438969362676	-10.7722635946785	21.4975617076948	16.727653426408	-4.76060979454429	20.6539923445148	16.0254306269224
PAK3 VCAM1	-1.02640041971295	17.8365063195044	14.0073859310944	-2.13337237438345	19.8057753106931	14.8655415866591	-1.77720274176845	19.8212304778268	15.0198169979927	-1.661856720295	19.3788933793131	14.8201861468376
PAK3 VEGFA	-0.273828699858345	16.9657917938544	13.1238622131476	-0.470932955381416	16.4124857473139	11.9646212600893	-0.620633558839659	17.311520773525	13.1314634893162	-0.512955485277093	17.0043148948686	12.9396232635044
PAK3 VEGFA.1	-10.8311048301411	20.6271794981714	16.415137422531	-3.07655943582462	19.4716603721167	14.7934684599833	-4.99216220599671	20.7053136340572	16.3910661558796	-6.93977801308678	20.7349836573468	16.1220903913975
PAK3 VEGFC	-2.32040446702803	19.4405294216285	15.5745669534112	-0.435121655525602	16.6553908705114	12.5389514638607	-1.11567347639603	18.8932204777625	14.6832506217565	-1.37357811989686	18.4490149121494	14.3969106420582
PAK3 VIP	-6.37233947105396	20.2015029212527	15.9840291577512	-1.0867150742865	17.8928172401095	13.7279307214384	-3.07080972574695	20.0701077329435	15.7627506933929	-3.04626715210062	19.561112995746	15.2737327541453
PAK3 VTA1	-4.1938390131595	20.2326031673279	15.8083717393981	-2.52565715352613	19.415001649745	14.7806593278982	-6.97538572768141	21.1624345167464	16.6784504974773	-4.05616313232194	20.2590507790672	15.737429662593
PAK3 VTN	-2.44553084177294	19.2723093435975	14.1739461286177	-3.29321499536193	19.0647018565173	14.8086415750418	-2.87868132194455	19.3471888769242	14.8143602316797	-3.64443393720213	19.8090713359581	15.018983680858
PAK3 VWF	-6.93106544943797	20.055201677346	15.8637865236993	-8.38483029646094	19.8658741409591	15.4079715528066	-11.819703526051	21.2183192855275	16.4767546528228	-14.502770368014	21.0002563758984	16.3695925175975
PAK3 WFIKKN1	-1.69267345380507	18.4068597102223	14.0190895386712	-2.74972520575224	19.1118299793297	14.5946667142023	-2.20802496338951	20.2289450016278	15.4447550953882	-2.35252405588686	19.3847137778734	14.8395358225293
PAK3 WFIKKN2	-9.41090709592806	20.7046988696997	16.1381396891077	-16.4104531840655	21.2136932725501	16.5837781401642	-35.2750881067691	21.9505958006203	17.3884302407784	-19.1386180686596	21.4772881194021	16.786427428947
PAK3 WIF1	-3.71227434373518	20.1083494660439	15.8237634408733	-16.3735001956469	21.1842062808265	15.6883775110852	-18.3441423487145	21.6035296578087	16.9068541652991	-11.9282067673372	21.1569552175248	16.5337288468657
PAK3 WISP1	-3.56670820871651	19.9478991493248	15.2154708111629	-8.23272369447245	20.3919904738143	15.7365632054841	-5.76263576376861	20.4896970212219	16.0763870625171	-6.31351291750889	20.7548914477775	15.9925253481189
PAK3 WISP3	-3.74669774151403	19.4334678650208	15.6468282307296	-11.3614147814342	20.9663847302353	15.6831247767387	-14.7752295529496	21.1046232225813	16.7059270865306	-10.6554629392587	20.6480008298549	16.2549365019697
PAK3 WNK3	-5.79188496455026	20.0864207900279	15.6594057131109	-3.08143149314385	19.3522339432789	15.1392416323723	-9.77334984160398	21.0325697030244	16.8292193336854	-6.22950162205284	20.3044450233178	16.0925212122303
PAK3 WNT7A	-12.9300333962064	20.853051889212	16.4746158286298	-18.6033752458008	21.24041068653	16.2686422289521	-19.150182053495	21.4925329823497	16.8084034403985	-19.601477301311	21.6008647032106	16.9008718235667
PAK3 XCL1	-3.54304047004011	19.9533776073462	15.7676073443049	-6.91897564196361	20.0566960819099	15.5271864451898	-4.14338832288612	20.3363369111797	15.8883004602001	-5.04825814618874	20.169577499237	15.8379157242566
PAK3 XPNPEP1	-1.13093108040815	18.540711125742	14.0761825759645	-6.12102924417382	19.9220556919938	15.288803298505	-6.48065436203521	20.774355907995	15.9764908160807	-4.02976692299224	19.8614114231276	15.4242662541449
PAK3 XRCC6	-5.78465859911045	20.4472601033057	15.9207230807435	-5.73170014195432	20.4492004217578	15.4274993563149	-9.85079046692112	21.1932250485484	16.7186318723447	-7.2725590548327	21.0231759474343	16.1712188227287
PAK3 YES1	-4.15111252533088	19.7070763930703	15.2100884177936	-0.513480163091536	17.1373773431271	12.7037824478159	-2.27727854631679	19.6896340177014	15.2327056774907	-1.98503762841189	19.0976856973705	14.5945426437386
PAK3 YWHAB	-4.34683024368608	20.4204815872142	15.7181582937611	-2.45767389680955	19.6606703261313	15.0069939824338	-11.6962566079424	21.1763036117215	16.8481216358959	-4.5069834512168	20.3929486774284	15.8994115588109
PAK3 YWHAB.YWHAE.YWHAG.YWHAH.YWHAQ.YWHAZ.SFN	-3.63028947305219	19.8458032999769	15.3460445887438	-2.38263278516119	19.0680662013882	14.6386811144029	-4.71908359264563	20.5381443383657	16.1063984466333	-3.90283400077335	20.0297770769848	15.5799818859501
PAK3 YWHAE	-5.21795932146672	19.7172958035096	15.4582164741673	-5.1184157833566	19.5504803058614	14.83902720126	-4.69536028433966	19.8252980887859	15.3329044745699	-7.81888777126974	20.155225151631	15.6072758084532
PAK3 YWHAQ	-7.62773654409208	20.3211889145449	16.2131566755645	-10.1625736787522	20.2820483746151	15.9966142477953	-12.7850323185256	21.1355287672725	16.6783023586375	-13.8173044891689	20.8492235844011	16.5501346282942
PAK3 YWHAZ	-3.7799833754142	20.5200389124509	15.7165397658115	-9.50424076477426	20.8472123123713	16.3630570645564	-10.535311727957	21.3662741464448	16.9169742487984	-6.74621228876599	21.0501464652595	16.5523952124263
PAK3 ZAP70	-9.69693859469201	20.8912666044694	16.6709576674708	-30.6082209027181	21.5809705487021	16.5968747024654	-25.4141323149392	21.8213655495407	17.0845219694089	-20.0637214187971	21.6504107808284	16.9148738004187
PAK3 ZNRF3	-4.13746349681803	20.4532223958147	16.0619951616829	-9.66497512667824	20.4280955316551	15.4289919941414	-9.28007160437403	21.0038242705105	16.5666671418375	-8.68217325071094	20.8131599064922	16.1487946362334
