protein_name	r2_male	rmse_male	mae_male	r2_female	rmse_female	mae_female	r2_all	rmse_all	mae_all	r2_all_sex_adjust	rmse_all_sex_adjust	mae_all_sex_adjust
PAK6 PAK7	-4.11370324215051	19.5369608677389	15.4033428006438	-2.33861846959124	19.3856312452835	14.5865352736003	-3.96801131312767	20.0225552437175	15.6364484750895	-3.53546853059322	19.738478346026	15.3784995715012
PAK6 PAPPA	-0.939282896553476	17.887162987754	13.2287055794873	-1.97811925107525	19.1972615584689	13.7893391942431	-1.83951824966365	19.2372806606745	13.9226559422851	-1.63802730744235	19.0950021143431	13.888651903462
PAK6 PARK7	-3.67250748300208	19.5374097471111	15.3745913222009	-1.71229806407569	18.2874934673601	12.7495047244017	-2.52749967789019	19.2866287968951	14.6740332509936	-2.58529137932702	19.1750077576409	14.4459485468522
PAK6 PCNA	-2.66724210697337	19.2329056603354	15.2115924039565	-2.39177419678661	19.5126360406626	14.3563382372333	-2.68286904091674	19.9832486491665	15.3339477699174	-2.68706759372424	19.7284634312239	15.1813982694563
PAK6 PCSK7	-1.9126135440333	18.3583291918019	14.8834378792828	-2.12573834272244	19.3832221259309	14.0339774077651	-3.5262597678756	19.7234753126156	15.5909278238287	-2.2367911925287	19.1414910497039	14.7932393203473
PAK6 PCSK9	-4.42468456139558	20.4422964245365	15.7086964170365	-5.46885620462912	20.3586868294029	15.209428506333	-6.20636932523395	21.0166964714354	15.948444558084	-5.25044447778531	20.7544757088583	15.9128782777073
PAK6 PDCD1LG2	-3.97019798519106	19.5043494936988	15.3172813142513	-2.20895443141981	19.6116731040402	13.8402177356699	-3.55556902116292	20.1861691048227	15.4129641708454	-3.68390412883364	19.8291002720598	14.9300630555876
PAK6 PDE11A	-0.398029600277813	17.059556731866	13.1764500240232	-2.63466601870676	18.8710692694306	14.0386297053132	-1.49047249936094	18.7265970144892	14.536671708548	-1.12960475827806	18.2170556728885	13.9063542946803
PAK6 PDE1A	-5.13269157047769	20.4258910413701	15.7509476178064	-2.56648155317805	19.4365972369648	14.0551992711022	-4.39318346809712	20.39395835203	15.4159993871928	-3.90540914563014	20.0837618477639	15.1859694627298
PAK6 PDE2A	-5.53542597130257	20.2545672358322	15.8408572131525	-3.05972706369301	20.09357309747	14.5473160122329	-4.34127307521952	20.6900192347745	15.7467295883438	-4.71252417383439	20.3296011457126	15.4214696762316
PAK6 PDE3A	-1.31482848694876	18.0660116216877	14.7700473464924	-1.29565995545773	17.7145235674393	13.5688176093474	-1.59434179247852	18.5286405897944	14.8888637207361	-1.46161943917363	18.3376195872382	14.6047880469899
PAK6 PDE4D	-1.19796253996983	18.5663503919162	14.4854292534459	-1.44816717051559	17.9991054044374	13.4155658843599	-1.39469551050863	18.4319999148302	14.3350224373788	-1.40730857842149	18.4334142528178	14.2657257541617
PAK6 PDE5A	-2.03071519851578	19.6833644373323	15.5049713880855	-2.88333147476881	19.4967987543514	13.9873935104111	-3.81947399632128	20.2022458658374	15.6175508465046	-3.0684414114377	19.8117354258408	15.1750626926194
PAK6 PDE7A	-1.80113922621218	18.7968195775986	14.9454052837091	-3.47574866070546	20.1738431883603	15.1881591039362	-4.76491192571343	20.672323769493	16.0438349128344	-5.58321248430141	20.4643948294994	16.0083652262689
PAK6 PDE9A	-0.896630762414249	17.6383092083699	13.8726199475627	-3.24860443596748	19.7575146220158	14.4689935841534	-2.25621424685869	19.4877613661112	15.0450071057241	-1.70451030991515	18.9131162869892	14.4227305291307
PAK6 PDGFA	-3.23110111927166	20.453735714993	15.5263938021575	-3.05687059428586	19.5055209092091	14.2150363809448	-4.06596177380816	20.3267646554937	15.9331600369937	-4.34124531922471	20.1005533416245	15.2754642490834
PAK6 PDGFB	-5.39598674013974	20.2616630729471	16.2009426735115	-4.33688591244518	19.8219172542247	14.7741576399952	-4.37234394704568	20.3020397136053	15.8256458875608	-6.07788206013937	20.3718864318651	15.8438549445511
PAK6 PDGFC	-4.45128267530351	19.4329409233773	15.4423725684002	-3.92461075822913	20.6489670648071	15.0313034733159	-4.1344947206473	20.4666959813753	15.6090214769256	-4.27866318806263	20.2535449313931	15.4909712144616
PAK6 PDGFRA	-3.65120623916042	20.1420140200312	15.3976973750197	-2.96146189990448	20.301016573974	14.4050592051081	-3.51718221942614	20.790447618089	15.2644010065011	-3.68752917816721	20.5050527643747	15.2557072484655
PAK6 PDGFRB	-2.81492093826655	19.3363379653251	14.9523118931456	-3.42480283965936	19.7684368641035	14.7139090481098	-4.76298810210456	20.0838199667067	15.685997868994	-4.47472940418172	19.7830246293218	15.4335280784637
PAK6 PDIA3	-2.41896129608929	19.1391790110126	15.0279424849905	-2.74817731760638	19.7536894443719	14.5822529201314	-2.79279050474203	19.9225644484285	15.284014567492	-2.55623947192844	19.6873290344968	15.0451036565454
PAK6 PDK1	-7.13103723400076	20.2283469542545	15.8461619612401	-3.55272008312775	19.1394579850374	14.0593432345365	-5.90628080280461	20.3870996601302	15.5577049970429	-5.46768493934609	19.9702810874572	15.388219204356
PAK6 PDPK1	-1.06128286500525	18.4824962407964	13.9579794168813	-2.82374674728025	18.9129116409362	14.7893026355956	-1.32516078505263	19.0696665310778	14.8590237346248	-1.76431469185897	18.9894136945472	14.6261494359932
PAK6 PDXK	-1.88425433967271	18.4080712071367	14.7323592387225	-3.25726973328217	19.9681265577449	14.7847005362804	-3.1902006499424	19.6745144055179	15.4321820716247	-3.17273850095495	19.4364917383122	15.0455967335952
PAK6 PDXP	-3.77586822678144	20.0556967424201	15.4991411340396	-3.10625187577284	20.0165082715222	14.779708510383	-3.74084944684022	20.5311589639607	15.6939399620211	-3.88626680254294	20.1130316011259	15.4230218563167
PAK6 PEBP1	-1.56640267713067	18.1977657625767	14.4178191646268	-1.49001452430244	18.9962289289597	14.102996284146	-1.48778926192958	19.3059881571764	14.9404115158188	-1.73643143734467	18.7591302326877	14.4945330701693
PAK6 PECAM1	-2.70759663045126	19.9449241844514	15.7090768016316	-1.58581020497426	19.0689442394139	13.8461597664409	-2.87886464740529	19.9316064779562	15.515452211825	-2.1527816691688	19.5956488578191	14.943808766923
PAK6 PES1	-2.46317087496293	19.3681282725665	15.306633860974	-1.45175103856594	17.9105788031137	13.512816369758	-2.01769601692185	19.0244870340228	15.0027549595581	-2.30219438935546	19.126983489836	14.9359489036388
PAK6 PEX5	-4.32885633854368	20.2308507608632	15.6282229524658	-2.08495548147559	19.4874317622357	14.4509795311262	-3.18470307792748	20.3698142227452	15.5591129535471	-3.07463824551458	20.0312823223235	15.2649717106737
PAK6 PF4	-3.22886924689953	20.547495325459	16.0069981395311	-3.53913493141814	20.0775016092936	14.9588363352895	-4.22986172135528	20.3739042176583	16.0031950882191	-4.70986676268228	20.3786385790584	15.853786975346
PAK6 PFDN5	-4.42352454636646	20.4363195967842	16.1154248094911	-2.96121548718165	19.5545112476729	14.1980459946952	-4.51322225809306	20.6242977023082	15.6886843793433	-4.45769126455496	20.2563840959927	15.4906532909946
PAK6 PGAM1	-1.77557305289371	18.2591572304502	14.7993477062575	-3.16692661719204	19.9307852790403	14.828071841034	-2.62066495549601	20.0868909921763	15.6025062567786	-3.07138449217923	19.667268599738	15.3253998325386
PAK6 PGD	-0.614186139454839	17.6947573789818	13.2709101323393	-1.97444877650509	18.9897679095304	13.8948769759254	-1.56605427564224	18.7009704613113	14.4587560278203	-1.17421167629383	18.4751171522041	13.7938219479669
PAK6 PGF	-0.895168184905688	17.8311952014469	14.0079408609036	-2.59050332781423	19.8711316126297	14.6304877720187	-1.73759087648735	19.0928211765098	15.0322280400425	-1.79090525198748	19.0310473133476	14.6170167977357
PAK6 PGK1	-6.56261911054179	20.4682464760651	16.2121968624502	-3.06435653933795	20.0499912709955	14.3361454818172	-4.23832845538581	20.673592928183	16.1158255094711	-4.96145200864403	20.422055753029	15.4921128382825
PAK6 PGLYRP1	-1.74894170834751	18.0584609861649	14.0703673019734	-2.95282438788388	19.3878936339814	13.938051127474	-3.3765895216879	19.738752173913	15.1693464265381	-3.0950782018589	19.2122601315987	14.7305679955192
PAK6 PGM1	-0.980597191477538	18.363420132032	13.9235590491645	-2.30494120848663	18.6498340600257	13.4875778992217	-1.95861611568235	19.1644131045684	14.8721242137506	-1.65998007054375	18.845958173434	14.1562257167424
PAK6 PI3	0.106246603558852	15.0842732795721	11.4943377140173	-1.30845719402706	18.246886855306	12.2888158530776	-0.771718074835619	17.8972044343339	12.6773028103177	-0.471689855105217	17.1698328551625	12.1943320360024
PAK6 PIANP	-1.36045686955057	18.1511510943693	12.9531890514941	-3.16829612927832	19.8551204642875	14.3197875601491	-2.26167328870523	19.8860878638383	14.2884139054417	-2.35172566392324	19.3460015356894	14.0080748830784
PAK6 PIAS4	-1.90496481716899	18.7834817858127	14.3437784951933	-1.89992596477706	18.6842715816547	14.4164907970223	-1.9732827310265	19.0031786990075	15.0382960484916	-2.22397352951055	18.9544668049527	14.7623247032748
PAK6 PIGR	-2.95813925580366	19.4144861084073	14.8515067370985	-2.45196421385956	19.1328706848857	13.8228766066393	-3.34830775430631	19.9935686740111	14.9675359715633	-3.72019075258112	19.6101378880679	14.8109225233691
PAK6 PIK3CA.PIK3R1	-2.04499862639991	18.2385605394675	14.3391134282807	-3.67527875499331	20.1250259370322	14.6809294950633	-3.13814636027948	20.0229009653812	15.2837890449155	-3.06681132121533	19.614645710988	14.9150853869733
PAK6 PIK3CG	-5.49032737560297	20.1860116263726	15.7431757811722	-2.24952321188359	19.9311012831924	14.5447877846236	-4.86878243137294	20.6717555293021	15.9910090430709	-3.39625333757106	20.2070294148266	15.2749466839624
PAK6 PIM1	-3.16949078875725	19.858638764353	15.8543595027489	-3.71473583071474	20.5864007872156	15.1485036371242	-3.7595614101958	20.6344967263013	15.8245817906652	-4.55246356738766	20.4465667205959	15.8094105920233
PAK6 PKM2	-1.11453697315311	18.3984072757821	14.1574695041504	-2.74593680641465	20.0995944613344	14.8041290863602	-2.86482989070234	19.7237554615771	15.3578248551392	-1.9894035154393	19.3658140940641	14.6963288879253
PAK6 PLA2G10	-2.31509773863632	19.3596760613406	14.6600249684361	-1.32324752370945	17.8176182160572	13.3477452457193	-1.61134622678698	18.7455679748133	14.6969828836976	-1.58025012729333	18.6611907828944	14.3280905587012
PAK6 PLA2G1B	-3.52443194312429	19.9635558781421	15.6663864239415	-2.51823522709654	19.6264986447583	14.3315918388686	-4.03930190676326	20.2881972523265	15.5869484801466	-3.77056869255516	20.1315226981337	15.4557316490957
PAK6 PLA2G2A	-0.0903001470605123	16.9640285581341	12.2617805077919	-0.941474996585953	16.6944491419227	12.4308776209086	-0.408370276584145	17.7160498907175	12.8048944385844	-0.481801466124391	17.3279655431658	12.8734890873934
PAK6 PLA2G2E	-3.75339450497681	19.442541401115	15.7312831278986	-0.839939990445528	17.8637224605242	13.0459342145167	-1.71664859883219	19.0233507995447	14.8129111041343	-1.82636479669273	19.0503023187027	14.7641753725286
PAK6 PLA2G5	-3.27516984832889	19.3010674968047	15.0828699633924	-2.87012221354142	20.4585346283232	15.1729977413306	-5.5410220872075	20.5309858091935	15.9140666636584	-3.92601388972446	20.4185788028693	15.7224537184576
PAK6 PLA2G7	-4.79882407569989	20.2866202370854	15.8119940984955	-3.50803112189755	19.4572142801919	14.3454271675355	-4.01235737897133	20.5596670361251	15.5791602035643	-5.11432730810743	20.1143463471229	15.4059012210869
PAK6 PLAT	-0.480998482967175	16.9743666477253	13.2468852002051	-1.2542815419752	18.0373209558453	13.3626894572456	-1.19308669797893	17.8800486853414	13.9537584960141	-0.843887216211769	17.6453180170988	13.5623954318712
PAK6 PLAU	-3.12209714219142	19.4019627355915	15.3245414335786	-3.7697098335452	20.1774451400238	14.4574878811347	-3.90876289184232	20.3739788098495	15.4969250068578	-4.26491605976765	20.1344424888893	15.3798822389889
PAK6 PLAUR	0.482328511250323	12.5672525320815	9.73481023596518	-0.35483072723218	16.2762601812307	11.5161102977115	0.0766972175094597	15.2455823892405	11.410344406226	0.0720006904872359	14.8495108535766	10.9649349167749
PAK6 PLCG1	-1.01868556638437	18.8771978244741	14.1232783550883	-3.92749419084561	20.497463708087	15.1594813720213	-3.85937540499668	20.6360084562914	15.5995046692568	-3.87229365848276	20.0868368203361	15.2585158668723
PAK6 PLG	-2.36398803704726	18.9323482257669	14.2635307131487	-1.20742355262837	18.3093775459736	12.8239425030252	-2.23791338444055	20.0277177770947	14.6102498741724	-2.01498240058201	19.4091637724021	14.1368607673218
PAK6 PLG.1	-2.81960540941241	19.9847548592452	15.6563072595906	-1.24921355085489	17.9920636391471	13.1281426926486	-2.07339730003855	19.2363338553191	14.747963093845	-2.16118469861833	19.3866483523551	14.7613824368038
PAK6 PLG.2	-1.94748591786369	18.5439222712825	14.3640092486518	-0.794039614702536	17.1363531378769	12.6807372712762	-1.48955588528035	18.8735023232772	14.2286196792228	-1.32735927695215	18.184886290955	13.7938260864973
PAK6 PLK1	-1.47302546085008	18.5439164708005	14.1174433910582	-2.93136221215351	20.0611896022175	14.3986919343784	-2.97395465970528	20.066843867602	15.1972789668459	-2.33051104301956	19.7129576335658	14.742702415914
PAK6 PLXNB2	-1.7243241607558	18.5168313156794	14.2365138079059	-2.08502591054745	18.8470158497312	14.2666947196922	-1.9685066524569	19.1221178588614	14.9440119575746	-2.13050291349815	19.0278233725443	14.692260526735
PAK6 PLXNC1	-5.78115429796466	20.1632711165506	15.4747525302012	-3.98878743102871	20.7164760393963	15.0720154168888	-6.54727995871849	20.9743773141371	16.1361743628778	-4.73031258837829	20.8309401269794	15.7206565027807
PAK6 POMC	-1.34884241700579	17.1611914531883	12.8925014588846	-4.10790501697209	19.6417462442982	14.942417670571	-3.48984868997382	19.7555509778925	15.1775562590467	-3.10046585441295	19.1695984598539	14.7106631176412
PAK6 POMC.1	-3.16691170675335	19.2681228110394	15.3492275996553	-2.95874048132323	19.9035636126391	14.7405726730535	-2.55902263548837	20.0024108177548	15.254974173406	-3.14387037088337	19.9710246369964	15.3697409547681
PAK6 POMC.2	-0.550143037046904	16.7997906251825	12.6000888070089	-2.42759954332093	19.6628105925654	13.9071888561129	-1.47137582011113	18.9764810214613	14.0789908559209	-1.46721969876711	18.5135068516475	13.8058260289282
PAK6 PON1	-4.37489426038547	20.2073529349112	15.8396790041323	-2.32996988223372	19.5487757904572	14.1722712849803	-3.518541177325	20.2192213424169	15.3170489374431	-3.44030851011549	20.0479550334276	15.2239752236492
PAK6 POR	-1.14853267415336	18.3434088961304	13.341184361529	-1.88554562008801	18.4910346647721	13.3964806780735	-1.76774683439745	19.277528908643	13.9043909445033	-1.78074784350441	18.6081736532492	13.7170109071096
PAK6 POSTN	0.0391968598526269	15.7371255159633	12.0025253661178	-0.625964963213744	17.2065464943781	12.3628622618011	-0.563103588881999	16.9690849306749	12.8947102960959	-0.240040698205361	16.5637894497266	12.4429831619411
PAK6 PPA1	-2.57434990308559	19.7317675813991	15.0601537084037	-4.19465011458843	19.911329363176	14.6035765595609	-3.85474180954106	20.293630496145	15.3108809567027	-3.58752866840482	19.9891793827279	15.1190230789925
PAK6 PPBP	-5.69561627730275	20.4629701653259	16.1591932617046	-3.08933663148031	19.8436272035407	14.5389455561117	-5.08802105029436	20.5341589091144	16.1176794633872	-5.29721870716301	20.4115887280741	15.7363156166467
PAK6 PPBP.1	-6.01991706333573	20.5103438444635	16.269130580139	-3.1396442035825	19.8424815006761	14.5734044317101	-5.26048201691894	20.5454463563458	16.1292636717201	-5.43080794359234	20.4475866797712	15.8564135650767
PAK6 PPIA	-2.16157472727815	19.5374707120442	14.9127023460117	-3.17336231511168	20.0185196234113	15.1780003470668	-2.79713487639655	20.1149308227962	15.3353767801487	-2.76178144805552	19.955140428695	15.2790918911055
PAK6 PPIB	-1.9614285336742	19.0812303563972	14.9823564196253	-2.64621672606573	19.3241824329895	14.751953460728	-2.39439803860587	19.4606980017292	15.2219154073021	-2.24134064652947	19.2760207994057	15.0798137960965
PAK6 PPID	-1.52132649146283	19.2798665094297	14.902277460246	-3.05790306820841	19.7716255133014	14.9027882685684	-2.93628040500238	19.5466635835782	15.7955978331468	-2.35749740798288	19.6977761818773	15.2178720368039
PAK6 PPIE	-5.88202996768313	20.5256583706658	15.9935818935841	-3.78115974529018	20.535087660958	15.3502850178197	-5.39127875881945	21.0136594164829	16.2044511348981	-6.06712061400582	20.7784217959341	16.1702374098132
PAK6 PPIF	-0.444437422191143	16.8652809010449	13.2613439441451	-0.912033494036209	17.503559722802	13.6999984207954	-0.743683716651621	17.6668096745533	14.1755453228252	-0.701816547099274	17.5778439508372	13.8684773821587
PAK6 PPP3CA.PPP3R1	-1.057438929679	18.2064923395198	14.1308672983468	-4.12673760258851	20.0429360811695	14.8729008116055	-2.7899917766817	19.4817231859192	15.2325528679826	-2.12366459671723	19.3237546085041	14.7921896014448
PAK6 PPP3R1	-3.80645108671092	20.3231885637962	15.4061977762907	-2.37332953878445	20.2507280890671	14.6250791122217	-3.80695036184436	20.7755552692633	15.5017741561257	-3.89851223578112	20.6010822806837	15.4739883177618
PAK6 PPY	-0.158939817941555	15.7703386335412	12.2585873439801	-1.10441477189494	17.7534542705947	13.0627547940577	-0.585404244639307	16.954810813155	12.9835108346916	-0.58801329651958	16.948083482965	13.1175366056821
PAK6 PRDX1	-2.85266402489637	19.4705411479656	15.3153386332708	-2.61108749105838	19.9333453836768	14.920959268424	-3.07786751685167	20.0146956520731	15.4960065231476	-2.81694035519088	19.8514079110346	15.2939559980873
PAK6 PRDX5	-3.13505463756151	18.8914971840804	15.5528039219644	-3.52146875619704	20.0048263786662	14.5178716055324	-3.39818107235394	20.1665846183202	15.5014180822381	-3.72490103268738	19.741001791288	15.4912785412312
PAK6 PRDX6	-3.43727063917754	19.7605276361339	15.3757735930617	-4.49042209729053	20.2110232923775	14.8313751801045	-4.10904589345331	20.5774814984232	15.5430825614967	-4.77540009345774	20.3607485012197	15.5006895863969
PAK6 PRKAA1.PRKAB1..PRKAG1	-1.41668973418782	18.5384183419565	14.9073034580106	-4.21748724009012	20.5081478430455	15.3207646308783	-4.09067255848515	20.327754808585	15.9447081167297	-4.5343239622999	20.3521121732239	15.8555161609506
PAK6 PRKAA2.PRKAB2.PRKAG1	-1.31680855937521	18.5726799176871	14.1858281545192	-3.24634717965859	19.4143425225009	14.5823482549889	-3.23057122109704	19.7278300633832	15.520734822661	-2.5417301913466	19.4298650052215	14.9122980452063
PAK6 PRKACA	-0.63676028098568	17.2155964454042	13.7208791768907	-1.08502284332486	17.3234295149909	13.1316149786815	-1.03330489989559	18.2131485891844	14.1514113750671	-1.15300598605203	17.7218744111195	13.892506417784
PAK6 PRKCA	-1.04525541076957	18.2869227585015	14.1421907556755	-2.50266377386996	18.8036116940527	14.9641507486736	-1.71728224141792	18.8323803073194	15.2501535868506	-1.66154946108143	18.8226710372466	14.9317697714838
PAK6 PRKCB	-1.18089202961024	18.4895779929258	14.3435238975143	-2.97160953432621	19.5172207502713	14.941069458968	-1.98904770000694	19.2603013513474	15.4053388971488	-1.90569707591415	19.1715568762488	14.9396190461195
PAK6 PRKCD	-2.41436953341766	19.4314256854397	14.566806448738	-2.52082942797938	19.5873427324636	14.235721209234	-3.06504957026451	20.1986424006024	15.3782664697847	-3.55084086103675	19.9129536929674	15.0057854532122
PAK6 PRKCG	-2.70182406344168	18.9463467567921	14.8559194657819	-2.4614370051769	19.6549790770804	14.3371619746598	-3.74921261070064	19.9882401938667	15.3798528948038	-3.15260095499005	19.5925225738701	14.9893916426634
PAK6 PRKCI	-4.53829154268387	20.3614717672433	16.0083172096006	-3.22960142586964	20.0478941815586	14.6617294340338	-4.17135889848609	20.4836703254993	15.6446307720214	-4.52940657932309	20.381050009505	15.7144486927902
PAK6 PRKCQ	-2.94707355939771	19.8468006413578	15.2447018301078	-3.69036851105463	20.0558120028182	14.7961112715787	-4.03639136799173	20.4957682313562	15.8136954282602	-4.51888889297484	20.3171281229189	15.5951689194862
PAK6 PRKCZ	-2.01546139646882	19.1763809279398	14.0219057825693	-1.86989390800985	19.001311294108	14.3593778045799	-2.1162822880324	20.1388710654206	15.083059188634	-2.00503779472374	19.5952093503454	14.611199380081
PAK6 PRL	-1.48260094064558	19.4334040966285	15.195983529339	-4.44185878903927	20.3590618483357	15.0769767406335	-5.51319755931784	20.8011454489113	16.040259288606	-2.8031086073451	20.1489352268575	15.4247662447747
PAK6 PRLR	-1.91796694235721	18.3527003134336	14.6879864878588	-3.18809115512484	19.8456235076156	14.5162591202637	-3.28583795323916	19.5066279138988	15.276567932803	-2.86332021491247	19.3836909565551	14.9652443741895
PAK6 PROC	-2.07505164046827	19.1138844691837	13.7337346210855	-2.57135108105593	20.3765155289734	14.8883833075471	-2.48453973242121	20.2578996421836	14.9105885026567	-2.32774741215934	19.891419368035	14.5811420656413
PAK6 PROC.1	-6.02066390213151	20.2269980676468	16.1090325175966	-2.82065016499372	19.5937665130935	13.992010798084	-4.99723620047499	20.7935430612205	16.0137724822538	-5.03690361360791	20.2634313971199	15.5212131083752
PAK6 PROK1	-2.9327427900355	19.1187494800049	15.1163779076138	-2.67147980855286	19.7488211152901	14.4053952542457	-3.31787180610133	19.9615319913831	15.4682036777944	-3.0392532156722	19.8999434982761	15.2081304237069
PAK6 PROS1	-1.26863140030912	18.0826704506481	13.8354496941806	-3.81963727166609	19.3500463940005	14.888551516064	-3.30456876771267	19.5528694122904	15.3220857140007	-2.45293349756615	19.3277357975803	14.7610616502861
PAK6 PRSS1	-3.7638447019923	19.2915723212984	15.2934463211693	-1.80875262190538	18.6344905560886	13.9615361547266	-3.55388700232763	19.764716287435	15.3275980761783	-3.21074226195592	19.4957148552772	15.1338938565379
PAK6 PRSS2	-0.746966404626873	17.2132720455898	13.335672383313	-1.7804834272427	18.7817783075333	13.9227715221266	-1.51321379010936	18.8322164681355	14.5184885404596	-1.36496534401606	18.4958354180589	14.1086700591852
PAK6 PRSS22	-1.32309080589861	17.5814135222286	13.6206855340822	-2.42293206614077	19.2253768723587	13.8326930530321	-2.27202219015043	19.1858398939116	14.5582477950249	-2.14174260841461	18.6756328946716	14.1361469842577
PAK6 PRSS27	-5.09075624703779	20.3000754610322	15.870865294222	-2.13107494868214	18.9274322052188	13.8627079094356	-3.10021531174408	20.095756126949	15.2387664552549	-3.57391699589679	20.065504862701	15.197387306613
PAK6 PRSS3	-3.03435609933343	19.5505127480247	15.1663529597767	-1.90014458511484	19.7626201069259	14.2081077548354	-3.79890887147585	20.4471919659355	15.7876724650762	-3.36671753982824	20.0239765571124	15.2511986333115
PAK6 PRTN3	-3.34508153791513	18.7865104564167	14.818907201358	-1.63907713392295	19.1404014693859	14.1304153349896	-3.21790918264668	19.9161250059794	15.4252406662994	-2.65670440494555	19.4201211448875	15.0756788951505
PAK6 PSMA1	-5.01249427152042	20.1527039321292	15.6313656571767	-2.06846574870005	19.2154639891238	13.7641226620099	-3.36870618395805	20.3115708540773	15.2564698560678	-3.4470468308473	19.9563182128093	15.0986187170414
PAK6 PSMA2	-7.51061677810013	20.6522842829608	16.5383854080301	-3.49161965950355	19.8414686140467	14.4610095699553	-5.22448592691928	20.6586443660707	15.8613436345711	-5.40493646205296	20.5950825430402	15.8972564945616
PAK6 PSMA6	-5.82448053591078	20.4368768061093	15.9837816192159	-2.38087934264515	19.0865332860521	14.1482686023941	-3.03076884945918	20.0579095891331	15.2797084994766	-3.39990584713414	19.9166372108111	15.2456956773545
PAK6 PSMD7	-6.61344929070464	19.9870673690815	15.6829759621051	-2.85974984265735	19.6665466295525	13.9673209454976	-4.73629315342316	20.7377680761242	15.7637562325319	-5.32383435938354	20.4658320569405	15.5953384669912
PAK6 PSME1	-2.18475278146828	19.2341798211783	14.9648757217506	-2.42340788171879	19.4814650546473	14.4584189765909	-2.13419616661369	19.630990166188	15.0895965112576	-2.5531375298488	19.5869179871104	15.1034457428137
PAK6 PSME3	-1.11608563145235	18.2770397570676	13.9182158689355	-0.942415051947962	17.8625335852354	13.3297530207277	-1.29120525869835	18.8654265628351	14.717371152159	-1.2218567543703	18.3199424051276	13.9595301533265
PAK6 PSPN	-2.59385585458273	19.3172140537192	14.5963129251635	-1.7230527620221	18.9904323134648	14.5846116321086	-2.40490265894616	19.8656236388075	15.2191552240996	-2.51756566436148	19.5074840001429	15.1827665210307
PAK6 PTEN	-4.43777547181282	19.8425028303875	15.9735231245166	-3.06180374094462	19.7080134777497	14.3803855219608	-4.30357329500711	20.3696982092299	15.6536178252884	-3.96915761801039	20.0587283944175	15.4921237628464
PAK6 PTGS2	-3.32874694561064	20.0151917338959	16.0538469227044	-1.70637180119444	19.653483837828	14.2815745799429	-2.7538882121104	20.211648795516	15.5028154378614	-2.7805848509558	20.0279131879667	15.4263038072279
PAK6 PTH	-2.86633661868486	19.9441875862166	14.7543199724493	-1.61809086089623	18.9930011234592	13.5545362895852	-2.36102309976792	19.6675382583099	14.4636489524383	-2.4970834688885	19.7882976096634	14.4975865420011
PAK6 PTHLH	-0.247160624203192	16.6132577175666	12.0283547437146	-0.51447010314046	16.6485814150326	11.8700070740814	-0.498526520504154	16.9688203274943	12.6178717135561	-0.408422283375802	16.7884181891538	12.1699258185634
PAK6 PTK2	-3.00524713705415	19.3714639044717	15.5009721912451	-3.75251933705747	19.9679289459429	14.7202180489982	-3.74822082039468	20.0385268265253	15.6400090516908	-3.83952500365711	20.0834854621233	15.6247838321333
PAK6 PTK6	-1.9170079661361	19.3825660181787	15.3205247003025	-2.25529365697817	18.867047730737	13.7469944122771	-3.47315802432525	19.8921325546126	15.7613503517811	-2.56051135452712	19.3958520205338	15.0342313816205
PAK6 PTN	0.748148229703513	9.47674693661244	7.00274458299483	0.580386441149736	11.1288082534727	8.02543199450906	0.670900186290689	10.6162634355215	7.91287254346487	0.674747113782861	10.3471947646846	7.6012498294671
PAK6 PTPN1	-4.5212465395221	19.2041800538324	15.203960672194	-3.5316818722688	20.0273189970644	14.3777297250382	-5.09698546642228	20.4375840896065	15.7144316353818	-4.25774455611477	19.9681677356998	15.2058744722521
PAK6 PTPN11	-1.39528617421921	18.5697912999083	14.7575239857877	-2.16689211785631	19.2127784229674	14.0500479384177	-2.60038304170904	19.4702375467905	15.0679020061354	-2.14580590856733	19.1685757836827	14.760517810811
PAK6 PTPN2	-4.23616896858651	19.6463941321505	15.5037528954052	-3.89083904224173	20.3241523151027	15.1510594703737	-4.31991182300319	20.5435140818298	15.9429047738631	-5.27061067011327	20.2553644929487	15.6992622999945
PAK6 PTPN6	-1.98835628370933	18.400068626354	14.6573525080947	-1.92440191420011	18.9855749938168	13.3258276938633	-2.34554356502778	19.180217077125	14.5978788065077	-2.26894518729342	18.9435042010065	14.3706882892961
PAK6 PYY	-3.51440365370981	19.9707899083393	15.6961651461535	-3.22259809169453	20.4566795234073	14.4444846016556	-6.51820492527029	20.9849713543515	16.3067839642702	-4.26455595142207	20.4147352753029	15.5181191264953
PAK6 RAC1	-0.60072809728275	17.4650074948168	13.3293751468387	-1.3175721478381	18.1041407641673	13.7985400018362	-0.753549981402257	17.9034709920681	13.8775769991018	-0.855398598250009	17.8614780568505	13.7206177801093
PAK6 RAC3	-0.816273211196413	17.8029040111649	13.509316469632	-2.75055888959622	19.2319319695861	14.7173790489427	-1.2439021314068	19.2731436758187	14.6426216350117	-1.64631249614889	18.8966340778923	14.4663798187448
PAK6 RAD51	-2.69617678955873	20.1406533434621	15.6271828987588	-1.46395423064735	18.5104002467968	13.4955119496622	-4.17609454976019	20.4853766701414	15.8552135611119	-2.93262702769899	19.5738817234889	14.920187126817
PAK6 RAN	-0.828895947148292	18.4664513576972	14.090340311944	-1.94144484861939	18.7385052686426	14.1567379222132	-1.71850136579363	19.0137614227044	14.9653463416278	-1.27382468305896	18.8534788407581	14.4030044671887
PAK6 RARRES2	-0.861299801041301	18.4697189916044	14.3644926043903	-0.768021063453103	17.1260734702635	12.5717465865765	-1.09885568248318	18.1508271060486	13.9569873370378	-0.864341465861735	17.9360194020219	13.7574919077674
PAK6 RASA1	-3.61984269051433	18.9042982896769	15.194278673253	-2.85991395922712	19.2641258710579	14.6586695361143	-3.09857358415216	19.6471568495486	15.2026756137803	-3.12272648672959	19.349789690798	15.1420545472264
PAK6 RB1	-4.09464367862416	19.7453813961729	15.1119959839734	-3.41501690061743	20.2289729852178	14.5800704243685	-5.21996471803783	20.8248259853388	15.7919928097868	-4.89259460142496	20.4671509931237	15.5095129886991
PAK6 RBM39	-1.29359999043781	19.4360217857953	14.2431861305822	-2.09938351555343	18.9416884918351	14.4127036111807	-1.72908291127359	19.1511652554788	14.8950904891759	-1.63330058131745	19.4509072416266	14.5892000886235
PAK6 RBP4	-6.43712833974038	20.5454946956979	16.0772248289987	-2.31557346802688	19.1349555153452	14.6040042581792	-4.9173673612424	20.484571939574	15.8752717848269	-4.31238024287267	20.1835218235389	15.6903191558692
PAK6 REG1A	-0.492837987206183	17.1783739171059	13.5067079961685	-1.05658268558469	17.8915032385981	13.0135070502856	-0.997501524620044	18.2016940985844	13.9858460092565	-0.775223764094191	17.8378126795381	13.5288820348243
PAK6 REG4	-0.203091085154663	15.8061548273528	12.2265290781857	-0.62623793182227	16.6954307827676	11.8151503659507	-0.522103408046419	16.6304079265632	12.4917651553336	-0.474899480644418	16.4360186994275	12.3468040554469
PAK6 RELT	-0.0980135054376137	15.6808384698065	11.2587076832719	-0.293757900987755	16.240438768176	10.9523842059779	-0.26494703375361	16.184557501678	11.5214048564002	-0.186715205576367	16.0808088478304	11.2928189048457
PAK6 REN	-0.454382963653828	16.9696651394188	14.0885861392241	-1.94453585619854	18.9336572685944	13.8293456733139	-1.05918588190887	18.387759270389	14.1856512208776	-1.60405760262668	18.5072216482254	14.610808957329
PAK6 RET	0.39658786903632	13.8224004647803	10.2434966438548	-1.14094161517243	17.8012041575523	12.5676977987005	-0.276295303477317	16.6852417230293	11.972526059764	-0.110795004834357	16.1246787076312	11.5598846611157
PAK6 RETN	-1.14318813185377	18.0293952340856	13.4835048009623	-2.06706026122343	19.4670176306329	13.9961946934033	-3.44145151760145	20.4317035060132	14.950886675008	-1.8988540254917	19.0377473066983	14.1801262715942
PAK6 RGMA	-0.71765373894704	17.6701673591966	13.2567913755042	-2.72730123778706	19.9613353326717	14.2521431029048	-2.05432692838805	19.4564442360596	14.8794514013974	-1.57549592954925	19.0537335073494	14.1047574214499
PAK6 RGMB	-2.20947829138582	18.3199591943602	14.2975608656448	-1.12344392440892	18.0927390984495	12.7013537034204	-1.8582463503383	19.2073732767013	14.284047464583	-1.76287543524589	18.5749168652182	13.8775230629104
PAK6 RNASEH1	-2.52212351095766	19.6155538077196	15.2471928231989	-2.31493313743227	19.100149508646	13.9872300816662	-3.78345755936679	20.5684152025147	15.590513945451	-3.27160130413445	19.8949548448575	15.1122625779066
PAK6 RNF43	-1.80449222055669	18.8917519227921	15.3764181238664	-3.46077354282799	20.1092254729927	15.0062995974251	-5.19226830372627	20.4353942086219	16.1531756191194	-3.03678132927737	19.9334185074603	15.6738233624062
PAK6 ROBO2	-3.21424207569934	19.8370381580906	15.2790140141194	-2.4865200672788	19.54769616304	14.1255593672962	-4.06580374180458	20.3960141754721	15.4927564263959	-3.32755046744649	19.9219276121398	14.9930791374244
PAK6 ROBO3	-5.24036254438084	20.0658330489939	15.6998058977139	-2.46170973246125	19.3805878529805	14.6727831607768	-3.54203257611309	20.047975296189	15.7083623397724	-3.89418389929572	20.0227456878579	15.5747075401311
PAK6 ROR1	0.154102595778108	14.9267647268118	10.9526166954071	-0.961907497013781	17.8499505527035	12.8727228388312	-0.574479826926619	18.0089764405082	12.9030348777143	-0.360938837434221	16.7231242352607	12.3741244799882
PAK6 RPS27A	-0.832707961632091	17.5623427387304	14.2902610487442	-1.37308171920398	18.7881519575586	14.1681194148241	-1.77242121860314	18.7425214042833	14.9796919109362	-1.3020424395628	18.4159579013621	14.4606524832408
PAK6 RPS27A.1	-1.19152771188934	17.7437651968573	14.0383995027196	-1.23805380546891	18.2507422759071	13.7248065542628	-1.42839246567178	18.5713112072226	14.5889475950411	-1.47730922672465	18.4932728752214	14.3571431256052
PAK6 RPS3	-5.07301694216121	20.3190711326259	15.8628466850066	-2.37213969828371	19.6284635161911	14.1582317349532	-5.06751491201584	20.5296513925055	15.8723131837652	-3.64299688113451	20.1353080572163	15.2761943163829
PAK6 RPS3A	-2.98386635019781	19.8333536298789	15.4777406653793	-3.20479029188566	19.3722484697883	14.3976757393882	-3.71324810396241	20.5760767010681	15.9246373632492	-4.34819829128044	20.1597985610163	15.5823080683482
PAK6 RPS6KA3	-0.299812954902354	16.1690004253383	12.4700059645724	-2.8762895624566	19.6232748861634	14.9509332352703	-1.24957688765521	18.7704996617172	14.289872819757	-1.36687428388071	18.3461722966945	14.1326247701495
PAK6 RPS6KA5	-3.10946912395341	19.1937551451402	15.3441624166882	-2.11977503468356	19.1538619322929	14.3900065127846	-2.38809312230847	19.7663931743527	15.41909337391	-2.90028228065971	19.4419984694044	15.2336947788547
PAK6 RPS7	-5.2627156821486	20.5498355845825	15.9980342337415	-2.51223355104283	18.318990863974	14.0663443543344	-3.47798517387165	20.1384153316912	15.7276731899347	-3.69012387972387	19.9039493056632	15.5679537976434
PAK6 RPSA	-4.04967958907548	19.4984374842557	15.1242818157299	-3.42713074598343	20.8511854465088	15.2898320936826	-5.41300965112175	20.7642151625908	16.1191762238476	-4.03269682591753	20.3742005925102	15.5072751878947
PAK6 RSPO2	-1.88646608899937	18.8320842958087	14.598642943369	-1.17883521654063	17.9410721058304	12.9717344843758	-1.83557184707228	19.1802193056588	14.5660417892904	-1.60486630345903	18.7373274474468	14.2995491963306
PAK6 RSPO3	0.53105987949557	12.1199648286207	9.00581507820628	0.246606242944213	13.6375799573152	9.49062241357715	0.412931223977979	13.151935063429	9.75903802158733	0.418214926289689	13.0205384354683	9.52347772539128
PAK6 RSPO4	0.408786817051551	13.4607959267314	10.1209093954287	0.355943435624679	13.643202077785	10.4825660636753	0.423204341800908	13.8781434725834	10.3965064050929	0.388629495958554	13.8261864314401	10.5273728049626
PAK6 RTN4R	-2.46492135145145	18.6665899809048	14.7412044246465	-1.5232706464327	18.2536445234801	13.8662781823105	-2.40797354110445	19.3510141355334	14.9115638164164	-2.42465396251242	19.2845585850997	15.0328510815233
PAK6 RXFP1	-1.80114381016854	18.6814427357171	14.8195658300952	-2.00742478747728	18.9450362811177	14.233569306153	-1.80434899925413	19.3016543331296	14.6485439375091	-1.93699357823529	19.3374620084695	14.9245397327231
PAK6 S100A12	-2.72641311327642	19.0301704004138	15.2872213022629	-2.2673583441328	19.1818488294136	14.5229393650206	-2.62434092849083	19.5438203984001	15.3558736827003	-2.80665029807781	19.4551972534631	15.3233036349725
PAK6 S100A4	-5.46848461822284	20.5995014407991	16.418103263971	-2.46986561388743	19.5512933195125	14.3121275588782	-3.89680867963756	20.6282898887256	15.9082827745992	-4.25261287689454	20.3273047070261	15.6793316522467
PAK6 S100A6	-4.37710673805147	20.247369526149	15.7339834756936	-2.177562182923	19.5144088427433	14.4622452927709	-4.38630868893738	20.5559150779655	15.7642798191347	-3.20662876537174	20.067124021221	15.3452273927259
PAK6 S100A7	-3.90776928304925	19.6308942521979	15.465666933415	-4.1279641834485	19.9627383633137	14.8030494654332	-5.39494210008457	20.5769352261407	15.8835200419332	-4.64326016437257	20.1854644682675	15.5358819247347
PAK6 S100A9	-0.517041047479698	17.0341317831933	13.0424751322287	-1.46960596004794	18.5625003918792	13.8304712442859	-0.969755672168411	18.1720148799869	14.1819746278128	-0.943298255961488	17.8800296904294	13.7558983197821
PAK6 SAA1	-0.79327859355201	17.6051796895754	13.6942571269027	-2.82691184383432	19.3726383745464	14.6368426959194	-1.89622547363703	18.899837196982	14.8018814532098	-1.48713867350022	18.8119279607632	14.6619996889275
PAK6 SBDS	-1.20507460699755	18.4658721737669	14.1308732155056	-4.14179305476072	20.1528801024694	15.226449091109	-2.58677970346629	19.6840763528336	15.7137823895224	-2.36004788696341	19.4321504620216	15.0415327422464
PAK6 SCARB2	-3.06318799251042	19.4373488674924	15.5691398240522	-2.65323826297255	18.95810317699	13.7884272037994	-3.62425336513612	20.4390493559451	15.9805007388546	-3.34708551616165	19.8475007568823	15.4595328064678
PAK6 SCARF1	-0.615806231352129	17.1622155265224	12.9291541515196	-1.3397548486394	17.913893257418	13.0951042394591	-0.90213675765498	17.7649165913651	13.3484688901054	-1.07143611466071	17.7461943097211	13.3259733279532
PAK6 SCARF2	-3.83982155264167	19.5340343895933	15.7177573776664	-1.42989258175422	18.6573596237476	13.6121804020638	-2.17114581266006	19.5108347585267	15.1253734950089	-2.87952825547279	19.5119983311043	15.1886233082767
PAK6 SCGB2A1	-1.94697110422902	19.9516960164494	15.5358536751553	-3.24714795146909	19.4593746484175	14.2478607617379	-3.67196000138377	20.4777062126272	15.7057671758159	-3.54173515769819	20.0556651984532	15.4397516825201
PAK6 SCT	-3.43787525879423	19.743993061247	15.2261395691917	-2.34020718399282	20.147070886965	15.0400193508316	-3.10324642246983	20.0566753755996	15.3762795884232	-3.26206581533246	20.0845117615065	15.45914976627
PAK6 SECTM1	-1.3751863187652	18.229542999545	13.5284500343902	-0.662748215119816	16.5254846621453	12.1993114330297	-1.07387843787325	17.7209166738783	13.3194680518286	-0.971217123228008	17.5209501330653	13.2041567059461
PAK6 SELE	-2.86866174786596	19.72401194799	14.8707063106414	-2.76979708023857	19.4459357565886	14.283524927607	-3.9242928690848	20.4127720108915	15.5952117687677	-3.22390778131645	19.7269317465862	14.8072919396579
PAK6 SELL	-1.90988487145537	18.9774566456361	15.022110053902	-2.1083694719391	18.238129131908	14.1730530808935	-2.34924400673562	19.327756940113	15.1755833649564	-2.2213027189211	18.9758888246855	14.9208135407477
PAK6 SELP	-3.11261611348648	19.4889457707452	15.140633942666	-3.12967528616637	19.5183400985711	14.1241660715683	-2.9673381636388	19.8275427603056	14.8573922912586	-3.69322365070627	19.8814797251979	15.0240270726626
PAK6 SEMA3A	-1.96302545648402	19.2710893687554	15.0457269331201	-3.49512628962588	19.8631654429196	14.8423789857071	-3.30067310241843	20.0527925964431	15.5034040548552	-3.20606657825596	19.8710773276503	15.330134486083
PAK6 SEMA3E	-0.86772109859587	17.6334720212179	13.4422766364758	-1.9786078856738	18.6301397900752	13.8252239738411	-1.8712093145247	18.9108638602861	14.2888519686647	-1.34957942555196	18.4240812907003	14.0377253335451
PAK6 SEMA5A	-9.16773288458545	20.3069235890988	16.2383397049251	-2.47090674448563	18.6856355721555	13.8565390675277	-4.77010519487199	20.2058652715698	15.6202555938466	-5.2854957535046	20.1022551820045	15.5657113318836
PAK6 SEMA6A	-1.98187236575759	19.3525924285989	14.8737103751296	-2.11643648008123	19.4072243907216	14.543253893413	-2.61338500222479	19.7182176939944	15.486955244712	-2.20216115835394	19.5004476819113	14.8889720423088
PAK6 SEMA6B	-4.55314192741487	20.4778510575524	15.8634930022868	-3.13405831286952	20.530290703379	14.8542699154518	-5.49250900439482	21.0400299510834	15.8645709361445	-4.43956981042256	20.7516877270429	15.7208973151373
PAK6 SERPINA1	-0.732007493293687	17.3703081185756	13.8452208920658	-0.709611639571389	17.2140775487474	12.5128217412359	-1.21285397911405	18.4700711839743	14.6210116837246	-0.734939611526654	17.5136417626756	13.6972932987998
PAK6 SERPINA10	-2.75365514879041	19.7005062121867	14.4378715202327	-3.7022051187788	20.0394952256592	14.7090118348271	-3.89225086172536	20.5155957429482	15.2574475671014	-4.42268459314971	20.1123862070307	15.1034879749593
PAK6 SERPINA3	-2.39965864155672	19.493158502378	15.1810360875906	-4.49215931166005	20.3050896220603	15.4476950706599	-3.67400712925156	20.4192737633154	15.7464121853843	-3.67270768898043	20.353347064601	15.7670297512079
PAK6 SERPINA3.1	-0.76433913733862	17.6673724325051	12.8812837456388	-0.625628908417569	17.62077032117	12.2431260524203	-0.964658170729191	18.3914588208334	13.5754104621561	-0.850458705026813	18.1857660385099	13.0768059314974
PAK6 SERPINA4	-2.14812333948603	19.7579701101941	14.5428078123208	-3.83198944101307	20.578255735561	14.9865461103877	-3.65918283389799	20.963063000049	15.5335494687326	-2.99663489470265	20.428376085681	15.0931143054814
PAK6 SERPINA5	-4.32813675016456	19.7043625053941	15.4905258941661	-3.64087324717866	20.5384483023573	15.4197171042812	-4.42196485804691	20.6840507096467	16.1538801296321	-4.38542230089422	20.4146892235158	15.8007144672574
PAK6 SERPINA6	-2.91164735277092	19.2368674411701	15.5740690045069	-2.4107721573809	19.6456744015719	14.4999424137261	-2.88040537494054	19.9314705743866	15.6767049849039	-3.0459205682712	19.808004032432	15.385237868127
PAK6 SERPINA7	-3.00185448196366	19.7144226692431	15.0912298060885	-3.08685887615735	19.3065294728827	14.0542224833651	-3.83528593069517	19.9950177777032	15.0107875205587	-3.93855683835189	19.9743822650175	15.1516789078913
PAK6 SERPINC1	-0.716513997108747	17.5020111702119	13.2164939663202	-1.05875693077583	18.0364024844445	13.434144897598	-1.13750917893196	18.235152293006	13.7530733360451	-0.929957609496711	18.043353104134	13.6486305522857
PAK6 SERPIND1	-4.53403185080339	20.1188588980974	15.4095029178947	-2.82290640115994	19.7186103177131	14.3147450796783	-3.47066080524642	20.2638648309352	15.1070460725258	-4.07058300131761	20.431530022305	15.358299582911
PAK6 SERPINE1	-2.49640081125193	19.1594374417949	14.591487891616	-3.75217050967388	19.9703077283784	14.6480146129864	-3.5949520973872	20.6807499676888	15.5574003337202	-3.60946065673481	20.0377623071806	15.0013121856039
PAK6 SERPINE2	-1.93891588628374	19.7875380500574	15.232125405161	-2.6337205987809	19.2930540384361	13.983192661172	-3.33724074367524	19.9457544075041	15.363256349911	-3.0202676412519	19.6885265702395	15.0130431000417
PAK6 SERPINF1	-5.92957715341435	19.6334470391197	15.8948282852615	-3.19338407570032	19.2952433155685	14.0953122472389	-4.8699933755675	20.3807976732314	15.8387906722755	-5.14689722067687	19.9433602076857	15.4513228432772
PAK6 SERPINF2	0.292755254630345	13.6520480872918	10.8797383227675	-0.190664137400883	15.7431260887176	11.3914160407193	-0.217528784853083	15.6912411078112	11.636567977881	-0.0444330020733013	15.1255019597003	11.4941191505444
PAK6 SERPING1	-2.83243475565964	19.857214926533	15.6223843594735	-2.07748834575232	18.5769708061724	14.8350129039699	-2.42920871416445	19.8460920302885	15.5610698697794	-3.03281542630194	19.6909244266946	15.6721904804659
PAK6 SET	-2.8841990682948	18.9606902950293	15.1694857188573	-2.74807204326358	19.4552413516244	14.5154472904405	-3.2426977140674	19.5355803919305	15.2211735610115	-3.24037192354628	19.5342754629872	15.1619569615656
PAK6 SEZ6L2	-3.58754973848679	19.0186631886169	15.2797110218661	-2.37657202832093	19.3311607071803	14.5988421313899	-3.47553951064594	19.8608697348282	15.655055588728	-3.85445170082065	19.8663694200488	15.5562522166168
PAK6 SFN	-1.66511408475632	17.8299257937924	13.5777209488787	-1.03261566883829	18.7405539486659	13.4785500984738	-1.77583525261677	18.841143251745	14.3193519822931	-1.26650177297873	18.4954882082439	13.8868792069854
PAK6 SFRP1	-0.825111311480745	16.9318529739219	12.8950092491372	-0.853744721780904	17.1292861072369	12.5806720764969	-0.733557702013103	17.9855161762272	13.4404523200732	-0.87598215304373	17.5054536940335	13.1743672453383
PAK6 SFTPD	-2.02671315296885	19.2913179095408	15.3593209557179	-1.35631500935424	18.4584050860458	13.9742824588465	-1.84555117766189	19.13483767021	14.8481543931349	-1.71967884797768	19.121796476174	14.9823726555789
PAK6 SGTA	-0.819989211762419	18.0125893883725	13.4546287636971	-2.97825182327592	20.0811075767166	14.6907838754703	-2.41063620482617	19.4573160160879	15.1397479432966	-2.28063658336367	19.359397639906	14.6914938130447
PAK6 SH2D1A	-2.91174736077247	19.104502574497	15.1180036712806	-1.23239368151915	17.7702650349694	13.7856871557578	-2.31812816058299	19.0841791560109	14.9619492708537	-2.58316880942102	18.8539776600948	14.8353268310853
PAK6 SHBG	-0.243868269003158	16.3140165513696	12.3998893497673	-2.66765805559811	19.5302617068779	14.2303809904273	-2.07307792536392	19.3249905762604	14.6011202674606	-1.11276058252198	18.3262396297131	13.7295935375552
PAK6 SHC1	-2.75613141448858	20.1105797405892	15.1926325219618	-3.64911624278932	20.3511439102871	15.0882015088822	-5.07430673153644	21.1128982873135	16.2449297259563	-3.91112486094014	20.582355305494	15.605789420898
PAK6 SHH	-0.718156207245991	17.719129433913	13.6739018656957	-1.79849829848833	18.5511362661931	13.9142687132508	-0.869087375525449	18.277204910531	14.165574038572	-1.08285504936282	18.3459843200233	14.3196748279595
PAK6 SIGLEC1	-2.29065329630176	19.5168812378701	15.044974372904	-3.46252596882571	19.8126767454584	14.6866244283449	-2.92447385889987	19.8367053371024	15.2792758383919	-2.81871170397176	19.8225815316077	15.1157390797896
PAK6 SIGLEC14	-3.64506576258506	19.9350929632899	15.9712990227338	-0.649070168472745	17.6303976629819	12.5283043271929	-1.67330882664032	19.4219673018671	14.5158848721756	-1.82166728074367	19.0494844862202	14.4360074828435
PAK6 SIGLEC6	-4.28049025127787	19.7287368886723	15.5141483469831	-1.7067203298702	18.9883915947063	14.2331639910384	-2.87107998139808	19.7496425664962	15.234502274339	-2.71517941653675	19.6962789897924	15.1672722237662
PAK6 SIGLEC7	-4.38359437688424	19.8880262919353	15.5500571517967	-2.39637064430156	19.3140703271513	14.3086091066808	-3.1528551710706	20.1873479438266	15.5411563016857	-3.4213413647558	19.9114432602739	15.2731484583986
PAK6 SIGLEC9	-7.72069154407062	20.4188853939712	16.2719155215354	-3.33821015756984	20.1849481277352	15.3751009030666	-4.566050953477	20.9091674002427	16.0718492863804	-4.77306457858903	20.5374847044669	16.0199185666744
PAK6 SIRPA	-1.61061683813533	18.6783817696348	14.3869397081873	-2.33418601867577	19.6223582851183	14.6010565134853	-2.71264710508775	19.5749951425005	15.0233219551008	-2.7081070761788	19.3373044807604	14.7784059433247
PAK6 SIRT2	-4.25721292092445	19.7171902917228	15.6361543419028	-3.74142495248617	20.3173210010757	14.965365277056	-4.32629216698755	20.500618335014	15.6714340501899	-4.69853466256486	20.5378255064633	15.7600269370509
PAK6 SKP1	-2.91782694943343	19.8202505115435	15.7895897564994	-0.989780313054452	17.4256614186941	13.1410876871937	-1.60601143523933	19.0502130466008	14.8368582623717	-1.90942977285263	18.8883518534665	14.7351474068417
PAK6 SLAMF6	-3.80870048684096	19.6542753482767	15.4398522522195	-2.14216918402027	19.6156041933523	13.9774012747253	-2.69841993315644	20.2998609714495	15.0890626034534	-3.10585991535269	19.9239802486404	14.9709656706725
PAK6 SLAMF7	-2.31928016688471	18.4712512472305	14.5210565476351	-2.70947931160081	20.20570474159	14.7616663551405	-3.91080706096828	20.117358574299	15.5154439051385	-2.87875013834057	19.7255981827917	15.006356296509
PAK6 SLC25A18	-2.36105951057721	19.1411573206845	14.8137440834257	-2.87827852900609	19.6048485711497	14.4970741089235	-2.93370116248052	19.8084996242332	15.1744478349344	-3.3282232875554	19.7469316438312	15.1818335903653
PAK6 SLITRK1	-1.61586058773928	19.1056920042854	15.056109955685	-2.24463193364714	19.2995225452716	14.2774782687995	-2.79429520505475	20.2723046225234	15.4777504903691	-2.53826625319631	19.4509251290119	14.9749106961654
PAK6 SLITRK5	-1.67657252205974	18.4109008119549	14.0512958589771	-2.39698052775292	19.3462552890955	13.602645543899	-3.5627205922239	20.3388564533353	15.1921007725609	-2.53010675813274	19.2649249810071	14.3855599637055
PAK6 SLPI	0.456723547776884	12.98125949484	9.86416660177265	-0.520625923329838	16.6213243876486	11.7540783599542	0.0488521980895524	15.3903711014243	11.3767385415427	0.0829734409944994	15.0282483640802	10.9829384444721
PAK6 SMAD2	-1.03254200917795	18.6989796093338	14.1518283329917	-2.88829098961777	19.7484181474589	14.7505402718196	-3.92310582162668	20.0937100509488	15.7994017274512	-2.22943378173319	19.4602743999159	14.8978933967036
PAK6 SMAD3	-2.03907942541147	18.9034356480448	14.5875736301909	-4.17276404906548	20.1724721449285	15.048359266842	-3.07278578968372	19.9885036214283	15.5216024175013	-3.0241302052486	19.6747659290216	15.1061020721512
PAK6 SMOC1	0.504022527464087	12.2275025370136	8.64947248682888	0.266215243415706	13.7117516835091	9.57003243834152	0.312773965703057	13.6296522630488	9.51125014731031	0.392497361322179	13.1325100960048	9.23325367936739
PAK6 SMPDL3A	-1.65947268093022	19.2295205444627	15.0450257983935	-2.79990472340767	18.9406262814839	14.546095528399	-2.3319064259463	19.5507296907221	15.4712857676815	-2.71281561910681	19.5133027149511	15.4011318700155
PAK6 SNAP25	-3.78355856360117	19.2658642191866	15.567765278837	-3.27920665611729	20.0672435677096	15.0108469514329	-4.01316021779963	20.1692064517948	15.6990783179342	-4.46032574350473	20.1832839814292	15.7983659432841
PAK6 SNCA	-2.72315891256322	19.6282975195679	15.4951374110236	-3.6200102732807	20.6224224662631	14.9434082525217	-4.04208695143772	20.7020304203765	15.8994453038767	-3.78626497597453	20.4466981789119	15.6700020995033
PAK6 SNRPF	-1.81106991508119	18.6673920597976	15.0157464865014	-0.872543431126189	17.8539261605663	13.0396246205337	-1.69525092057399	18.8197972275297	14.6678384585714	-1.52103879230442	18.7051264355819	14.3437394903188
PAK6 SNX4	-1.34530597437831	18.7337440196593	14.4746629306645	-3.21618892627121	19.5547640971971	15.390715010101	-2.32984415358706	19.5281114434223	15.4455108077017	-1.90890347559636	19.2720144494326	15.0737971616071
PAK6 SOD1	-1.11812799099491	19.0847594215412	14.6699379316958	-1.42177411382141	17.9408744097951	13.4823655291276	-1.39185182747152	19.0478483747007	14.5800159544172	-1.35565357632771	18.7870409335803	14.4002450049277
PAK6 SOD2	-1.98983549129434	18.4457240595045	14.4003612115744	-0.83734156621247	17.7023933902192	13.4329730933697	-1.26297531097756	18.3624919021017	14.3049428737556	-1.54197706260398	18.4671604826915	14.2518209652444
PAK6 SOD3	-0.927819069447244	17.8795809083547	14.3773802907698	-1.38985546495694	18.0149369369362	12.9267587217674	-1.58098524051094	18.5810838660082	14.2971191367704	-1.37933347480587	18.1861493102667	13.9539001127157
PAK6 SORCS2	-3.21002628166514	19.8511330064755	15.950592652944	-2.06277375080647	19.0758631088658	13.6812732737921	-3.4555515048542	20.6629246430766	15.3603772231508	-3.31288664426254	19.9037827403099	15.2573531872794
PAK6 SOST	0.437483117320617	13.4121971548555	9.70841099980036	0.177888450224619	14.505866839201	11.0469092885856	0.0761171930561307	15.4799176522272	11.8557949610575	0.299467854167464	14.4497909583069	10.8416512885109
PAK6 SPARC	-2.75810583139706	19.8267713763791	15.2341417875966	-3.6461858300661	19.6958398662065	14.4837100482223	-4.61695141933493	20.548542208201	15.9721703270823	-4.31585335649157	20.1463515679303	15.3098517020443
PAK6 SPARCL1	-0.919020190115239	17.531540903867	13.6947657222837	-2.23400528685337	19.5201083550043	13.9945292863341	-2.65842191278326	19.5055686370248	15.197312873487	-1.74594753051467	18.7423215245439	14.2428300863414
PAK6 SPHK1	-0.930304274075543	18.3961165520345	14.4051892299012	-2.45979579142544	18.979545082159	14.5650451776993	-2.15958258466097	19.1294438380432	15.5425199431764	-1.92757936616708	18.9348994116544	14.8309089902775
PAK6 SPHK2	-5.45420477588104	20.344355823689	16.1343871375571	-3.26175118687231	19.4170253423168	14.3546040078147	-5.77306952091605	20.6949803754467	16.2488011415864	-5.19319006778012	20.2743329371322	15.6947887881902
PAK6 SPINT1	-1.05654201929213	17.6910277875004	13.6928918847989	-0.649948222321432	17.2306514961901	13.1131784910865	-1.17028922555305	18.6600896042916	14.8099829566812	-0.884517597331504	17.7535389172967	13.7697104947879
PAK6 SPINT2	-4.86672110937042	19.9155873170052	15.7571666731228	-4.71058895855858	20.4345414646994	15.2818594724956	-7.03785409450336	20.7142915786097	16.2992871296506	-5.97880330793509	20.53012852245	15.9446663013836
PAK6 SPOCK1	-2.86778502778703	19.145056826092	15.0736148995038	-3.99929551654558	20.5020851979626	14.6825147326117	-4.35543983652615	20.3065697646916	15.1471098988903	-4.30336357111248	20.2161889363035	15.2378364228403
PAK6 SPOCK2	-4.20248370449505	21.3239302009746	15.5631462791195	-3.71333777624636	20.304988467891	14.5387978643978	-3.78346312462128	20.935487303475	15.423150190946	-4.16424478907153	21.0751841818074	15.3607234239377
PAK6 SPON1	0.327740336548937	13.6905246657707	10.5031024854054	-0.0635291218919234	15.1185185413554	10.884273778894	0.160164401330694	15.0755311073721	11.2218672343871	0.213878077866481	14.5073156659101	10.778228421016
PAK6 SPP1	-1.94624479054019	18.9865836061493	14.5745496634986	-1.92865703235151	18.631232452344	12.9494725000339	-1.73403542947521	19.389273918332	14.2905046763955	-2.55793062951563	19.1970947649075	14.2080716604145
PAK6 SPTAN1	-6.33793542616385	20.3004821005277	16.2388642042895	-3.1898381115459	20.2082492408768	14.5793692426532	-4.89296468219492	20.6494864396272	15.8328427981412	-4.69648013666472	20.4996236119983	15.6351871183672
PAK6 SRC	-1.0573109950548	17.9679174942307	13.8839361944923	-2.1370654496013	18.8909903893695	14.3470187290725	-1.11023670313078	18.6390828167879	14.6537455307274	-1.51270415285599	18.636439004978	14.4543090205695
PAK6 SSRP1	-0.916632080067666	17.4339540990144	14.0121098724036	-1.49405843156769	18.668156662885	13.7481998006379	-1.23143844017328	18.6471087376861	14.3770383408453	-1.82624156625823	18.5746855062671	14.5578200050713
PAK6 SST	-0.18132068209551	16.6022524575977	13.2403723314207	-2.87460298897494	19.9595084972477	14.78970309961	-1.62690323766998	19.4028058253081	14.9338995866897	-0.951675309172286	18.5989168399988	14.2192405507122
PAK6 STAB2	-5.51912261958497	20.3484848515696	16.118656741055	-2.59524084765429	19.6172827804256	14.3782064241605	-4.94181988643111	20.4557025115229	16.1367404206134	-4.08365137993227	20.2242263293379	15.5687666530692
PAK6 STAT1	-2.06339425595648	19.5384194236694	15.2696910969234	-2.36501915578283	19.2724526171414	13.971374698927	-2.19118697638888	20.0481876839852	15.0157828144534	-3.15572818969703	19.704167471245	15.067558211714
PAK6 STAT3	-1.33861581275061	18.9128885890586	14.3653383536332	-3.58465226174245	19.9569182617447	15.032963139069	-2.97879477285472	19.9370565197752	15.5736022058625	-2.88382647087731	19.8190674299454	15.1810467928455
PAK6 STAT6	-1.12336638844964	18.3714112724532	14.122184852816	-2.27392643013012	19.474677969471	14.3366286675601	-2.36507491441493	19.3998740069733	14.7465974771848	-1.95775928716649	19.1828836973797	14.6443964387372
PAK6 STC1	-0.0169177015519679	15.0827978827793	11.7735131079478	-1.08480072811179	17.7502585892141	12.9808577463991	-0.647512156807411	17.1836849660706	12.9828635611622	-0.525069084986056	16.7724456664853	12.6391124936235
PAK6 STIP1	-6.50650290995511	20.3688278278636	15.7533720287969	-4.78645678870962	20.2393980371755	14.9673264719054	-5.9413034889272	20.9948206201469	16.01828947066	-6.21494525300323	20.5880305470314	15.7426820280104
PAK6 STK16	-4.08682179195724	19.5506388838817	15.1275236776865	-3.48147050582888	20.6011291266454	15.2141655526567	-6.03135262542141	20.4497630753551	15.99009788183	-4.73295251545213	20.3747628013282	15.5851965299524
PAK6 STK17B	-4.51572215566992	20.1015749101768	15.8996152966936	-4.7052161178324	20.0476618481236	14.8795023729032	-3.75622092541145	20.482540707704	15.7964193102309	-5.18930042908454	20.387800235144	15.7852353575222
PAK6 STUB1	-0.922640543939714	17.298090275764	14.0399733627317	-2.13054572267374	19.0833735950666	14.3746308512309	-1.32236884372678	18.547317794548	14.6333957081233	-1.44636142665904	18.4249172212199	14.469962031137
PAK6 STX1A	-3.99341705879263	20.2142419957192	15.8219111708917	-1.63434684702578	18.2484451671224	12.9749937183644	-2.24079734156748	19.6739722811102	14.765252625143	-2.96199602946765	19.6234695362083	14.8135569251639
PAK6 SUMO3	-5.126254247401	20.3211248773318	15.7797060697514	-2.2746278863081	20.0142897199087	14.7646864065733	-3.97733798619795	20.6457538130869	15.7046871566719	-3.84072643767216	20.4228191547387	15.6360490604346
PAK6 SYNCRIP	-5.18610735649359	20.4184446835201	15.9697207135339	-2.59387337551353	19.6241271599381	14.4279158194873	-4.66957404067465	20.6251569879385	15.9962573054834	-3.52291165137045	20.2212484773415	15.3672802238411
PAK6 TACSTD2	-3.17316197855143	19.4294803555234	15.3800925319522	-2.6781541978836	20.0684479510312	14.8166630497415	-3.05782776721233	19.9674652569836	15.5429453328817	-3.61536150536283	19.849442955814	15.3930909880398
PAK6 TAGLN2	-3.59901586446771	19.2161405253197	14.9209117691219	-3.14209206109236	20.2236216390023	15.0153291438083	-3.56095047975992	20.2807777360141	15.4991988750791	-3.6909540186751	20.0978267475487	15.543873404057
PAK6 TBK1	-4.58730909308451	20.259188205353	15.7150773298736	-2.2942580569231	19.7732929135698	14.2409463955675	-3.87294071454032	20.3961436361383	15.5961008338404	-3.71256547585333	20.1792957080721	15.30823730054
PAK6 TBP	-2.04555794220356	19.773286760213	15.2129478413475	-3.86592357322926	19.9174765934891	14.8114345930097	-3.20318104365438	20.5267971203554	15.7591290544593	-3.25986390505503	20.1658975805289	15.4044048747474
PAK6 TDGF1	-7.81706394982165	20.7759273330548	15.9031655344697	-4.73958001863912	20.4485584301973	15.0850832513265	-5.92361111178568	20.8857857264349	15.9621003568439	-6.53411752470584	20.830415222971	15.8902670731523
PAK6 TEC	-1.20330785475613	18.0054764028231	13.7221213844887	-2.98820174448952	19.9327565291401	14.870175588382	-2.41938485435111	19.6789180540495	15.5327874100417	-2.41919707209574	19.2832568520584	14.7536836642515
PAK6 TEK	-4.17410357997421	19.4839910914369	15.1755825039915	-2.6714994869241	19.9664785418828	14.7243497056365	-4.17232436038889	20.734733228414	15.5653366876524	-4.2009069117045	20.29307391861	15.5057222161626
PAK6 TF	-2.21070934755868	18.8857460814615	14.6138704933202	-1.84390893538452	18.6059046499142	13.7867279799407	-2.41022028679195	19.4428040237084	15.0817082712249	-2.1327058933074	18.8998128867486	14.4145365402363
PAK6 TFF1	-2.42660490294246	19.1522095938068	14.5655248808829	-3.52499794823341	20.0528413118477	14.6969235052712	-3.39288757623182	20.0434519223911	15.3764906945104	-3.29564012490619	19.7544664475254	15.1018446056217
PAK6 TFF2	-1.71045551898732	18.2224456147729	14.179498353617	-1.20257599193355	17.8527555287604	12.617806077925	-1.35211540320941	18.4487254586679	13.6008400500331	-1.50757937028251	18.2514713079957	13.659441629063
PAK6 TFF3	0.465768055497411	12.8414348338029	9.17795837301552	-0.150576172789213	15.8079528360024	11.5379781394588	0.274266197530914	14.3613864144649	10.5282036200774	0.220999538377018	14.5603460936202	10.5456563722081
PAK6 TFPI	-1.72365001554788	18.863981632171	14.861098490997	-0.183079872074877	15.1163344777146	11.2910415535378	-0.90202952410008	17.9139745346427	13.8215884345602	-1.01661929616113	17.7138504850794	13.7365631037621
PAK6 TG	-1.5986651106896	19.2763728465844	14.9866444571236	-2.66018357037814	19.9278764226432	14.3908012036826	-2.94371491829217	19.9259210731419	15.2338876857626	-2.45057490443409	19.7972559910726	14.9296900738492
PAK6 TGFB1	-1.70696103880016	19.5409108741515	15.2106146675333	-2.11053891263266	18.9611767686999	14.0614455535934	-2.2079333262161	19.7577676933036	15.3850749198803	-2.24275552998137	19.3824561990155	14.9543157934293
PAK6 TGFB2	-2.61845931698143	19.219361781194	15.2528045518128	-3.28897959713038	20.4903615901754	15.0034309774648	-3.58756433736366	19.9566804620326	15.5435734857545	-3.42721806899031	20.0544714395555	15.4617256280196
PAK6 TGFB3	-0.674553873641432	17.8049181350633	13.5071435170817	-0.74393605548614	17.2139971682663	12.7700118571603	-0.81803565657287	17.9375087598208	13.7830314782287	-0.856942860844134	17.8207446387528	13.507379779114
PAK6 TGFBI	-3.21752248687697	19.5776484941097	15.0187339191208	-4.24844429055217	20.5545306475716	15.0734720094167	-5.04377787273097	20.6394436880339	16.0762123349039	-4.13485803319834	20.4426452650662	15.5150267409665
PAK6 TGFBR2	-1.55388393720152	19.1030741880916	15.0592159054424	-3.97304238314117	20.0850624295537	14.9198996053841	-3.55005388920031	20.6259481879106	15.7783414376788	-2.77127526478269	19.9641821483742	15.4207034204182
PAK6 TGFBR3	-2.41111539038178	18.4976178080356	14.3487605195746	-1.99018401016448	19.4568625640556	13.5898689916507	-2.30038636594197	20.1057699341825	14.8895259316435	-2.55188024156474	19.5412538790525	14.5259745945273
PAK6 TGM3	-3.04307318425399	19.6766964420718	15.5253575111139	-3.12740559797329	19.7060963925453	14.2955710597686	-3.45258279854326	20.33974343956	15.5287560848519	-3.40190180068035	19.9780181338734	15.3674641789105
PAK6 THBS1	-4.15738908352882	20.7924939424491	16.3710992676512	-2.32115043440955	19.1453292664052	14.3584702407842	-3.27095480344724	20.3010026906291	15.9254839216015	-4.03862080457028	20.0577496965792	15.6201212749935
PAK6 THBS2	-0.754125564482403	17.0039262544213	13.0226376395285	-0.901839672193104	17.5127794724042	12.2412130813379	-1.18142216737293	17.9786443335072	13.2193553909715	-0.955654310988257	17.4420970354245	13.0227452708239
PAK6 THBS4	-0.192240050663928	15.4399408929425	11.9727308900741	-0.627240827982678	17.2133227138286	12.496878473287	-0.608514904098232	16.9410840525297	12.9278951519999	-0.432664837968182	16.584711852421	12.6363995895586
PAK6 THPO	-1.36364683760439	18.3554471525955	14.7108238154576	-2.74104372021699	19.7098172708706	14.4981138408597	-2.68213977425324	19.7016022732139	15.0483079032676	-2.46816061395171	19.4291742186819	15.0487585943516
PAK6 TIE1	-4.57096499279371	20.4643335443133	15.7962082966423	-2.80729513070757	19.7618563685431	14.2320212048035	-4.94977190587295	20.7841281806535	15.8406022148734	-4.55272405999226	20.5689475842096	15.5580020494004
PAK6 TIMP1	0.0607068953369704	15.2588397932493	12.2484593365256	-0.432347509442037	18.0863302060537	12.2248679553651	-0.290394957189014	17.2508508014995	12.6174837544094	-0.165631814471294	17.1992088754597	12.580810642196
PAK6 TIMP2	-0.595594774539583	17.6460844364006	13.8192228113675	-1.66378232317368	18.2596767400223	13.37631910855	-2.06467673463073	18.9301019587172	14.3986377335176	-1.27527984405448	18.253780987783	13.9320391936684
PAK6 TIMP3	-3.37107409905014	19.9308650053732	15.5116242440472	-3.00275894104113	19.7135161634572	14.4921557720864	-4.09936041053661	20.2022491077659	15.612322740078	-4.06074577102083	20.010173198009	15.3376909535167
PAK6 TK1	-10.9445976315005	20.7944336089793	16.6552782927988	-2.84496992047932	19.4710178056153	14.1283316804231	-5.11575259005256	20.426272881362	15.7849653220156	-5.30055805109123	20.4138814285431	15.638669408822
PAK6 TKT	-3.6902828557189	19.4858253074762	15.0505486565026	-4.91263368031675	20.3095855860536	15.1834822397885	-4.49237536931211	20.5782363750939	15.6314559502085	-4.17700238012777	20.1994301261112	15.4355965208165
PAK6 TLR2	-3.26380441055767	19.8916213999437	15.8562573859046	-4.05376398666848	20.5019019350848	15.2008327800622	-5.27254095893352	20.6527206995336	16.0619525003665	-4.12337314081615	20.5501489538561	15.8891213466933
PAK6 TLR4	-7.14923662032558	20.6882153249033	16.1965070798541	-3.83027338507689	20.3681160844802	15.0684628131617	-4.90353027230672	20.7903350327583	15.9198519125491	-5.64768789580062	20.7519993604135	15.945860778242
PAK6 TLR4.LY96	-4.5766250759038	20.6438375849643	15.6802795883642	-2.6438853073127	20.11215808043	14.5693278656448	-5.03376675030294	21.0173838025738	16.1618674771882	-4.07948647108244	20.6098808639444	15.5261319878853
PAK6 TMPRSS15	-0.389940187469313	17.2695001762274	13.6695322853489	-0.68660832903096	17.3646593410471	12.6512588585834	-1.27713394389966	18.5861074593644	14.272500328349	-0.770960965065802	17.6058955965238	13.6115914058668
PAK6 TNC	-4.14354864713385	19.4289367807739	15.002156594097	-3.16973779121732	20.3451533289651	15.0257518512101	-4.91417568806367	20.538424369017	15.9414781559676	-4.98064951754774	20.323747611678	15.5450913904184
PAK6 TNF	0.213600439425974	14.5175852845974	11.6308080031547	-0.766217054748721	17.7705615958201	12.9798167616164	-0.539405123303974	17.7473073484402	13.4239579525442	-0.166300487201084	16.5952448278293	12.5689864659666
PAK6 TNFAIP6	-0.394386696007995	16.5121447269677	12.6720378686339	-2.85180773000207	19.9829778237476	14.2259296569712	-1.97738394682639	19.2736068269233	14.5632893898443	-1.41986779628699	18.5597615701851	13.8751376484894
PAK6 TNFRSF10A	-3.6901170833699	20.150371363736	15.6021028712254	-2.87748542527825	19.6940168299302	14.3256671276696	-3.71766474579552	20.2335825267843	15.3966549875683	-4.29743969338051	20.2798835487932	15.4714550742811
PAK6 TNFRSF10B	-0.757049236629132	18.3062458389578	14.2053666383116	-1.9476700587502	19.0975347385524	14.4711634926982	-1.71667049323469	19.1874348862727	14.883622211728	-1.50325297739664	18.9131754305085	14.7443183650093
PAK6 TNFRSF10D	-0.539511577915193	16.9016319926859	13.1771152495195	-0.719025220619052	17.4826109995736	13.4219359879402	-0.669122670258731	17.4525390476254	13.9579358697596	-0.672245085081198	17.4243572624784	13.626242744455
PAK6 TNFRSF11A	-1.51764983580737	18.8708528383997	14.7173802077879	-1.4186074063271	18.4584277371703	13.7733358266187	-1.8819922364848	19.2462965849446	15.0164484281827	-1.64003660108746	18.8355443766499	14.6744270879499
PAK6 TNFRSF11B	-7.07204967669878	20.6455041993757	16.5478179482034	-2.12367843070358	19.0196301961602	14.032533595214	-5.44505065290555	20.8060424580275	16.2274314795439	-4.21671943962006	20.2175610928502	15.5999024644682
PAK6 TNFRSF12A	-1.82654240840819	18.9521746043795	14.8533525383583	-2.62203021305379	19.9097684712048	14.4469223997193	-4.01989500155345	20.2996172276962	15.8039080479714	-2.66525916669342	19.5890639025835	14.9592425145551
PAK6 TNFRSF13B	-0.62326428821575	17.0821636672252	13.5007085111815	-0.876142622964607	17.6718419278866	13.2448504612463	-1.01847369006445	17.9811415737827	14.2425032230973	-0.782312470924513	17.5693116390637	13.6584850051329
PAK6 TNFRSF13C	-0.563388128129303	17.7727099046175	12.8282701925066	-0.974130429898485	17.8129185235106	12.2282188195628	-1.07445090840073	17.9749496446356	13.5158046598269	-0.7525991304488	17.8592773250578	12.8305040301596
PAK6 TNFRSF14	-0.984968712746497	17.8413023033233	13.7004460113559	-1.20937165606108	17.836428498711	12.8468361709795	-0.998047914732756	18.2557425269125	13.917947014998	-1.22895425281859	17.959795134314	13.4995841809569
PAK6 TNFRSF17	-1.15441499970878	17.8604517160678	14.2336632224711	-2.40689229854258	19.6408982949372	14.1626730135893	-1.87856545585418	19.2386994066071	14.8068922111306	-1.82656521925043	18.9849199837983	14.4951701035712
PAK6 TNFRSF18	-1.22602846237219	17.5090391266569	13.6258843607713	-4.18788407810786	19.9902621406384	14.629652606365	-3.38769756437385	19.8918833865352	15.5369427847619	-2.71572024436545	19.3445774708713	14.7159694483353
PAK6 TNFRSF19	0.320299808799292	13.6130567711634	9.8445091710212	-0.344321491545102	16.0047408549148	11.5698285327534	-0.00074148652174455	15.1686970593168	11.1641165622323	0.0190046652621753	15.1122201663658	11.0246456625857
PAK6 TNFRSF1A	0.502376911537651	12.4480023558019	9.10283010582069	0.117378845048928	15.0047230388941	10.3477120970536	0.278717723593606	14.0090366698596	10.3009698960411	0.32540509587255	13.8651714374668	9.84725288601217
PAK6 TNFRSF1B	0.130030898601866	14.6391632107784	10.4489787714419	0.00317368316584776	15.2286460919599	10.6686424384716	-0.00834669668837207	15.369551456902	10.8434316303175	0.0589533453995215	15.0824411806004	10.7383163164675
PAK6 TNFRSF21	-0.270029435195333	16.9409185923111	12.5989128712204	-1.72546494701299	19.1554403423619	14.0622842598448	-1.34617258996866	18.8929255767193	14.2744616568193	-1.10777522638684	18.2319781612722	13.7563576766055
PAK6 TNFRSF4	0.0934569619453199	15.3334131830155	11.8191762718489	0.0814898756553954	15.337970823992	11.0233722576648	0.0444781223843767	15.7020117433088	11.9430252219113	0.0436152890006535	15.5993570305564	11.7769940376992
PAK6 TNFRSF6B	-0.828748572073305	18.5456942534406	14.1403776232334	-2.41703896802064	19.7494210018214	14.5626959822445	-1.80302270489442	19.3507945284613	15.0313623558453	-1.54248509712527	19.4310828950016	14.7550002359707
PAK6 TNFRSF8	-2.42389170299376	20.8970532000977	14.6040586569027	0.0294519142374211	14.9944200689041	10.6414163741485	-0.82590318790726	18.8109102131522	13.1870920860681	-0.803891108574677	18.2839779089873	12.8632217159636
PAK6 TNFRSF9	-0.579734886340428	16.7252272297326	12.5516932886317	-0.0644031055917131	15.1053719538259	10.5477080762955	-0.518104298789608	17.3156522721431	12.6710190784741	-0.377916941581334	16.3362159344607	11.8700261938753
PAK6 TNFSF11	-5.15023139579801	20.5778158581179	16.0076179234439	-3.05808898878462	19.8993601317126	14.7511869307571	-5.45952624257992	20.5291189420792	16.0211732672732	-4.32325994999043	20.5670569812366	15.7535975816442
PAK6 TNFSF12	-3.15140656470383	19.9114563177454	15.1063959352371	-3.73989184638423	19.9815170880152	14.6663260242845	-3.84236206186458	20.0493682686164	15.491327664978	-3.85322306320334	20.0824289762017	15.2731461901012
PAK6 TNFSF13B	-5.94024021392982	20.6114639003484	15.9441394876027	-2.74561104916353	20.171403020044	14.5358182714275	-5.11059650934464	20.8448114912371	15.7932988887432	-4.49531867544752	20.5538130642412	15.5232860358531
PAK6 TNFSF14	-3.22439566362302	19.6406300877938	15.3782265629365	-4.16793721510148	20.3283902971143	14.9722888626536	-4.44858622212238	20.4256631754747	15.8950218870667	-4.22999117813278	20.2343719512915	15.4701731666067
PAK6 TNFSF15	-1.38608929114595	18.0607961342669	13.8039479426403	-1.34758115003334	18.6623831215332	13.0782813030988	-1.44398632484393	19.2099747025324	14.0607626912338	-1.77937965503864	18.6771533656747	13.8795716218193
PAK6 TNFSF18	-3.85699662114908	19.7045895913544	15.2457696711933	-3.31278982546813	20.0417084008213	14.231503633718	-5.28037316412671	20.3332801743255	15.5172398062862	-4.70861162992032	20.5876348961516	15.5114847685339
PAK6 TNFSF4	-5.24898237417708	19.9575686738949	15.5533935652177	-3.82326511719794	20.1395500621047	14.7844201714424	-5.7055633235743	20.5432758870403	15.8615661422039	-5.05076063072787	20.4434272443493	15.6900120352522
PAK6 TNFSF8	-1.83999896272665	19.3726640937669	14.9402254172928	-3.5235939184885	19.9715639257917	14.3594851975404	-2.68829349793454	20.1810192624038	15.1425953973321	-2.45708390069139	19.9648005055345	15.0503364405919
PAK6 TNFSF9	-3.95426172567435	19.6251951011224	15.4586674172012	-3.09295493232698	19.7743419673537	14.4614315861242	-4.57366914063657	20.5369936439453	15.6897744193385	-4.26036402203651	20.1615881779638	15.5102385451294
PAK6 TNNI2	-5.04878178977771	19.9624706604028	15.449006187708	-3.7233667253495	19.9569328138227	14.75997188148	-4.74905331137955	20.439373596058	15.4893969334952	-4.99027162007078	20.2689256754033	15.5443152401232
PAK6 TNNI3	-0.678086492721469	17.5509354161651	13.5362998876442	-1.24113306255129	18.2057942795006	13.3809757929092	-1.23863871375876	18.0195427621218	13.8696762798621	-0.939627914682167	17.873166878975	13.607254342573
PAK6 TNNT2	-0.182407563605139	16.7758562295908	11.793789576627	-0.0514971171241974	14.9930083118049	10.6174389028515	-0.266416612715936	16.7786171344005	11.8238521095342	-0.181685715472953	16.1489286397336	11.5520107184834
PAK6 TOP1	-2.46552185753855	19.3385278911411	14.7051773774855	-3.1039349996808	19.481380999209	14.2062795543228	-2.62343639912576	19.5970422015808	14.6368435713728	-2.97274848818086	19.7914775171907	14.8881986399587
PAK6 TP53	-1.9611878788518	19.0741374030885	15.4642888690133	-2.83467188230896	20.1063921929178	14.4969473655501	-4.03909276134588	20.3829542433435	16.0538432074685	-2.66201765158803	19.8155227093716	15.2045049633187
PAK6 TPI1	-4.69205956220426	19.7509851292724	15.3147159458697	-4.94154224712182	20.4599534844211	15.2410772632969	-5.0513466828498	20.605834279404	15.7229387129366	-4.76573609425679	20.4211658035557	15.60962293966
PAK6 TPM1	-3.73093384088467	19.7059786083753	15.6577604258469	-3.99848099544939	19.9614289106141	14.8668413566738	-4.00599426639829	19.980650675524	15.5387943302402	-4.18211124722749	20.0256684315693	15.4792261095254
PAK6 TPM2	-5.39711876884719	20.3291196595583	16.3853393135373	-3.31736706758418	19.524055517264	14.4502886998785	-4.91024539291396	20.4594845050174	16.0528538484182	-4.39069211405759	20.3124125479984	15.76693658109
PAK6 TPM4	-1.48591921231696	18.7168087798259	14.6175250518971	-1.94512079525811	18.8387457201106	14.5702964994337	-1.63200824079606	19.1018094079906	15.097211602122	-1.71950963475274	18.9243050715056	14.8818898084571
PAK6 TPO	-5.17491406287106	19.9970331127909	16.2129356617673	-2.45498655822438	19.5046043512455	14.6389312405804	-4.02885590350168	20.4810187404449	15.9313753721655	-3.83961307359028	20.2500631441461	15.7387861095274
PAK6 TPSB2	-2.41270269298296	18.5895617189294	14.6230843288871	-2.35964951109464	19.1715257811475	14.3344765094796	-3.51591012105501	20.0964273124111	15.5515748516965	-2.8629639283492	19.5011401001363	14.946340033732
PAK6 TPSG1	-3.96205570141096	19.7446666947944	15.5601355116086	-3.74826019666407	19.9682920269295	14.6134342901246	-4.49421155385436	20.4603505957419	15.8828304492275	-4.33616620427795	20.4629731221138	15.8470740938877
PAK6 TPT1	-2.78410506399152	20.0499926757237	15.4283740291275	-4.43220173090918	20.53620940922	15.6535455315163	-5.75868655964902	20.8118075976227	16.1654605616832	-4.04572594737792	20.6069310676403	15.9218621640638
PAK6 TSLP	-4.76087521974606	20.1216890838654	15.960702595335	-1.68671397037939	18.7239683905269	13.8367299569243	-2.88212897817735	19.9525723972763	15.4890067267726	-2.80904906586787	19.6426392227223	15.1392988954069
PAK6 TXNDC12	-5.4321333427904	20.5463753461367	15.9118014201401	-1.39580879169671	18.0419717994679	13.7620836578601	-4.08502365028059	19.9862762251541	15.5363977365203	-3.18754812990781	19.5281688116116	15.0967877440213
PAK6 TYK2	-3.54486384813945	19.4053523767407	15.5410542242971	-2.94855138317836	18.6274056435005	13.9645362269102	-3.29171940397777	19.826279795091	15.3624572452137	-4.94346168404895	19.4909891221408	15.265834782969
PAK6 TYMS	-4.96343575190473	20.0176069272147	15.6450602158688	-4.72206465136111	20.2056470803971	15.0927921500079	-4.95130098492092	20.8295396643561	15.9478462116956	-5.63017250947368	20.3413990723786	15.6631325971697
PAK6 TYRO3	-2.86748896232796	19.6064593126924	15.1369234697931	-2.59166415927381	19.6344398678838	14.697748075961	-3.01346098810055	19.9280644040644	15.3563225307451	-2.74513828514579	19.8368598576633	15.2598361876608
PAK6 UBB	-2.19385399192185	19.1013083933602	14.8374758908355	-3.11255716401363	20.2925992899193	14.8121391220474	-4.3800944074618	20.5266841705898	15.5858523666708	-4.07199262417859	20.0667344833133	15.4135399243914
PAK6 UBC	-1.7460282057446	18.3128499871459	14.3455022560534	-2.23567422148495	19.5806098912832	13.8564278880876	-2.52835656416106	19.2360590122672	14.5668414839834	-2.1169666575817	19.0385143698734	14.3734336920571
PAK6 UBE2G2	-2.10105445141729	18.8209208490669	14.8860549970118	-1.60053034473039	18.8034245239674	13.8288422489361	-2.23496286171982	19.551208959511	15.2116947478539	-2.54899077131959	19.3414891061181	14.9393925543865
PAK6 UBE2I	-4.10932304239525	20.2664543790284	15.8014048789584	-3.24638316464341	19.7536345149021	14.7268623373944	-4.44549981038424	20.5965603510976	15.7994475162413	-4.81502648085201	20.2413039679835	15.6258208860553
PAK6 UBE2L3	-4.51311350875479	20.4275715276255	15.7226508942357	-3.79136437515837	19.9065003103782	15.1386915856537	-4.61030962399258	20.726609686021	15.9923530081539	-4.82525725257396	20.3248490665246	15.7188994225111
PAK6 UBE2N	-4.16136479608739	20.0581952140707	15.49777991208	-3.8621864844379	20.080785528377	14.9937277067498	-4.41762072630797	20.5452770658637	15.6918377483384	-4.46173940187867	20.3789445791263	15.6140033171038
PAK6 UCHL1	-3.6195684566298	19.828259252488	15.5354072425279	-3.15248686702779	19.9608290687551	14.344414812476	-3.69064301398008	20.0296096370506	15.2836442290269	-3.624678419607	20.1192500948898	15.2634768334087
PAK6 UFC1	-1.02999084877697	17.8815950212736	13.915914193678	-3.31964505548345	20.0404298840386	15.0681019045875	-2.01861571089392	19.3575287676311	14.9297300395211	-2.05644729836572	19.2888374076698	14.7687603108238
PAK6 UFM1	-0.219817176484818	16.4845616119262	12.5090315816378	-2.77258307340531	19.4198496327923	14.3854989186385	-1.46646252361858	18.5053245595558	14.3465533852841	-1.39211980101271	18.2752113833801	13.8796807661216
PAK6 ULBP1	-4.15259530513776	19.5441541585828	15.3702609811355	-3.84143690961436	20.6133750455357	14.9883798336882	-4.39126142646928	20.3797142838265	15.7555390010718	-4.32937951611194	20.4071866000314	15.5335999082574
PAK6 ULBP2	-4.19751715313817	20.3055993658025	15.6030869320304	-3.38149997363696	19.5209457046283	14.5140837383616	-4.77580614696391	20.6597166775066	16.0589733512084	-4.26842104147075	20.533962031401	15.6616848009361
PAK6 ULBP3	-3.31144386028599	19.9583509483404	15.8388763101347	-1.49167252114438	18.7577043112683	14.094142876646	-2.32714999702893	19.6544645756772	15.3795739955825	-2.47055629517627	19.6041901287583	15.2416096718082
PAK6 UNC5C	0.122813742314659	14.9087381328235	11.5420291431179	0.0190211215448013	14.7467332487832	10.566052038505	-0.0311048416366559	15.4785924029121	11.3819549602109	-0.0217118555184097	15.2717123412829	11.3601190047112
PAK6 UNC5D	-2.16986662637599	18.9302321809154	14.3291425401126	-3.31107911723375	19.9834866401449	14.4058078800153	-3.5756406042898	20.626955072242	15.2160196132364	-3.14003422831701	19.7748949408924	14.7693641508972
PAK6 USP25	-3.88609663170426	19.9480892094098	15.5776402308257	-3.31399561524131	19.713875544167	13.9439810509458	-5.38544824936115	20.6049853238241	15.6931136099958	-4.64229007698656	20.1533459268172	15.321966911485
PAK6 VAV1	-0.909689745807215	18.4975483257036	13.6704846094333	-2.74201552627008	19.7352293518098	14.6014765668305	-2.44895774979236	19.6214376878514	15.4482678871242	-1.75807239962814	19.3274238856994	14.4355898097926
PAK6 VCAM1	-0.175462295016894	16.1861946781567	12.5633871283201	-1.01956630034409	17.8756719481175	13.0489372072062	-0.754919429904272	17.8065148258704	13.4018897162615	-0.642564168613605	17.5074873519939	13.312331222363
PAK6 VEGFA	-0.0363529525681758	15.3886354790745	11.9310698750094	0.155034387778726	14.2483895272796	10.4290494285502	-0.081016499879714	15.282818773313	11.6538835230429	0.0200012581934803	15.280621798295	11.583901925067
PAK6 VEGFA.1	-5.50358551249035	20.0435097912714	15.9355561391486	-3.39853065490005	19.9894202021937	14.1802839739613	-4.46937033702326	20.2605337954227	15.7029161980494	-4.77444636263909	20.1507381178777	15.3340494378716
PAK6 VEGFC	-1.70381721416613	19.3281278560646	14.6407736066352	-0.605387601220081	17.5258687854451	12.8158638824424	-0.931095901528711	18.8118025204891	14.1498542498721	-0.973560928919318	18.6374238894321	13.981356935287
PAK6 VIP	-4.60279300409197	19.9715091764601	15.8434049868823	-1.30658120614526	18.5593758944991	13.6611307571091	-2.77779803041545	19.9001860989371	15.3585992532942	-2.89251968574022	19.6465281410854	15.0592366859263
PAK6 VTA1	-2.98561305453767	19.5525418901099	15.0861369678257	-5.30083883270903	20.481559115312	15.6814993341432	-4.41498195862936	20.5629753146993	15.9829899813669	-4.04962527848541	20.1980294645968	15.6843535036516
PAK6 VTN	-3.332917275764	19.6661456708628	14.6303036610154	-2.53122161871715	19.1609802252972	14.0975128382905	-2.66220826290384	19.6175719290502	14.728463380292	-3.59829457471648	19.6415775739807	14.769447033915
PAK6 VWF	-3.52433776072936	19.1716180357221	14.8416361480376	-3.29502856094283	19.99760956688	14.1711357236955	-3.88929632420757	20.2654793476527	15.3245851128994	-4.91055294658452	20.2854356615475	15.2552976679018
PAK6 WFIKKN1	-2.16893646488522	19.7364229282674	14.9298511267966	-2.11431328005496	20.008624622235	14.4164905549837	-2.25147427429201	20.4911440871317	15.2542144528075	-2.56966621832141	20.2095002343195	15.0331637174192
PAK6 WFIKKN2	-4.66480093649304	19.9126612582578	15.2318353916511	-3.56627827419764	20.4560183510576	14.6553380973187	-4.1862225654718	20.5111338831157	15.3597128646171	-4.88053677030801	20.430139723019	15.2774784054901
PAK6 WIF1	-3.82534978842461	19.6689872199658	15.5880485474412	-2.43870330724625	19.0170503851394	13.3130489933013	-4.05939710629624	20.2310880509523	15.3043255767346	-3.51934277817773	19.7080669633524	14.9773592516551
PAK6 WISP1	-2.69674929939132	19.4474470780943	14.6090820893089	-1.97458194957177	19.2476821241054	13.8216647077809	-2.71248678359263	19.5821424178785	14.7502353771067	-2.75562053629172	19.6726754881047	14.6657344320024
PAK6 WISP3	-2.22258931388226	18.9521630663353	15.1223356052386	-3.03708494110968	19.6045474778068	14.2398898360115	-4.52263040114951	20.2016366777607	15.7363554165751	-3.1978412179608	19.8508158169911	15.3994257451937
PAK6 WNK3	-3.78288414400397	19.6445498550746	15.4513528171726	-3.28815703426864	20.1637246411176	14.2922697394588	-4.03442040702721	20.2800031773563	15.3967509574968	-4.46522092229308	20.0908487461817	15.2193629857936
PAK6 WNT7A	-4.51791064770618	20.2523166966904	15.9969188439894	-3.36908089389214	20.3992511926114	14.6078946405754	-5.37813248365512	20.597289229038	15.7776927955369	-4.4737042396691	20.7361679544103	15.6092662819601
PAK6 XCL1	-1.76783011241516	19.0711727023154	14.5982027656815	-2.46059766972434	19.5611732436494	14.3691009842548	-2.4266396489815	19.7075013597598	15.1356685431804	-2.15568556931496	19.4839338461472	14.7100908597721
PAK6 XPNPEP1	-0.174722099682057	16.2749955646802	12.7987546580877	-2.0152299415645	19.0274940129703	14.2384909402915	-1.11281328175692	18.443843236257	14.2544240422314	-0.930989979516742	17.8209278143103	13.8820882453072
PAK6 XRCC6	-8.57098109607729	20.8045177418709	16.3284429857309	-2.27711144890943	20.3180428413738	14.0494560857697	-6.22980639882243	21.0128007631435	16.2455675615384	-4.92302771734993	20.7341722030575	15.5169807691645
PAK6 YES1	-3.57611267381716	20.5498265860319	15.6932208855924	-1.54349237792053	17.9765100003078	13.4574105665492	-2.25079763796082	19.8031588384051	15.011899161474	-2.89788692687439	19.3900357802374	14.9302085320845
PAK6 YWHAB	-2.04633976313087	19.2047014035731	14.6111449219022	-3.90331376770176	20.204762254775	15.2787307167301	-2.98802131798962	20.1559158599582	15.4128903347355	-3.31953111755557	19.9681817582064	15.3232264462203
PAK6 YWHAB.YWHAE.YWHAG.YWHAH.YWHAQ.YWHAZ.SFN	-5.1084350417224	20.2671856898886	15.996743442799	-4.66983365653013	20.1442177320181	15.4558831662874	-4.61097101501927	20.6676119050328	16.1246954562538	-5.61939912152015	20.4658424532642	15.9921546929795
PAK6 YWHAE	-2.97712143700254	19.5169149823657	14.9220525792043	-2.60726567092989	19.2010082512304	14.034582773632	-3.0188003420462	19.9825253224929	14.9469107485529	-3.35471255001686	19.6525242153563	14.8259907077496
PAK6 YWHAQ	-4.09410977514752	19.6827937177632	15.3070438040113	-4.3099898000464	20.4135519304253	15.0016760626711	-4.18619290085564	20.6416000819094	15.772943606347	-4.56000815314994	20.2716127026836	15.4873296386134
PAK6 YWHAZ	-1.32042976333981	18.5138636310725	14.536236073251	-1.99278539753021	18.9679385207483	14.3131787079259	-1.72379837241495	19.1623434832567	14.8835411736139	-1.75450984926653	18.924342601197	14.717779982806
PAK6 ZAP70	-3.43415000680705	20.1485533622613	16.0468118085244	-2.18541196854702	19.2398398280041	13.9562254035332	-3.53493592702052	20.2513550957668	15.8587939047822	-3.32458573432244	20.049101509905	15.4674418325411
PAK6 ZNRF3	-1.92035537550966	19.1278532216218	15.0224767225236	-3.34733356186621	19.4116828610588	14.0540317341006	-2.90776700487399	19.4117026536143	14.9717332424407	-3.24352521648174	19.5766135903539	14.9667534675953
