protein_name	r2_male	rmse_male	mae_male	r2_female	rmse_female	mae_female	r2_all	rmse_all	mae_all	r2_all_sex_adjust	rmse_all_sex_adjust	mae_all_sex_adjust
PARK7 PCNA	-2.59799308305341	19.370130410061	14.905024483636	-1.80036884890821	19.1414781651316	13.9048713976354	-1.95686872211593	19.6549559879256	15.0629500886697	-2.49504476090637	19.7393225370227	15.1371927718086
PARK7 PCSK7	-2.00465883088512	18.4934038833195	15.0572627642951	-1.29015088123643	19.186362688519	13.548804486595	-1.6057916143674	18.8946810608074	14.6802889618922	-1.57888409874397	18.9229787264958	14.766757929565
PARK7 PCSK9	-7.48393918255892	21.3027988428789	16.0044436709269	-2.4153435237873	19.7328210039148	14.1275897503332	-5.04859561594714	20.8149980977313	16.015580164815	-3.95885069620491	21.2838200087779	15.6194920224169
PARK7 PDCD1LG2	-7.21731221082356	21.2020631767238	16.2546569600901	-1.53293354613329	18.2597667288837	12.9581416388145	-4.00093723714134	20.6200276922584	15.5059681808437	-4.70715704139352	20.6611681028777	15.6376603335298
PARK7 PDE11A	-1.19899180651661	18.3997470336162	14.2497818167572	-2.34170715148881	19.4202979171971	13.6769411377221	-3.03753275709995	19.4536557254563	15.0446006490597	-2.367029223747	19.1488779042048	14.902961929601
PARK7 PDE1A	-5.49890765311791	20.0580921298125	15.2826375682097	-1.10527181339186	18.1193990698638	12.4929012645703	-2.8839929250476	19.4067455823195	14.5131870776953	-2.83546098909764	19.4520415666322	14.4687218599837
PARK7 PDE2A	-8.58865380518256	20.364518302607	15.6885890107777	-1.53430420406059	18.7598701334437	13.3120085246948	-4.08859377958488	19.9218895665138	15.3290718621658	-3.96332854314982	19.9478331102093	15.3372115074345
PARK7 PDE3A	-1.80213213388579	17.8348979620047	14.0780777592034	-0.528879281327827	16.9915319203091	12.4726586952953	-0.905073954616963	17.6625030766128	13.749786869591	-1.04835485926705	17.6774877420583	13.7113653300647
PARK7 PDE4D	-2.42697025975012	18.442614044005	14.8154939675784	-1.1223630898515	17.502159681641	12.7441315150409	-1.21416568342701	17.9922866830698	13.9671056721478	-1.48737287607836	18.1454596476862	14.1441683972812
PARK7 PDE5A	-5.18533947754245	20.1452150133368	15.5580768260788	-1.95143138027897	18.3406092310795	12.8782651627879	-2.92334980722416	19.5773475410494	14.7822551889304	-3.16726964772537	19.3270731447851	14.7919362896493
PARK7 PDE7A	-1.65969197340796	18.0911294788924	14.0714377301758	-1.98692470235314	19.4648233224974	14.5483300448605	-3.69301173581647	19.7028164216273	15.2773889820176	-3.53447243528413	19.7574847068711	15.2966260420915
PARK7 PDE9A	-0.75026105772993	17.786117823538	14.2961535183858	-3.37924227320841	20.6589294426557	14.7517121448353	-3.34804416763504	19.7480932516486	15.2654870914909	-2.11926247550236	19.2486381121048	14.9382550537549
PARK7 PDGFA	-6.36793047064097	20.0256937618996	15.8732840615913	-1.36273846045012	17.0488558956743	13.0695836266192	-2.66750881888968	18.8751885158192	14.8066561804828	-2.93043939131414	19.0722032941436	15.0164362926537
PARK7 PDGFB	-5.88195431390418	20.3211815928928	16.0756064918472	-1.38583649435266	17.2957860141985	12.9838923199258	-2.87841804728817	19.234629442072	14.9729337809927	-3.507017615224	19.4446825352344	15.1809383285174
PARK7 PDGFC	-4.26685659523129	19.1893272630102	15.392638939801	-2.27890367762511	19.7075386410825	14.3477947477181	-3.78848545577373	20.2788662482389	15.6129010094289	-3.89295633282315	19.9075293046911	15.738737925102
PARK7 PDGFRA	-6.52715076537748	21.0668104087607	15.9753858791494	-1.93067394851349	19.8041162688609	14.1698504009081	-3.16789008611064	20.7658833152399	15.5761173886311	-3.31954615057606	20.6334291071079	15.5790981596076
PARK7 PDGFRB	-3.90883926926721	19.7985799229896	15.2573158563807	-2.07192949010491	20.146534302016	14.2693770098173	-3.5957310658772	19.8930146662999	15.533497670438	-3.41033996196093	20.431037446341	15.6426463559708
PARK7 PDIA3	-5.80543092808187	20.2650300351301	16.1858437172846	-1.89221878247653	19.2296876163152	13.3802768543061	-3.76593712729902	19.8580131977873	15.4131616271164	-4.17593327396175	19.857132385313	15.502662253076
PARK7 PDK1	-3.91892189960098	20.8984009999863	15.818240696476	-2.55021078763407	18.9134583603381	13.9540915603852	-5.505600979994	20.6829222347081	15.7481466681829	-4.10433913416797	20.3099821071334	15.5123253318461
PARK7 PDPK1	-1.99048595674867	19.1076477490363	14.5766015077047	-2.23441548886463	19.4176991790204	13.7739778951509	-2.77296541577507	19.6446543615881	15.0009737291754	-3.21550564453435	19.458154860907	14.9532007909583
PARK7 PDXK	-2.51425641728922	19.3416404720789	14.9027105510848	-2.06533560200587	19.2203679316997	13.460026179988	-3.28136172192243	19.8657898157243	15.1755281519419	-2.950232852647	19.5601454962967	14.841642200082
PARK7 PDXP	-4.4818502925227	20.0309154375305	15.4673381516326	-1.3312343392749	18.4552837564758	12.9672192637876	-3.00961206482329	19.6855190958523	14.9957041578478	-2.87144383000945	19.4728867050032	14.640151947099
PARK7 PEBP1	-2.31764758678236	18.9905610245877	15.1687710965476	-0.865121349150308	17.5399158027383	12.3512622948424	-1.9023174606162	18.5785374910059	14.5060445606677	-1.57545763174201	18.5767142456493	14.3561642969516
PARK7 PECAM1	-5.04716800215781	19.6331888031401	15.4562160599149	-1.86566012948802	18.6909201630796	13.7282795958551	-2.16559979560383	19.370615408056	14.6852275648143	-3.62900806505982	19.6296887969776	15.1323023599621
PARK7 PES1	-3.60696929490119	19.7445602770835	15.8897508506429	-1.69001425405681	19.6939778890979	13.5318014147396	-2.04458557852355	19.7873884623789	14.9747000230376	-1.97292642445541	20.0374415926547	15.0255510181517
PARK7 PEX5	-5.11901817301495	19.9701731867314	15.5024721538095	-2.34143749509143	19.8839589796091	14.4375666112596	-2.71938791954028	19.9810964165606	15.2091843586294	-3.80972981050238	20.1489596018497	15.6552883560031
PARK7 PF4	-5.33779886887261	19.7362344083752	15.7094258352143	-1.57235115328561	17.7728054730528	13.2792442929858	-2.15732921806855	18.727271832159	14.6145186582804	-2.59803338443518	19.0054455154016	14.9347109549937
PARK7 PFDN5	-5.17450534184089	19.7313155853052	14.9352107832393	-1.79840443928883	18.2437748332496	13.3789956237722	-2.36031171381622	19.2654693616248	14.6741897968638	-3.29375887274124	19.3916619008822	14.7426124916617
PARK7 PGAM1	-4.93806233015288	20.0312165489812	16.0122181977318	-1.50688870033299	18.2867331518998	13.656052099473	-2.63394835689249	19.3816789757648	15.4601317337032	-2.34439625811308	19.407796941335	15.5256630791559
PARK7 PGD	-2.99078765096606	19.6755417711063	15.5384467094972	-1.90904866116738	18.8926166136323	13.0138719979348	-4.33146097204303	20.0588174158282	15.2624882600367	-3.34995169005695	19.704836152266	14.9217197245784
PARK7 PGF	-1.1320936069212	18.3226727932811	14.2529760352154	-3.25057657918636	20.45924198259	14.8873054379492	-1.74796364292864	19.7345391771109	15.0198540144467	-1.94740521102997	19.7477548018328	15.2065070323088
PARK7 PGK1	-6.06381425247511	20.1737587181266	15.6633943907286	-1.38325218627229	18.2118987844509	12.7431373444756	-2.89223177211445	19.4694145649915	14.7044762445926	-2.83116827922097	19.5394368203839	14.6162808573802
PARK7 PGLYRP1	-3.4656548924341	19.2679962544352	15.1737563741686	-1.89777510626225	19.182181503849	12.8752286978792	-3.96793841832049	19.7906950915466	14.8060292678536	-3.86194268773577	19.7693568748283	15.2355405909835
PARK7 PGM1	-1.58405154490176	18.4075999626984	14.5408566033625	-1.35679970133961	18.0151459212199	13.2664875897748	-1.91665600821132	19.3858569682892	15.2892292622036	-1.63843154394118	18.9411978289449	14.545152370884
PARK7 PI3	-0.141684076967918	15.6884460815272	11.4452361026431	-1.10400736424164	17.5592901710519	12.1829071711528	-1.1767429454859	18.3127354567077	12.82938846601	-0.902338448474542	17.7008018323953	12.4375435729027
PARK7 PIANP	-1.58113218201051	19.2185152587161	13.8713294101685	-2.04140637735294	19.4954864997255	13.5076567187804	-2.42445845377735	20.2750365850917	15.0473764607079	-2.24592254570344	20.0655824493399	14.6793210437943
PARK7 PIAS4	-2.30676691941322	18.4886041455554	14.1327523215601	-2.69243341660639	19.7142445448371	14.1547696097657	-2.53575126027455	19.2364203365357	14.8586476066034	-2.63129498648457	19.5235028960802	14.9127436311844
PARK7 PIGR	-2.02076651460505	18.6324878408028	14.1757112971956	-1.8842428194436	19.3972344143669	13.4958153545491	-2.31700866852169	19.4677568914424	14.3210224054836	-2.19162224298822	19.5496832063953	14.5750035196192
PARK7 PIK3CA.PIK3R1	-2.38648571257941	19.2067176322131	14.8316670870562	-2.47747189004631	19.3942331086878	13.8426874886172	-5.42130966266661	20.657555395496	15.9365749543657	-3.67261786712426	19.9764951887736	15.2647297859225
PARK7 PIK3CG	-7.70395333286038	20.3982808877793	16.0503835752573	-1.24507948655951	18.095893985759	12.6251748840077	-3.05279399857834	19.738600228169	15.1766114222864	-3.20357440302131	19.7027993567616	15.1415851985811
PARK7 PIM1	-5.86545044260743	20.1452619929312	15.7700006936091	-2.35006485746473	20.2065667043133	14.3859289143473	-4.25165001797513	20.3315309334101	15.4814457862641	-4.19149107748897	20.4702758820872	15.7142865125757
PARK7 PKM2	-5.08010556514239	20.0212104272088	15.6869168771036	-1.57141584982219	18.2656777407753	12.5566298466816	-2.87877202737736	19.8725632159943	14.8866992867482	-3.05880757536606	19.2478253862347	14.5959947113962
PARK7 PLA2G10	-3.88080368408627	19.7462624842451	15.4642065734374	-0.606474663452553	16.1725316189285	12.2640583669731	-1.1133134585377	18.3707956777748	13.9796460074608	-1.44584080212817	18.5946726176518	14.3150200008022
PARK7 PLA2G1B	-2.91272265358433	19.7153772062487	15.0377323800196	-1.74899339989895	19.5602286083678	14.1234191696967	-1.99698459731314	19.4895632089515	14.9292858488619	-2.24521489124212	19.6410128644399	15.1062770675277
PARK7 PLA2G2A	-0.226079441059824	16.8243441978185	12.7042270387018	-0.627269846106724	17.3374515747752	12.2652661133119	-0.414481628554462	17.5619364881995	12.7112184409681	-0.539549907477174	17.5021308221395	12.8203683877893
PARK7 PLA2G2E	-2.33891965435158	19.7488439524918	15.1456517300936	-0.888741253672147	18.0163492829316	13.4861677313786	-1.32602702489381	19.0999956585369	14.7735178450177	-1.49612775186295	18.965643952812	14.8367776837048
PARK7 PLA2G5	-3.19598266164683	19.009313712233	15.098712638977	-1.32929915941668	18.6258023152691	13.6022698495653	-3.71822652980122	19.7677190704879	15.3858984943201	-2.77051424503064	19.458006919164	15.1148414160362
PARK7 PLA2G7	-4.69140230264924	20.4393943169662	15.7174995967584	-2.16158278622626	20.2170761504815	14.2650133664539	-3.9742299234752	20.7957542012007	15.6781276131742	-4.1578346957949	20.7219832726172	15.6550614362047
PARK7 PLAT	-0.356109149994381	16.5435656666098	12.9663906372676	-1.40068372246828	18.0151835869649	12.9505275653802	-0.94967625606563	17.6930116468247	13.6332973113571	-0.938808426338908	17.809776027104	13.5345734240754
PARK7 PLAU	-4.25338462513661	19.2063131797704	15.190339213478	-2.45971345488761	19.4567683832379	14.311690682756	-2.8747594767801	19.4796148618941	15.0535435722784	-3.490896586923	19.6265046276328	15.1938014261678
PARK7 PLAUR	-0.0372544188618491	14.9487274285136	11.7153456267457	-1.63511296632795	18.4758589191723	13.5685810398869	-0.588254246307872	17.1966220835326	13.0783682096065	-0.670082769230953	17.0762843054084	13.1905286416873
PARK7 PLCG1	-6.42341880078228	20.6076999395085	15.8162909723734	-2.00620918970683	19.6944771869903	13.9369871146463	-2.69221261460826	20.6537817161214	15.3888450276498	-3.59763383965222	20.7537778699086	15.5440511762391
PARK7 PLG	-3.39611028172729	19.8017784365201	14.4911920313132	-1.09212936697358	18.5573250200399	12.503708964279	-2.02533215294208	19.0439178620491	13.7095367611606	-1.87703168433868	19.2163543677928	13.7963163669194
PARK7 PLG.1	-2.43041474016697	19.178631470515	14.7114075390465	-1.11911311462749	17.9364741830026	13.1729825399119	-1.55844281587081	18.7424444909337	14.1252473405833	-1.89272180242577	18.9411528498777	14.5113610318584
PARK7 PLG.2	-2.70572955037044	19.6709344944802	14.8149546323584	-0.717930298516422	18.1340995796603	12.2497305892824	-1.66834057784832	18.7822876216426	13.7909350177192	-1.59443909287298	18.9714447654442	13.9608394523973
PARK7 PLK1	-2.11504632937086	19.0764155740463	14.6681276026714	-1.97735249783246	19.531697307456	13.6861586701864	-2.9426939747729	19.6019266063567	14.7893765417571	-3.2676296396577	19.5652003467576	15.0452995580553
PARK7 PLXNB2	-5.19382285047243	19.7826018925482	15.5277539972952	-3.00061819852844	19.5620114079285	14.3743148339019	-3.44369480496723	19.9767883991493	15.3920099078124	-3.77268260489404	20.0960515413313	15.5335207806657
PARK7 PLXNC1	-5.86896129171672	20.1168264640522	15.4516100467662	-2.21607776840494	19.7331315317775	13.5402896723467	-4.48310626619894	20.3135329768168	15.2916165870653	-4.19865089893395	20.2999594593168	15.1391789236905
PARK7 POMC	-7.58462324203182	20.2075090379354	15.4005790827683	-2.43699237511111	19.0187179091733	13.7460435438142	-4.48660819380379	19.9470953005935	15.2538824101032	-5.01403026244549	20.115282533252	15.3453400821783
PARK7 POMC.1	-3.66981669278685	19.1230941303545	15.3424651390223	-2.16471726302957	20.2159127010433	14.2036021874652	-2.53501020937564	19.9354837871129	15.051125183344	-3.3473817796444	19.9624991117966	15.3570545176613
PARK7 POMC.2	-1.25827881588513	18.6893340441819	14.1706185482331	-2.31793749123361	18.6743555736099	13.3972465376258	-2.02250657454755	19.7645770381797	14.8175888600156	-2.3223185086198	19.528881934158	14.7351231701309
PARK7 PON1	-5.82279826191403	20.4769159436265	15.6085336432325	-1.99947368073999	18.8679684512056	13.6786964389314	-3.62498016059909	20.2982087349178	15.5404998236426	-4.55673661415695	20.4975845896866	15.5665957849158
PARK7 POR	-1.37948309237982	18.9601741759417	14.055529466566	-1.91792554095513	19.1940096606822	13.6208335292966	-1.32435610104544	19.2852414312653	14.0066584408238	-1.55074914602349	19.4503151765604	14.0892554001786
PARK7 POSTN	-0.338029289249744	16.2564744010597	12.4455911754853	-1.24063084303819	18.0303453324296	13.1676600632015	-0.871319685509586	17.9502118387643	13.4785977456823	-0.822862950767134	17.7598806902016	13.5189143829342
PARK7 PPA1	-3.6223919600898	18.9704130532892	14.4073169048938	-2.12968317471369	19.1586579227735	13.6470744234002	-3.48653102814222	19.6716284270917	14.8062190853043	-3.31180599228718	19.565479912356	14.6850836986552
PARK7 PPBP	-7.92370077827872	20.5528703273159	16.3135918259299	-1.80923549239304	17.90384686088	13.2951833298446	-3.63824322221541	19.4727159589149	15.0833460877705	-3.41894097843091	19.4063921129042	15.0713013221332
PARK7 PPBP.1	-7.63131698693959	20.4258436798736	16.2111514313969	-1.73100125228434	17.8211491500343	13.2043907868017	-3.26397662111963	19.3356938751422	14.9727440977081	-3.1404704970286	19.3055383301513	15.0453213855813
PARK7 PPIA	-7.05072686142027	20.6247585097153	16.1968127064736	-2.81719528249889	19.0882443665653	13.532558854546	-5.12466737226899	20.2969658145409	15.4548538058283	-5.183962156832	20.2195736601849	15.4291332210421
PARK7 PPIB	-1.45749764000851	18.5323429823917	14.5620112293501	-1.82342235120157	19.4337966698552	13.8997836389206	-2.13677565257372	19.2968964577007	14.652805059953	-1.86231101503422	19.1937635231829	14.8457651611516
PARK7 PPID	-3.34410086680397	19.6952449043777	15.2727634371402	-2.43565665960191	18.8322558556524	13.4259667155677	-2.85332590852928	19.7823059152641	15.0084647207378	-3.52827291908967	19.7074554775527	14.9313678824826
PARK7 PPIE	-6.82359021579774	20.5183805056632	15.691964155512	-1.57237433649608	18.7906688005849	13.5467828102177	-3.50512759443576	19.9966370045625	15.1330536475145	-2.93344156486384	19.6925927864531	14.8517916834454
PARK7 PPIF	-1.73736458778647	19.0160886363126	14.3578850823198	-2.73851895004725	20.0508769101575	13.9749779904718	-2.44895372397899	19.8073789118378	14.9444035441981	-2.50678430385659	19.5676689085875	14.8940917134887
PARK7 PPP3CA.PPP3R1	-4.79100817419959	19.6108092601052	15.4856511766679	-2.65420270756067	19.0667042716986	13.588748416868	-4.73049875330765	20.0282298458117	15.3146264551503	-4.14623696920054	19.4759838384126	15.1603049254373
PARK7 PPP3R1	-5.65859084186028	20.9422689296778	15.2496176590683	-3.129905277104	20.706321117874	14.4612217534212	-3.30737333860906	21.0834230248139	15.2970072680678	-4.69687915923189	21.0670414796376	15.615557276536
PARK7 PPY	-0.386100274991064	16.9481050690383	13.0993542102057	-1.92196516410208	18.3696867367251	13.7752172221298	-0.916211066924017	17.8577152731409	13.9476392073556	-0.960696842044927	17.9590425347244	13.9930945689892
PARK7 PRDX1	-3.24245611333331	19.5422293996386	15.4677069934483	-1.22065684406178	18.1745534918405	12.9023606134692	-2.96345456937696	19.3058827481562	15.1861716362063	-2.55179170447321	19.3753909142061	15.0167537002349
PARK7 PRDX5	-7.23013630392676	20.5543522807341	16.0688541949449	-2.0769976784723	19.7741212441909	14.2042235888267	-2.68203071487742	20.4319203709655	15.3778314400436	-3.67745246178078	20.5042472571435	15.6951835194713
PARK7 PRDX6	-7.65803889347479	20.2891635773431	15.97963098144	-2.8508667999403	19.8020228002803	13.9992546653168	-4.77485165074925	20.1830670572448	15.4666050707879	-4.5355003130579	20.3052018016188	15.5790072711021
PARK7 PRKAA1.PRKAB1..PRKAG1	-3.44803918432683	19.405627232094	15.4470713287998	-2.40843275991665	19.7792644182512	14.5152695025568	-2.36692874139003	19.6477489226602	15.2996827503809	-3.0110922648338	19.9429057921229	15.5565330633474
PARK7 PRKAA2.PRKAB2.PRKAG1	-3.14171746303357	19.592926493201	15.2773170297707	-2.96155378315814	19.5533308534138	13.8640145281597	-4.36080896681205	20.4063009464473	15.6412880534937	-3.5428188729771	19.7002309132795	15.1966063351628
PARK7 PRKACA	-1.13923884342509	18.3387135180124	13.721983570022	-2.16343445059935	19.4125492660694	13.5933780715542	-1.97024432059343	19.6831205997726	14.5561451788568	-1.93588046646716	19.0993036833166	14.3783254200039
PARK7 PRKCA	-2.93904950377464	19.3408831066776	14.9647775257595	-2.6374252406406	19.4329964653871	13.7963470527316	-3.06784383174349	19.9149866983015	14.9766070181832	-3.84878529375094	19.7288245042888	15.2532702571501
PARK7 PRKCB	-3.75965484542716	19.9384509680683	15.5274679770617	-2.51726536572054	19.0641060102514	13.5065541876575	-3.1514154418419	19.633952848564	15.0124894311076	-3.81453161940673	19.7798307968544	15.2337817028403
PARK7 PRKCD	-9.58429629998409	20.761461733956	16.1976238871308	-1.46419268303348	18.5984909851253	12.9734859547912	-3.60693610447461	20.2900980526869	15.2292525192839	-3.61525316917902	20.0322796440265	15.1236786855456
PARK7 PRKCG	-2.954789343736	19.1448995981728	14.6882039367557	-3.73239999325085	19.8892502702311	14.6638274445117	-2.20368479533464	20.1143933397033	15.0678934724109	-2.30257924343777	19.9685803059023	15.0180948321349
PARK7 PRKCI	-6.75524770726324	20.6105368688661	16.2571740198398	-2.20035257359336	19.3860118277669	13.7045603305829	-3.31448884203439	20.184748007142	15.2194346427283	-4.2762781448134	20.1760948213726	15.4332435845813
PARK7 PRKCQ	-11.1447829122992	20.7268408895463	16.5572759209363	-2.62664919128068	19.3227094420176	13.5700099273791	-4.90090865184388	20.6199376923866	15.6591376530846	-4.211462874398	20.5054591397753	15.6082198947695
PARK7 PRKCZ	-1.35313751246142	17.6509253639855	13.2869833186337	-1.18634774150681	19.4818667187381	13.4591729495211	-1.39782990052502	19.1844026117091	13.8524860796537	-1.41786658912303	18.7792445745312	13.840074015288
PARK7 PRL	-2.68261836168427	19.7991636590816	15.3495896665204	-1.37381871293875	18.9966396175375	13.0558366222941	-3.09462140649426	20.113637103067	14.9073886205519	-2.83550519045371	19.7534795274827	15.027447289531
PARK7 PRLR	-3.22252521573106	19.1393709061555	15.4122024652216	-2.25944593183611	19.8638938337279	14.130730066012	-2.15980964573104	20.0992822851925	15.355984676822	-3.62641366627291	20.0443081736709	15.7131269260907
PARK7 PROC	-2.33791289767006	19.7904264000713	13.7654167831927	-2.29362736125503	19.4844331932088	14.3073706774399	-2.94935492888363	20.3354968644928	14.9536359625217	-2.75296571738188	20.2262664147056	14.7471358523663
PARK7 PROC.1	-5.19181648070333	20.6966360398183	15.4590028006883	-2.2194178519038	18.9713395476222	13.8166451641746	-4.26583099646919	20.4202970824282	15.2207141216837	-4.36174642415475	20.3871421848413	15.293826948792
PARK7 PROK1	-1.9409685664252	19.7168588709664	14.3283090816998	-1.55948113383844	18.8646221883754	13.8956652451483	-2.55452171684903	19.7363505913948	15.0898268553102	-1.8508554236463	19.7556755748507	14.5953882715166
PARK7 PROS1	-1.84731811419839	18.4713288919381	13.6825773350357	-3.14512423115081	19.3842407538585	14.2872760483191	-2.64692897205639	19.740257991224	14.9213481406691	-2.82829349030649	19.6363104138099	14.8538049930208
PARK7 PRSS1	-6.22456895918875	20.3748123059426	15.1959783868149	-1.832419365739	19.3571035161478	13.7734018231483	-3.19829656238078	19.6866548733139	14.9034289023681	-4.61360983687858	19.9522583527419	15.1944951723772
PARK7 PRSS2	-1.58126615475397	18.9989565576831	14.5957405243851	-2.13994413246786	19.08252205202	14.059771406165	-2.27791851180446	19.4007814680478	14.9228748510089	-1.99374765697298	19.3367781745949	14.8847210661125
PARK7 PRSS22	-1.23168555743949	17.9684174239934	13.661067532107	-1.6865495061939	19.1071929100202	13.6340868762693	-1.80667420112612	19.5206665694899	14.692378887686	-2.35167362324053	19.5071373277724	14.6634055050382
PARK7 PRSS27	-3.89965180507706	20.2198051999769	14.8923654964976	-1.45566628281787	19.0425040054062	13.4330477613981	-2.94764730557846	20.136401218422	14.890603419491	-3.3819338077489	20.2417329143536	15.0987787574509
PARK7 PRSS3	-4.87408487428575	20.5993133202988	15.5536924328242	-2.03570755717296	19.4478413779843	14.2388531370235	-3.05908284973781	20.3980481598862	15.3962298655132	-3.38578081925218	20.4595619488598	15.4364852356825
PARK7 PRTN3	-3.8456101484867	19.5666312613855	14.9889999962572	-2.505878870094	18.8106309603749	13.5079443123172	-4.78416201549587	19.9229420890171	15.2653414905331	-4.19457210011947	19.5099298064257	14.9696081260289
PARK7 PSMA1	-8.67687433593653	20.89491486459	16.1995714092559	-1.25120821389394	18.2429080253592	13.1713394458571	-2.83377420462484	19.8683645385529	15.3682650552618	-2.73130247203197	19.750726143262	15.0759865694672
PARK7 PSMA2	-5.33175884774979	19.8282326743289	15.7531596424828	-2.19133491721533	19.4140369060964	14.0787888672783	-3.20939170488934	20.4673509711061	15.7008170752321	-5.02513368645343	20.059949072751	15.7650021768259
PARK7 PSMA6	-5.38905878534579	20.148852541878	15.7644337271235	-1.23880031177022	18.158956639741	12.7534343063832	-2.51071280668708	19.3218049679133	14.8718225344564	-2.53447427503395	19.1913064755051	14.6810105491468
PARK7 PSMD7	-6.93482854920921	20.1177510927323	15.6390992755995	-2.74571762509825	20.004819344028	14.8886015669707	-3.28887083010618	20.1233957560391	15.1948537976026	-5.1254528907011	20.33356675179	15.5386905269222
PARK7 PSME1	-4.56460232635721	19.3727670640034	15.7716345002592	-1.19158557676148	17.9253427133154	12.9991995644808	-2.1943649355194	18.844874404036	14.809329408924	-2.56793203798743	19.0543299891226	14.9741167913185
PARK7 PSME3	-0.714261487906158	17.6211325340553	13.6808662957914	-0.908963259977886	18.0057451794959	13.1158481974682	-0.647701347644827	18.2453641670181	13.8749265387866	-0.868430482341048	18.3914951263299	13.9517313557447
PARK7 PSPN	-4.45540438794393	19.8383461263722	15.3755223407763	-1.42175009553814	18.6116325882268	13.3167889897779	-2.71304606852675	19.5005700817921	15.1354036886047	-2.88141739598911	19.4836708627385	15.2540460319588
PARK7 PTEN	-4.49606954589089	19.3654927966964	15.0548033667804	-2.97200511835698	19.2122528437231	14.1941498950012	-2.76349155100236	19.5021820215089	14.6404243519431	-3.60581562994505	19.5676778416222	15.0445692869875
PARK7 PTGS2	-4.99746593864281	19.8762522923217	15.3547240970588	-1.83774498410939	19.1788881350199	13.9800403000684	-2.65516302293149	19.9796851854677	15.1248077238973	-2.61610029859167	19.9222101924878	15.1990657537114
PARK7 PTH	-3.37473087818652	19.9554504127049	14.6377413771518	-1.64546970791465	18.6464663562382	13.5426951824329	-3.06772883148765	19.6328154660586	14.5255807582057	-2.86585471111363	19.790905064782	14.7434439504048
PARK7 PTHLH	-0.459819261486685	16.6231459532526	12.0989761729713	-0.858096822045042	16.3677316067349	12.0087148049587	-0.837641273436903	17.4824606270011	13.1302253834699	-0.680637479150837	16.9560409384402	12.6051669846873
PARK7 PTK2	-4.85227776629971	19.698186987873	15.6972846862409	-2.61084585946099	19.9155407158359	14.4167039053514	-3.55813715837575	20.0125794940145	15.568814802461	-3.57935902768406	20.1271515731502	15.7922447946416
PARK7 PTK6	-1.98673402503323	18.6226057482686	14.7896811636428	-2.0979293892489	19.6419512902151	13.5875123740845	-2.3817918694923	19.5251415552453	14.9949156679354	-1.8597550475176	19.4920348614604	14.769156859233
PARK7 PTN	0.720472269433583	10.0462046390699	7.38891909088743	0.597446441262856	10.7723952121488	8.04906237668466	0.628619959070837	11.0755090440309	8.53818529208907	0.662848319776489	10.6189226889734	8.02028450810462
PARK7 PTPN1	-2.71456126301617	19.363572799266	14.8137640937326	-2.20635175802529	19.2704316346899	14.134020507812	-3.66403672768113	20.7439145932666	15.5627685898425	-3.07625760894476	19.6879452399752	15.2399204635693
PARK7 PTPN11	-2.63908957089575	19.1543799211838	15.1850265316231	-3.26783299305595	20.2835301331922	14.3519964139717	-5.16869654647917	20.2871129715996	15.8279418794613	-3.57732704924149	20.1170480243697	15.3009499661501
PARK7 PTPN2	-5.71722314985546	20.5620178609785	15.7464510064062	-2.50699428551798	20.0471004369782	14.2317861485791	-5.786937266727	20.571919129398	15.7677079310297	-5.50027540892176	20.5834255946492	15.9467024929632
PARK7 PTPN6	-3.45656584808939	19.9272937528904	15.4227651310048	-2.46496720442769	19.6621634125175	13.6164024471606	-4.882078255452	20.0914399877348	15.5986910173914	-3.73272724919404	20.0601840846333	15.171872894561
PARK7 PYY	-6.10018450505103	20.039739022647	16.0091013765865	-1.88004867638332	18.9106597825192	13.5657579114309	-5.40273362123891	20.7800506034652	15.952712849766	-5.20145694267558	20.1712914503485	15.9307013253165
PARK7 RAC1	-3.84528230419073	19.7756957539983	15.4580130334536	-2.20001878807214	18.8959214903894	13.1647610128525	-2.58007117552424	19.5649183887765	14.8613267506101	-3.77324508211415	19.6982037401766	15.08246181558
PARK7 RAC3	-3.46397264550607	19.0309360858388	15.0927285635211	-1.49321183630546	18.3532631780162	12.6000374090694	-3.19029806871077	19.7337021574993	15.0792290868327	-2.25730371130511	19.0704159266542	14.5647590883719
PARK7 RAD51	-4.64238260576633	19.8337661889397	15.2018955873985	-2.03463535711212	19.8398055337896	13.4852428650832	-2.92798776832344	20.0761380177954	14.8302637767876	-3.72652878592758	20.2013043083472	14.987974144134
PARK7 RAN	-5.40577700476234	19.9382388763743	15.8781490323235	-2.857653111294	20.3201637042603	14.0002419853224	-6.02114490630011	20.4519209459563	15.6130774055055	-5.27621197876717	20.4272146450296	15.5852473957251
PARK7 RARRES2	-0.590608770626891	17.243569864376	13.1985187744905	-0.801934449801653	16.5557735362087	12.5377344000826	-0.650231904062996	17.5766392620083	13.3668586519822	-0.718907161052221	17.2482712304541	13.2811176616748
PARK7 RASA1	-1.95315861314841	18.9491574511089	13.9055264157105	-1.59575257308018	18.8031925424316	13.1337025879906	-2.0250489117374	19.7338306248775	14.5687218450226	-2.94918840886469	19.6291036581754	14.8686785651662
PARK7 RB1	-3.0067441844785	20.1855890942481	15.0011821046613	-1.23341584132672	18.462409529682	13.0119486248935	-4.45377828843489	20.7945682588417	15.6630017680922	-3.36896780975696	20.0820729269638	15.0648905058693
PARK7 RBM39	-1.54629506333026	19.1350624505018	13.9200593315474	-1.23293798794994	19.3881609020175	13.1860076333884	-1.31063945975638	19.0452447311457	14.0195163379724	-1.55858362772457	19.3121345357617	14.1165551989451
PARK7 RBP4	-7.70642663210582	20.0712329829902	15.4654634838591	-1.23675721129198	18.7670769279596	13.9090724595707	-3.94552459798262	20.0008101913898	15.4079401780765	-3.87205906789839	19.9262878247782	15.4200520339049
PARK7 REG1A	-0.329679180199922	17.2730002213892	12.9406431420882	-0.884925963792929	16.9464139409154	12.4617731499557	-0.929020725328815	17.6504472010249	13.5950227943893	-0.87571688482817	17.7763153789907	13.522361595342
PARK7 REG4	-0.692896754638054	16.7921991049392	12.9738023572069	-1.31887527815593	18.5278497113419	13.0433376343287	-0.908763425263669	17.6176366938514	13.6060859897412	-0.959691689514473	17.7154651388181	13.6307622120203
PARK7 RELT	-0.203757864918739	15.8664616040607	11.7218373116612	-0.974590743113834	17.756719310461	12.4268221694346	-0.695517277996851	17.2918706618661	12.511813665646	-0.653685915716799	17.2283513981116	12.5451146372412
PARK7 REN	-2.1208673407744	18.5801496785816	15.0940147838943	-2.25584884717922	19.8192238686946	14.56687621123	-2.34182154025263	19.3541130224976	15.0679559791832	-2.38740921431093	19.5027186362706	15.3065783224826
PARK7 RET	0.334009269201954	13.7802120747276	10.3235079342412	-0.574320364191164	16.3909746496587	11.5838298001221	-0.212129885455361	15.8408898915636	11.5441909028279	-0.0588387055174091	15.5997602887804	11.2603237761901
PARK7 RETN	-2.67612359175449	19.8551871540516	14.9498245152358	-2.38895439649988	18.9646513028659	14.4838751897189	-3.44042414793066	20.5481748968119	15.0859375191636	-3.86271528612785	20.2645831181081	15.4700868916623
PARK7 RGMA	-0.745463685185693	17.2605068262712	13.4001571475067	-1.07935505563277	17.8309140633828	12.5968457938088	-1.0573024341657	17.9632134995836	13.519456411369	-1.04072014442348	17.8172448922762	13.3372758140181
PARK7 RGMB	-2.12219629547061	18.8009933262652	13.8010496917338	-2.45363155198747	20.0336368593851	14.1112121181128	-2.33997563833936	19.829214384073	14.8541143098993	-2.67284212256735	19.7198512878599	14.7657430093408
PARK7 RNASEH1	-5.46790335747939	20.3056828224762	15.9001597730884	-2.32662272727786	19.8467551744259	14.2503311331805	-3.66762417189675	20.6967869296011	15.673308581556	-3.3513408190698	20.1111363868554	15.4637580195021
PARK7 RNF43	-4.1601668837978	19.5575217949679	15.7377644783909	-2.77313790470386	19.9843521695175	14.4686183954515	-4.81494450520393	20.9069400356821	15.9410599634118	-4.52780341822413	20.2350173240729	15.8130644575988
PARK7 ROBO2	-5.57716316386307	20.295839935808	15.6593157971702	-1.34707817581254	18.2144910380945	12.4495275496381	-2.49232066739026	19.6370039685605	14.6258153892149	-2.95213444535419	19.5200853041983	14.5051163314439
PARK7 ROBO3	-5.77263263128922	20.259409605298	15.9480297774081	-2.76680353750856	20.239254850173	14.6549414562321	-3.72925752652713	20.5562522733997	15.6959769775553	-4.59965263034272	20.2521396213297	15.8416160502157
PARK7 ROR1	-0.524921092914536	16.4518149520314	12.3010541286953	-1.65399173695525	19.2203577967626	13.5640042078451	-1.36663493936669	18.5373522988689	13.6802174100661	-1.46724368102491	18.4917223081452	13.8772020870199
PARK7 RPS27A	-1.13674482978151	17.8957782954313	14.1925401762115	-0.465121682313099	16.5696759436984	11.7730121458066	-1.29641571605344	17.8623097087113	13.9982769684838	-1.01032926066175	17.707951050471	13.6081839151712
PARK7 RPS27A.1	-1.64114151573952	18.2279022083145	14.6003224186885	-0.535798165227894	17.022227239178	12.2888058177095	-0.973349511135202	17.804118866188	13.9301013835353	-1.12050582812134	18.0199829902218	14.1186378337885
PARK7 RPS3	-6.81595648276032	20.7156040932529	16.0294755673185	-2.18623225880036	19.0967243263542	13.6826039836269	-3.71117718136218	20.4803075657588	15.6766928773343	-4.10575917904126	20.373713268749	15.3921643280955
PARK7 RPS3A	-3.13147222907023	19.3906575510191	15.3795571951284	-1.77281115379784	18.4663575745797	13.2546346927395	-2.85347246840585	19.8598190614794	14.9117767695309	-3.28068615582522	20.0650610534444	15.3143827681183
PARK7 RPS6KA3	-1.22232208836878	17.243269803456	13.4222331388246	-2.63280021969961	19.5283111795994	13.6748731550071	-3.78808631786647	19.6737647263983	15.0372273696472	-2.8565549866069	18.8397588917279	14.3937050140524
PARK7 RPS6KA5	-3.1682842504292	19.1860759059049	15.363292421264	-0.923586003742659	17.1605838546736	12.5474636886055	-1.95289914856183	18.6924789176355	14.6160141937444	-2.20238642117819	18.7012180593054	14.5991579146128
PARK7 RPS7	-5.99526781922021	20.4780381689366	15.8862262101563	-1.2198145751245	18.3254109907932	13.4270500861128	-2.56795918654131	19.4598246611408	15.0861457295322	-3.06571242877598	19.6316700535206	15.1207828783432
PARK7 RPSA	-4.48222825885535	19.9085537418977	14.5297183005809	-1.39857525657432	19.94062969887	13.4690359009992	-2.47783943904637	20.3734105550966	14.5519523630461	-2.66792624311739	20.0125042420118	14.3030711766091
PARK7 RSPO2	-1.57708925118802	18.0706091784408	14.0767653303843	-0.629625888230978	17.307220547282	12.5009185639214	-1.34206917972904	18.2238912987512	14.0613299169456	-1.34584442602006	18.1364131707343	13.9161312549824
PARK7 RSPO3	0.468690732536464	13.0324901241848	9.23654356721801	0.0537683466443712	14.7396599460913	10.4635809185383	0.325761815672392	13.9170846898085	10.0910160047018	0.263952759762145	14.0638790459586	10.0524261519573
PARK7 RSPO4	0.300876175083371	14.0062248658248	10.3176281045936	0.37618525022829	13.6552458456828	10.3508976988773	0.356010132564041	14.2328601131561	10.5958474636104	0.300290690760936	14.5312270880843	10.7465534961024
PARK7 RTN4R	-7.13847121726085	20.163225713477	16.147130731847	-1.82607276614495	19.7368657298383	14.2025741171845	-2.77328588408721	19.8074169039683	15.2465122782715	-4.15691031851206	20.0639536073554	15.7173798842868
PARK7 RXFP1	-1.20240924613619	18.4494989022073	13.5101207117434	-2.36993803532843	19.1056837102177	13.822312758982	-1.61324540187769	19.1266395627314	14.3135296182475	-2.15006824419354	19.3153419011247	14.6492219829355
PARK7 S100A12	-2.79216610153259	18.790115187125	14.6507869590036	-1.57064824668431	19.6734836231564	13.7058843523724	-2.54638075272451	19.5873399715172	14.8040561451156	-2.91855468149638	19.5070411504918	14.9783528252412
PARK7 S100A4	-12.0508327142598	20.9712647691968	16.6887873399666	-2.05269096453188	18.7575394638444	13.4660347390814	-4.20168415929638	20.3420927271661	15.8069170257062	-5.50867069224033	20.6242142311894	16.1715281727806
PARK7 S100A6	-4.30943666995284	20.0886945949496	15.5926532601113	-1.95947789505661	19.7043469589852	13.6778109069848	-3.74722858008839	20.341068370043	15.3123698169357	-3.62912078293902	20.1851283846236	15.1860973218385
PARK7 S100A7	-4.3823647035716	19.8829995982172	15.6952896089355	-2.62828315422315	20.4549682947319	14.8826804653228	-3.09911411709613	20.4684477877648	15.5800522155287	-5.30270218981617	20.1591703816373	15.7776590758791
PARK7 S100A9	-0.614346971830267	16.9600288984216	12.903150182554	-1.37513498029744	18.3350487962578	13.0297516031429	-0.993588215407525	17.9429629158403	13.6484871256226	-1.11153163089388	17.8627570553396	13.3872871494722
PARK7 SAA1	-3.35277716281264	19.5787510478307	15.0928193041531	-2.38716009193691	18.6348779654412	13.7112705992401	-2.65328680935182	19.4263760727308	15.0600902914558	-3.25586297652059	19.589853753191	15.3277053579752
PARK7 SBDS	-3.74315976297346	19.4640499216829	15.0074764910714	-1.99784285015508	18.5700426635014	13.017748130593	-3.07524183314384	19.3214579803183	14.640934610289	-3.36953877894383	19.4369994925186	14.7360588225459
PARK7 SCARB2	-3.10276394000055	19.1015149826238	15.2916905157004	-2.05076762097687	19.822731205897	13.9281888229238	-3.50244926686941	20.1966710208642	15.5513255645794	-3.62716301330082	19.8869471515945	15.6875001445416
PARK7 SCARF1	-0.609962568627564	17.467457605418	13.2451094273795	-0.961804861386825	17.7623870105054	12.4618635033904	-1.11923158186723	17.9622257825547	13.6267210507832	-0.956225868358399	17.9533527376939	13.6099177373264
PARK7 SCARF2	-2.41533787782465	19.1479976438164	15.2338985048069	-1.8633976682423	19.1956053822299	14.3559070206222	-1.58365485277168	19.7826866350152	15.3105124436578	-2.56775820726524	19.6855236345745	15.5219472028502
PARK7 SCGB2A1	-7.67096473815531	20.2587094597872	16.3948749514292	-1.32603261085489	18.1034767643214	13.3362624688531	-3.41810876410357	19.3998794728203	15.1449642390284	-4.37953595210711	19.7200585773522	15.6441881774154
PARK7 SCT	-3.87840461747505	19.9444953768742	15.4076471720285	-1.70666875590505	19.5127822350205	13.8958389269187	-1.99104510844841	20.0512444675765	14.8906006797004	-2.16304299367982	20.0067076089826	15.0673584984206
PARK7 SECTM1	-2.05987327164914	19.3149785730041	14.5424509522086	-1.15427219602258	17.4819671191367	12.3676391961535	-1.36289577766056	18.7963904728206	14.4591315153063	-1.82128937688184	19.1328299952511	14.5342130876689
PARK7 SELE	-4.80082820202531	20.6474065923442	15.2712570900305	-2.29588135650294	19.770331762079	13.9244807716666	-3.06616610522717	20.4998891518477	15.2425523649886	-4.12022779311889	20.3796055236327	15.2681284411393
PARK7 SELL	-3.22265545985981	19.1716198614404	15.4238900839184	-1.33532115116629	17.1967807817096	12.9766325595256	-2.27080164386268	18.8147506768428	14.605603570686	-2.11866694184346	18.649208370175	14.7136610240323
PARK7 SELP	-7.55641176990325	20.0571953603596	15.82674467204	-2.78624875440192	19.3987713836229	14.2457195327563	-4.75309567285024	19.9253871503432	15.4165173248601	-4.69447374633815	19.9610347212991	15.501630540061
PARK7 SEMA3A	-3.07469847425945	19.0724482899487	15.3470452105726	-1.81872790444666	18.9237150678897	13.3371307065129	-2.91430638393391	19.4989692556312	15.2435387314853	-2.87272883920616	19.4352589841552	15.4026305748158
PARK7 SEMA3E	-1.33660386447445	18.5227496354788	13.548511607573	-1.43142185288972	18.8399900556046	13.4181743838183	-1.35387319931198	19.3130350839812	14.2242627468947	-1.37990064350367	19.3516165654227	14.1478681054521
PARK7 SEMA5A	-4.6444536182294	20.4456572957472	15.2722579232647	-2.62178844945769	20.112435771045	13.9824019500166	-3.52746026030592	20.4298313145907	15.1755476779164	-4.61204561102916	20.4719916159039	15.4137028663974
PARK7 SEMA6A	-1.32852728461478	18.4210568168887	14.3293421806489	-1.38956585164808	18.4316358390293	13.2094076194862	-1.48576062038783	18.7489138590243	14.3762478953542	-1.49831449306259	18.735558067806	14.2742593451455
PARK7 SEMA6B	-6.36049260425517	20.7498982764656	15.9332506237623	-2.29691329300929	19.9070171894169	13.7073227003781	-3.21560504586858	20.6177910984561	15.3248594845822	-2.97766216897969	20.5609894657603	15.2491934375497
PARK7 SERPINA1	-0.673827193246076	16.9677069199588	13.8066728147699	-0.993388310859631	17.9931283690303	12.6002833529919	-0.774364727637833	17.7314386614082	13.5463133569773	-0.880818259274568	17.5787106601045	13.5320024516383
PARK7 SERPINA10	-3.20504512532189	19.5731267208201	14.4482407475033	-1.74727921029237	19.2711053810149	13.1277618852416	-2.8228265287401	20.1127236051309	14.8186609825339	-3.02332231956953	20.0825433220579	14.6281008897603
PARK7 SERPINA3	-5.64734163901611	20.3829689270133	15.5706014474716	-2.71986442522246	20.3995198358342	14.7007719459423	-5.85645006778637	20.4309885167481	15.6512506980066	-5.40315201442172	20.6742783359939	15.7786196118898
PARK7 SERPINA3.1	-1.39929825424287	18.7530944181774	13.7082208488927	-1.50554409231416	18.5649180197522	12.9031090462063	-1.5813629335801	18.8154815652816	14.0305761106367	-1.63161381481158	18.870952647245	13.9436530176801
PARK7 SERPINA4	-3.90971429352964	20.0644273997638	14.8026587434137	-2.66959445648625	20.7929427518612	14.2191148942335	-2.41868613573734	20.4128030967172	14.7722353519044	-3.50734076665611	20.5376930477422	15.1229968697089
PARK7 SERPINA5	-5.41462732155138	20.2042381616141	15.9269936374422	-2.84878032052656	19.9586399541614	14.6035960267474	-2.91841234228361	20.1630200391287	15.4834002727073	-3.1471251895258	20.4341017578417	15.7208081296461
PARK7 SERPINA6	-1.41944971429337	17.9197877749398	14.4156242815478	-1.83676174594885	19.9728324101675	13.9515704679719	-1.84541105379422	18.8314004151429	14.6699194985624	-1.88119601518938	19.1441450997922	14.9650632619328
PARK7 SERPINA7	-5.10490338603581	20.7165893988779	16.0301276065096	-2.74395752546459	18.9598095995135	13.8421028538704	-3.72414245414097	20.1749842651879	15.4821008711048	-4.99814835291506	20.3798460857605	15.6825447157353
PARK7 SERPINC1	-0.82944746682291	17.8116171021871	13.0176855908672	-1.56601344571756	17.7187428164983	13.172823607561	-1.17879305282275	18.1778223266403	13.6092956283194	-0.967233350819283	18.1584131043328	13.4903361559521
PARK7 SERPIND1	-7.13826392138383	20.7712328987438	15.7432329060675	-1.70994580395576	18.9602981364371	13.2227800959776	-3.7360872762059	20.5218133800248	15.1028544050449	-4.01835142086836	20.5548933569781	15.3767584204085
PARK7 SERPINE1	-4.52725727099268	20.3037814383545	15.4292542509241	-2.32204919880925	19.0469459912873	13.3811362966827	-3.45751723020427	20.1474464962387	14.8381954467157	-3.99786175481734	19.955661263662	15.048332169943
PARK7 SERPINE2	-1.92005810570686	18.0258205968346	13.9860034835242	-1.33031516524223	18.5770795716636	13.4617468481636	-2.16584945200175	18.8908988006709	14.5985033488986	-1.90689732439182	18.7921717301252	14.3636224507169
PARK7 SERPINF1	-8.59955184643081	20.2490392895266	15.7677028784861	-1.06737552063872	17.3460095260388	12.327756860334	-4.77850684766995	20.1053162683608	15.5443281687817	-4.12827022466122	19.7028313956177	15.2044335778569
PARK7 SERPINF2	0.112286810072247	14.3281619569571	10.7504450558412	-0.505097642793745	16.907647008877	11.1695192793043	-0.256578233868098	16.0719410848365	11.5981605037064	-0.266361941109948	16.1013781908477	11.6917819703265
PARK7 SERPING1	-4.27931898708937	19.7962104429644	15.2477128281935	-2.48708305580227	19.8200219186924	14.4454482920459	-3.15413268130429	20.1779958799076	15.4198095812408	-4.30401678254879	20.2079310152568	15.6255597571816
PARK7 SET	-3.85015947831833	19.2427220100238	15.3438119333076	-1.45018461534526	19.7502172194028	13.699726445295	-2.14153110532113	20.1400208954692	15.0083352458656	-2.55398877933369	19.8940607600771	15.2883552231404
PARK7 SEZ6L2	-5.28527652594897	19.567591724396	15.0486076327908	-1.17411648607003	17.5385904768621	12.7862735682234	-3.60296481073355	19.6778175920256	15.1093751285325	-3.06541613772716	19.3634704165826	14.8094963545706
PARK7 SFN	-1.13310706732449	18.1750635012124	13.8883227401093	-0.705119291634782	17.7445171394208	12.6541120227463	-1.14387993437109	18.4195078491071	13.9512569717451	-1.20747896396622	18.2873581288895	13.9222743513104
PARK7 SFRP1	-2.37227014373155	18.927009580804	14.3343762094745	-1.08286629335065	17.8395944989941	12.8467027847828	-1.66492647432197	18.6900442503574	14.1789580720241	-1.86811362664679	18.6834695283951	14.1202154705131
PARK7 SFTPD	-2.37322057928522	19.2322174471024	15.4055384578923	-0.758130638948618	17.1986746724254	12.3760677510199	-1.57200058610552	18.5150556921035	14.3281070573092	-1.43091057414937	18.4963167341996	14.2397656800289
PARK7 SGTA	-2.95935837077136	19.0015075632634	14.8475461496172	-2.61182284038802	18.9860586793914	13.6728814401767	-4.8183264305116	20.1545667384802	15.3375245237766	-3.87478452650025	19.5489641137037	15.0451115415564
PARK7 SH2D1A	-3.5838332304541	19.5822183520803	15.0431872707841	-1.32215166334309	18.3771167859769	13.5332158553954	-2.43264996686294	19.588202782599	15.0181653553607	-2.40895833113263	19.6770445882158	15.0455014176445
PARK7 SHBG	-0.336271156687467	16.9540642272308	12.9594689102546	-1.77239425814593	19.4126662847798	13.2974957856122	-1.90494063780232	19.3776078435942	14.3501604461258	-1.24376320932041	18.8541202254615	13.9991294114676
PARK7 SHC1	-5.19361807524027	20.5619608771642	15.4686955936609	-1.81202293520884	18.7313900468144	13.1180367645668	-3.07623811001607	19.9067937402728	14.8234006649281	-3.4823809121334	20.0075291315733	14.9089488816565
PARK7 SHH	-1.12762102259107	18.0266350246175	14.4847430550757	-1.1435423853505	18.1407792396768	13.5515140910442	-1.02317794161079	17.7642438038166	14.0637544013386	-1.09295027859234	18.0111156341346	14.4414521013408
PARK7 SIGLEC1	-1.73308733155177	19.0507636381628	14.4686220170233	-2.27794065730566	19.0895218188708	14.2564264841131	-2.02980109587992	19.2911783859203	14.7317611383961	-2.23235386760926	19.3763616165632	14.8315334155869
PARK7 SIGLEC14	-5.8156241623334	20.702959260623	15.8922891351997	-1.99803057015941	18.9761210063089	13.77971988327	-2.56731507430118	19.9671453215635	14.879432029868	-2.96302622965887	20.1252044680867	15.1723371432717
PARK7 SIGLEC6	-3.99760175123793	19.6372493635957	15.2555308910851	-1.84841597245768	18.6857913600188	13.749113625805	-2.58759328074923	20.3341144672064	15.4424889791303	-3.45464555904982	19.7045519349468	15.2943571911677
PARK7 SIGLEC7	-5.89581232820128	20.5187366082782	15.963116138345	-2.24993700640705	20.0595090237881	13.6436450462558	-5.35467823968965	20.647504632399	15.7797102777834	-4.79681369893654	20.6763317875519	15.7541439325018
PARK7 SIGLEC9	-8.14921157539944	21.1075016130752	16.1644418964482	-2.6234790189864	19.893277424018	14.7344706999393	-4.55396515501359	20.9774678481039	15.987899440973	-5.04075932501572	20.8990601026746	16.1126727310384
PARK7 SIRPA	-2.40955374096362	19.6973049390296	15.1009644583689	-2.67732346445271	20.0002283297601	14.4067422534506	-2.62677624703006	20.5317754220461	15.3597730303187	-2.76425939159173	20.4278663401264	15.3730200793105
PARK7 SIRT2	-4.26714365699436	20.1552695890706	15.3142561998025	-2.17198408551184	19.1925270078071	13.8199202838405	-3.37083969706093	19.8133210799318	14.8347040883173	-4.21984164562508	20.1601633843372	15.3986939415752
PARK7 SKP1	-4.10786800658142	19.7473799642939	15.6470613551015	-0.723360774014156	16.7890082006893	12.4541203858465	-2.19793750075623	18.5342164800475	14.80027763272	-1.73364232560922	18.4481598213721	14.5754096248437
PARK7 SLAMF6	-6.02097164637192	20.6944611332947	15.5825320778199	-1.96640526596655	19.2160914604485	13.7469742646215	-2.89286323476446	20.6656141327338	15.0576307232865	-4.53533774130152	20.4343295794603	15.5195198489528
PARK7 SLAMF7	-2.86387132254105	18.9617997441156	14.5448821748767	-2.26018957799121	19.5473947084008	13.798971261419	-3.63424255717696	20.4660796523398	15.4037885855725	-3.42302371923674	19.7311625107534	14.9549183285554
PARK7 SLC25A18	-4.2963895586924	19.4893201366556	15.3353819589242	-2.45458474801962	19.7308709363275	13.8105803812862	-3.55998592048955	20.1855663774435	15.1223952875873	-3.67148771805685	20.0530556905363	15.3857929804095
PARK7 SLITRK1	-1.91839549575493	19.2862191866029	15.0610899993054	-1.97082218923593	20.0257803695144	14.3340022449485	-3.07009305924908	19.9614738653934	15.1873971662509	-2.41031142397551	19.8741551011143	15.1881093869648
PARK7 SLITRK5	-4.25096872087953	19.6696833235535	15.2546114285396	-1.98331802487763	19.8414198286541	14.2403978581818	-4.19212734569419	20.4397935181855	15.5062530077818	-4.47484786683455	19.8759509224148	15.5153198612926
PARK7 SLPI	0.247485695529535	14.7958581263301	10.5135122105685	-1.82008499187604	18.699451513458	13.1854244607451	-0.683661139623441	17.7777862763721	13.0442847388601	-0.562811541239085	17.2441447969578	12.4569378508263
PARK7 SMAD2	-4.37242033209734	20.1748316017497	15.6099237683159	-2.34907310153042	18.80810755849	13.3902956943427	-3.49345350581323	19.8465642314087	14.9799272523285	-3.23538810025256	19.6984335291384	14.9863478872153
PARK7 SMAD3	-4.3089988520268	20.0593146917994	15.4022525155023	-2.46188073352147	19.1345452055114	13.5028956165547	-4.52712378047012	20.4318047557579	15.4481835362175	-3.26273241485985	19.7728215734505	15.0416413899611
PARK7 SMOC1	0.252780009396641	13.8945359936613	9.94877570285422	-0.0221081240146026	15.2447145152527	10.3797298276435	0.175244486846773	14.7753643456434	10.4699464548188	0.189209483349609	14.5713039991955	10.3099811699775
PARK7 SMPDL3A	-2.13786654475583	18.9410217649218	15.2521634123691	-2.01588664923701	19.369596842585	14.0386155652633	-1.9763010147865	19.0234776034503	15.1142387177798	-2.10400593128401	19.2390120657312	15.2764134525218
PARK7 SNAP25	-5.58754566949797	20.1711364094255	16.0006088549415	-2.44472133291785	19.9542949950768	14.107734612122	-2.63863559881629	20.3014803933925	15.3546221458327	-3.06910096842534	20.2955845743096	15.473157655303
PARK7 SNCA	-4.34319116959698	20.1766232294434	15.300925021799	-1.22164997526503	18.011567403025	12.8020909191739	-3.11080998925229	19.5879723608571	14.8469232074972	-2.6434407466124	19.5966514754696	14.6464553605118
PARK7 SNRPF	-4.32594161332157	19.4753845251332	15.541031971301	-1.19476795406924	17.6403147325405	13.2712411749512	-1.71395406988792	18.8965117418908	14.8669650863366	-1.79330877046899	18.7486055777489	14.6944769759342
PARK7 SNX4	-3.20216649935088	19.99437871724	15.4729995101235	-2.57163251953875	19.5343754603299	13.3506298022691	-3.3064988710137	19.9408086409403	15.1145158714275	-3.67676614164375	20.0045662076677	15.1000153128265
PARK7 SOD1	-2.04988738246057	18.7409280928515	14.931686467134	-0.662436840984997	17.0494221456396	12.0532683343085	-1.25679422170199	17.963295139743	13.8821636447298	-1.11286931665371	17.9843409523637	13.7769659505631
PARK7 SOD2	-1.70966124697859	18.5752456612699	13.7231292080703	-0.198244690597438	15.9055473876633	11.3731467767931	-0.820988128795099	17.4126614182423	12.9150901998294	-0.922096611609545	17.4028807462806	12.8832364333261
PARK7 SOD3	-1.5484838431709	18.2033965441825	14.4018982130475	-1.58152783363985	18.3378200083071	13.1201242143665	-1.59976759459726	18.6033127840216	14.1304618891228	-1.89154902041917	18.683313249278	14.1712119835967
PARK7 SORCS2	-2.96893000637509	19.9917357361698	15.615513704878	-2.40359916518284	19.3810172883346	13.833921052078	-3.76590965172499	20.8984813160297	15.4904069119422	-4.20326162474533	20.1617259911223	15.5237399138073
PARK7 SOST	0.411639199580578	13.468230306023	10.1249495643017	-0.080962984343284	15.2679172975895	11.935883419161	0.0123161434642436	16.3109980336957	12.6066497066197	0.15067664377786	15.1342456458126	11.7558990595503
PARK7 SPARC	-7.43507492561977	20.4636591978296	15.8544108758471	-1.88031049305608	17.8491761975691	13.2703244331781	-3.11142059451947	19.3204760631278	14.8432898966884	-3.74256631025152	19.6330492006541	15.1643285520086
PARK7 SPARCL1	-2.29731104731074	18.9548950879472	14.4346788838178	-2.85960305628392	19.8020326815839	14.7063048451305	-3.22438437461983	20.0992497544236	15.3189847796168	-3.17780535357657	19.7708197397401	15.2469277763783
PARK7 SPHK1	-2.88793682444184	19.8814079660434	15.5570511057404	-2.5276567627146	19.0266717223998	13.6151444695732	-3.168323078451	19.978041171961	15.2366170291521	-3.29469506197671	19.7968311448138	15.304649578162
PARK7 SPHK2	-6.58746438831911	20.5413564328257	16.0097009472121	-2.20002417501971	20.048414462718	14.382581871596	-3.56815402221382	20.3763585674238	15.5068589679535	-3.86632190473414	20.5267734100645	15.6990130900044
PARK7 SPINT1	-1.85833371607697	17.9633459138694	14.1232731865357	-0.793382312848009	17.5707873786859	12.9804519283098	-1.02311204343867	17.9217324834176	14.0095161039901	-1.17322851713773	17.9589717816119	14.0173074414455
PARK7 SPINT2	-4.77242221946895	20.2082120283428	15.2543048281372	-1.64084817654822	18.5500661362191	13.6181670952401	-2.31034241817315	19.8083332910862	14.7728537536841	-3.57052837486895	19.9979916185704	15.1971346226533
PARK7 SPOCK1	-6.57950301500231	20.4856589974421	16.0165132090258	-1.99684230886044	19.0278517951404	13.8485230485188	-4.90301651913825	20.1722391281675	15.5507557233116	-4.15880826239969	20.0232887586157	15.487869642607
PARK7 SPOCK2	-4.22827457850396	20.5320318017464	14.7945761188815	-2.34536317666922	18.4927717948253	13.3690987913168	-2.55001911059105	19.7185624711163	14.326159777421	-2.7623005457824	20.2684143955751	14.5692242611315
PARK7 SPON1	0.305302207580443	14.5487069297245	11.2099958306934	-0.845845263594779	17.5765942430448	12.9891536166573	-0.123272110727862	16.7306986512578	12.5256758665449	-0.184037413815339	16.4822822385789	12.5408758732097
PARK7 SPP1	-2.15865486667048	18.5576530309398	14.1867510827763	-1.55423849580663	18.7481912230091	13.25992439237	-1.68695970476217	19.3569835547986	14.2236839822421	-1.98906832630784	19.4560098120578	14.4982157076908
PARK7 SPTAN1	-4.69439507330511	20.5634777583783	15.8437615505554	-1.92156389942056	19.4814416680909	13.9539533557834	-3.4082490529393	20.666035424678	15.6162860673601	-2.87962741225937	20.9188007544419	15.6523402729238
PARK7 SRC	-3.18461703457578	19.3423382210968	15.2724711506877	-2.57276684185474	19.3935639208531	13.804645188037	-3.46244300344052	19.9411907450882	15.1986577329915	-3.66828272929243	19.6684277983557	15.2483282521274
PARK7 SSRP1	-1.35096519273719	17.9108341482638	13.896485697298	-2.3907023693799	19.850918126202	14.2720233494181	-1.58110603924773	19.0912975686146	14.57450457194	-2.04129411286342	19.4707057081327	14.880876045006
PARK7 SST	0.015430648594208	15.8690207565358	12.1030281008177	-2.50252240680709	19.4759271004129	14.4178570043407	-1.186944985295	18.6127827457047	14.4468812625797	-0.649503339578221	18.1912592302411	13.8167832446715
PARK7 STAB2	-5.88553341825932	20.1061176248361	15.2588791033778	-2.61295946250575	19.2402105624093	14.3045077140371	-3.8275471152496	20.1389750988988	15.380779066966	-4.64372303334707	19.9860777520509	15.3955121813676
PARK7 STAT1	-4.84070531509589	20.1031104123243	15.5172004315659	-1.18577981328376	18.0700413213284	12.2886143275272	-2.46985028603724	19.4444653681999	14.4626831751919	-2.36080770359314	19.1379848881529	14.3068266659242
PARK7 STAT3	-8.5756240433788	20.4314544808497	16.2264901770035	-2.36933887120454	19.2827181147133	13.566987711041	-3.89869105684833	19.8987675118852	15.1971469570693	-5.15719395596483	20.0029980645777	15.4263646469521
PARK7 STAT6	-3.57826645881876	19.9321360517094	15.4530481553689	-3.37330170106369	19.9442681811705	14.4574311326952	-4.81152946855487	20.516078169595	15.8612280058101	-4.53961590079318	20.4016937345613	15.6951305354771
PARK7 STC1	-0.248378156123625	15.9248415424883	12.0690457526294	-1.26698139623192	19.1098875526255	13.2336505795918	-1.22963417967812	18.2257299284268	13.6179120166281	-1.0749435931474	17.8905105170833	13.5308626902129
PARK7 STIP1	-6.30191158950641	20.4979096711349	15.5660316719963	-2.27547716991593	19.0614386266616	13.6534931777148	-4.71251118076351	20.2309486615474	15.3837302696214	-4.26133790882603	19.9558452431685	15.1934874723448
PARK7 STK16	-6.61727868854591	20.4034069011447	15.6529092954396	-3.14239685185155	20.3340183465627	14.4899630859064	-4.12785754673688	20.3541700257646	15.0445509230532	-5.42068014132336	20.5896926724857	15.5797984175652
PARK7 STK17B	-7.326170573923	20.8126357890197	15.9597732138887	-1.73848002965035	18.9660663711456	13.3500876491485	-3.20977184758167	19.8354825531036	15.0746619791787	-4.56711764475926	20.2803644563258	15.5892818409527
PARK7 STUB1	-2.28286078626276	18.908254799789	14.6958025792688	-2.32749665315458	19.7359798366837	13.8214514377366	-3.44045817122767	19.8074334573537	15.1950990009197	-2.87825013504246	19.6829966973405	15.0518579808986
PARK7 STX1A	-13.8102918427004	21.061926316121	16.5104506474148	-1.89365085900742	19.7537390304778	13.9952776546793	-4.07735922749818	20.52896817451	15.6071821255069	-6.0877287374828	20.6764404363149	16.0407404228592
PARK7 SUMO3	-7.21645459299431	20.6246471291571	15.996219475628	-1.84226120329495	18.3548273655119	13.1182073396427	-2.55481357874655	19.457503047179	14.6264135477024	-3.11925147760006	19.3331934580109	14.6071466801926
PARK7 SYNCRIP	-5.55197100869448	20.2767424595204	15.6363956817396	-1.50863243203917	17.8338769967516	12.5771169956272	-2.90987462878118	19.9932956145683	15.2868731561955	-3.21349486710603	19.7980979761573	15.0271845670641
PARK7 TACSTD2	-2.25380215088684	17.9426781419794	14.3001190917311	-1.8924135849179	18.917986378322	14.156804415431	-1.82317144347414	18.7336307632938	14.4990712401285	-1.88825913720842	18.7740490010476	14.6725372968277
PARK7 TAGLN2	-7.2526730180953	20.7764766985608	16.0582342952587	-2.49869410875931	19.4210812485003	13.9144076369906	-6.51466175130477	20.5066521010668	15.8918968586849	-4.31558936956266	20.286338737605	15.5757462260545
PARK7 TBK1	-3.87167855837067	19.9222088298655	15.3549429063406	-1.04952630653178	18.236175582466	13.2304425457552	-2.74672023037446	19.5554934936126	15.0825349587757	-2.22400500331961	19.4121779189362	14.8616231691634
PARK7 TBP	-5.40075769147641	19.6108383379754	15.7639068083508	-2.62168382702077	19.5019567806199	14.3216673260108	-3.70322590475328	20.2669215188339	15.6470206005322	-3.85160135359329	19.8579240089759	15.767144012831
PARK7 TDGF1	-8.46699937409804	20.7645049575282	16.1215932065771	-2.6137375077669	19.7495078370879	14.1553998553833	-3.75225504180921	20.6298003553522	15.8386158189859	-4.37954846484867	20.5155633289303	15.8243995192647
PARK7 TEC	-3.50978409143385	20.050068108249	14.8670826489352	-2.2640001413641	19.2657921554699	13.3239541285022	-4.03334498875415	19.9574480367624	15.0984558107067	-4.00649984026682	19.7317497152665	15.1312469417361
PARK7 TEK	-7.00361557714424	20.4042702712826	15.978769844013	-2.12542898826067	19.9395628881994	13.9487987305543	-4.18209113797961	20.4128606692443	15.3063462637729	-5.09101550967491	20.4543238976148	15.549259368068
PARK7 TF	-1.65869912417035	18.7035420747889	14.2266550609866	-0.802714379401504	17.4859631273753	12.8484608446344	-1.43842852883367	18.5301864249039	14.2538606333546	-1.25179525658095	18.4635915018423	14.1110270078192
PARK7 TFF1	-4.04312944285405	19.8553493609469	15.3746123337187	-2.01369758407758	19.2041286470684	13.3931012192576	-2.5383464206147	19.6943678155576	14.902046995039	-3.58689516628806	19.7498353607423	15.1052243646471
PARK7 TFF2	-2.13917577947003	18.7339613760255	13.8590880148928	-1.90008098546091	18.4782721263986	13.5693447208966	-2.29720707393156	19.5052855052561	14.6570667181829	-2.17738814291567	19.1175641220881	14.3032524725149
PARK7 TFF3	0.261144937015442	14.3922132856926	10.2897050284528	-1.04690645979277	17.2668782050011	12.4789362037129	-0.164541474108944	16.258044747579	11.8680361601012	-0.236209290605078	16.1969326809389	11.9129112917432
PARK7 TFPI	-2.68138829142104	19.3052246998111	14.6408541311944	-0.577216919381513	16.3826888021897	12.5190122215727	-1.20394385251386	18.2540152370586	13.9977364280448	-1.55778281196753	18.6786468415892	14.2414724731648
PARK7 TG	-3.42264358707627	19.5413836779324	15.5953533337489	-2.23835170972971	20.2750145720595	14.3571361947018	-3.06778662346817	20.4960177798588	15.6255898145354	-3.23382942895939	20.3734459499534	15.6024501649134
PARK7 TGFB1	-1.99091533524654	19.4559427025362	14.9445145885382	-2.01397357860207	19.1999661292272	13.9742233542785	-2.27513843177252	19.4264701682263	14.8660912523533	-2.1730601280577	19.551109057561	14.9984018144026
PARK7 TGFB2	-2.99580250603842	18.9528736860061	15.0976878013625	-2.25382192134466	19.9581876489558	14.0998551070074	-3.67112119636549	19.776868364825	15.0679324303309	-3.19414793406454	19.7502312831699	15.2646090563623
PARK7 TGFB3	-1.38743354510893	18.5683469720435	14.4629559229064	-0.629630093715161	16.7606691884793	12.9564599847029	-1.20437577199466	18.3870307482419	14.394590392641	-1.30268107583144	18.3394221362152	14.5405574631898
PARK7 TGFBI	-5.99517028044715	20.3598720018464	15.6232056087894	-3.81519315967369	19.5175470955603	14.5452136793846	-4.50326984320018	19.7589835942513	15.1254011696962	-5.42636909378708	20.1777626049802	15.4849643100236
PARK7 TGFBR2	-3.31170420206925	19.5318443370375	15.4895103523152	-2.12765145141961	19.6748448396	13.354374145	-5.55147009745503	21.1232123644625	15.8128716889104	-3.35910622624358	19.7127203030098	15.0974606468627
PARK7 TGFBR3	-4.17798891196181	20.4764095911994	15.2277854716403	-2.2913102244284	19.7441089929523	14.1409140182799	-2.90367076775363	20.6253409105505	15.1739666807629	-4.26839048249937	20.7055759457399	15.6312397224778
PARK7 TGM3	-3.60034895526502	19.8818400284249	15.6916723905765	-2.37802218199893	19.9018946789994	14.4103229681021	-4.46776040446426	20.1806444208935	15.5308529611043	-4.34224455133227	20.0884725895519	15.5286344358478
PARK7 THBS1	-5.58439618189387	19.6805649455006	15.7961886600922	-1.30728077015022	17.2257166719838	13.0470283850181	-2.33468094749731	18.5419231392057	14.6120333491395	-2.18704727723525	18.6895129229401	14.7309698823281
PARK7 THBS2	-0.981148258404962	17.4857092377222	13.7010455737109	-1.29071276175319	17.8882125060685	12.9810122791143	-1.7625149676323	18.8799403364176	14.3753164990927	-1.66807467976276	18.5420473386204	14.1796668812821
PARK7 THBS4	-0.0877188289519606	15.1730744525263	11.5399282634225	-0.830666426887383	17.1841800502465	12.4898363474157	-0.537269856512088	16.8415368045147	12.5647902369895	-0.544544545305434	16.5873039109249	12.355849017859
PARK7 THPO	-4.16813365971984	19.4766795035448	15.8140903814392	-2.63587427226314	18.8347494310701	13.6307282645098	-3.16598341514545	19.3160431896357	14.8565101774164	-3.51134218683841	19.6182808722697	15.4303850493618
PARK7 TIE1	-6.89062999043116	20.9426774230624	15.9736116979504	-1.95939453243212	19.5025815834174	13.8342592157691	-3.34455767020518	20.2984146186322	15.2551745935735	-3.55676949206627	20.6706392527977	15.1378536115083
PARK7 TIMP1	0.137812096080743	15.1187713639376	11.8808867872614	-0.678252170240707	17.538029925926	11.5255233762041	-0.29369318819728	16.9168670721951	12.2569032004967	-0.243785075121824	16.8523290957149	12.2164327619686
PARK7 TIMP2	-0.87930113845564	17.6157621761468	13.7071145457294	-1.37797568366262	18.4646074447495	13.2457893474723	-1.35451194542544	18.4120272040034	13.9981000401588	-1.30091868907688	18.4403124153306	13.9609568074523
PARK7 TIMP3	-11.8036814732697	21.0605702706397	16.3277259958533	-1.74807799006906	18.5101818312208	13.2090458130559	-3.98202740966303	19.7294543189668	15.1566864142463	-4.85605877199067	19.9735321524869	15.3719601738594
PARK7 TK1	-7.19393357129757	20.2090565670157	15.7923593868229	-2.29932475274519	20.3639808913714	14.4079560510389	-3.76557192553195	20.3811610493865	15.4185124381264	-4.57046535892317	20.4393825423372	15.4914214404643
PARK7 TKT	-5.36999875560733	20.3387465775657	15.503614671595	-2.3991169396677	19.3185993708174	13.6322374052487	-4.75310050085314	20.2444512315834	15.3180284909015	-4.12552564777678	19.8108454860746	15.0635059870519
PARK7 TLR2	-4.75439623169313	20.1322332977671	15.4646822090177	-2.1395637996732	19.2964771624296	13.5769134658655	-2.77410990552804	19.7376777984955	14.8126862393038	-2.64933227402047	19.9180733947663	14.8261870451164
PARK7 TLR4	-10.182637456457	21.0601232793962	16.3183114326389	-2.43781962960189	19.0240098701377	13.7331104116427	-4.47163550497738	21.0048923971168	15.8254584171538	-4.53259781753397	21.0093912667385	15.8499794749678
PARK7 TLR4.LY96	-9.11320092913208	20.9022556243319	16.1876438916946	-1.54293318267037	19.1574782036028	13.1590493604017	-3.60383467312407	20.0128370662607	15.0619669780171	-3.97943557133004	20.2536471822864	15.1943090402688
PARK7 TMPRSS15	-1.31146209436049	18.4432862447269	14.1435449502514	-1.39844776992028	18.5182621885697	13.803627195114	-1.51207142700521	18.970540076521	14.5466189143739	-1.4028718870024	18.7816855632051	14.6187098752917
PARK7 TNC	-5.19625442829897	20.4263364268009	15.1245531554128	-2.41173501955854	19.0643025901949	13.7215709739109	-3.74407119975858	20.1715122761468	15.450117552648	-3.1729084506249	19.9239852788255	14.7134847424768
PARK7 TNF	-0.143101140741141	15.601241237471	12.3082621158638	-1.77019213348979	18.1710472307972	13.8867765680298	-0.947259185087837	18.214051881584	13.9721976351315	-0.756180923024985	17.3236889644904	13.5127789734803
PARK7 TNFAIP6	-0.434118084843975	17.5948120286831	13.2589179841269	-2.28389512974838	19.5536009446269	14.3383881799237	-2.59479910841458	19.6038225518562	14.96431123013	-1.40914781210933	18.8177895965692	14.2784198952408
PARK7 TNFRSF10A	-5.38384878222106	20.6004518389616	15.605615867259	-2.45601222779963	19.0326031848526	14.0966399847772	-3.77801614999848	19.9733929930176	15.3218394486671	-5.77897163432248	20.3446026439274	15.7181441049145
PARK7 TNFRSF10B	-1.02763448959384	17.7194092237625	13.8199233082117	-1.54444556648681	19.1242801875258	13.8185738891782	-1.3254485444309	18.8505926145519	14.264157340701	-1.46091985013522	18.6620119276039	14.2527655620649
PARK7 TNFRSF10D	-0.95001121047978	18.4500741918479	14.3445265602639	-1.58248957139109	18.5567764381899	14.1952283590298	-1.73924947380143	18.7635302323581	14.6646252937058	-1.65123785453661	18.8769350471487	15.0292072200815
PARK7 TNFRSF11A	-1.21643084808814	18.4230562958714	14.2814535071097	-0.758301746472681	18.0329689113545	13.1333543942493	-1.36622658232622	18.3210529689253	14.2327596053743	-1.02467142348566	18.5923791205007	14.1734456642982
PARK7 TNFRSF11B	-7.7654355201918	20.752155751518	16.0504719593653	-3.44198802895587	20.6359415899206	14.4805888220854	-3.65360693888771	20.8234040668476	15.2653375697447	-5.24959970781329	20.7332254789932	15.4872040886485
PARK7 TNFRSF12A	-2.71560954890401	19.2857178248122	15.0755812238615	-2.89415769656572	20.0102331138801	14.2455640928858	-2.57819268023119	19.8785846563337	14.9769471784331	-2.86987178629544	19.9785384492573	15.0635024755411
PARK7 TNFRSF13B	-0.505022670345392	16.7859728597283	13.4779424024121	-1.03631338235058	17.8057905438924	13.2534019963244	-0.854212543262777	17.5867796346697	13.5990985937465	-1.0544803900413	17.715938714676	14.004448619977
PARK7 TNFRSF13C	-1.41977787455647	18.8624607332167	13.5916610266867	-3.16821357556251	20.0680931873648	14.1209312008267	-2.72727457689213	20.0185071259812	15.1097752491459	-2.83801606990243	19.7510847567437	14.8028913887451
PARK7 TNFRSF14	-1.5369308263102	18.8184114080222	14.5915473263454	-1.84189836334002	19.9758310249345	14.0422875694933	-1.41275242484192	19.5834488125587	14.9445922075455	-1.58450045346081	19.4982466036347	14.7257772616821
PARK7 TNFRSF17	-1.97649805888714	18.7684901685111	14.9337291923831	-1.8063094402415	19.4568708830549	13.3303548082372	-2.66670110052614	19.9284989987827	15.1516817799172	-2.05422238780966	19.4594250680456	14.7709910862826
PARK7 TNFRSF18	-1.56003767997445	17.6756465085313	13.8143732543581	-1.76065625947922	19.4249921604994	13.8986742395077	-2.09574163545402	18.8194766789558	14.3699895537864	-2.15609248110884	18.9907815152925	14.5304716644661
PARK7 TNFRSF19	0.18178750544953	14.7008176183177	10.8552106917895	-1.21124738298817	18.0732354473292	12.8683477881815	-0.451902418310971	16.902187479365	12.4050536746784	-0.353733883810832	16.6843874597825	12.3045297133984
PARK7 TNFRSF1A	0.393732140792675	13.1260940050976	9.92664457901696	-0.302938981108816	15.808623050137	11.3256850868054	0.086252296050593	15.0817023306811	10.9475367684955	0.115575220448181	14.8430036762468	10.8466518700465
PARK7 TNFRSF1B	-0.10673950173062	15.7640385908324	11.1290657353942	-0.887730654856791	17.379995261304	12.0168083943174	-0.333494922712904	16.6141857742826	11.7202889961181	-0.336105554128573	16.6289889653372	11.9393135450924
PARK7 TNFRSF21	-1.37954303795493	18.6509559810711	14.0609200206941	-2.58254674901261	19.9185948289994	14.3238056012366	-3.27214930807769	19.7415375836771	15.1628174764438	-2.84316356268101	19.3941820228463	14.9150994808601
PARK7 TNFRSF4	0.0966514786197347	15.6569082432783	12.0938122653776	-0.431830492371127	16.2880695844646	12.2772051014806	-0.0877650091313718	16.4389713715741	12.7477941058215	-0.207847656579393	16.5168203595239	12.9574194461469
PARK7 TNFRSF6B	-1.02544271152242	18.5221479366391	14.4798755771246	-2.38783628251043	19.7185156869834	14.2630765906761	-1.92036011586317	19.3601386316059	14.9048400981243	-1.56622508141291	19.2676941463827	14.8166188685593
PARK7 TNFRSF8	-2.52816283732892	20.7261661529732	14.7991308262023	-1.43493317431012	18.563590019008	13.5041839780065	-1.84280805126105	19.6314710175423	14.5201643176788	-2.08528990809138	19.7238087986099	14.5741887078557
PARK7 TNFRSF9	-0.877901890695735	18.1926096457412	14.0856795628313	-0.920211539425247	17.6172750852796	12.6067103256714	-0.797848422251201	18.3611950875927	14.0078688404998	-0.970374438924163	18.2338775204182	13.9230528203659
PARK7 TNFSF11	-5.6115517331906	19.8931012533829	15.2772189084794	-2.39188709162893	20.5814096894126	14.1634757860244	-3.03084300095539	20.0551709953011	15.0097031040187	-3.7588389949913	20.3016134612075	15.2934293998632
PARK7 TNFSF12	-2.90367854815463	19.3525282178024	14.7028923305012	-1.65753202528563	19.4000337709414	13.6408779256506	-2.8093988631297	19.6341691161925	15.0544605581498	-2.42975847151784	19.745649698259	14.9406366572469
PARK7 TNFSF13B	-5.47087344589865	20.5171896519858	15.8910991547647	-1.98842862261924	19.8352062792569	13.9810744784331	-2.78584683542623	20.5446512360862	15.63256678509	-3.31198610481936	20.4952246091615	15.691789525374
PARK7 TNFSF14	-4.0838985183933	19.7871709455752	15.6159693865876	-2.4865517458121	19.2890991428635	13.835714093539	-3.45047287926686	19.8796595437117	15.3226403276552	-4.86754012841416	19.9069881464116	15.6206154470594
PARK7 TNFSF15	-2.31635745609031	19.7822948128811	14.6877968491159	-1.96313097701443	19.4973466110486	13.5286004764298	-2.2616201514372	20.048312287627	14.7495660815466	-2.37026522571512	20.182031571236	14.852177493901
PARK7 TNFSF18	-7.34432397177004	20.4688738652407	15.5220080555641	-2.35483041426789	20.1390981633804	13.7701083997077	-4.99149085530717	20.4965334885289	15.300455794121	-5.79089153335423	20.5856275322612	15.434980269706
PARK7 TNFSF4	-8.28759113476085	20.7021137530349	16.0815357216549	-1.97279308842466	19.5647954337871	13.8392506252446	-4.05743345335621	20.5001219506342	15.3493425439084	-5.6156637066599	20.4335340853235	15.5855684066102
PARK7 TNFSF8	-3.04327272855462	20.2344034272229	15.3306435319472	-2.63405142060346	20.2241327397106	14.2850576483126	-3.89867046215557	20.6313089919829	15.7206706952271	-3.87777409120453	20.4440645516332	15.5293685866797
PARK7 TNFSF9	-5.36859168883831	19.577451819657	15.2205155483672	-1.92994600220413	18.3581378114275	13.0457490190602	-3.23165780541811	19.1064169375114	14.6206256140968	-4.22755085567648	19.6333165009576	15.1499433007402
PARK7 TNNI2	-6.27846622652378	21.0864192914729	16.0958661715886	-1.87640572148042	19.0198401250934	13.9416387994251	-4.64762122328609	20.7856027630975	15.8874148066912	-4.58799956159996	20.7246529469853	15.8842088721305
PARK7 TNNI3	-0.709298913133488	18.5876759938113	14.014454831658	-2.10181857735884	19.6548103320081	14.2679439299865	-1.53659173966925	19.1460221081378	14.4528279319928	-1.51153378778275	18.8966976179603	14.3265168506761
PARK7 TNNT2	-0.348909970524458	16.7421555682727	12.213523836624	-0.425329993026387	16.4055583446593	11.6826608153835	-0.641736713781274	17.1339617521885	12.3849942573658	-0.404560636968057	16.6223542074794	12.2808586596969
PARK7 TOP1	-2.71163035698976	19.9058959691918	14.5567148105085	-1.75825517173193	19.1386638120439	13.3846576307383	-2.25991582627171	20.037100494667	14.9530703428828	-2.86782777819034	19.989001051589	14.9780153179603
PARK7 TP53	-2.78696417311224	19.3259591193296	15.1202471887583	-2.57241256455027	20.2389317756066	14.5701363718427	-4.27490238207552	20.4547011299122	15.7689243241918	-4.25796147741464	20.2728171571216	15.7879293110285
PARK7 TPI1	-4.64382056042069	20.3266033138584	15.4600853079422	-2.2967857066894	19.2729774892348	13.5726429277515	-4.13475759840156	20.003511015808	15.1730412190664	-3.68484591842885	19.7226086122573	14.9892160756684
PARK7 TPM1	-5.00132918526274	20.3662190285534	15.3979902905414	-1.20111595346074	18.8931996926021	13.2361278950481	-2.57190794730643	19.7669941935786	14.6293329512137	-3.25806907850531	20.1523058350015	14.8776416343272
PARK7 TPM2	-7.76054176773298	20.4864202686377	15.9422049524536	-3.7074175455695	20.323530640005	14.7893663867907	-4.76126710959585	20.9313977219598	15.7966004732213	-6.27626803078225	20.7706901886635	15.8558017066608
PARK7 TPM4	-5.0640865592982	20.1905330546799	15.8740768718213	-2.95787078219049	19.4204974787405	13.7395018071351	-3.37922508631749	19.9780181455616	15.3206416725459	-4.77570707908411	20.2121301740257	15.4822846314275
PARK7 TPO	-7.05556562316629	20.3306123493935	15.6607127505984	-2.25856153797048	19.5834392532466	14.4684782859759	-3.3361496475915	20.3656871578325	15.6477107946916	-4.01190136511074	20.2965145594878	15.62826181535
PARK7 TPSB2	-5.30381231554377	19.5884396498165	15.5331426971262	-2.4062023297776	19.6740563687142	13.9340529268065	-4.20087580137201	20.2066918632987	15.7304579181029	-5.22773850224208	19.9368890906911	15.715047511325
PARK7 TPSG1	-3.72972415398702	19.3963797742773	15.0259206530735	-2.49691145055427	19.5010115881152	13.6834129300063	-3.5606559439447	19.9007283500418	15.0957189538874	-3.58024043573722	20.0409464588346	15.3379817715118
PARK7 TPT1	-7.86693602043065	20.6216518032427	16.2066502005494	-2.02238820997166	18.7655383134976	13.2671353138803	-4.70798445178396	20.0446198192915	15.2776447824591	-4.21233545845481	19.8506251687683	15.1297797665103
PARK7 TSLP	-7.3786440797034	20.0782163695531	16.196091163753	-0.943857197202528	17.372791849428	12.5568119678767	-1.80432578617323	19.0860945175214	14.6276851875327	-1.83799214406064	19.0497407382273	14.5940305298419
PARK7 TXNDC12	-8.25701795951598	20.7945042362891	15.9493785847358	-1.37195757258283	19.3130069767312	13.0471962402947	-4.3466163865785	20.6624982293782	15.5877008136899	-3.79825470693635	20.1458848841044	15.0577963794689
PARK7 TYK2	-4.52753192695995	19.9309589565321	15.5015754915518	-1.84039994086154	19.0569799247357	13.6296892566606	-3.80975677195697	19.7176858496558	15.2647916104644	-4.61383717958505	19.7088816573377	15.4044099916924
PARK7 TYMS	-4.22072143012783	20.4206714795602	15.6291935158275	-3.01058821161386	20.2623592504656	14.5161949353085	-4.72822648516373	21.0545058687331	16.0065385890374	-3.45114690974965	20.6509099055652	15.5703613209227
PARK7 TYRO3	-2.99910161582713	19.0463949383953	15.0013939243359	-1.35097218743266	19.2879998384023	13.7997980230318	-1.79655980222559	19.585158424522	14.7691988977836	-1.90932190471988	19.3166966372478	14.89171610137
PARK7 UBB	-7.14004661652045	20.6644085277083	16.1852476025137	-2.17046055536509	20.1758985364681	14.2301823267302	-3.24301979905058	20.4887674940669	15.3546977066467	-3.61954388590931	20.6250770221224	15.7068633332601
PARK7 UBC	-1.83362493111432	18.6903542779009	14.4133593999273	-1.67544066265865	18.8869648028633	13.1365508966083	-2.03505032537039	19.2799443951887	14.5485661812788	-1.88172399323305	19.1677477497111	14.3963346733507
PARK7 UBE2G2	-3.47977140021013	19.4862491424212	14.9050680360383	-1.6819524706343	18.9525489483105	13.3893401676122	-2.99852653757219	19.6188407281146	15.0412961673828	-3.36007290095899	19.5641408140361	14.7912183295654
PARK7 UBE2I	-5.30940166894952	20.3440816375733	15.8139950073763	-1.40305930404671	18.1169084433229	12.9871735006422	-2.87307269545594	19.3638649263252	14.7853515464131	-2.72716409778161	19.236268581236	14.6507369507422
PARK7 UBE2L3	-7.03704139759813	20.5151531138699	15.9383606351172	-1.59931953402421	18.3129723977193	13.2990251364334	-3.90960105932428	19.7330795145806	15.3005186958027	-3.34118620653623	19.5870799129746	15.1314426507745
PARK7 UBE2N	-4.93274720919542	20.0519885777459	15.2912500490055	-1.36031672243828	18.5862471258766	12.9280128388812	-3.88980009139416	19.7867432858852	15.0679470402995	-3.30383584796868	19.4871409799675	14.7366007979562
PARK7 UCHL1	-9.15093900840264	20.7016526719621	16.3331498440845	-2.80843653643398	20.2031691667696	14.472761533552	-6.77187046229145	20.3583063662586	15.8316895817436	-6.87144922252827	20.5293595289894	15.9389570947773
PARK7 UFC1	-3.29594959406631	19.0608881374488	14.8303078035444	-2.70628492299814	19.1026974978642	13.652570371005	-3.77571975564718	20.0203741366631	15.21440324916	-4.03618603764909	19.5919064833051	15.0130543122339
PARK7 UFM1	-2.09163110704514	18.4456587463211	14.2720467918151	-2.50868382446603	19.0707154593237	13.4975196473807	-3.58633890202549	19.7761998496536	15.3077991268391	-3.67643980041654	19.3879326085929	15.0167432657479
PARK7 ULBP1	-4.80181814921215	19.3950453598671	15.1078900134617	-2.86175162986612	20.5303637470534	14.7439282441147	-3.18057832986998	20.129215914455	15.2520073645168	-3.34327611102049	20.2380124179254	15.4353455866347
PARK7 ULBP2	-4.89608115896251	19.6828114884412	15.4604923328239	-2.01474491003948	19.5801242530316	13.9818213823444	-2.91474910487156	20.3502062346152	15.3395141427231	-3.34392472626096	20.2508301077655	15.5644572231652
PARK7 ULBP3	-4.40446849992802	19.7782889621567	15.3608068428476	-1.15400787022768	17.0394552829109	12.5456682259945	-2.14249341914289	18.7020426102711	14.4942037704417	-2.15942608834796	18.5440679947283	14.3501497838913
PARK7 UNC5C	-0.448120321606327	16.7104608589955	12.7463774987444	-0.542969408717255	16.6363046813231	11.7092970935929	-0.525365294314283	16.8748667870109	12.7375260615844	-0.679413340808686	17.184325699207	12.8752204636631
PARK7 UNC5D	-2.43386478836135	18.974603559221	14.5796033752982	-2.66364731880439	20.1090670965238	14.5662226914754	-2.41362301994017	20.4849395650422	15.1591114097075	-2.97211604993067	20.3493347603437	15.2826736645331
PARK7 USP25	-4.88203317132977	20.0474735651124	15.7514011279489	-2.50007971993219	20.2746445621987	14.5437181277583	-5.09372463532751	20.6394975289916	15.906435247928	-5.22362779850953	20.378228892973	15.7240344446945
PARK7 VAV1	-2.69007883870119	19.5348359941001	15.1697164542901	-2.72058866383669	19.4549833949958	13.7239601884466	-4.89274248325511	20.0809296971901	15.4562388225778	-3.68202417416121	19.7426812410097	15.2150671721891
PARK7 VCAM1	-1.39843922458938	18.7892048144478	13.9384969091895	-1.86339958256844	18.6998232689672	13.4605830744531	-2.02049769389945	18.8842492837828	14.3418000378388	-1.78732148850059	19.2075140336209	14.37491848009
PARK7 VEGFA	-0.161908417554315	16.0191885829351	12.2556052590103	-0.104909546887099	15.4222226033654	11.3291705624443	-0.339579885238012	16.3459939481596	12.4296474855029	-0.389874770757754	16.1563496098052	12.2993189692209
PARK7 VEGFA.1	-8.98854082996478	20.5268860822307	15.9657267650833	-1.95441859916159	18.2671643523353	13.7304678893729	-3.41879932841871	19.327082020101	15.0613254677581	-4.34718674653659	19.7958018143933	15.234542725529
PARK7 VEGFC	-1.68675782426697	18.6293319998192	14.3636227017726	-0.506384412704212	16.8220272159884	11.5692432824944	-1.05600811751777	17.9089885908429	13.4933388132379	-1.03530378695914	17.8429516658043	13.1933315770635
PARK7 VIP	-8.17852032620305	20.4567698300477	16.070805760446	-0.836014206303454	17.3453702536719	12.5551053168151	-2.46885614736395	19.4330416005684	15.1734812210227	-2.85231354535685	19.244047803191	14.8189343004982
PARK7 VTA1	-6.08436183554206	20.1748423369385	15.7320288982371	-2.46597278231836	19.5222798431694	13.6016951474582	-4.19643304388108	20.1621539720792	15.3732141649995	-4.56348109083655	19.9305838040814	15.2831262151328
PARK7 VTN	-2.6061281045355	19.8063618706831	14.0261481400547	-1.40487063513346	18.3605968527326	13.124633374792	-1.64069861312287	18.7467124187837	13.7415220307457	-2.5854721736346	19.5556303904324	14.1635684421651
PARK7 VWF	-5.75684973497082	21.2834764944788	15.4256966680362	-3.2351631231542	20.2174115884785	14.7654716858553	-3.55931294514225	21.1495651846774	15.6167156014409	-5.05944515215275	21.0191358143496	15.8249816439054
PARK7 WFIKKN1	-2.15583857608753	19.5454794039558	14.4671805187085	-1.82689848811299	19.1026278183949	13.2057425385823	-2.61299287965864	19.4089681806746	14.13628135057	-2.43231047785095	19.4739058788547	14.3824783121894
PARK7 WFIKKN2	-5.51074229124179	20.6096725475019	15.2581026288591	-2.63054400446117	19.5045402065502	13.833024456069	-4.5148994593568	20.9335888363912	15.4931245070814	-4.44562208250215	20.6496276558141	15.3653618801586
PARK7 WIF1	-4.04308307950959	20.3801014253759	15.8302374684137	-2.90501656933445	19.9657443160346	14.5752846180094	-3.37403143347644	20.7025138452771	15.7620628110415	-4.42473160167721	20.6402792822382	15.9161646874724
PARK7 WISP1	-3.02316326314114	19.7790301116628	14.3433381380051	-2.0365155675207	19.2923953839094	13.6471641144965	-2.55994835707269	19.8625038721249	14.4678227910608	-2.55577814105757	20.1612772662639	14.8304008362809
PARK7 WISP3	-2.82105865037792	18.4810819230353	15.2123950241067	-2.53310549378573	19.6177116779477	14.1491870266126	-3.19195641003583	19.7077696011872	15.2437447768443	-2.35245427161905	19.6314227995358	15.2536357729259
PARK7 WNK3	-8.54085871702767	20.2670594388485	15.8475752617707	-1.83837283104748	18.8524392698584	13.6549396516085	-3.61537908372435	20.0889716363869	15.370911549494	-3.49847873213867	20.0726744980022	15.2476954629272
PARK7 WNT7A	-8.42231706225109	20.2665537498132	15.9630727670486	-2.79836223698263	20.0186411323457	14.4371519834647	-5.02619965810987	20.6947529832041	15.7307604262765	-5.50869340216963	20.637686835567	15.9715068137506
PARK7 XCL1	-1.83687425760195	18.1030209613244	14.2033669510199	-1.63747430855594	19.2252962161461	14.1158571181085	-1.45471491856691	18.5151462453247	14.3087567674243	-1.57499164724125	18.96837746278	14.6832909674314
PARK7 XPNPEP1	-1.57087456611458	18.5543421930349	14.3051291022437	-2.41812284333074	19.12997058703	13.433931153869	-2.89828367443405	19.5438013352657	14.7237505870099	-2.56607044183217	19.0709435930703	14.5349449246803
PARK7 XRCC6	-4.92989081306563	20.1999102558898	15.0527748148458	-2.08640497255137	19.7044037320075	13.838665954937	-2.64544499855739	20.5395245104217	15.3249145476196	-3.59933511118029	20.278018540866	15.0836238246944
PARK7 YES1	-5.60337298811168	20.3488026161506	15.5011042033219	-0.163722869936661	15.2457685942705	11.0281277662369	-1.2081973624967	18.3112670695295	13.5380832931893	-1.51965109207548	18.2446968846821	13.6355845907182
PARK7 YWHAB	-8.09251539669186	20.9054103913488	16.3467310997599	-2.6619891015947	19.429487516181	13.6232982312575	-4.75496505865306	20.2592914916974	15.4480253097067	-4.78173233598523	20.2835030267055	15.4491222644924
PARK7 YWHAB.YWHAE.YWHAG.YWHAH.YWHAQ.YWHAZ.SFN	-10.8805241052344	20.9067468336196	16.4902334026573	-2.19238545245281	19.2917376931114	13.6156476714955	-4.48632673472502	19.9107693427723	15.2783658276382	-5.21294238558769	20.1726425867496	15.5853732061208
PARK7 YWHAE	-5.3722212836047	20.3176716271286	15.6061475912096	-1.20299824440287	17.4514162626847	12.6999695674328	-2.27893784057244	19.353423612702	14.700300131415	-2.21476077665768	19.3327678699857	14.6479524133071
PARK7 YWHAQ	-8.73593471000858	21.11529652698	16.4507819392285	-2.1821285037846	19.9611965043596	14.3504086981167	-3.80480405802218	20.3057974686286	15.6612364547639	-3.41720885963868	20.6244375635491	15.6275989021059
PARK7 YWHAZ	-5.58166699636033	20.3742223213432	16.0970860399337	-3.07582383723586	19.4445851372525	13.4681802424208	-4.50794179812897	20.0980818868384	15.3847382330069	-4.76956709106847	20.2982521000579	15.4819333705046
PARK7 ZAP70	-4.34721516205779	20.1781268912122	15.4651968799767	-2.83689669411686	20.5251046568266	14.511710832644	-4.11849657197207	20.5637529214645	15.524535194896	-4.26358221107711	20.4550216971613	15.3677105454912
PARK7 ZNRF3	-2.9787230000672	19.9321298862573	15.7452360348186	-1.8775871871517	19.0016743698393	13.5740775254078	-3.71798040659858	19.8901832715397	15.5877780815786	-3.15426305608488	19.6748278453136	15.1787272475564
