protein_name	r2_male	rmse_male	mae_male	r2_female	rmse_female	mae_female	r2_all	rmse_all	mae_all	r2_all_sex_adjust	rmse_all_sex_adjust	mae_all_sex_adjust
PCSK7 PCSK9	-1.0479380364402	18.7916111088623	14.9499261500581	-2.74936634279983	19.8379295580099	15.1213322457165	-2.3452902291358	19.7362364438063	15.6519352703554	-2.33875534739045	19.7032053672407	15.534698139464
PCSK7 PDCD1LG2	-1.90752494430894	19.2348326383858	15.0623849129082	-1.98389603503165	18.746192178831	13.5151573788393	-2.25880676448375	19.236293644491	14.9757831131211	-2.2298816087825	19.1446611280839	14.9000151913716
PCSK7 PDE11A	-0.854007255701196	17.2060782412959	13.5682317572058	-4.6524492238273	19.5533431297291	14.8665145836532	-2.05366849656981	18.5902703995827	14.5894985895115	-1.9691730064979	18.4734717277418	14.5057789947503
PCSK7 PDE1A	-3.24517068552611	19.4820647049892	15.8125918738104	-1.42885400080211	18.7258173308602	13.4129304520656	-1.99590921425329	19.4153388437648	15.0034444548857	-2.32026867791982	19.351044149699	14.9709694278709
PCSK7 PDE2A	-1.44739847434251	17.9772217471646	14.1560399670122	-4.29937487702786	19.4328886888487	15.1279155369082	-3.47537644283304	19.3686241260708	15.241048880135	-2.59855794832986	19.0233185258405	14.957070409396
PCSK7 PDE3A	-2.90630916501726	18.8328031221076	15.4071519356879	-1.47546205753431	17.8998834244068	13.8140198151583	-1.97976574401803	18.6690291800905	15.6971336451242	-1.88985769768429	18.6235094266373	15.0233733842252
PCSK7 PDE4D	-1.19814312064117	18.2034519819317	14.8447063842614	-0.959607371732501	17.5589575411298	13.3712008192134	-1.11082551536243	18.1469628368372	14.338583304812	-1.14396501291512	18.1501837769307	14.3685498691715
PCSK7 PDE5A	-2.55066037764819	18.8319152205301	15.4385492044054	-1.88602049230738	18.5254492778383	13.5303118004561	-3.1269511752651	19.5549380409918	15.3025489418145	-2.7028998127975	19.0993487495762	14.9057628731223
PCSK7 PDE7A	-0.869364797188261	17.8949187131061	14.3211599695067	-7.27942753427352	19.8493108704337	16.0795895396043	-4.16129839017179	19.6144360343866	16.2035360227232	-3.66429036417692	19.3083931922037	15.7276669160141
PCSK7 PDE9A	-0.848423787077726	17.309633383551	13.8934979315587	-2.91916263464326	19.0978464842051	14.4488814036273	-2.24672468751224	19.072421775606	15.3876859762148	-1.94659239828194	18.5331242148527	14.6286419388843
PCSK7 PDGFA	-1.14277110270983	18.375736805163	14.4449325392978	-2.06546668579386	18.8575867584545	14.26217789264	-2.89815062565731	19.2459586931566	15.9683532361279	-1.77079187580206	18.8640128303259	14.6249854647924
PCSK7 PDGFB	-1.4088933271239	18.4211358940685	14.7619388189436	-3.23263213515826	19.5574957098389	14.996680202684	-3.35770019302483	19.5496415592662	16.2000780883389	-2.67334762603793	19.3345182286824	15.3059475058908
PCSK7 PDGFC	-1.30569332481867	18.7873090979947	15.3053500826483	-6.81273631174004	19.8880994464226	16.1133474264157	-4.11798112803217	19.7207642593935	16.2227575300327	-3.36500490540763	19.7056665909527	16.0738887932166
PCSK7 PDGFRA	-0.980948960011252	18.0865835358111	13.9440081775596	-3.71456896037329	19.8767358669192	15.2278243764291	-2.16136406444281	19.5060937153954	14.952799401222	-2.14039779690915	19.209343445345	14.859350877965
PCSK7 PDGFRB	-2.7326634767264	18.8908310123359	15.0710163778665	-8.69748338105522	20.1875721855834	15.6009437072482	-5.15853192508382	19.7076469629701	15.7854332596901	-5.53219995088278	20.0604995870856	15.8266055489546
PCSK7 PDIA3	-1.76932495259635	18.5842489845	14.9985919350778	-3.9289104005281	19.4426663770836	14.813719180427	-4.09696647183187	19.6547800487863	15.5826840563082	-2.73776067675204	19.4424624989515	15.3365850247108
PCSK7 PDK1	-3.04138104845458	18.78742371741	15.1698488150598	-3.78043961596617	18.9707992564352	14.4021064729349	-5.59998995795808	19.6148072253959	15.4216610636355	-3.87513785782482	19.3451450836325	15.3366922846698
PCSK7 PDPK1	-1.60608750821607	18.436351832912	14.7251706047837	-3.18296100420915	19.3873628226094	14.859795312597	-2.53356952719216	19.3582910619775	15.5596485490797	-2.72697218054845	19.3194593017851	15.2683969641575
PCSK7 PDXK	-1.65784676461159	18.3598776863398	14.8806428899475	-3.76832958830235	19.2729556701786	14.9900558194597	-3.58434575592131	19.2871543832716	15.6645296311317	-2.77376997758483	19.1852779310267	15.2571174721733
PCSK7 PDXP	-2.15880406316142	18.1677639681318	14.8263054121117	-1.86538348861976	19.2273661974816	13.718244810746	-3.17615636004576	19.4623796366983	15.5440950648015	-2.34639348564974	18.9713025212111	14.6112712872577
PCSK7 PEBP1	-2.18351818740452	18.5881520769602	15.2912378045808	-1.15222055939845	18.3277477770976	14.005184643765	-2.49380798233861	19.0947314780138	15.6767573715882	-2.32093185959914	18.9235408690556	15.1652733000867
PCSK7 PECAM1	-1.61177924353284	18.4134666133674	14.4362919674838	-2.85938065751022	19.5430728954445	15.0779926885192	-4.37387413433355	19.5034426890372	15.7597075141623	-2.77377796163998	19.2896108436685	15.1794576926938
PCSK7 PES1	-1.95631383145346	18.9491469809909	15.417202631202	-2.80836849586097	19.4622040543378	14.8576884901361	-4.37873189907258	19.7305930507561	16.2982483220473	-2.99067909292076	19.4883517320428	15.605790408373
PCSK7 PEX5	-2.76603583137293	19.5333976364307	15.8424367634176	-9.71870192684763	20.3392778127791	16.2585747128837	-5.72271881585531	19.9279645928619	16.2838300016872	-4.69208432261727	20.1169736505071	16.2031185242622
PCSK7 PF4	-1.23434016271035	18.6988605455051	15.0196986192363	-1.9634354978159	19.2663057519183	14.2527250276014	-2.87028832131005	19.3587006794195	16.0410981827021	-1.79397433099165	19.2446141060847	14.9976026424307
PCSK7 PFDN5	-2.29048905629862	19.3234389972688	15.5660354200331	-2.60842755718035	19.0549463995258	14.8217820527845	-2.8102164049098	19.8251741337922	15.6980829830722	-2.83697827944147	19.4484135486298	15.5799521175885
PCSK7 PGAM1	-2.14576367825702	18.9031496538056	15.2334121558888	-2.04807510774809	18.940111899268	14.9187611428967	-2.64598937641412	19.3946127899408	15.7090038410976	-3.28752335817326	19.2474961960192	15.5965595626036
PCSK7 PGD	-2.12511113281176	18.3637549542026	14.7021745022629	-1.99905216172754	18.3359295076933	13.6687133328973	-2.62247965329953	18.9666754907786	14.9235227420736	-2.29303404304573	18.7971386666813	14.8139580744814
PCSK7 PGF	-1.23522968760572	17.890451366216	14.7981570182316	-2.85267133161341	18.9833849833446	15.0187260984131	-1.82296825614801	18.9513950738757	15.6258448230685	-2.55910319718959	18.8837269079136	15.4468120022374
PCSK7 PGK1	-3.44490656354168	19.7108829685786	16.2319197034837	-1.67816203838724	19.2041427770391	13.8506856790396	-2.88181073288973	19.656811406342	15.6078386840609	-2.45697110152754	19.5911638012647	15.272784208979
PCSK7 PGLYRP1	-3.10476790762058	18.9894436864374	15.4209302051476	-6.64384795776498	19.9348531039941	15.2351163660455	-3.89450737818202	19.4117207164204	15.7253676658674	-5.06888592945351	19.7430576119118	15.7423843996139
PCSK7 PGM1	-1.77263528003526	18.3823322737939	15.0037256084055	-2.37840507182283	18.8242777181716	14.8329536931985	-1.82819828054936	18.7324041143458	15.5929155259123	-2.09524502907273	18.8344789810507	15.3323977929898
PCSK7 PI3	0.0838566273787456	15.0481864319128	11.5174167279749	-1.05590001973373	17.4403428112927	12.4117684482371	-0.63731436215446	17.3903748015218	12.7501283796565	-0.460744910605881	16.8474296246898	12.3356728584101
PCSK7 PIANP	-0.684261754897636	17.752403559831	12.9035649886222	-5.89591490987691	19.95850494873	15.4588741352627	-1.4346987513468	19.0705391163008	14.4240258070267	-1.9259389782851	18.9744592413885	14.4413387141175
PCSK7 PIAS4	-1.47021249792123	18.365788031185	14.5261415112591	-6.17709684456094	19.5326598005815	15.7186797394209	-2.37610735299053	19.2305722737159	15.6489572962402	-2.40484815889045	19.0553116096178	15.3933804311806
PCSK7 PIGR	-1.09476833941977	18.7379327450522	14.3969600028009	-1.92669921591169	18.763671030263	14.1158925163805	-1.59507456766011	19.0533855699714	14.5518702626481	-1.68508258994778	18.9819008562879	14.5999947874499
PCSK7 PIK3CA.PIK3R1	-1.94535780223051	18.3582501590518	14.8049452015928	-2.93803338204974	19.6093894261756	14.8485411836411	-3.37580551607964	19.5581356392981	15.5003385677645	-3.25172999355715	19.391288847657	15.2059246161924
PCSK7 PIK3CG	-1.52700031020985	18.7294895213001	15.0801762146783	-2.0515671767336	19.4045976564563	14.7727824147851	-3.22646525936225	19.7233562404373	15.8806923880121	-2.39989651545365	19.3576151001951	15.3286645041838
PCSK7 PIM1	-2.59405112475128	19.4128027192332	15.59938443503	-4.44225680934583	19.7021052984963	15.3289374495995	-3.01308117657264	19.8373714728536	16.1524109377822	-3.91098145798266	19.8363071178553	15.9432121363317
PCSK7 PKM2	-1.44352278735945	18.4404655181314	14.6983102953637	-1.53236672951602	18.3396409497824	13.4611178352708	-2.1367942100038	18.9828884605761	14.7571491043087	-1.68549164555045	18.7728790974703	14.4449118007516
PCSK7 PLA2G10	-2.80380035666666	19.1620104380075	15.1765732974483	-2.07016949932332	18.3674677655619	14.3127095966613	-3.08975114621597	19.0457512794566	15.7107612333193	-2.90758429103256	18.9235057737673	15.1434782981467
PCSK7 PLA2G1B	-1.9257581919597	19.2336940764046	15.7602589078155	-5.62764722760655	19.7493567688548	15.6401307851152	-4.06201413566431	19.8308064100695	16.2886646991423	-3.8555127727284	19.6918866092954	15.9247555873616
PCSK7 PLA2G2A	-0.302432339839096	16.9542388135542	12.9030117027057	-0.392136341968649	16.5707339621943	11.9878643503341	-0.456635334560353	17.6128902697674	13.0020619784255	-0.424619382650683	17.2396958079819	12.8577588078986
PCSK7 PLA2G2E	-1.24592867084461	17.9220208403605	14.8299935507267	-1.15932169062142	18.173830774654	14.0728143534833	-2.2403894351068	18.8102990880775	15.453450863628	-1.65221000945431	18.4963824154777	15.0161898197753
PCSK7 PLA2G5	-1.98357857523852	18.4973310388978	14.973270480452	-2.25688398805737	19.5967823115337	15.2922532707354	-4.80634570065715	19.90065907158	16.0486254115337	-2.42410746119915	19.4844317739667	15.6079394673312
PCSK7 PLA2G7	-3.4735300811415	19.3138123368	15.6174015996174	-6.35453823832514	20.0663272696355	15.6317640806156	-4.82750523529423	19.9630820563961	16.2078904213591	-5.24987884436043	19.9525137520117	16.0525136435864
PCSK7 PLAT	-0.100196501380224	16.4596138021881	13.3067355176146	-2.45153146043893	18.6391426634258	14.2529116778929	-1.15485546229696	17.4640256842078	14.0362330022908	-0.701104977789935	17.6884827489259	13.8957415388138
PCSK7 PLAU	-1.37891031802995	18.0541773920926	14.860419760413	-4.50098105210093	19.5127294529622	15.0735274980627	-2.29804873918098	18.9769610731883	15.1398588022584	-3.51969298059913	19.3567739855512	15.619560100652
PCSK7 PLAUR	0.487738700508429	12.6873688960465	10.0096192552222	-0.683228470109674	16.6306012278779	13.1527529565192	0.103135747497243	15.6203120749199	12.1802620901397	0.0423135490607313	15.0619291421391	11.9019054932438
PCSK7 PLCG1	-0.818171992473268	17.9151701884562	13.6730642661649	-2.65394306108549	19.518666902535	14.8769226740821	-1.94127456805782	19.3868152617303	14.9662511498192	-1.78757615578626	19.1216651172865	14.711448359274
PCSK7 PLG	-1.59691967866239	19.1301917660443	14.6910579597428	-0.522450765586104	17.4362235650151	12.0892719877723	-1.19712449303412	18.8146677512995	13.8786201462388	-1.1602738335718	18.6477503789675	13.6156261135084
PCSK7 PLG.1	-1.43877704143494	18.6908597080169	15.1175751255275	-1.79540593785458	18.3197206708459	14.0980150905541	-1.59272402292688	19.0559964138772	15.074547784339	-2.0033311531595	18.7501712112747	15.0352141044702
PCSK7 PLG.2	-0.646101223424472	17.8602391524535	13.5618116132833	-0.708852288674466	17.5220778074715	12.8000211286834	-0.502551123717	17.8893732738124	13.2674683932876	-0.581227666846296	17.7654488452656	13.3885368085758
PCSK7 PLK1	-3.4816399825394	19.0514304974273	15.1862217352613	-3.0879954416864	19.1587493651622	14.779995811969	-3.06197093271463	19.3739003205247	15.4534934155678	-4.27468323208582	19.5892115904372	15.4313663880923
PCSK7 PLXNB2	-1.60776861490909	18.090419535751	14.6933229460664	-3.34988034509768	18.5461088185555	14.8838046443797	-2.95142546604303	18.7351911735734	15.3393500233048	-3.08330344863667	18.8864142635538	15.2958614338178
PCSK7 PLXNC1	-2.7192786743063	19.1785265940049	15.5269294077026	-5.05309144405481	20.0974185022047	15.0166744024938	-5.37212731851211	20.3074454142519	15.9815848972563	-4.7689090415024	20.0224930707045	15.569709478736
PCSK7 POMC	-2.93921469384739	18.8756474624064	15.4264531588063	-2.04626237186781	18.9716367558637	14.162379794236	-3.21775498489935	19.4809194675867	15.7394585315975	-2.66643905073582	19.2361816537231	15.2544502848237
PCSK7 POMC.1	-1.5921206626994	19.0101065184269	15.6474510289528	-3.30078670137731	19.217881795299	14.4298931438104	-1.85813893304343	19.685487370794	15.5644438359894	-2.17476486375461	19.4737960228455	15.4653821454746
PCSK7 POMC.2	-0.233164507652545	16.547083315241	12.0602909147904	-2.34241941852093	19.2306036546877	14.2781591656784	-1.27935316567827	18.604386276493	13.9748733398491	-1.1100440814009	18.4614821796542	13.8010241174421
PCSK7 PON1	-2.26449209941681	19.0393863428047	15.5025141998131	-2.57471988106799	19.9057524520665	14.9145389060375	-5.16186898608914	19.9046561604461	16.0682080051606	-2.98860730365624	19.6444878594909	15.4897091407054
PCSK7 POR	-0.753861089130362	17.1011850593129	13.0821551381922	-1.88990076137894	19.7254076241027	14.3611158542854	-1.34684712169695	18.8158360712946	14.2960747870697	-1.57555440480335	18.7067135489725	14.1418726786989
PCSK7 POSTN	-0.287088172073722	16.0685795031	12.1862280695904	-0.763535927541489	17.6435664885116	13.5997874765317	-0.781897313848067	17.3179115499211	13.4766896811365	-0.570091531842664	17.1201168986089	13.2130590748451
PCSK7 PPA1	-0.882863471510509	17.3227527148341	13.6941012005983	-2.66605616568686	19.5337802437092	14.7469453795262	-2.57506766201171	19.2827278091276	15.434342797384	-2.43694532044763	18.9214566691147	14.8122033588114
PCSK7 PPBP	-1.25096235553051	18.685041161032	15.1891406213019	-1.74187770275765	19.2912770196604	14.0345520539121	-3.36074106288815	19.6066268040737	15.779437039956	-1.82236303557775	19.28113702405	14.9792006021857
PCSK7 PPBP.1	-1.44288616744592	18.7027998240029	15.3407226955403	-1.70976245731006	19.2076575617299	14.1108192838721	-3.54714065869666	19.5858716135242	15.8569655738658	-1.99018998645672	19.2613569798208	15.1024358720911
PCSK7 PPIA	-2.71634931739927	18.5910053581275	15.4735197940641	-3.37280625267937	19.4224861474388	14.6371746118218	-3.47117979406383	19.8731845041436	15.7746523601809	-3.40979522440964	19.271218981594	15.5032682223999
PCSK7 PPIB	-1.90400343566987	18.9498346606402	15.2601791001714	-3.52125880548152	19.5845042834566	15.3103612561878	-2.83265541103343	19.2861072030822	15.6059825824668	-3.10723602875908	19.5306108625732	15.6339647902249
PCSK7 PPID	-1.85322131115695	18.8964930923614	15.3129701039665	-2.30921476691236	18.8091897181228	14.0231884924877	-2.90201317848117	19.4293693658185	15.6004487741603	-2.37917902099085	19.3397350250143	15.1055661350291
PCSK7 PPIE	-2.1314770057668	18.4638812799768	14.6204274542844	-1.55654420436161	18.5210011024122	12.9288432896994	-2.44728756528423	19.3669077524488	14.8082076105913	-2.71807988405077	18.8950378524535	14.534215721689
PCSK7 PPIF	-1.09280926122947	18.0370004215979	14.5955438194965	-1.8591012253636	17.9290709006041	13.6363749174925	-1.33909315789067	18.461810794921	14.7524808965288	-1.92343584647284	18.5314577029581	14.6490722152105
PCSK7 PPP3CA.PPP3R1	-1.90104722388405	18.7435824854368	14.9713772864029	-2.83756702925504	19.0378145183534	14.3070728433024	-3.17351461025013	19.4405460441176	15.2806730668927	-2.57283706063219	19.292605419974	15.0483542598922
PCSK7 PPP3R1	-0.895764300695352	17.3540815647386	13.5190127913102	-4.72662338806086	20.0501095159204	15.3638999338105	-2.83458381528245	19.1776577848732	15.0404525998963	-2.53365005431723	19.1703179303894	14.8163423176877
PCSK7 PPY	0.0621110191055747	15.542050410801	12.2480081618216	-0.610078288695022	16.4837280135727	12.9338280984621	-0.261253143182493	16.2409822703936	12.9805252257462	-0.326599980301575	16.4853353954498	13.0746427003997
PCSK7 PRDX1	-1.5766860025926	18.0214645511852	14.5317789247428	-1.74859315566867	19.2027445686767	14.3911074848317	-3.73050930035066	19.3022276672255	15.6714312416839	-2.11521928909101	18.8326431287629	14.8720520351969
PCSK7 PRDX5	-2.51633440960921	19.0883180732759	15.6249507953075	-4.40308619438542	20.3593336672495	15.7652772558405	-4.13462535726966	19.801052058097	15.9213483095545	-3.341930699538	19.813677352953	15.8927903209245
PCSK7 PRDX6	-1.51362351350404	18.5801956262153	15.1446115161958	-2.29029480594453	19.2933169947692	14.563160468566	-3.08642807381775	19.4533872993169	15.799667911125	-2.42234286587677	19.2292267383017	15.3194760637522
PCSK7 PRKAA1.PRKAB1..PRKAG1	-0.633141290971987	18.518038418104	15.1856336301942	-8.73632079051776	20.0838519517977	15.7011002485344	-1.79990542344825	19.3607778744814	15.9288671710318	-3.11292836261807	19.5233183454967	15.8122959656442
PCSK7 PRKAA2.PRKAB2.PRKAG1	-3.10672624690097	19.1221141227173	15.5967046038653	-3.3709322426196	19.8049064230333	14.6824921414694	-4.2234756816586	20.0851433727374	15.9178339859349	-3.4268244584223	19.7993645897411	15.4451854651017
PCSK7 PRKACA	-1.65624508240578	18.1632411396176	14.9047524581494	-1.25990280890338	18.1766691328171	13.3317183296131	-1.27237842294907	18.6007914678718	14.6906190569247	-1.81336878889353	18.5305763448612	14.5973681302849
PCSK7 PRKCA	-1.62769583529261	18.7827881540233	14.973833207115	-2.83470301078562	19.2094136303621	14.4033761032177	-2.11823842828089	19.3500531537193	15.3940898467006	-2.17503054615749	19.3384853850164	15.0567834966521
PCSK7 PRKCB	-1.64966347869111	18.7352832516965	14.8724252743449	-1.9107681848801	18.7935688484258	14.0072198428773	-2.26916792514309	19.1959199092902	15.2263846555548	-2.09581396325031	19.0916482203474	14.7611570867208
PCSK7 PRKCD	-3.12375252137453	18.8611593861493	15.1185869168579	-1.88343653777881	18.7554383531287	13.5665182333239	-3.05528035219881	19.6227867246595	15.2599208574572	-2.45677759019409	19.3420674711957	14.7960725025204
PCSK7 PRKCG	-1.47209937230244	18.897272019239	14.8745106314641	-4.0331892473851	19.3144174772617	15.2957893299167	-3.26470280607263	19.5652288640312	15.7761622131923	-2.97651693376093	19.5322052544284	15.5122826851651
PCSK7 PRKCI	-1.96879682274567	18.1394925155298	15.0841029973919	-1.99512136687797	19.5661687411894	14.1506364289769	-2.12539382798861	19.2829589907331	15.2638040804934	-2.58801738470727	19.071030107481	15.1554640878567
PCSK7 PRKCQ	-2.09308449660513	19.4389652173063	15.3618153520779	-2.7448988461516	19.1861355264493	14.3401731227214	-2.55092327971008	19.4328999213185	15.1833558040989	-2.67083343626508	19.6475780550183	15.2502162535715
PCSK7 PRKCZ	-1.76056383219337	18.378506207693	14.7396568922169	-1.34945487600159	19.1182286530776	13.9937683948237	-1.16192794253276	19.4878030577624	14.8575587429956	-1.55350740098327	19.329189026267	14.7307817282486
PCSK7 PRL	-1.52219338438438	18.5309603794767	14.709449914147	-4.45771172224925	19.5829166075503	15.1734613786821	-4.77296001506944	19.6756296628808	15.5510087993833	-3.5383227512397	19.3575451478684	15.363047092491
PCSK7 PRLR	-1.20771120339478	18.5507408836745	14.9099503481637	-5.05551305250189	20.0531568683306	15.7170106442408	-3.72314185394928	19.7885521140064	15.8529636728801	-3.2997148240567	19.6648983880852	15.716509691005
PCSK7 PROC	-0.647719309679785	16.799126120053	12.2173599397759	-3.42136313842376	19.6106801678713	14.7533463834077	-1.49081911695799	18.7837699522455	14.0518223858916	-1.72740052704016	18.68921328202	13.9392908611313
PCSK7 PROC.1	-3.15934854769128	19.1917726194254	15.8210018782743	-2.76323351155618	19.616567780442	14.6631301668622	-3.55748915792586	19.9860382970759	15.9514288618788	-3.70730044177599	19.9237949697112	15.7274984636556
PCSK7 PROK1	-0.548108280487986	17.7398592990154	14.1178702118642	-2.89258142327943	19.677839751112	15.3813173104491	-3.38978318726701	19.3487627064108	15.829671004133	-1.99453137353099	19.2639680048139	15.3697758796367
PCSK7 PROS1	-1.48755345567277	17.8909828506167	13.9312020566126	-4.86196077413113	19.6343371938165	15.0960617560687	-2.7938866172997	19.326891153844	15.1957931171354	-3.01124770299823	19.1848842610876	14.9591388211283
PCSK7 PRSS1	-1.79322395101106	18.2336853292099	14.6147158870134	-1.97556674229904	19.0207956333933	14.7660813439414	-1.69115856885079	18.8282776220773	14.8261544359988	-2.4242570056565	18.9933589788205	14.965282155614
PCSK7 PRSS2	-0.765231340132311	18.0338696145148	14.4183613271103	-1.59186192364982	18.6319221980535	14.1851792861161	-0.849536215238448	18.62209074325	14.6352691556847	-1.07000758203459	18.5850384016971	14.7030737017514
PCSK7 PRSS22	-1.06950790977114	18.0455089325931	13.902149975386	-2.36485571185428	19.2258431949224	14.7435089568122	-1.4785636121365	19.039727186746	14.691461384596	-1.71446131337213	18.8636519298632	14.579357312553
PCSK7 PRSS27	-1.44410514840578	18.3607397320589	14.7160198051544	-2.65712925344709	18.9249283367867	14.2495339802328	-2.07716879048445	19.0335250030041	14.958367895903	-2.01923714475947	18.9258632503115	14.7142610391108
PCSK7 PRSS3	-2.98494521057725	19.2801252416083	15.8107033633539	-1.94362208213464	19.1377322218148	14.8044583299152	-2.12974513657452	19.1563011867693	15.6031333383968	-2.77369538081431	19.447389299264	15.5897477149264
PCSK7 PRTN3	-2.13703779332323	18.8878145714292	15.4819863898828	-4.01610642441351	19.3000604744539	14.7695622865715	-3.31929229439404	19.3928153044234	15.4202001004126	-2.82576969453112	19.2052075547758	15.3943786106566
PCSK7 PSMA1	-2.23415695579924	18.6502505395321	14.9030940644063	-1.70878797077929	18.9470483924541	14.4457530215144	-3.01551706294679	19.5838113176269	15.7279627006529	-2.57063098398214	19.0698153100477	15.0791527245101
PCSK7 PSMA2	-3.40055467548479	19.6715019250966	15.6277894365625	-8.21514442189984	20.1801037777148	15.4363374866864	-4.36450297765757	19.8607003778076	15.8437606083661	-5.93704811686808	20.0382944201562	15.9096068466795
PCSK7 PSMA6	-1.93766417265333	18.1709839366802	15.0004503192412	-1.73525793185532	18.884305061574	14.1537091407934	-2.68743305040354	19.225960222971	15.3579912404714	-2.11940169366824	18.7516999646088	14.885315189192
PCSK7 PSMD7	-3.13751954332924	19.6858888439225	15.7458836351607	-3.66364710288661	19.3725445492004	14.9131247016569	-3.45560786158812	19.9879947677508	16.0043972444251	-3.87866054029072	19.8156348479542	15.7880541320202
PCSK7 PSME1	-2.47010589794463	18.7054414527191	15.2127265442289	-1.80098338857517	18.5395088925614	14.4738281165887	-2.02037572419977	18.9544539218222	15.4179538680161	-2.65168192198925	18.8258670551254	15.2684556623846
PCSK7 PSME3	-0.940464011222996	18.0692712196175	14.4572800804803	-1.34276621293917	18.1986439247055	13.9552624878699	-0.798512902969389	18.5523553470067	14.9286245975502	-1.2415343997639	18.4833848944706	14.6160129960282
PCSK7 PSPN	-1.58142543042813	18.7477829994009	14.9858588447816	-2.55626427960499	18.8888429699021	14.6534250986426	-2.06637185691792	19.147400613566	15.3556315466111	-2.94050608123183	19.1296361878168	15.3162062125754
PCSK7 PTEN	-2.66671731388808	19.325393402112	15.7738932062678	-3.03071829971764	19.2089724296889	14.2948975144233	-2.44501456125596	19.2815807760088	15.2178685815642	-2.56911970337158	19.5367142926362	15.2688418787697
PCSK7 PTGS2	-1.18740798934814	19.5123079743833	15.6749936280646	-2.03944901125515	19.4536724659571	14.5657192838982	-1.73611298642739	19.4083398960616	15.3686087434887	-1.73995873008742	19.6410361298496	15.4791628247869
PCSK7 PTH	-1.02029914886424	18.3350075152411	13.8208255989709	-3.01308709500971	19.2715448335878	14.7602746549627	-1.88165353124263	18.9160222249125	14.5577243768114	-1.75574072215041	19.0522941370582	14.5168404210875
PCSK7 PTHLH	-0.304238575811771	16.0388057852922	12.1767444187682	-0.382074648191175	16.652882697782	12.1071434591574	-0.509514892201147	17.030174156718	12.9893498374799	-0.425316691685449	16.7454313437079	12.5131019498152
PCSK7 PTK2	-2.5350428028848	19.3880013233656	15.7782076306567	-3.18708772763347	18.9879935764691	14.430244191925	-2.91715074681163	19.6786925960975	15.860213467993	-3.65731198379618	19.5767740232462	15.7656649239353
PCSK7 PTK6	-1.7089570348874	18.6388654663971	15.3600847748227	-2.62117054408802	18.9704877716542	14.2279133085117	-2.22146704511793	19.4452425749417	15.8526458209608	-2.58746818549032	19.1745793599112	15.211949477191
PCSK7 PTN	0.711284054353232	9.99234112998346	7.48108973120759	0.594772297509489	11.1110020630858	8.34169349340986	0.673648885787818	10.652610592729	8.25431001065156	0.636302652953073	10.7376401216161	8.06981349596705
PCSK7 PTPN1	-0.422778241208435	17.449606126859	13.225530730423	-6.19704101784789	19.7611371668678	15.4824331145596	-2.45956419794942	19.2829713999404	14.9800381864027	-1.98315626144556	19.1203721614679	14.7971507053588
PCSK7 PTPN11	-2.73495611846381	19.2150903888818	15.8379006933135	-2.82387153547416	19.0519974980126	14.4297212484419	-3.69607781862361	19.7928718078164	15.6611321102681	-3.47373557282052	19.6049779644294	15.466953738028
PCSK7 PTPN2	-2.48069981515021	18.4696673122886	15.0454797100845	-4.70215170366363	19.7070595036124	15.4954752671536	-3.36116653350997	19.6687258070337	16.0252723794448	-3.97899051169656	19.455251823941	15.7098244520232
PCSK7 PTPN6	-3.11240830780848	19.0326931048053	15.6413178491834	-2.65069009495348	19.2155906418294	14.3890633358989	-4.26694520604944	19.9623501479983	15.8378825944158	-4.13070630490108	19.7091206043523	15.4175086265135
PCSK7 PYY	-2.74343443977865	18.9060256535567	15.2702839832116	-7.25539438175911	19.7992756150445	15.7173195631073	-4.52969581848078	19.9498102338997	16.0179508318322	-4.98468611718657	19.7170775141977	15.9060351381971
PCSK7 RAC1	-1.3313514581965	17.9287810158533	14.667347818592	-2.51532849600044	18.5103794197923	14.0024032297254	-2.50850402212681	19.0696818803926	15.0682875924977	-2.25039677283008	18.681465844304	14.8461950600157
PCSK7 RAC3	-1.4984826259358	17.7950533309842	14.9783172005515	-2.12931550163115	18.5418144692435	13.9365151120065	-2.8493963227895	19.3241234264887	15.500708714614	-2.22678764062141	18.606481443926	14.9139682663001
PCSK7 RAD51	-1.54317884109906	18.836775451707	14.7826781664875	-3.77658218461724	19.4832752484534	15.1283342605041	-4.44877584080555	19.7102856743017	15.9018634433411	-3.50732408497178	19.767347828332	15.4221023260797
PCSK7 RAN	-1.84472810660042	18.5916072716973	15.3773989044508	-2.94759154866066	19.3181543220316	14.9602833977604	-3.35448735648836	19.6276201705227	15.9144177518379	-2.58766688416854	19.3848527349907	15.5397026055162
PCSK7 RARRES2	-0.844533174486757	18.1254115761251	14.3848291448857	-0.605031409776132	17.2500871225045	13.3484805436614	-0.616207317786024	17.8966423192015	14.110083407846	-0.747024472249483	17.9127809595927	14.1394181508639
PCSK7 RASA1	-1.6173295346742	18.5582312747759	14.7534860486151	-4.19519331473684	19.5512929515432	15.1983699982863	-2.420678684074	19.3971555657982	15.4350167187602	-3.14737059985914	19.4833786999417	15.4180491779055
PCSK7 RB1	-1.3579369183312	17.9121069163131	14.8470261054547	-2.16615585090179	19.2241844560018	14.3555703889885	-2.94590354414428	19.2570883647377	15.3119278481053	-2.47131212327363	18.8590672987201	15.0540103512982
PCSK7 RBM39	-1.16443981384152	18.5447144418431	14.2038332439988	-0.801007775762557	17.4975003426047	13.4547135249001	-1.39847379893824	18.4269551664991	14.7708047448591	-1.43676229409561	18.7519437650302	14.5156435756302
PCSK7 RBP4	-3.74636410033591	19.0388199756159	15.5718017570366	-4.80593592165133	19.6806583136907	15.232411329589	-5.56554897833573	19.8507618923054	16.0195396660452	-5.86706764669984	19.567618046151	15.80239232664
PCSK7 REG1A	-0.349320137378652	17.4663791598474	13.1142897271733	-0.327088148590242	16.2909839035727	12.4553375710568	-0.738127235451531	17.6325076850715	13.7988829420235	-0.60220346020572	17.3996266241728	13.3115434827843
PCSK7 REG4	-0.127251742050441	16.4367556045827	12.8137399879949	-1.23821801994418	18.2110610863122	14.1741651237249	-0.664698841234751	17.6866331131404	13.88147434003	-0.625892421642492	17.5134129471492	13.8679579825904
PCSK7 RELT	0.0555558294712153	15.2421481057393	11.1592522135755	-0.505832567999267	16.4471829780107	11.9811499853228	-0.333962342743849	16.2867891975419	12.0697083422628	-0.185094827352101	16.097237001744	11.8108851974659
PCSK7 REN	-0.300341582376528	16.7156442721475	13.9009199830737	-3.54565925833413	19.687219748727	15.3667798298692	-1.07630872418532	18.4977402056118	14.7257055449912	-1.22854242563308	18.5240071913056	14.8981037197361
PCSK7 RET	0.441354075051774	13.375043410743	9.99110526761498	-0.794124148960933	17.3034215591739	12.4396112770879	-0.018178943680724	15.6169905960906	11.5309271437745	0.00650099296667461	15.5765959935746	11.3899856990087
PCSK7 RETN	-1.1381370102481	18.6491430922674	14.501946136376	-3.14745690203786	19.2415696220146	15.1241482188527	-3.05192954274322	19.0905634209	15.3366821185557	-1.85082154024957	19.1576301967298	15.0157005870016
PCSK7 RGMA	-0.281074227748049	16.2691208379223	13.0191364312231	-1.89259723891454	19.5717610211263	13.93671507281	-1.18401161802542	18.245603722498	14.3191687517181	-1.06706382582906	18.1016202102428	13.8737265199879
PCSK7 RGMB	-1.01513487952537	17.763693371601	14.0676114078782	-2.93259637923498	19.7959749076798	15.0400596751247	-1.78219184454167	19.1363054702804	15.124590400426	-1.77608536372783	19.0348684299886	14.8490241845147
PCSK7 RNASEH1	-1.26339898208438	17.7350407415357	14.2506321258067	-2.22425251345321	18.3528954999979	14.7756685204028	-2.31008527548493	18.8929332475189	15.0792195743893	-2.26721935025444	18.4701446843152	14.8869445175191
PCSK7 RNF43	-1.80796137171731	18.7789912839239	15.5392442558774	-7.25170823595921	19.9175036963125	15.7327268746397	-4.7448110799585	19.9380762644456	16.2715098911253	-3.59301881107993	19.5498700106512	15.961958816966
PCSK7 ROBO2	-2.57375257214134	18.3419447222968	15.1598180415831	-1.73766780464453	18.7671059099483	13.4167331413868	-2.67414375677278	19.0793690075112	15.1148375859594	-2.57819150928101	19.0127761973349	14.8383903220428
PCSK7 ROBO3	-3.53645602777274	19.4247671377506	16.0265935152385	-7.88846868851663	19.9831384274403	15.8264685384691	-7.28043342878041	20.2904231161223	16.5785128780857	-6.75462133728907	20.1913925382886	16.3097552654573
PCSK7 ROR1	-0.0608654875039059	15.2277226934924	12.0203445912208	-2.94623692085807	18.6930786402255	14.6539574323578	-1.04653008350861	17.7262603357227	13.5129078188415	-1.12402356470488	17.5120316451017	13.6556808268376
PCSK7 RPS27A	-1.62680052928466	18.1045960722226	14.4463406449143	-0.962074255913491	17.4652437191952	13.5314200147665	-1.61184171859322	18.497177899091	15.1401099208026	-1.60112476020747	18.1431597767614	14.6242362627023
PCSK7 RPS27A.1	-2.39050826352934	18.8560245857533	15.5092747184271	-0.573838471633499	17.0239819429286	12.8703766836806	-1.02726403844831	18.1234642010449	14.7567704771799	-1.48781439664166	18.3337696410246	14.6665768327565
PCSK7 RPS3	-2.87801683756724	19.662329027522	15.8930311273596	-2.07246511934299	19.5120254212647	14.2381229320857	-3.77256142975282	19.7804263661545	15.7281925130851	-2.95117016243764	19.8052700287816	15.4023125903926
PCSK7 RPS3A	-0.936416515323718	18.1287149498018	14.4626559444613	-3.62758289911992	19.602034096684	15.2661913821883	-2.93391852148338	19.4349191312462	15.5490034652748	-3.37114656985976	19.3199291161939	15.6285626489061
PCSK7 RPS6KA3	-1.37712438101209	17.8042732960618	14.2786271733406	-3.01034799747162	19.4030080463536	14.5036830440945	-2.3903321674389	19.0465580668984	15.1754690108139	-2.52376277444794	18.9445041543642	14.9049314057302
PCSK7 RPS6KA5	-2.27425300087082	18.9295177518628	15.4393591571291	-1.72532353545808	18.5507108870298	13.6713279610266	-2.21780717428734	19.1354951402581	15.4208219634335	-2.29271115561472	18.9465327686453	14.9826518569936
PCSK7 RPS7	-2.74604747983373	18.7773452214854	15.5235860007906	-2.07395677323941	18.7707872010805	14.593852056816	-2.63207784643528	19.2361496943774	15.7619850239537	-2.65060815633466	19.0675287470115	15.4658792744722
PCSK7 RPSA	-2.0616065106031	18.5531479763052	14.4327334879418	-4.66326125961012	19.9103010579031	15.7069717097557	-5.0905508808748	19.8735583201643	15.8829552893449	-3.66398458112572	19.4853127730649	15.3492152615505
PCSK7 RSPO2	-1.98544932611989	19.0332486271125	15.5095736566792	-0.833795520157126	18.1010917759924	14.0884223318754	-1.93187307788038	19.030884330939	15.71864076128	-1.34001856101453	18.7534615012063	14.988214089193
PCSK7 RSPO3	0.46713023724577	12.687671373989	9.48248418013919	0.0550668005549452	13.9540895511428	10.3283988917478	0.404983785002861	13.3050059123023	9.95542559485059	0.300239760256865	13.4362079892724	10.2130001902193
PCSK7 RSPO4	0.360136511661446	14.4849968924878	10.1113803871953	0.126311902670554	14.8762522220219	11.4662809535789	0.316630196492073	14.8217517461555	10.9440228754526	0.24239269590884	14.920172895331	11.0631622367589
PCSK7 RTN4R	-2.20931409973642	18.984502311204	15.474361135651	-3.80890322293413	18.9771875785738	15.1530704285503	-2.63521418363802	19.0476884607676	15.4824604426493	-2.96590272391431	19.208131307455	15.6416995741847
PCSK7 RXFP1	-0.784243030787537	17.9640913810273	13.7434940200661	-7.3353062015857	19.883182797387	15.7760162155449	-1.90021762053916	18.8787027101957	15.0623282776898	-3.01809311731146	19.1786982396439	15.2341582981615
PCSK7 S100A12	-1.41727918037629	18.2955130600463	14.6664758517384	-2.85688931950007	19.606704214281	14.7125637752358	-2.64762559448928	19.3399578991075	15.3846474061585	-2.44245935417495	19.3188827972478	15.2310267889851
PCSK7 S100A4	-0.90137014527034	18.9129806708729	14.3612218699421	-4.96037048972769	19.6940083580957	15.6349827422583	-2.61403728548945	19.8429175676294	15.710636339142	-2.73940557050426	19.7458471301061	15.4985062911795
PCSK7 S100A6	-1.0462615819385	17.8238635429567	14.3285485634323	-2.59805304267347	20.0015433840735	14.698481424062	-2.48499723983791	19.3688598803945	15.2482755076273	-2.35742057720201	19.19763627832	14.9722310537911
PCSK7 S100A7	-2.73827254728007	19.5255691548604	15.8278693937564	-2.32717616781037	19.3273426323655	14.8516563103825	-3.56761489588859	19.7329734129578	16.0067464052072	-2.65181266802976	19.5347995411271	15.5344555519446
PCSK7 S100A9	-1.06892954691888	17.503275330353	14.0709354208692	-1.14878950279139	18.3010772142984	13.8818729608432	-1.13379502941207	18.1726380920616	14.551143765397	-1.44774980618557	18.2050890970328	14.2876837200567
PCSK7 SAA1	-0.991887059454715	18.3618366487899	14.9108916065587	-3.33109542129272	19.2365252992227	14.979794678699	-1.65378374603962	18.996259162657	15.151697901644	-1.74795812322586	18.9278638546243	15.2147580338091
PCSK7 SBDS	-1.6761046994627	18.7168018419065	15.0983365460518	-1.88455696912876	19.128468393517	13.710660568513	-2.41727532463412	19.5885119885155	15.3807233572986	-2.2108108659915	19.1265261467691	14.7629131874211
PCSK7 SCARB2	-2.57651385360769	19.0274771486291	15.7689873467026	-3.89668663924813	19.3482723824199	14.9439071140519	-5.05161379073283	19.8349422817949	16.3396736277383	-3.96167445285862	19.6490753102818	16.0004798771629
PCSK7 SCARF1	-0.34854966103452	16.6911991914503	12.880057006376	-0.624248826664402	16.9554717071854	12.6436006954916	-0.540355646403213	17.3315481695909	13.2348280188271	-0.48064504491255	17.1184022995658	13.0683742017948
PCSK7 SCARF2	-1.2759174213606	18.8228038727277	15.4267582507311	-2.07449637543685	18.4856070270782	14.457042467936	-1.16079947196063	19.0160232367387	15.2693063353923	-1.52090241301168	18.9528362913278	15.2247153675794
PCSK7 SCGB2A1	-0.986181786036465	17.9823767274376	14.2596108539162	-3.1500168707242	18.2962989210855	14.4526169853701	-2.27374441168489	19.164622409411	15.1492556342641	-2.67375458263459	19.0829002974098	15.159293526986
PCSK7 SCT	-1.94502051601326	19.0279500621165	15.4789185185922	-1.81971685880771	19.3572001636665	15.1261230775253	-1.62672529543479	19.2751467263069	15.5204067699668	-1.81745310498605	19.4085615619605	15.6062244105703
PCSK7 SECTM1	-0.632528814080576	17.5306258874639	13.4785257795165	-0.427283520157141	16.0196881499052	12.4564166742737	-0.621922587665702	17.1918534647664	13.4164926009302	-0.594000632641013	17.2131176031408	13.3909648680255
PCSK7 SELE	-0.69591035312651	18.6383982429502	14.5390048040527	-1.69703433635782	18.1364249379075	13.4832224386656	-2.07396000452603	19.2951682403553	15.3124267083653	-1.39042418428525	19.0052330406066	14.5430011083882
PCSK7 SELL	-0.938817969120771	18.0493300684472	14.5940932105974	-1.67752174087869	18.8540574631472	14.3030128027505	-1.35169403822431	18.8578391519516	15.1163037729064	-1.42747483974319	18.6157716052279	14.9080846067889
PCSK7 SELP	-1.38346592007698	18.7673690055323	14.7651219397119	-2.79129907318509	19.5997274902808	14.6905931616256	-1.92361702591612	19.3382856572979	15.1637865176761	-2.17592416507218	19.3824028587039	15.0312846741783
PCSK7 SEMA3A	-1.23136215787179	18.1256442860758	14.1280295602945	-5.48516333842102	19.6667478754986	15.3888969391368	-2.86448921685856	19.5168356004068	15.7632174505615	-2.78697426964061	19.1216954744807	15.208106508278
PCSK7 SEMA3E	-0.161597977020324	16.3385276924246	13.0274283339124	-1.1636940588538	18.3141732592051	13.91140385914	-0.635157683470163	17.2768640767679	13.8519223143539	-0.567301384257056	17.9021487648514	13.9271279835909
PCSK7 SEMA5A	-1.88970843831048	18.8018128575936	15.0742821243014	-5.26326582476396	19.4453626119516	15.2897355487355	-2.658598073224	19.3501386701772	15.6696304548922	-3.80160411823361	19.6725231321129	15.7380912249233
PCSK7 SEMA6A	-2.29416621110551	19.0111900226257	15.6074939223015	-3.95436693519409	19.0882510947697	14.7681308199483	-2.56932211117008	19.1681253081141	15.5714866746087	-3.41943143598261	19.4866320107114	15.6775608191732
PCSK7 SEMA6B	-0.983103298012455	18.2630926036646	14.7294141046792	-4.71783474894464	19.5344213456535	15.5399182674384	-1.93215552277171	18.9968019289304	15.2957599795007	-2.36736993660708	19.1669466891771	15.387162683653
PCSK7 SERPINA1	-0.994261844145862	18.1218539985763	14.8539790695331	-0.902082412089176	17.947354483696	13.3019424918157	-0.933948722628853	18.2763927621587	14.5346060531835	-1.0903762013857	18.2387886315507	14.5275222652598
PCSK7 SERPINA10	-1.72456388106944	18.6055805155514	14.2705756344856	-1.86900918847241	19.5358914120269	14.1171368918459	-1.99721165333585	19.3739493135033	14.9428523041908	-1.93914633533653	19.2500328494739	14.5267633414269
PCSK7 SERPINA3	-1.56990778166265	18.9349262793945	15.2266854625892	-3.47373994867978	19.3839804886337	14.8660741096145	-3.20919206192419	19.4481897108587	15.8505813663177	-2.5471185157331	19.4184708615674	15.4993890676279
PCSK7 SERPINA3.1	-0.238233833198485	17.0507551438012	12.6193707361505	-1.33832956076434	18.25539402724	13.1508759229904	-1.08435205522329	18.2681043834871	13.8837202248932	-0.756369088912083	17.9604625784961	13.2860822716803
PCSK7 SERPINA4	-0.953320622501107	18.0870393919333	14.0142148264405	-2.7790375271957	20.2295889236586	14.8847937797678	-1.45268424211761	19.4398869400429	14.7549079322121	-1.45557605762452	19.5452632746109	14.7247354023273
PCSK7 SERPINA5	-3.31994192219891	19.1668611271033	15.7370624066254	-11.7521693380517	20.3198699019053	16.3471607177736	-5.85374267401762	19.8295010591521	16.2925058206801	-5.45279780437962	19.8923582859737	16.2584043321535
PCSK7 SERPINA6	-2.16048612334944	18.7257776543238	15.3065952636111	-3.33929140613243	19.6478083923275	15.7103326765411	-4.17687237915877	19.3475956309407	15.7976541637757	-3.48065070330617	19.6131739997299	15.8609825201187
PCSK7 SERPINA7	-1.80371276558237	18.858869195216	15.1248683995557	-4.10796889410432	19.6139522775632	14.931733370666	-2.6361910754383	19.4649598596531	15.2730635376427	-2.83727227008452	19.6825005248149	15.3777311400056
PCSK7 SERPINC1	-0.252364086590481	16.3756871928904	12.5062669461526	-1.12985813227245	18.3572103775904	14.295753251443	-0.554372949096096	17.7099666951262	13.8231417574448	-0.629210705141837	17.8180338187696	13.6770094666617
PCSK7 SERPIND1	-2.73402845082571	19.1532650965417	15.0778293828646	-2.28723063855985	19.4639246617454	14.2276986790317	-1.90176865174293	19.4656896322607	14.7046816550745	-2.30781616676254	19.6531003468536	14.9618838510982
PCSK7 SERPINE1	-0.608248196347256	18.1818009580148	13.0936488496879	-4.26287479056236	19.6697989013742	15.0456693683668	-1.89069091924403	19.1467318013887	14.8580996577362	-2.13263248067627	19.3090845786249	14.8062323210404
PCSK7 SERPINE2	-1.72914134547874	19.0381399599153	15.3701586121827	-1.33713253597367	19.3371527733298	14.3040788385657	-2.06227300050674	19.2798022540129	15.6006989627677	-2.01669374769537	19.4062762113401	15.2109973097871
PCSK7 SERPINF1	-4.11731992292905	19.6964056498815	15.8935102371822	-2.37069351838352	18.8301330888648	13.9314678167018	-3.36902319318637	19.7330440725074	15.773590742914	-3.60612949705313	19.5942486646592	15.3703464051568
PCSK7 SERPINF2	0.588943738530169	11.9678388050195	9.3528140024032	-0.491067850693322	16.4367389368318	12.1210522277319	0.199055519845633	14.5127363730124	10.9686864891478	0.106353242520918	14.7202806662422	11.1008606824568
PCSK7 SERPING1	-2.26199173990322	18.9805770901484	15.3461486258744	-2.70140459267748	18.9843815801985	14.9748113524526	-1.6793278387959	19.3562918357334	15.4950859935259	-2.86158606130241	19.3851929833393	15.6185277393732
PCSK7 SET	-0.635390908948804	17.4869113177579	13.7824239141985	-1.66021486658818	19.0701883492777	14.5045487582375	-1.55177059107781	18.6837188620027	14.5619148255911	-1.41358115083471	18.6106296828756	14.5122590905209
PCSK7 SEZ6L2	-1.71615654710556	18.9718205092123	14.9928590272081	-2.08996715842899	19.0045449852124	13.8973196787279	-2.67513859164452	19.7559625531112	15.2195737268998	-2.61040688391012	19.2305374202908	14.9164013224496
PCSK7 SFN	-0.938260714321292	17.8104460362839	14.3631089755797	-1.71625042303965	18.7552209184164	13.9277416947255	-1.7981824242598	18.7700365594471	14.9283160099437	-1.3820348872628	18.5583049536096	14.5152254590824
PCSK7 SFRP1	-0.476633269123889	16.8512509443124	13.2828888352162	-0.22329705204507	16.7800010576109	13.2170503312157	-0.303015499081716	16.8412536622049	13.4051760677638	-0.402942321186786	17.1155639213132	13.4089353416996
PCSK7 SFTPD	-1.69892603403867	18.8063682760737	15.1514800431993	-1.21288423766447	17.556825044033	13.6379742209593	-1.54055114656778	18.8225272485018	15.1621863213626	-1.87216560487604	18.6282142361329	14.9836056620234
PCSK7 SGTA	-1.46176230918241	17.8209393218989	14.1255431250971	-2.95587450664888	19.9296017252757	14.2124235102731	-2.71934692581396	19.441430155192	15.1705493503294	-2.79455188063009	19.2165875023062	14.7068044430752
PCSK7 SH2D1A	-2.42121658876258	19.1128961624347	15.5729000585968	-2.34452957567486	19.1996914649922	15.0489279104749	-2.63110757397096	19.2523193078159	15.5996373188334	-2.59578048758843	19.513877501224	15.5935095096005
PCSK7 SHBG	-0.455005277038924	16.4805277165837	12.70543058826	-3.10563459077651	19.3028996761092	14.2210316853443	-1.89550893343142	18.8176561534093	14.4582987316711	-1.36184661983328	18.2840303645556	13.8455841254523
PCSK7 SHC1	-1.73557399494126	19.2551921876756	15.0179855923363	-2.38583810857545	19.4513044298821	14.0486264973882	-2.38417466897894	19.7617452169947	15.5176184349734	-2.19158327415021	19.6237710693338	14.8750962715856
PCSK7 SHH	-0.862093141247491	18.2814332147175	15.1495081516082	-1.60849737282454	18.4424225120984	14.62230214536	-1.37942585314561	18.6360009584217	15.1129154768524	-1.25985075139193	18.7228775498756	15.1246405337842
PCSK7 SIGLEC1	-1.07896176188361	18.803978262844	15.2627204066638	-5.23506305350535	19.6001592448897	15.3347199011842	-3.24073207984731	19.5230163548217	15.8130313965807	-2.68111605604486	19.5913307864648	15.6518448099803
PCSK7 SIGLEC14	-0.921615116903298	18.6110025002077	14.7597813576165	-1.05540537515574	17.6529839133131	13.5440120879568	-0.95392932990394	18.6801336969276	14.6436154750825	-1.02190634811549	18.409245478821	14.3135196529504
PCSK7 SIGLEC6	-1.92078020307689	18.4328928925395	15.2292705827113	-2.36235330717434	18.9499513510092	14.8640947234254	-2.83458257814421	19.0909596626535	15.6470260834431	-3.49743809748181	19.1699904732505	15.5995881933846
PCSK7 SIGLEC7	-1.01311429702572	18.5425833995934	14.7959953915116	-1.95211773665528	18.2229702274913	14.087379482921	-2.74693276091804	18.9603876955807	15.1498768007942	-1.77142980456194	18.7438665745867	14.8261859254491
PCSK7 SIGLEC9	-0.983772867382664	18.7707829015518	15.0283709632287	-5.49565216666917	19.8404517757575	16.0574689485818	-2.77086181006334	19.6679971809648	15.9923553311764	-2.30513776250837	19.5566664952381	15.7751671759623
PCSK7 SIRPA	-0.993761787370396	18.3811796786453	14.0087064371554	-4.69639589700197	19.9600526347236	15.5522248576659	-1.74435277073023	19.1015457305095	15.0246428897914	-2.3732992502403	19.3116591867122	15.0910679427171
PCSK7 SIRT2	-1.77087392198967	18.5812082620932	14.9514455456825	-2.46577895649453	19.5278082819543	14.9171865322509	-2.20551690914919	19.2789885438799	15.3450735096343	-2.16461478004839	19.4619602162622	15.3485587187959
PCSK7 SKP1	-2.09726170297131	19.0358747296944	15.3996430464157	-0.744430521311825	17.3271432191987	13.4650798075788	-2.27818424256041	19.3305640009999	15.5879726549206	-1.82058189845479	18.6538786110295	14.7775697442929
PCSK7 SLAMF6	-1.22371238223024	17.877683864462	14.1328905800892	-2.84993830071178	19.8974513566337	15.131344421841	-2.04877164860679	19.1286047815668	15.0120079660381	-1.89308771983294	19.2139553500221	14.8902799653488
PCSK7 SLAMF7	-1.11282925176994	17.6064128996743	13.9607006655187	-7.54077598414391	19.9007096601424	15.5078698131089	-3.12217046616969	19.1091750862377	15.2072304542992	-2.87245283374401	19.0642070136105	15.1599037180226
PCSK7 SLC25A18	-1.56456828116009	18.6406983128811	14.6749592437205	-3.11537948867839	19.4564626623119	14.545517553995	-2.03833379598939	19.0673617330345	14.9348778654151	-2.68116805589734	19.3923545509866	15.0750672586254
PCSK7 SLITRK1	-1.80744035858757	18.2403729519125	14.6219953823423	-2.26642590165765	19.7435170216898	15.1629669898661	-4.11573976596995	19.3204933798831	15.5371481288405	-2.69653297139252	19.4610897204713	15.3759679376674
PCSK7 SLITRK5	-0.751013491498658	18.063728301973	13.8879949426571	-5.39912232360727	19.5045456274532	15.2254650524582	-2.13427578297309	19.1472229805201	15.2121205614077	-2.19999903206125	19.0329585261548	14.9293502123326
PCSK7 SLPI	0.248136525575223	14.4194393351613	10.8663510696392	-1.90043337740119	18.2448715621888	13.8188140645184	-0.429528103149459	16.8472407340505	12.8249489420391	-0.461627711819214	16.7604520764945	12.5916816414605
PCSK7 SMAD2	-2.02575607505435	19.1832202403519	15.3478843683234	-1.73837647225258	18.9709920301243	13.6601908836979	-2.55402496892873	19.5356710515204	15.3426610286787	-2.61582235871452	19.3398460757381	14.9191962732735
PCSK7 SMAD3	-2.01719198562873	18.5136136358246	15.128700101555	-2.79816246376971	19.5890206330912	14.0126345548301	-3.29092390809805	19.9543570880332	15.3130194221635	-2.47842320193145	19.3095757550236	14.874109486074
PCSK7 SMOC1	0.413430525095442	13.3571497947416	9.70286698637938	0.172154014361601	14.7448592871689	10.2475087771456	0.276554786424471	14.1627943413494	10.1733479271084	0.297571378203361	14.1095769780018	10.0926481239408
PCSK7 SMPDL3A	-0.978640673594454	18.7021038380317	15.4788785937772	-3.51183106367931	19.2511734963337	15.0681441661263	-1.80683232783264	18.9758226796737	15.7473678092655	-2.49930508736737	19.3603952147056	15.7655808715732
PCSK7 SNAP25	-2.01824534829062	19.2986516681917	15.3166134546157	-2.79010895970455	19.293738373594	15.0054083508733	-1.93370093447388	19.0818774224531	15.4550144613902	-2.24219649214067	19.5070111967752	15.4616763174777
PCSK7 SNCA	-1.47067824482406	17.827971826876	14.434483911854	-3.15023399323105	19.1171961119328	14.543371245198	-4.36294693025898	20.1352222181567	16.1232056103477	-2.89959846447339	19.0499512386191	15.0327640139673
PCSK7 SNRPF	-1.97156487817176	18.514370512186	15.0134201040265	-1.93839577692093	18.3641036228468	14.997692597939	-3.0972812729433	19.055350427152	15.6796766826593	-2.35012976345316	18.6333537988635	15.3116896338284
PCSK7 SNX4	-1.90845884563713	18.7129855617454	15.1950420347366	-2.8965177823651	19.4626966235858	14.448202854769	-3.47449841911353	19.8224131963612	15.7087158256674	-2.99760004030164	19.5263209706031	15.2591875449594
PCSK7 SOD1	-2.67765622546646	19.1970507883992	15.5897406948657	-0.660980597519435	17.1735019638283	13.1426434920734	-1.56766725430971	18.905739990981	14.9797324162204	-1.72296666640588	18.5747689421808	14.7665365919962
PCSK7 SOD2	-0.543146587840031	17.3949779444966	13.3730469454212	-0.21098407501868	16.3355034791559	11.5489169507075	-0.380166312805793	17.096592882695	12.7450367880385	-0.42852018629099	17.2280153133911	12.7156417214048
PCSK7 SOD3	-0.468930605537121	17.1876184555724	13.2071082029962	-0.873934554763395	17.9827623477958	13.2867819534882	-0.909798807501015	18.3001028152373	14.0848081733678	-0.802115485226386	18.1043840019459	13.7117999245829
PCSK7 SORCS2	-2.60837585115545	18.9771409189261	15.4908324626419	-2.25962375481222	19.1461519526012	14.1190660757864	-2.52543141138639	19.4466809422877	15.4199443890732	-2.8668358423373	19.3695152014703	15.1773214314187
PCSK7 SOST	0.44934227455413	13.6025238291175	9.96535238486433	0.0424590754365132	15.0864339525595	12.1658809404238	0.0724674468107525	15.3139106440766	12.1734188654716	0.231743326684623	14.7240434792181	11.5074320171285
PCSK7 SPARC	-1.19926242018783	18.5533660639027	14.3244881464688	-2.16185326189058	19.0829696310664	14.4468299806909	-4.80439585413395	19.7353382761194	16.115101000381	-2.20664229158728	19.2289859081227	14.8793088001526
PCSK7 SPARCL1	-0.660085986369491	18.0117321419864	13.8400643441036	-5.13325539932168	19.566577383418	15.6301758729807	-1.84201876380804	19.3789898530935	15.6682432396092	-2.30475433190227	19.132684870699	15.1340166766276
PCSK7 SPHK1	-1.70183695231654	18.7249291910377	14.9824283262788	-2.52460900232498	19.1506120383599	14.1063749254367	-3.21236634520214	19.634812350963	15.6131072383909	-2.35247913580741	19.2739305439633	14.9290820738543
PCSK7 SPHK2	-1.85855118994205	18.3223785682628	15.0596565959448	-6.70060208364282	19.9106123262881	15.4572789649368	-4.53467469260836	19.6676628500668	15.9373594563619	-3.71797847697926	19.4525959871182	15.6926691144101
PCSK7 SPINT1	-1.29132146558385	18.0138705752791	14.5629112459949	-0.884288135242746	17.4808108664071	13.9143252340782	-1.21572700383837	18.0576875723204	14.7041696259543	-1.06154393961561	17.9394359655284	14.6009967126204
PCSK7 SPINT2	-3.94673587911062	19.1115168538452	15.4914933608104	-2.65869693379438	18.7292613256916	14.3169877182011	-4.22809540202458	19.3343327648669	15.4626945780416	-3.96072883083292	19.3937389065013	15.3469970610768
PCSK7 SPOCK1	-1.85333871012302	18.3043874255714	14.855413374785	-4.20462515092848	19.695821918271	15.1055597189166	-4.16489435041978	19.4709493536847	15.677847993076	-3.45255125897962	19.2807858850596	15.3795065204175
PCSK7 SPOCK2	-1.59573424330602	18.8064795601749	14.8438905283453	-1.98855482638524	19.4619060877614	13.5461015930668	-1.52059372271582	19.3671538111773	14.3618004330741	-1.6490917267455	19.4310350710607	14.5235139138566
PCSK7 SPON1	0.26111444061724	14.1029493329043	10.622481653001	-0.158081736736899	15.9572678280407	12.1947634499274	-0.0918193803888285	15.7265512726186	12.2205931161612	-0.0378749732568731	15.5370365339182	11.9360878954208
PCSK7 SPP1	-0.360596278199955	17.0819099169673	12.551866961124	-2.28658779883957	19.8371278182004	14.1541954874745	-1.03888046061892	18.7876656388933	13.6528011203529	-1.3078794576584	18.8169575369928	13.6892060332121
PCSK7 SPTAN1	-2.06132650056763	18.6600571029433	15.5526371269734	-2.51615936933641	19.7722189874023	15.3860041256185	-2.48422441986005	19.6728583668327	15.843297242066	-2.23165370846232	19.5079226637122	15.7403971093249
PCSK7 SRC	-1.44908798687441	18.4193812099461	14.5444074476279	-2.38844516164513	19.0768138922063	14.3211606889425	-1.92785012871875	19.1365956807494	15.0791860737143	-2.27229171563641	19.105185363914	14.8459285632292
PCSK7 SSRP1	-0.301660017300597	17.676569733099	13.8397099801981	-2.66989633808815	19.0174195594203	15.2029991173628	-0.793862359411423	18.726062140428	15.0526790958528	-1.44759419673832	18.6889229553194	15.0147355683114
PCSK7 SST	-0.117867680528127	17.0585457445024	13.0956883712309	-1.88399069773294	18.7177022220318	14.6605768301707	-1.14848340842127	19.0601476058228	15.1747487274258	-1.04186481909615	18.32325711643	14.2804835491135
PCSK7 STAB2	-2.43640614925031	19.22086417363	15.2329234563293	-3.01109668776727	19.0965357643383	14.850599015631	-3.34750200390541	19.4392322959013	15.5408302925244	-2.93339840253654	19.4082161704792	15.3846471386277
PCSK7 STAT1	-1.80250271017081	18.424238026124	15.1237777899175	-1.27131958407277	18.5755035256079	13.2914635829389	-2.1071326541404	19.13623609625	14.9884516116509	-1.71607810535284	18.8821456135846	14.5597852607363
PCSK7 STAT3	-1.85272644367619	19.0385320597411	15.0188427943625	-2.3005506931784	18.8591897750676	13.7863792904485	-2.66504633265283	19.2735339604885	14.9947874272085	-2.48297122054377	19.4336406519001	14.8020296654819
PCSK7 STAT6	-1.17414286580676	18.1120270584768	14.4454065174352	-3.12310945653658	18.9269356025673	14.3325492639388	-2.77760910487871	19.0174823086649	15.1896388257572	-2.2412500651104	18.9601040677959	15.0371877646343
PCSK7 STC1	0.0294625949361254	15.1922617581742	11.8327041207295	-1.62117313179297	18.3640036255365	13.7372151799777	-0.49121439883063	17.2297944827045	13.2094802400981	-0.639821777148576	17.1130421915293	13.2153257780183
PCSK7 STIP1	-2.65819826721063	18.9205986418289	15.5532037986077	-3.31137321269555	19.879515691823	14.7935668386111	-5.27213952075868	20.1136877447315	15.96791418178	-3.39927029821356	19.6493786291866	15.4702777529597
PCSK7 STK16	-1.82148090056397	18.4039574081146	14.6567875540272	-7.56667185989051	20.0969535415911	15.7180468165613	-3.715013384749	19.4712313693122	15.5393992711224	-3.80220796084558	19.5367475690901	15.4809543859374
PCSK7 STK17B	-1.16318669218132	18.3982586989977	14.5650615989666	-9.31542261724418	20.2153267208817	15.649640437949	-4.34505410961363	19.9338756554068	16.0631398811542	-3.27418878714849	19.5506594378437	15.5003859592522
PCSK7 STUB1	-2.12432037858133	18.328427372629	15.2630224271437	-3.62529483339374	19.6071312292122	14.8363266600375	-3.64829620225185	19.2624821297965	15.3985078057635	-3.23220348567915	19.3547470385391	15.4364834728819
PCSK7 STX1A	-1.99912609368042	18.6411271044362	15.1732873931839	-2.70795592040754	19.4428402859519	14.6762736300685	-2.76590444674587	19.4782044957768	15.7360990295444	-3.11323535304875	19.3309804662776	15.4547244238505
PCSK7 SUMO3	-3.77308783576002	19.7301583360931	16.0941764731805	-1.53333721751662	18.7101853090499	13.4091443045099	-2.72299758027496	19.8541253683859	15.3635612939378	-2.60011181458164	19.373744553844	15.0159314159055
PCSK7 SYNCRIP	-1.65690839715195	18.4435197442453	15.1710332234772	-2.76158159460891	19.210359285873	14.6840523042018	-3.28049581617977	19.1698878928228	15.5389728508726	-2.22891885860201	19.0742513145051	15.3556087854683
PCSK7 TACSTD2	-1.86106163594587	18.8573429640438	15.5663019343647	-3.7134414430271	19.821322796811	15.5077468768009	-4.34084159582733	19.7697273846029	16.0438818398086	-3.17530761637905	19.6387175463335	15.9017707339685
PCSK7 TAGLN2	-1.18959737986463	18.4047181175725	14.1384433205669	-4.26784297228133	19.7426998340359	14.9729787608397	-4.36120552638527	19.6071640618131	15.6760640104834	-2.2601703002884	19.5887189366672	14.971312150304
PCSK7 TBK1	-2.701609879918	19.2790018769751	15.647206543991	-1.68456456459932	19.4774489347819	14.8687791692366	-2.61307244525771	19.7274911370393	15.6831600174138	-2.11858488080666	19.5738047490182	15.4318793053653
PCSK7 TBP	-2.28035421948274	18.6832848118177	15.0166734718459	-5.54880162574585	19.797782150347	15.5137548731409	-3.8322893064347	19.4896958046124	15.7273110845314	-4.23055014603894	19.4553276664161	15.6352027853285
PCSK7 TDGF1	-2.88347432715955	18.681106123105	14.9780375569307	-1.55521078701421	18.6197708638081	13.9601492026744	-2.44232310989084	19.4328495465061	15.5620605365602	-2.77836874175007	19.0330282881504	15.0161847761522
PCSK7 TEC	-1.80457858114522	18.27576023204	14.5454705015899	-2.21144252032017	19.107928797252	14.127911204468	-2.81695412969082	19.6563574634576	15.4615837209115	-2.49373677887522	19.1933542474312	14.8224198687912
PCSK7 TEK	-1.35610225431108	19.1350449396677	14.6655113260724	-2.82168724201722	20.2181074261583	14.916540348084	-2.08669581299558	19.8094876419748	15.2801368969188	-2.16428058670445	19.8674865431007	15.1694804930883
PCSK7 TF	-0.96039036522188	18.2541927310665	14.1911209016322	-2.93915926109998	18.4754125267482	14.5054314048597	-1.67852978563938	18.8377597572639	15.0840340039757	-1.93228563367846	18.5550381262009	14.8468438438788
PCSK7 TFF1	-2.65411310419008	18.9042965477793	15.2966612750611	-2.16390672198293	18.7904042834845	13.8785420762523	-2.01297885787543	19.114066923556	15.0729776235816	-2.28779208411198	19.0608655976157	14.9772059915134
PCSK7 TFF2	-0.235458600090215	16.6949321079328	12.9225812974046	-1.07381961487069	17.1509556962141	13.0473404740922	-0.836149475731879	17.5878130981057	13.8846566575857	-0.832603412289991	17.3213686752007	13.4460359869529
PCSK7 TFF3	0.363901513635407	14.0089514640492	9.97932363962684	-0.655591350414318	17.4493526581808	13.4064723316322	0.0605353703857392	15.5869162727051	11.6395472432809	0.00928614043783238	15.8444809994329	11.8563995974333
PCSK7 TFPI	-1.26724990439682	18.23069831959	14.6725836573659	-0.411987892893912	16.4806716259482	13.5330833082829	-1.07560361835534	18.1634399095207	14.7462484527879	-0.941093390924962	17.7231922713793	14.5083490147526
PCSK7 TG	-1.23247439232834	18.619195900498	14.9385366614148	-4.63692492486527	20.1223279217788	15.4497960989934	-2.73054744402387	19.7064776163951	15.7403529054423	-2.59556033557475	19.5795028564796	15.4734030727834
PCSK7 TGFB1	-1.6744150431446	19.2221366768632	15.6251149681207	-1.60468341238317	18.8040541651953	13.8278725244712	-2.04476376186088	19.3489137808215	15.5313380794823	-2.48949292080138	19.1953785566234	15.195730465154
PCSK7 TGFB2	-1.54339980285603	18.3578325037892	14.9538892944409	-3.66887013407542	19.637560144492	15.5004927326997	-3.6989885005381	19.5279502022523	16.0492639011786	-3.0311525500466	19.2386988923477	15.5657786194198
PCSK7 TGFB3	-1.22962635667798	18.0221595062676	14.6551968417256	-1.23732845824726	17.8995170352806	14.5026160662944	-1.3001275711147	18.4438296925727	15.2197522237102	-1.52504382580581	18.2693760048637	14.9818328701981
PCSK7 TGFBI	-1.36810013616833	18.4899254392271	14.7301426985886	-5.03253443015203	19.8449823206708	15.0158511812429	-3.25852936275938	19.4871693183167	15.6134833276576	-2.8163717452193	19.4927029396124	15.2418801866687
PCSK7 TGFBR2	-0.74096587854326	18.2660230262062	14.9847287610382	-3.04279571909136	19.6432504216269	15.1859259970144	-3.7647722270827	19.8774008553237	16.2417849745663	-1.69483437807701	19.1891370106153	15.3378009654885
PCSK7 TGFBR3	-1.19128485398788	18.5439869557427	14.376057026576	-5.55207703068205	20.0528056312748	15.5123177467788	-2.55812428377901	19.8451900007251	15.6264856079531	-2.79803315635347	19.5915145446925	15.3870327639168
PCSK7 TGM3	-0.651264757672607	18.0117408219972	14.265268933737	-3.01372751855433	19.7545028821566	14.7785486044669	-3.14669720093778	19.6278484192086	15.4901881891812	-1.86589182508065	19.0570670526887	14.8283456694639
PCSK7 THBS1	-1.0283456942226	18.574394035046	14.9708069747981	-1.50451909625331	18.6312509494901	13.9105677056115	-2.80608023727973	18.917675728603	15.7329515547657	-1.49528522686133	18.8560847638409	14.7653013575492
PCSK7 THBS2	0.0571023015575215	15.76514853244	11.829092418201	-1.51977773951787	18.0215079021208	13.6745825725001	-0.655203867937474	17.6379974606472	13.6880439833609	-0.502618646396721	17.2570826684478	13.1250088641039
PCSK7 THBS4	0.18729792270637	14.6784962777643	11.2501991446618	-1.01859569354073	17.2876270641869	12.9904710751523	-0.408492938214652	16.4676032948132	12.6235289436828	-0.386998815328036	16.3764654978959	12.4479694686884
PCSK7 THPO	-1.6192785043343	18.3987276611902	14.8461131855913	-3.73709826117725	19.0386314038722	14.691004587571	-2.66808981118473	18.8410494405239	15.1416322089679	-2.98270457287931	19.0102092825172	15.1139526336807
PCSK7 TIE1	-3.86562801456854	19.4015491819977	16.0502930505583	-3.81292812404125	20.0796263002901	14.7867191152274	-3.86923032492372	20.1365600679679	16.0447201303679	-4.16628493576816	20.1427743270831	15.7145552196662
PCSK7 TIMP1	0.20663345918112	14.6663897806579	11.4461746848975	-0.485859687842257	16.5562586176087	11.4452479466545	-0.0165192369288187	16.2271169773251	12.0691611356699	-0.156641753965426	16.0007916484374	11.8070758364339
PCSK7 TIMP2	-0.873522140831455	17.1221658778744	12.9555702209159	-1.50460443831546	18.4620409095638	13.8858914468931	-1.15948578596763	18.3016262006493	13.7972417424354	-1.27136020026611	18.1302293586759	13.803464962052
PCSK7 TIMP3	-1.51946947200879	18.7191348950867	15.1088606317735	-2.50355882334024	19.0348557874419	14.465250014358	-2.87303840128391	19.4384085735262	15.7932136564529	-2.19226457737326	19.1898430084576	15.1318907276177
PCSK7 TK1	-1.46700116845557	18.0328276659944	14.3420667838148	-3.68385988221441	19.7293606878533	15.1258618814378	-3.96450837531695	19.5697447538963	15.7045650056455	-2.9950637879613	19.3332822025974	15.2695440876585
PCSK7 TKT	-1.72898106157473	18.0038219264494	14.5679658780426	-2.04987576650555	19.0071264235161	13.7726621010316	-3.79582773982046	19.5620038245068	15.4383554947213	-2.20237973034848	18.9131296522445	14.7960016311949
PCSK7 TLR2	-2.36083779417974	19.0973222694371	15.8138243727286	-5.9379469519769	20.1327159966599	15.8483748805909	-5.01757146029005	19.9297516064793	16.2699398381206	-4.39480298185901	19.8750001249931	16.1478694231709
PCSK7 TLR4	-2.70849646013322	18.941761191832	15.4738580294698	-3.23014091345117	19.7879842560883	15.2784711199404	-3.87181573937809	19.6904079451226	16.0365784874696	-3.61425018903947	19.7527530358705	15.8456034031124
PCSK7 TLR4.LY96	-1.818269057198	19.2975102476142	15.7165266393166	-3.18446856433808	19.2650652025976	14.5822949513986	-3.22821807281268	19.9166175035879	15.7134556543135	-2.99829567021271	19.5988587909447	15.5376078706616
PCSK7 TMPRSS15	-2.09869293243212	18.8522094334282	15.386466540739	-1.3468495899526	18.255250119138	13.9817844382501	-2.03333443368377	19.2127412699883	15.2480887002888	-2.00291525619302	18.7109116991919	15.0161174669615
PCSK7 TNC	-1.56432724226747	18.7080033309885	14.7776904500291	-3.69174971364251	19.3986530387438	14.9898475102365	-2.68154003244661	19.4329678232223	15.5579287148096	-2.57858535431401	19.3231353650954	15.2958491855409
PCSK7 TNF	-0.15635902174274	15.5795390866234	12.4601660084059	-1.86162659343844	18.3572936733061	14.5669194271693	-0.968428330677228	17.9877576121263	14.3104278626684	-1.00570171937896	17.3766082075538	14.0027795325427
PCSK7 TNFAIP6	0.00860563007087645	16.5043056524901	12.4591494357282	-3.95417041140445	19.8074140809971	15.2954777835394	-1.50048954670536	18.9750237675268	14.7753454187658	-0.830094434656661	18.3560205144901	14.0754882156137
PCSK7 TNFRSF10A	-1.438360631927	18.6526336182022	14.7421025331676	-5.57487853103049	20.0987523091648	15.8445537946934	-3.03761607599494	19.6035415652852	15.7982210123019	-4.12561485723556	19.7543559694385	15.6514227669252
PCSK7 TNFRSF10B	-2.26446202764221	18.8277737247299	15.4307225256133	-2.08106642157624	19.5418123467446	15.1043520510609	-3.10263461820145	19.2874281343263	15.9401251955661	-2.20923339177511	19.3956606257174	15.4407154937934
PCSK7 TNFRSF10D	-0.439365774164899	18.4910924605238	14.2320833463737	-0.819810661231013	17.1238041962962	13.9091219041601	-0.807157410087337	18.5945178765955	14.9350322032784	-0.897867474185341	18.5269444251168	14.8329973848318
PCSK7 TNFRSF11A	-1.41887908831474	19.043048228639	15.6716483000423	-2.50973088967253	18.768640039224	15.2583895502123	-1.58505486955495	18.8976823900459	15.8405072385535	-2.16150463925142	19.1299960713315	15.7874064235967
PCSK7 TNFRSF11B	-2.58735844736847	19.4427237311501	15.2739895393151	-4.09777349308395	19.9638832040007	15.1969844030534	-4.23721753440605	19.8312197628026	15.9593142903384	-3.68221797406405	19.9686094087483	15.6835629244515
PCSK7 TNFRSF12A	-2.17156504576965	18.733717656686	15.2633202325668	-4.25019395784732	19.8482634947277	15.4658029569915	-2.82837619241945	19.5910851886861	15.6819927649847	-2.95867329038027	19.4716460598025	15.5949061859776
PCSK7 TNFRSF13B	-0.640323481417746	17.4537375797993	13.6703117765465	-1.86463898807925	18.3294858885221	14.4745956644782	-1.49091747376216	18.281880160533	14.9146203676088	-1.20560274678919	18.2115641397316	14.4283159580843
PCSK7 TNFRSF13C	-0.909764485054928	17.1591142984333	13.2885978433723	-2.27208335382255	18.9259126042397	14.2745885979638	-1.45214706507925	18.0389170124689	14.1319286623094	-1.49532549514297	18.3256781154357	14.0951997492199
PCSK7 TNFRSF14	-1.09436369317017	18.4765084734165	14.7121604819183	-1.25879878431197	18.398450047922	14.1064595857175	-1.86308468277434	18.9501046116944	15.3857802897365	-1.50407056020324	18.5659913003782	14.8035146026991
PCSK7 TNFRSF17	-0.920237466062699	17.2361609912316	13.4230616118446	-2.85644466123762	18.6490273722949	14.242190669576	-1.77058276461149	18.1409275985079	14.2529371137054	-2.09535532775366	18.3603985714928	14.1939399363361
PCSK7 TNFRSF18	-1.45548663518165	18.31684317185	14.6829851512002	-5.31584641614231	19.8926173956491	15.8818456940566	-2.8237443330309	19.4307728201007	15.5920779386921	-3.14401820231076	19.413980043769	15.5545913107784
PCSK7 TNFRSF19	0.222893051103095	14.2860529819863	10.5901280858044	-0.227217211777073	16.2030617477558	12.1893145488112	-0.0817162888270737	15.7390440349405	11.9530597826731	-0.0372897726445798	15.5209490705339	11.6533899266487
PCSK7 TNFRSF1A	0.53409664797199	12.5133709673257	9.54214226473871	-0.057165734030552	15.2938190734502	11.1188235133098	0.273161179360371	14.1510754049034	10.6293018245184	0.310043384939016	14.1641652496597	10.5255576241416
PCSK7 TNFRSF1B	0.25254684497218	14.2518278607902	10.5936111555302	-0.104116805238607	15.6072716173085	11.3888103329886	0.10058443916237	15.2041804807319	11.1485765199834	0.0663037678176397	15.2176360474333	11.2009203996751
PCSK7 TNFRSF21	-0.127535254631887	16.1326697854591	12.2862587799577	-3.89154922014371	19.1155529450755	14.8395481698135	-1.23761398846393	18.2465036734861	14.542657208174	-1.36580339098368	18.0958542486965	14.1060990518374
PCSK7 TNFRSF4	0.0610868294619232	15.8263359127116	11.8995118506593	-0.164993644789586	15.4012145359987	12.4673286202543	-0.00445837482563616	15.8394521009176	12.4997601379111	-0.0502223049081776	15.9973746081795	12.6250198703433
PCSK7 TNFRSF6B	-1.11169827453428	18.0593609178908	14.5299105279126	-1.91172564021684	18.9618134092617	14.7498375711027	-1.94227882926684	19.039930498602	15.2662998743625	-1.63229834155154	19.0340085262297	15.0118216119992
PCSK7 TNFRSF8	-1.02395823160849	18.4876292514812	13.3423228026697	-0.339951795778403	16.3917927442355	12.34723645002	-0.967764986906251	17.8829840529573	13.5721383373765	-0.649301176138892	17.6327098867019	13.0294900043811
PCSK7 TNFRSF9	-0.700133654681124	17.5253730656948	13.7391282874583	-0.189066661960907	16.6410844644079	12.2630231324986	-0.530804890623712	17.445780665691	13.5326448466177	-0.464282612177306	17.4123279722712	13.3277696453629
PCSK7 TNFSF11	-3.00620266641565	18.9371020039379	15.3649180196454	-2.63845824619709	19.1136768603413	14.3113521621674	-2.58897739723556	19.3800506832455	15.6375291125715	-3.60927110817855	19.413971361402	15.3265464218688
PCSK7 TNFSF12	-2.27846402583078	19.0261710230891	15.1757767878134	-3.63216554963961	19.589072918762	15.4848638046417	-2.93809598188475	19.6981227055018	15.9223575736958	-3.24495445256123	19.4790195363659	15.6706978838931
PCSK7 TNFSF13B	-1.23052498333589	17.9011286880914	14.0495527905447	-2.93135111316634	18.8724249058934	14.8699195542177	-1.66915244495871	19.0921964067314	14.8981123816732	-1.97799238790741	18.7008607110738	14.6898299710823
PCSK7 TNFSF14	-3.55751117785699	19.5273446878287	15.9311761888941	-3.95475182787499	19.4169726343197	14.8686760275774	-5.39761631576074	19.6851169077216	15.85959049297	-4.21482609650446	19.8645291645607	15.7677895299147
PCSK7 TNFSF15	-0.174422692826168	16.1253202261621	11.6814195700123	-1.29881299747422	18.1647406141211	13.120486629888	-0.75935754913022	17.9268026590823	13.0409294848383	-0.814283545323303	17.6631271127826	12.7991821844298
PCSK7 TNFSF18	-1.58768315473204	17.7842087055517	13.6763820059608	-2.58018196593829	19.9071478882198	14.7472805874503	-2.2289772979758	19.311335447914	15.2489383414904	-2.67201323778267	19.6275374803879	15.0914366030962
PCSK7 TNFSF4	-2.28318520814032	18.7869343715684	15.5704370588455	-4.51785663330836	20.0373265406136	15.5605236502299	-4.13091828951399	19.6974310975163	16.1424224047908	-4.39707801227146	19.6942878181562	15.9391410008477
PCSK7 TNFSF8	-0.455841174107396	17.9467240997148	13.5089498732367	-5.65416944211614	19.6809158635243	15.5989222007645	-1.89701221752719	19.0779768843694	15.2108255365572	-1.76304251797758	19.0401556257116	14.9031732251515
PCSK7 TNFSF9	-3.17823674580465	19.6082154303167	15.9985266342744	-3.05202664667905	19.2416673082311	14.4711243460636	-3.39930896810578	19.6208813619	15.504063246297	-4.45759174967596	19.812709635425	15.8136312962059
PCSK7 TNNI2	-1.77696541674587	18.7308610811099	14.5450195937888	-6.15683259825454	19.9217782617531	15.4939656199449	-3.22846620122673	19.5328924179869	15.5938086301399	-3.7064151526367	19.7554133666743	15.5400729560312
PCSK7 TNNI3	-0.374039420582339	16.4885905053023	13.074742061455	-1.35355782122911	18.4671859414573	14.1606313592669	-0.862084510447235	17.7281783975896	13.9137697954194	-0.81154718688893	17.7918555280531	13.9273195376933
PCSK7 TNNT2	-0.0013982629094087	15.826589275776	11.603863807614	-0.291398307432181	15.7209755053344	11.8648980992636	-0.426309951323643	16.3531680549621	12.5966178830437	-0.180222858429231	16.1627700280878	12.0320434569655
PCSK7 TOP1	-0.685633724545738	17.1092390206178	13.5885690661431	-3.7918074301996	19.273158498101	14.7301086596602	-1.93573072035369	18.4734731987077	14.5560143343928	-1.88706720356268	18.4693678789174	14.4167815096393
PCSK7 TP53	-1.8386515240817	18.6275701975464	15.2068907186462	-3.77771624724748	19.7756234114484	15.1535446622992	-4.9140485513988	20.0614868944546	16.3372314837093	-3.1578772166538	19.4610977150832	15.5293166543301
PCSK7 TPI1	-2.00297749207963	18.2296219757465	14.7514195037668	-1.84419904945289	18.8792176335528	13.7128498685614	-2.72256081963101	19.4993162593011	15.3470857169184	-2.03202429406522	18.9436370835212	14.7584872255273
PCSK7 TPM1	-1.62514697472799	18.5171871568542	15.1043817280791	-3.10267219483375	19.3114442298184	14.9506109707805	-2.31929723613153	19.3051266532198	15.6180808028591	-2.55315201924669	19.2542501597999	15.3245576065163
PCSK7 TPM2	-2.10833084813777	18.826204147469	14.7487141451266	-5.1714935361715	20.2088594875488	15.522489119258	-3.63281846268537	19.7156669180559	15.7933278610643	-3.30318302489583	19.781610466958	15.4274284822684
PCSK7 TPM4	-1.75163029600717	18.7180760035478	15.2629369062618	-3.15164812148178	19.2531255259328	14.8298711313585	-2.49216124531198	19.4205622844919	15.6145135048497	-2.5047555735952	19.2601795913106	15.3840150804808
PCSK7 TPO	-2.93874163214831	19.5994697316497	15.9237359414505	-8.27760203575746	20.1474012458289	16.2005657653552	-5.7975356411299	20.0419201751215	16.5245165547439	-5.20621414164858	20.0569531713428	16.3700398711668
PCSK7 TPSB2	-1.01498278055749	17.9609314068291	14.2953365808028	-3.53068924651387	19.1396581359954	14.8855007959225	-3.38040286642314	19.1324668931227	15.7176279587171	-2.39033619643169	18.859763635109	15.0098162757742
PCSK7 TPSG1	-2.49831217201256	18.9226928562827	15.6299372054863	-3.86436565546267	20.308900393762	15.3646821754027	-3.00991303832514	19.5858174873638	15.9575158404014	-4.12612224155771	19.8782258361686	15.9752211021077
PCSK7 TPT1	-3.74890324229625	18.9634664841367	15.7875626346394	-1.70753728703829	18.8216708373232	13.6131771903712	-3.00105567370948	19.7881703464466	15.4071986054487	-2.6590042292598	19.2501110361092	15.1190318912764
PCSK7 TSLP	-3.53870900615227	19.5067954745775	16.0205119458275	-1.67734277612847	18.3123955455448	14.1322154843812	-2.45965355616443	19.7253397064404	15.731320346461	-2.45729849434974	19.1308842048649	15.3571368095187
PCSK7 TXNDC12	-2.45500271071566	19.0346995951896	15.2725084406469	-3.03698318918424	18.7343808370525	14.2288670243268	-3.41401686421331	19.4176783768305	15.346153279222	-2.66588458216622	19.101188926382	15.0579316977799
PCSK7 TYK2	-1.33837342541596	19.0494204881348	15.048687695834	-4.37036790673133	19.2858897092664	14.9888200758708	-2.374245320924	19.318726529627	15.4005749369682	-2.38898439133313	19.2748722518653	15.2083742429074
PCSK7 TYMS	-2.6862381913293	18.9500219938332	15.0289839898029	-2.96982402109254	19.5960781661435	15.2194338615615	-4.93161916660363	19.9632109974236	15.9300272008413	-2.76177093621242	19.4388321457297	15.464681388553
PCSK7 TYRO3	-2.74100569241149	18.6911723275035	15.1820625261255	-5.45924960627574	19.3174663469465	15.3191985196186	-2.97982555808431	19.3747861412289	15.8182070442474	-3.5356068146547	19.2829135442614	15.6437792228592
PCSK7 UBB	-1.11595030513662	17.5802143962655	14.090179560245	-3.83149667107016	20.0082911413372	15.4192511598951	-2.22179083919263	19.3054941530397	15.2427249673298	-2.53239795318426	19.1108450211661	15.1597100434243
PCSK7 UBC	-0.744043637275201	17.3468885600419	13.8714158489339	-1.90094574036807	18.6705576435719	13.4220322920706	-1.60335086876323	18.8903391408612	14.8316991384118	-1.42726588793696	18.3187664942098	14.2779801290847
PCSK7 UBE2G2	-1.11016949547839	17.821992392689	13.9007174427619	-4.41211050357201	19.0735960760967	14.7158244391552	-2.503594882693	18.9383608750528	15.1278763931427	-2.88834840939637	18.7902469155847	14.9081668729697
PCSK7 UBE2I	-2.68316091595576	19.0422283302774	15.6154080166586	-1.59830099192376	18.7202755365142	13.5923990559641	-3.07905697395063	19.6759938968522	15.4636378706247	-2.25902087294193	19.1468391205605	14.94105182085
PCSK7 UBE2L3	-2.52903286859086	18.7876697129556	15.3121282605634	-1.98019526097532	18.5843777180837	13.6579135590706	-3.12500919687451	19.1958035781723	15.3868674295381	-2.61178534804695	18.9931137098871	14.9275156247632
PCSK7 UBE2N	-1.93617664979229	18.1368960185127	14.711199296931	-1.67220547604679	19.0145823771596	14.072498990559	-2.99121228982362	19.4507687096428	15.4633018837613	-2.31256750283445	18.9175624791562	14.940989323216
PCSK7 UCHL1	-1.60209337500002	18.6655890006277	15.0157907299691	-4.35116497351217	19.8243742715784	15.1463761486734	-4.99602570149877	19.4473284004365	15.6969316547118	-3.29427531306392	19.4320227036173	15.5091235487466
PCSK7 UFC1	-1.99227465049206	18.784972503255	15.3385324225406	-3.15404882214194	19.6903890580629	14.4399297040158	-3.18719667923653	19.612455915511	15.5664909365688	-3.04372509345306	19.5087925636299	15.2716952851146
PCSK7 UFM1	-1.83798032630196	18.0829107441729	14.3985778172615	-3.58763030125966	19.906559720542	14.89187577026	-2.66336279967427	19.3177484774868	15.3336641166946	-2.70471194841206	19.2056846872224	14.9075671097465
PCSK7 ULBP1	-1.84483885390049	18.6499013388495	15.0291774515313	-5.21812885420945	19.8681628057488	15.7393428338972	-2.9496446366384	19.2456808500699	15.5463703423965	-3.43466787053899	19.5086374167631	15.7421874141168
PCSK7 ULBP2	-3.19306696224615	19.2442404211197	16.0654855818412	-3.8745414321518	19.1685648124933	14.3055937531785	-3.22002634266143	19.3334400135756	15.9078502703208	-3.95089232536778	19.5885869159196	15.9828923409957
PCSK7 ULBP3	-2.46305261208648	18.9122181252774	15.5270259937516	-1.08365126008286	17.0770979575053	12.6698179434009	-2.40851667681819	19.2327803413014	15.1667444635624	-1.99511567714457	18.5256892014795	14.6503166545457
PCSK7 UNC5C	0.0168460531258955	15.2306372636659	11.8222595822565	0.0396987531994354	14.8206444917938	11.0731437370752	-0.0531564418032047	15.7450391330363	12.2563555104368	-0.042902680014812	15.4247564728265	11.7851235644702
PCSK7 UNC5D	-0.280655691226345	16.9130648387709	12.8236946852851	-6.87694738037045	19.8415212994329	15.6112240782026	-1.82280807599401	19.2251917522232	15.0810759024445	-1.74547292882127	18.908011663395	14.7550520633815
PCSK7 USP25	-2.30834595137393	18.8408307888384	15.386195601666	-7.50830261679519	20.2113193944325	15.608558446137	-4.69986006310756	19.9577064365118	16.1880940123807	-4.57603245506097	19.8005133223443	15.8170730013168
PCSK7 VAV1	-1.68457235691943	18.5426677058252	14.4293805488282	-3.00130592759364	19.5594610493384	14.4515729539294	-2.56417234891211	19.3681511769526	15.1709191398829	-2.2267933187497	19.3544541178295	14.8424615357506
PCSK7 VCAM1	-0.299633619358453	17.0028501134412	13.4173262800621	-0.859794923178292	18.1851048056568	13.7912058057669	-0.791002470051681	17.9414223040776	14.2121180953109	-0.699984518371247	17.8436865712284	13.958041633765
PCSK7 VEGFA	-0.0122196723553443	15.3069635637858	11.6187784647336	0.114387860753081	14.8759657660595	11.5465716298354	0.157857949701936	15.2548453118773	11.8633950494542	0.0140633289359459	15.3662960079911	12.0229758176804
PCSK7 VEGFA.1	-1.80920908124074	18.9585232240341	15.187877217204	-2.94690094470356	19.1108573467783	14.8760049150535	-2.74289002539083	19.3493217868729	15.7025203972364	-2.4642396289664	19.502705723427	15.4398757876755
PCSK7 VEGFC	-1.66628448246785	19.0170437955585	15.3848882105701	-0.468082882978572	16.5666580808573	11.9928476921548	-1.10087757995421	18.2759083181998	14.2132493860137	-1.15697019928002	18.1899142137197	14.1073121167123
PCSK7 VIP	-2.78778539293299	19.2967386981428	15.8124084644629	-1.05680053543645	17.9182183453822	13.1502289875668	-2.57662600809037	19.607306839485	15.6094019598182	-1.86613107454955	18.9032029838434	14.7510568402584
PCSK7 VTA1	-1.67751168963314	18.3318307860734	14.9031165896329	-2.39352134120667	19.7840842337592	14.307539266588	-3.44188061663899	19.9036574883515	15.9088703400671	-2.6318435885247	19.4189098635903	15.1904747530615
PCSK7 VTN	-2.08465394777817	18.5331587582496	14.0887180243741	-1.30830330479225	18.052702174227	13.5774709656392	-1.02515881861828	18.0658726741445	13.8659726200536	-1.74668212082661	18.6605423323827	14.2811850837134
PCSK7 VWF	-1.2779026475313	18.200387585914	14.0035948913793	-3.4070935692484	20.1279743199641	14.9159868467161	-2.02971143696545	19.4837980529707	14.8224285075065	-2.45254187082482	19.4684967860727	14.8235086257778
PCSK7 WFIKKN1	-0.19931433582815	16.5331521859618	12.1779398735115	-1.86070261933262	19.2619911635413	14.3440359715812	-1.3792713083174	18.7708663184385	14.3686468285759	-0.995745617552021	18.49327505359	13.8104743155921
PCSK7 WFIKKN2	-1.76079669176717	19.082510500414	15.5585903624195	-8.75313983057952	20.0675288625775	15.7035024736566	-3.89027415052422	19.777513012283	15.8433508532545	-4.24507213203289	19.9825369522317	16.1233094764056
PCSK7 WIF1	-2.08209038334158	18.5365672857671	14.6842895562355	-9.78709405488332	20.3945268292531	15.9187046112759	-3.62403254500482	19.6062299929191	15.5811012455431	-4.70929667023259	19.8059917647237	15.7224609033968
PCSK7 WISP1	-0.773932294405414	17.7600669921401	13.6651259229317	-0.643049256480313	17.7111689031783	13.2073952949148	-1.1785937962795	18.0974890522734	13.8528556595688	-0.843005225116154	17.9640872783041	13.6737302307457
PCSK7 WISP3	-1.19437028811018	17.9931662834066	14.4800189332216	-3.00021591990264	19.2318297523472	14.9411105454977	-1.80392396284659	19.1217644773807	15.1739221235233	-1.721776709866	18.722867084294	14.9123025590163
PCSK7 WNK3	-1.18202065803227	18.4225995383028	14.6323105440433	-4.63009834019296	19.925321831649	15.3567457357529	-3.11086011207877	19.4024120286408	16.0558349472824	-2.43408392443409	19.3400211840087	15.2859970216708
PCSK7 WNT7A	-2.64218847018449	19.6674618114702	15.7993995080638	-4.83501413658074	20.3823157772952	15.2496423406582	-4.48104481236404	20.0248922114823	16.2887246695952	-3.25082983103409	20.1100020525238	15.9231522516464
PCSK7 XCL1	-2.09962355167855	19.0352344006533	15.267520019129	-6.1718127223983	19.4571911428437	15.1360522737408	-2.80214362708535	19.2505216804423	15.7453696719315	-4.16533011859777	19.5423535862393	15.6004036555356
PCSK7 XPNPEP1	-0.701598033367311	17.5328584217986	14.0624764521583	-2.52660940821039	18.6767128128607	14.0518481952332	-2.21218354976522	19.0123664556623	14.9019037850925	-1.56377199821512	18.4894970563559	14.6520993809537
PCSK7 XRCC6	-2.57428957636927	18.6796314728001	15.0789227295214	-4.6146125611655	19.9044325458287	15.1226927906242	-4.08919404091909	19.651054350096	15.6033778267354	-3.91861102980708	19.6266601534843	15.5200406682499
PCSK7 YES1	-2.3761930491256	19.3267875130121	15.6241187480089	-0.591760562261668	17.0108285883336	12.32257876095	-1.59963264120723	18.7214691931391	14.7863232399114	-1.21683589701238	18.3526801819737	14.2749011087872
PCSK7 YWHAB	-4.40112319612157	19.3438823950539	15.7778812690636	-2.48898391099654	19.4234561095627	14.4397916791007	-3.91252688921379	20.0601400896909	15.7283744360396	-3.28764976152105	19.6915704586006	15.5275349141654
PCSK7 YWHAB.YWHAE.YWHAG.YWHAH.YWHAQ.YWHAZ.SFN	-4.57007480679426	19.8525156424742	16.2330302505799	-2.49360781321753	19.6511529593771	14.328790002312	-4.08959722957948	20.0486901224789	15.8761124449635	-3.54649963406882	20.0193295877536	15.5378777994284
PCSK7 YWHAE	-1.34188882227955	18.3852162160185	14.6290124100992	-3.59689592663045	19.1008026959511	14.8952640545392	-1.81283461758248	19.078956609608	15.4081525989658	-2.3741641759133	18.9823893128708	15.0898781528125
PCSK7 YWHAQ	-1.59810746444285	18.3013163257608	14.4312427197181	-9.02751956622276	20.2605946536899	15.7574399409453	-4.95899225862737	19.7849441525081	15.7237669331649	-4.2713660086534	19.5533275921397	15.4621561306474
PCSK7 YWHAZ	-2.64738420358024	18.8147056982944	15.5890550237526	-3.76134680250579	19.1496739503311	14.8484706439463	-3.3166158182413	19.7524660302907	15.7891469501323	-3.29918807337843	19.3425410535336	15.6125092197828
PCSK7 ZAP70	-1.83919271838616	18.490854508904	14.6470506236469	-3.91334011896614	19.3754742262806	15.155473773952	-3.25365078293264	19.3050023285513	15.569248538459	-3.02293122991056	19.3352068896622	15.231619269509
PCSK7 ZNRF3	-1.62658940569084	18.7523436580046	15.0726749233034	-2.35190526407435	18.5802998669015	14.491253932277	-1.79869555871879	18.6296745098526	15.2621691713395	-2.0719007822178	18.8833223530446	15.1158509635035
