protein_name	r2_male	rmse_male	mae_male	r2_female	rmse_female	mae_female	r2_all	rmse_all	mae_all	r2_all_sex_adjust	rmse_all_sex_adjust	mae_all_sex_adjust
PDE11A PDE1A	-1.29120424869139	18.4356093951382	14.2626616495802	-2.61453128592647	19.6051933793499	14.2805746713428	-2.7652851307726	19.426065163442	15.0356741084526	-2.17919992507267	19.1585417296311	14.5304275347657
PDE11A PDE2A	-1.82721269207592	18.6074608295383	14.4309647787503	-4.21378733129487	19.800179069183	15.0416886061978	-2.87893209831544	19.7678216478322	15.3007618386731	-3.11065432036704	19.6104574894174	15.1082978614061
PDE11A PDE3A	-0.471431495093834	17.1730397747747	13.7254188180509	-1.54448518876705	17.2995958168897	13.3526087459525	-1.05015515680668	17.7043619760239	14.2774991358856	-0.961721633150453	17.5480649961081	13.9077400001807
PDE11A PDE4D	-0.228704922657361	16.5266606194581	12.6125134830794	-0.990657281846339	17.1060946582252	12.7737714526701	-0.522222188832592	17.3526872298704	13.320635670155	-0.583614753752467	17.0646290395338	13.0471237166569
PDE11A PDE5A	-1.14618535510557	17.8286643976854	13.2698693533612	-2.22082848265731	18.5466578615509	13.2994860442269	-2.06751787343013	18.6737231522975	13.8705000600987	-1.86098665564781	18.4798887738584	13.6192416132761
PDE11A PDE7A	-0.843810804089101	17.5420134487345	13.6427950682996	-5.67055392550177	20.4947403761814	15.896083239368	-3.86017043887838	20.1335371791339	15.9022725108846	-2.92320566793048	19.996076939166	15.6008205211752
PDE11A PDE9A	-0.317210550043342	16.6760872571733	13.3458275534213	-5.32521908529515	20.0303915274471	14.8877385810795	-2.31213477247749	19.4737006696996	15.3423543327787	-1.69462882528381	18.6577847726605	14.4089669574082
PDE11A PDGFA	-0.830453134498124	17.3002811685551	13.6981933425319	-2.04137224594139	18.5114746816838	14.1340695703676	-1.38670820423295	18.5144014513751	14.7513220901552	-1.57887760430106	18.3390330727524	14.2664539456424
PDE11A PDGFB	-1.04740899479567	17.7326482975166	13.5425665457142	-1.89743045164799	18.1916828696746	13.9116727495297	-1.6155448773879	18.4723548172589	14.6092910664188	-1.41385972201833	18.2184948499143	14.2404538288617
PDE11A PDGFC	-1.18964745528719	18.3833025661055	14.4910231921525	-4.94290564070138	20.3061503929888	15.1215905569458	-3.47982107019239	20.3642469831668	15.9055211766808	-2.6612233031756	19.6293080008209	15.1335066169125
PDE11A PDGFRA	-1.08659633434756	18.767896017479	14.1510556360981	-6.17610795428488	20.7618663708514	15.4997460716911	-4.28472674195456	20.2912015017236	15.4630495377005	-2.84150858833767	19.9810879800853	15.1354552903056
PDE11A PDGFRB	-0.936561015783345	17.1630329550433	13.4782726280356	-4.95463725193749	20.1362516510306	15.4150074565109	-2.76723830260411	19.2957818040009	15.1639868147939	-2.63184431140466	19.2291268290099	15.010843283917
PDE11A PDIA3	-1.56350998388013	18.8919624157713	14.9126658279352	-5.12079936546386	20.3236463927992	15.4545313459473	-6.4398700393474	20.4649089295893	16.1412305894087	-3.6487929564537	19.9457576772712	15.6176984284409
PDE11A PDK1	-1.45401044967145	18.4839488185195	14.2426372716518	-5.96391972569327	20.0246710247835	14.7883636602527	-5.02285950110871	20.0887769370834	15.3335689261127	-3.66309507675389	19.7859588525035	15.0711736297189
PDE11A PDPK1	-1.83133184815575	18.8109537013121	14.610680012504	-5.08515337580513	20.2464645430768	15.428473510722	-3.16985766774605	19.9745467025901	15.4250950352482	-3.79960278669524	19.8004813712182	15.3222404049792
PDE11A PDXK	-1.18831401722724	18.0032404905961	13.5652083628582	-4.74073514876891	20.6582078154375	15.3216152428673	-2.92493771833298	19.7487792760164	15.1074063852559	-2.63751539533952	19.6166978443547	14.777520892394
PDE11A PDXP	-0.376618152777711	16.7621506852349	12.4264485775075	-2.2289274746554	18.6570529937726	13.7939648316541	-1.43631111841096	18.288269964808	13.9402145859062	-1.67774330235682	18.2429875540803	13.7247462307893
PDE11A PEBP1	-0.153100972285146	15.473569795583	12.5263427859819	-2.26567455861273	18.3085261559335	14.1739936160359	-1.00921174219679	17.5260359666095	14.2485298676592	-1.18137060944055	17.4094152140324	13.9576831766845
PDE11A PECAM1	-1.89644750102011	19.1838656230892	14.8460114272744	-3.2324333790105	20.2067754081632	14.7284311650381	-3.44503971224522	20.3872274381582	15.7906665698067	-2.76899762239625	19.9377332560046	15.1256378631606
PDE11A PES1	-0.93331008175415	18.1202474433329	13.8049494263321	-2.55724306438293	19.4300386177376	14.4804501369165	-1.73990961871988	19.175562293919	14.926386998115	-1.72331487627505	19.0016092609968	14.5702087646965
PDE11A PEX5	-0.968134811156522	18.4196848095523	13.7593547239609	-4.63492304392605	20.2277087979996	15.3386922457484	-2.95094760988813	19.8411600613007	15.2519073524144	-2.28964838555938	19.5719081235774	14.8969214310663
PDE11A PF4	-0.77052700086799	17.4262699312757	13.4515108612232	-2.00602683902148	18.365524972714	14.0932670531004	-1.30197750116053	18.4577686951568	14.6134793587931	-1.60870489102897	18.2960660818138	14.236111307442
PDE11A PFDN5	-1.97517185442201	18.8776142674839	14.5548881242085	-5.95715523432615	20.1482383480744	15.2864147760755	-3.65124017962918	20.0777837628869	15.6022619905514	-3.70451785190216	19.7527438429236	15.1759862855006
PDE11A PGAM1	-0.449449541690016	16.6409420037856	13.1659763918598	-5.26584364146155	19.5859628698027	15.7276736604202	-2.00855598291244	18.3964989930542	14.9398886643906	-1.89396277481493	18.5723932638665	14.8912102287239
PDE11A PGD	-1.8696588026683	18.8598435080671	14.3744763433676	-2.81473185447492	19.3421749291862	14.1212481159912	-2.5960829676793	19.5829323378264	14.7895267272511	-2.69588704149935	19.3576548379617	14.5575974318292
PDE11A PGF	-0.691288841921093	17.3607336836719	13.7652524914882	-6.97009426296491	20.2932150527023	15.7110761639796	-2.42811171855957	19.3650355343666	15.5739769361528	-2.49455608428705	19.1135062512692	15.132114596388
PDE11A PGK1	-1.83208039042035	19.199427221473	14.8184151752497	-1.96519476336372	19.2257483927597	13.9068200839443	-3.45918267161223	19.9286379649834	15.4731448711982	-2.23094529703721	19.5154931560366	14.7204552198357
PDE11A PGLYRP1	-1.05077113153635	17.2990166703746	13.4536726666713	-6.38597426196573	20.3240151823369	14.8816643157278	-3.38527996651513	19.4634748996311	15.0885171492052	-3.41912710969724	19.2784751369959	14.7987033881745
PDE11A PGM1	-0.436802378286994	17.7078098206403	13.2134301708878	-4.56696929827255	19.1902109874184	14.7754492790711	-1.978553234927	19.0020930771909	15.1128533426547	-1.66692277064569	18.9562740452748	14.4329487071202
PDE11A PI3	0.00183865048059029	15.2281485373855	11.0401914670976	-1.46272778521163	18.0761173584434	12.3610476758756	-0.859782474230286	17.6496233053819	12.6799219168339	-0.645575641997374	17.4004207084599	12.0664791153527
PDE11A PIANP	-1.14120804824024	18.8144496019282	13.8433307887928	-5.1081235105553	20.4694853556462	14.952055325374	-2.43503470602081	19.9989662867202	14.639724924455	-2.65727804180159	19.8107709113238	14.5514399888538
PDE11A PIAS4	-0.663051681221328	17.5834843202756	13.6247386939675	-4.96326041280612	19.8707581272168	15.3427709007108	-1.53905675027145	19.1571808141128	14.776083053709	-1.81418120442257	18.923877780572	14.7822017918275
PDE11A PIGR	-0.860439943340811	17.9043005317611	13.5079127747657	-3.01031212311616	19.0748820289749	13.9977110023936	-2.36999486175333	19.3602451600752	14.6412033702016	-2.04649030303482	18.9988554427645	14.3326375054267
PDE11A PIK3CA.PIK3R1	-1.00616174341632	17.4081138469146	13.3797204157531	-5.1414953825388	20.3864463351628	15.3191641449192	-4.43871211978669	19.9115957720262	15.2947249144115	-3.15216324887329	19.5808929242163	14.8989617246759
PDE11A PIK3CG	-0.750662968475126	17.5702482219808	12.8938444540102	-3.33831046756617	20.1361877986487	15.3587289849734	-2.36497582162498	19.5930370491434	15.0568725686944	-1.77156563110934	19.2286952203108	14.425421148877
PDE11A PIM1	-1.83466674664822	19.2933790961049	15.0926928466368	-4.60078877022063	20.4229212755969	15.1592595996376	-3.73598920246251	20.1419665875402	15.5917893833766	-3.43259317831366	20.0096038889039	15.3301608368776
PDE11A PKM2	-1.05378031971864	17.4111612360428	12.9912548664197	-1.80420237077705	18.1635898348004	13.4097209647918	-1.39457230832721	17.9812615634268	13.7011170053792	-1.77069400505888	18.2152940691527	13.6699423611982
PDE11A PLA2G10	-0.823457011467695	18.641010601942	13.8361228251853	-1.77851103871862	18.2621061588572	13.9212849550809	-1.548293872208	18.8649940947543	14.653786721029	-1.35407417743359	18.7000001156192	14.2899640370758
PDE11A PLA2G1B	-1.13082813680794	18.6673292699956	14.5795124506513	-3.76943865829585	20.2213822785305	15.1165072909536	-2.76528581058625	19.9537760769914	15.5088707912178	-2.24869148053588	19.6245174845335	15.0728702154832
PDE11A PLA2G2A	0.0172081375206273	15.5170562082325	11.3662115298771	-0.927000963568006	17.7527812429899	12.5743233991262	-0.531017192700046	17.6723406908404	12.7707497734527	-0.47202638308783	17.2237542185611	12.5031806038504
PDE11A PLA2G2E	-1.15151710196892	19.2224672017583	14.60644708153	-1.95388602511822	18.7281658895934	14.324109806101	-2.52230210389067	19.8445904760791	15.3351073258007	-1.81899193314642	19.2045523971404	14.7727587954724
PDE11A PLA2G5	-0.526261843099838	17.1738061281519	12.9874889579215	-4.24184442500526	19.7910880552651	15.2830644466586	-2.2963300928437	19.3917580950704	15.31635515868	-2.76034158162342	19.3970504482297	15.1277164147639
PDE11A PLA2G7	-1.81483224008344	18.6396196307384	14.4434799676088	-6.43322522163754	20.3643389614569	15.3313438122325	-4.91346277033404	20.6652986183653	15.9462161551362	-3.79304760742214	19.9486351845808	15.2860423348385
PDE11A PLAT	0.369589476944375	13.7261201637621	10.326452959055	-3.96667390641237	18.9740263968461	14.3756976366424	-0.261951064274287	16.6771104742697	12.7811530575877	-0.740969878628128	16.7826135404254	12.8800737720213
PDE11A PLAU	-0.760850131315313	17.3193451469172	13.6640993545394	-5.58548193277874	20.0105060493566	14.9635444823004	-3.24992237851345	19.3462172678027	15.0960201211999	-2.44595206126865	19.2736998803105	14.9095899546889
PDE11A PLAUR	-0.0329871222989659	14.9232590365723	11.5203842886727	-0.766851069473645	17.7367147845255	13.0269702269363	-0.283565852130665	16.6971149819144	12.5492211840939	-0.268059255033789	16.3459918362221	12.3854057797966
PDE11A PLCG1	-0.922276617184262	18.6384520260906	14.0318405306952	-6.50915184247593	20.6348582461733	15.5919104316105	-2.74704360504266	20.1380691274693	15.4456682037074	-2.53256346185517	19.9310824853563	15.1091627864354
PDE11A PLG	-1.02837966807633	17.9648721433459	13.9278475391727	-1.06595388309299	17.4058099725571	12.2251110141427	-1.28197865726731	18.9560941821368	13.8235531055092	-1.28019854974227	18.0999792598052	13.4316873451396
PDE11A PLG.1	-1.38642294703957	18.9227123529555	14.1730277362375	-2.71869586660195	18.8873556959325	13.9482415568934	-2.32259737401834	19.4960029242594	14.8587003880194	-2.14393149534879	19.0445779436136	14.2984529829767
PDE11A PLG.2	-1.43949947340606	18.1760279714482	14.0446105596978	-1.03765989588657	17.2972249290121	12.8398576273764	-1.55697048714731	18.5797414187186	14.0950672024534	-1.11763627087788	17.9338624287302	13.6659600537593
PDE11A PLK1	-1.26938972230087	18.9193163562022	13.9553275943114	-6.0522972311264	20.4267013997759	15.4256197111825	-2.86742371215145	20.380405376849	15.3118332646203	-2.96927128869726	19.9758605726681	15.1333482820466
PDE11A PLXNB2	-1.2281333245941	18.1014645372385	13.9982394202189	-4.99008540034559	20.2345071812014	15.0530631715132	-2.93410062547992	19.3750480917495	14.9715400312805	-2.62203697055925	19.3541451166656	14.8220745716505
PDE11A PLXNC1	-2.00149302905071	18.6379005257474	14.1956969679858	-4.57597591948475	21.135600668745	15.1197076783705	-5.34794010865799	20.6831909155113	15.7686015248538	-3.64569575836922	20.134323190071	15.0309733535564
PDE11A POMC	-1.73822096355315	18.2095908209482	14.3054500486612	-3.44182903119707	19.2678024396836	14.6083589629186	-2.13244174080372	19.5159806643047	15.1515586534982	-2.54838417333536	19.0745135157937	14.7986247345742
PDE11A POMC.1	-0.83052587270446	17.7773798238793	13.4317551903045	-4.02522447461804	20.2488225984752	14.8696380411308	-2.4509205826375	19.5873230748805	15.2300683539297	-2.06765587982465	19.2958094531173	14.7428726954637
PDE11A POMC.2	-0.883865026796435	16.9984838685123	12.8520569048814	-2.48342910085035	19.9755793979765	14.0838407554038	-1.85856520655222	18.8883848110968	14.2852687586926	-1.45883018796088	18.926906371925	13.9584399187
PDE11A PON1	-2.4633177252104	19.5864857492462	15.2366066683858	-3.35977020971113	19.8133050752179	14.5052461466488	-3.15853578194284	19.8681394105634	15.3721224300596	-2.95754137861405	19.8186391851026	15.1411243093755
PDE11A POR	-0.460249909236468	16.8073827030337	12.4139898579328	-2.24638350484247	19.310599006229	13.7902250824436	-1.20426208131873	18.8248041809923	13.5990776441333	-1.12636012768954	18.3519744049256	13.4770240331652
PDE11A POSTN	-0.238504085921703	15.9433677236514	12.2912463459293	-0.808948311882332	17.8366970196582	12.9250962222252	-0.598755536562297	17.1548307596945	12.9593492175711	-0.538338957092645	17.0647703848354	12.8591852283264
PDE11A PPA1	-0.590775950482326	17.9674727772076	13.4395180781533	-4.12808039473233	19.6443682836146	14.8152416207231	-2.10954581311072	19.1060763952162	14.7631204416974	-1.8332223052967	19.0782935632422	14.4074998974596
PDE11A PPBP	-0.858213417522989	17.4131875505639	13.6541970846434	-2.03357402673477	18.8310205700766	14.1540501206884	-1.48969944641742	18.6668775243821	14.7865393908067	-1.53428192766567	18.4784850915457	14.3195120003773
PDE11A PPBP.1	-0.672446700436231	17.1158543415907	13.4868501765332	-1.83383349092484	18.6526636295878	14.1854025931808	-1.35568505088939	18.4866088275029	14.7019981122098	-1.30149768932161	18.2752069150946	14.2532880189091
PDE11A PPIA	-1.32617602195393	18.4485683899337	14.3234482561841	-4.68826933274699	20.0426392071274	15.0441483271976	-3.63027044417763	19.7175947238221	15.4411785985293	-3.07292698472648	19.5250097052971	15.0610487352645
PDE11A PPIB	-0.727082542680469	17.805717611469	13.6291337574529	-4.47430093095299	19.8460585357466	15.108277025694	-1.69683630140274	19.2411725665071	15.0057828263906	-1.83481517580826	19.016515573068	14.6408720088134
PDE11A PPID	-0.988684330998394	17.3729175840682	13.0385911677863	-3.61645942480721	19.8690589610329	14.4261068231896	-2.47681308118878	18.9810028676463	14.3125534963481	-2.58432111870671	19.0422080822934	14.2063100130414
PDE11A PPIE	-0.958236771124948	17.4411152591258	13.7563864903768	-2.19209238666899	18.5126822778291	14.1625358787132	-1.37054706455609	17.9229905429183	14.0595555685633	-1.32596675232367	18.1847276049894	14.2068681972277
PDE11A PPIF	-1.07819301360975	18.1202358148858	13.6220441859498	-4.52722209255658	19.7529735929771	15.248927193923	-2.37480735773093	19.4000818008939	15.0388802223657	-2.41503468589078	19.3052230415089	14.8063717800679
PDE11A PPP3CA.PPP3R1	-1.0690650240209	17.6334679181387	13.1218915502735	-3.37358556174117	19.4224133302348	14.5775396748102	-2.74956177641656	18.9735884981809	14.5513850082967	-2.49081575008139	18.9936284787757	14.2756286908357
PDE11A PPP3R1	-1.94160371900369	18.810386042046	14.2851845272592	-7.30024346007084	20.6288887983544	15.8140894237837	-3.60069310691724	19.9068994358097	15.3462570170236	-4.1788717939048	20.0276250521805	15.4088092187557
PDE11A PPY	-0.0779468063906716	15.2437376278554	12.0310726789052	-1.21364630724733	17.9609443872866	13.4882256022278	-0.576026262858885	17.1399250069514	13.2951429806206	-0.579690848914563	16.9456260818806	13.1052828470009
PDE11A PRDX1	-0.401196361856805	16.4614820847746	13.1554330393546	-2.13044129248308	19.0432265172315	14.4642710688222	-1.53789671910759	18.3549070571555	14.5428204303613	-1.37803369107955	18.106399968708	14.2286954589281
PDE11A PRDX5	-1.24128555150915	18.5855403291634	14.6479744483907	-4.96955224904452	20.2428876059286	15.2868108116579	-4.76151454662155	20.2171780311446	15.9866487988346	-3.02837051622353	19.6322078048912	15.3397196575619
PDE11A PRDX6	-1.09172096016317	18.1728829259879	14.2275521437373	-4.54841438832074	20.0998560329965	14.9275933220979	-2.92726397527637	19.7992593531596	15.4220162918513	-2.76879883833007	19.5077673874584	14.956182141811
PDE11A PRKAA1.PRKAB1..PRKAG1	-0.564561092890061	17.8930972438401	13.7571750175143	-4.22007783841684	20.1999998348527	15.2811801445992	-2.3455719404417	19.4472024153076	15.1176695593818	-1.98597235347567	19.3786293999369	14.9193208889379
PDE11A PRKAA2.PRKAB2.PRKAG1	-1.44392274812935	18.5624082606714	14.4999719334563	-4.27582890463266	19.961219220085	14.5129154803873	-4.39592164468297	20.2686503633658	15.552537939993	-2.82571687744273	19.6477695935126	14.9023178909703
PDE11A PRKACA	-1.09738331132496	18.3059414455349	13.3258925717431	-2.33346818733413	18.5777754995532	14.2000414447051	-1.7845270384668	19.0742138840528	14.4327125666162	-1.70564055034696	18.8689233755912	14.1633562432339
PDE11A PRKCA	-2.00235117222817	18.4800494547743	14.3860569886517	-4.80937723757922	20.3759203091032	15.486238897469	-3.47962291844442	19.9976508259377	15.4686615876306	-3.91308299248001	19.8584577347545	15.32844478752
PDE11A PRKCB	-1.65574027381453	17.9697720659103	13.532794123635	-2.79512871179312	19.2190935083986	14.1509661524422	-2.31873481010922	18.918720812059	14.2502967617178	-2.3213380620689	18.9419552763787	14.2215818797487
PDE11A PRKCD	-1.23231650993311	18.3215135284677	13.9593464453296	-1.97455590810161	18.9564544659578	13.5696169246398	-2.0882178141996	19.4844848076826	14.8164944478906	-1.71196090405406	18.9973612424131	14.1413523062135
PDE11A PRKCG	-1.6056235147913	18.4176950167076	14.2490300428353	-4.50467734797385	20.0795722462737	14.999590468757	-2.9400108369553	19.9393465408215	15.3124074208909	-2.9309349849342	19.390807359136	14.8912297035009
PDE11A PRKCI	-0.44075909887091	17.3813339819156	12.9453582582351	-3.47747032592667	19.403999377955	14.6435241378239	-1.57491871308564	18.8224870783908	14.410889910898	-1.61494905846987	18.7424898258537	14.1861264845951
PDE11A PRKCQ	-1.57025054489852	18.7122395124552	14.1154106320345	-3.08263488730357	19.2708085814479	14.0481395540095	-3.18905313487615	19.2926500618925	14.4982967304385	-2.88125702932467	19.3057383311287	14.5210692438256
PDE11A PRKCZ	-1.17960713869969	17.0168104947625	12.9939655695034	-2.27134712666818	19.0864607108163	14.3557838593998	-1.75909004722965	19.046410732793	14.4858651534592	-1.68989712385	18.7098301909399	14.2846870826838
PDE11A PRL	-1.08443054608246	18.5133745087818	14.4108554341141	-3.63085155232466	20.4456301510827	15.1948056985884	-3.63185364142496	20.1119683485867	15.5596660076476	-2.53874355848225	19.8527622624617	15.1580775128177
PDE11A PRLR	-1.0871551239557	18.51513955481	14.2758408691601	-3.84692270392713	20.1312149328432	15.1571545822726	-2.31891017515088	19.5609503623402	15.1114839908497	-2.17567695097034	19.6345927765262	15.0612933289634
PDE11A PROC	-0.691505364336172	17.504922594312	12.8388468905549	-4.22697943115035	19.9768963902119	14.7106729222701	-1.96028091483327	19.7098027053089	14.4312742880358	-1.93618093052985	19.0780852362563	14.177296258957
PDE11A PROC.1	-1.81294449438904	19.406420422589	14.7348358676226	-5.65323870347	20.4465761322518	15.5185601326556	-3.99623030507605	20.4942865782456	16.1608459529542	-3.17174903570105	20.0618756725912	15.3492144128654
PDE11A PROK1	-0.764891943565954	18.0602345908337	13.5003100184148	-3.4181164052108	19.8745373666093	14.9819371643511	-3.75009002352817	19.7854515438987	15.545724804175	-2.42131264944665	19.4303749102469	14.94778205983
PDE11A PROS1	-0.456341095391394	17.1457440780087	12.6861275738999	-5.65214610362187	20.2513888561439	15.4271238453764	-2.69155964492297	19.6810515827485	15.0341115970523	-1.95174958714312	19.1315136605219	14.414599942136
PDE11A PRSS1	-1.02765720196684	18.5292717823053	13.700850584139	-2.70361397850819	19.316868111249	14.7041488974241	-2.30462145572472	19.7032913329942	14.8462947792653	-1.90377813861544	19.285619354329	14.5472564379799
PDE11A PRSS2	-0.271784296762423	16.8592066783017	12.3111875906669	-2.36530595500046	19.5159474296117	14.5201857396319	-1.62186135041085	19.0047734915035	14.4623767878821	-1.17529562298845	18.5600689647227	13.8413798150799
PDE11A PRSS22	-0.832168159679974	17.8674726574508	13.6009166560608	-2.10939651171513	20.3716905989367	14.3077437607783	-2.10068915162961	19.1742036511448	14.6048550477709	-1.51732488868947	19.4030864919937	14.1735681566094
PDE11A PRSS27	-1.19051013345745	18.2814159858597	13.7099363985292	-3.54251152078214	20.0306880478899	14.867223703908	-2.49208250841274	19.7851679539841	14.9671158947153	-2.27408163854664	19.4112210166053	14.7123103636023
PDE11A PRSS3	-1.51131826485993	18.5795133506906	14.0307688663008	-5.21226939843733	19.8913783327343	15.112258277615	-2.50171888759662	19.7861527044409	15.1680318090559	-3.20422355082717	19.5210884525063	15.0377646201411
PDE11A PRTN3	-1.58383460637432	18.5256293331933	14.4325973812928	-2.60228030506897	19.406192175574	14.252733541217	-2.45815167340399	19.4673509782807	14.7881785081709	-2.31933377556131	19.2505142362825	14.7903913439199
PDE11A PSMA1	-1.87268652432801	18.659189297918	14.753365242731	-3.32842482369988	19.0314563338518	14.1731432955435	-2.64460886266749	19.3501155182714	15.2483384082958	-2.32864141276781	19.1786477734256	14.8645943086807
PDE11A PSMA2	-1.02222929701103	18.4112076895748	14.092184428034	-5.38044323669912	20.2943795418711	14.9241177050443	-4.27852806372993	19.9839886558149	15.4764507613513	-2.5638227216591	19.6374343557595	14.8862968194559
PDE11A PSMA6	-0.461813707835492	17.7923263966047	13.3067410692385	-2.10389419487709	18.3393898454478	14.1351938575918	-1.10510832937666	18.3882658641512	14.3678728201236	-1.39902656708486	18.3095350798429	14.2000986139397
PDE11A PSMD7	-1.76878666758723	18.8430841450174	14.5474259126474	-5.01593626513107	20.9481078052164	15.4132538734172	-6.04817533177068	20.6000923354271	16.0206215293717	-3.55636844385522	20.1985747066017	15.5129814561786
PDE11A PSME1	0.0242215257765248	15.7431516232416	12.2869006150359	-4.0451014835127	19.1266607057014	14.8898329426391	-0.922197093868221	17.9423227815936	14.3479565398426	-1.03310620530012	17.8078597280045	14.0598519834402
PDE11A PSME3	-0.535120576195451	17.2877747793591	13.5812849623821	-1.68429021641649	18.2861336370136	14.2778981058877	-1.5265380560125	18.3237013959188	14.6693837915403	-1.14146534395777	17.9977853939162	14.2489204879061
PDE11A PSPN	-1.15933248849204	18.9766495187056	14.0444831662108	-2.62497152969694	19.4094464035498	14.4411456987627	-3.11469099658789	19.8467203717066	15.1987226108465	-1.99129851287653	19.397592254554	14.5803687523115
PDE11A PTEN	-0.932448756833791	18.3891887835849	14.4872683764619	-3.21010708160846	19.4969755705549	14.6787731991306	-2.75070979911981	19.2607795261542	15.1610471466522	-2.0361571081563	19.1604799561776	14.8856917724449
PDE11A PTGS2	-1.06675618429791	18.1617184646882	14.4595033954688	-3.30138843662785	19.6951336242797	14.9358859574491	-2.64801165887343	19.4092527646307	15.2892747934733	-2.42479952888235	19.200057482786	15.0264068835772
PDE11A PTH	-1.69042046504521	18.9813002514976	14.6039141712795	-2.8781477774121	19.1970354007962	14.3842493413235	-2.46005799066606	19.5156161200659	14.8533142003281	-2.49752695275653	19.3487550799225	14.6963000458646
PDE11A PTHLH	-0.173992390190811	16.2203120730427	11.5061703927296	-0.454641347863134	16.6248259518237	11.8368545344703	-0.523706359316806	17.0492118871831	12.3128967868712	-0.30389041076811	16.683181732551	11.9927053404853
PDE11A PTK2	-0.689366569533867	17.8730978085172	13.5447553210987	-3.99168755198465	19.0528807847119	14.8750290429455	-1.94150130236547	19.2767211207512	15.0640462167073	-1.92308398998038	19.1170729062512	14.7612439946228
PDE11A PTK6	-1.10055546881891	18.3068874632482	13.7910921268513	-2.93369662335321	19.0011138003438	14.0911236191302	-2.043469256493	19.3202481450747	14.9479051697744	-2.18235417572707	18.9680570644934	14.447162038812
PDE11A PTN	0.719838052917877	9.81359448700378	6.99392296114903	0.636538151343578	10.6896327378694	7.73700852280211	0.645905187316767	10.80077569032	7.82156507873609	0.682508084984358	10.3592137161711	7.53990717020399
PDE11A PTPN1	-0.801912340845518	18.0112326937182	13.4811426282392	-3.6670337113191	19.7156097012077	14.5178580728414	-3.0572175371417	19.7218789581097	15.2239073867499	-2.43991885642388	19.3267560507073	14.5489177673618
PDE11A PTPN11	-1.1925140071312	18.9250481596752	14.5726149339955	-5.50530172670035	20.0007307749011	14.8603223977845	-3.53142241882115	19.5900864786117	15.1808583089908	-2.8679467625311	19.6529517075942	15.0869377982956
PDE11A PTPN2	-1.37177771455579	18.1795249334078	14.2572664610185	-7.1200001733507	20.7735015316461	15.7230148107201	-4.84444958908607	20.4293440208664	15.884004153471	-3.56639842656748	19.7536932544991	15.3076116259838
PDE11A PTPN6	-1.86114260783127	19.1640648395412	14.8895191263992	-5.05768620637527	19.8479811926394	14.8415283650946	-3.82755215384609	19.8542911625638	15.3566258822006	-3.50306217349265	19.8371131599991	15.1865641292832
PDE11A PYY	-1.10835314346127	19.1577833191785	14.5622685062643	-5.82412331886406	20.2936939714488	15.4363789120018	-5.79821931877969	20.5529250047959	16.1675965385221	-3.07370284210518	19.9274546153481	15.3854055669116
PDE11A RAC1	-2.32386894158335	18.6928016931428	14.5844242721683	-5.3101033848498	20.1103079510737	15.4245588583651	-3.26401540223682	19.6852455428231	15.2617400221064	-4.10903178439695	19.7276649654058	15.369484871058
PDE11A RAC3	-1.06651381080824	18.1990708254697	14.2880716681218	-4.12451573042039	19.6891793878294	14.7534728690304	-3.06168411474584	19.7335867993534	15.2866242499687	-2.82368990635053	19.3510841692729	14.9624372508163
PDE11A RAD51	-1.07117732711803	18.6487915796854	14.1259536635915	-5.06489652451484	20.0776932156703	15.2501660626309	-3.60914312678208	20.2129618388693	15.7329368640237	-2.7419351295991	19.7504446889568	15.0464027072097
PDE11A RAN	-2.48145845195653	18.9316115633778	14.4880649279836	-5.8395784973805	20.4450833192591	15.3975935441032	-3.95361695306295	20.1077954247476	15.7482973840031	-4.53721086178163	20.042541216187	15.43304923461
PDE11A RARRES2	-0.394737617487459	17.6240068967217	13.2492821862198	-0.98731216469954	17.3058080611014	13.0037512817003	-0.748248328083023	17.7460398842406	13.5685420223516	-0.613208568273643	17.6148943553443	13.3981679851798
PDE11A RASA1	-1.08919458874169	18.6831446786003	14.0011406149209	-7.18086716671596	20.3372812150809	15.5823890052778	-4.30373215145121	20.12279214029	15.7600264871817	-2.99981509088913	19.7922126046803	15.1307653796733
PDE11A RB1	-2.01696623903793	18.6620198740713	14.4373384733372	-5.25912286691871	20.2718267966	15.367194671079	-4.23700172003691	20.4540024061737	15.5716303183485	-3.62658094058421	19.8378404893457	15.2805181571229
PDE11A RBM39	-0.889544526995608	17.9354883335692	13.7684979863859	-2.77826838597623	18.7108610613691	14.2982999968968	-1.51315742462783	19.0323741428121	14.5662433993128	-2.20673975952937	18.8246112969598	14.5575870393183
PDE11A RBP4	-1.76536260544812	19.0304679296281	15.0274246357513	-7.34971322461987	20.2282112481024	15.695487580275	-6.21294474509383	20.3090943330043	15.9996028153247	-3.69263251008844	19.8020550214306	15.594934812038
PDE11A REG1A	-0.472345948825091	17.1276214997206	13.1102289758573	-0.904387390037102	18.4188429998891	13.3638412226758	-0.637367125320899	18.077035924128	13.7344820719293	-0.557674233617181	17.9294156078156	13.4588367272445
PDE11A REG4	-0.0989364273718809	15.9296090111438	12.0047057880559	-1.26992700491536	18.255093724156	13.7023784752288	-0.531415797269605	17.2767318656777	13.0040999996969	-0.531254138028385	17.2055798978968	12.9807883709406
PDE11A RELT	-0.218003436772977	16.3054065653038	12.0819931465253	-0.396736509222058	16.1861669003449	11.0905842145544	-0.46014756641556	16.5517202766693	11.9604776516047	-0.297456027128924	16.3578492627961	11.7672376917508
PDE11A REN	-0.461681996983398	17.0722052130561	13.4823143818362	-2.2323549936811	19.6206985026033	14.5962318190661	-1.40989299172504	18.8241356250613	14.6130044423418	-1.16417921930968	18.6982313968731	14.4503083903158
PDE11A RET	0.53264763333489	12.8823190852693	9.10012329574461	-0.622375821772778	16.8631722121801	12.0515560027568	0.0341551310616952	15.3702869446099	11.3259073971976	0.090551427576099	15.1706923067148	10.9166366601169
PDE11A RETN	-1.92133181129972	18.5937909081374	14.5194723662445	-7.0215598639003	20.2778723321758	15.1973643118725	-5.72214120403252	20.3286827040278	15.6602502384309	-3.47044334813568	19.7029115164348	15.2818276899231
PDE11A RGMA	0.131653997881637	15.1241723920361	10.9900833918646	-3.34309011621044	19.6583497750995	14.4212099708006	-0.978230782566813	18.0574058031257	13.7606729472703	-0.828570327765793	17.7004820331157	13.1281194585858
PDE11A RGMB	-0.843677528673686	18.0594239274201	13.7288015929797	-3.27426938514662	19.4446893959956	14.3852345018595	-2.66134106044897	19.7882656264252	15.0777901494217	-1.85851509261466	19.2259355138606	14.4896458915403
PDE11A RNASEH1	-0.837102112412154	18.290206213681	14.1501660445662	-3.14327453275463	19.0671980965345	14.4242351710109	-2.84138985133426	19.8207076548698	15.2652024624485	-2.34709342398344	19.106834357922	14.7020264304297
PDE11A RNF43	-0.680873260451011	17.6548108887026	13.6249473598044	-6.9419385976013	21.0575569815836	15.9363458841166	-4.38532023116155	20.239037887027	15.9627555252701	-2.28289340061321	19.6872438629838	15.1181037292939
PDE11A ROBO2	-0.947562579086939	17.6630867253257	13.5243548136188	-1.76473922325828	19.3435734751946	13.7940037572481	-1.97076731998524	19.0459083457348	14.4179020898938	-1.50453829742789	18.7845856535508	14.0738976230605
PDE11A ROBO3	-1.67298761306421	19.1908382404896	14.9639482554585	-6.31355022076815	19.9803437472305	15.3783178668356	-6.4886827812494	20.2473412954528	15.9588167908099	-3.55631393476453	19.71446954524	15.5041526151416
PDE11A ROR1	-0.193051220661026	16.4234347546552	12.7271826656791	-1.55784507885754	18.7491949341239	13.8381718900288	-0.762829096245268	18.0099186695792	13.327820265442	-0.766844671502527	17.8909271930655	13.4523407529839
PDE11A RPS27A	0.0275068429736319	15.5755951416642	12.2395220070319	-1.12856278475406	17.5844999433878	13.8529130238395	-0.636669136914512	17.4610076284777	14.0512764603434	-0.498079563945313	16.8757150352534	13.4543190487071
PDE11A RPS27A.1	-0.320739749770915	16.955781065595	13.0002301990532	-1.1156722837516	17.7205573219619	13.7650805610818	-1.12835806255928	17.8138423325285	14.3831792780117	-0.858251646918095	17.6204488803231	13.7491187022851
PDE11A RPS3	-0.694586386736126	18.9289678268595	13.676264083679	-2.69692930572731	19.3513782484052	14.2087734068927	-2.42943489487602	19.6209537420489	14.8175526451689	-1.62736458763735	19.425022049547	14.4423804429536
PDE11A RPS3A	-0.832976596951963	17.9628932051663	13.9316055147003	-5.95474939069357	20.3136265219386	15.3680790555774	-3.4311811659529	19.6679481095961	15.5837139939625	-3.24284001520524	19.5958419534514	15.2682905923465
PDE11A RPS6KA3	-1.30083764106225	18.1671447455241	14.0153197476862	-6.33011561644568	20.7851397254041	15.6548066803947	-2.91375671948636	19.9888352553351	15.2739824363408	-2.96524914329273	19.7171188629072	15.0778672741412
PDE11A RPS6KA5	-0.32357404250654	16.8055988531067	12.9638954731018	-2.30380807695804	18.4444212633848	14.2148901376315	-1.14817462755317	18.0969026320672	14.3214863153722	-1.02208543255854	17.8946939969667	13.8698163744301
PDE11A RPS7	-1.40505122934163	18.1235334698208	14.5199430234862	-1.98964680670886	17.7920393071041	13.8042007937801	-1.65932602038453	18.5710765949084	14.5900047490649	-1.73555474975874	18.2435660013045	14.4805765986526
PDE11A RPSA	-1.31464148437046	17.8376655155653	13.5329727443988	-7.73463039134035	20.9796422802053	15.9064581405359	-3.98428078464641	20.1558033478597	15.7319913412994	-3.02090955785073	19.6696750299559	14.9934678229144
PDE11A RSPO2	-0.797286405086611	17.7307867572085	13.6194705030951	-2.41387165810096	18.8477675296437	14.4627659417898	-2.39644959532036	18.9472598630479	15.0087497863834	-1.77661421656531	18.5321703844514	14.3889632411615
PDE11A RSPO3	0.502575128500911	12.97425482868	9.43152711055161	-0.0659142604035559	14.4106550792153	10.3428743523907	0.387733893140685	13.6140686675424	10.0542071726883	0.309318538684918	13.7147745045736	10.0798883151801
PDE11A RSPO4	0.383641897277494	13.8800131884566	9.96976156561209	0.326945110600654	14.5265889950898	11.1228348085914	0.292967560412286	14.8299625855136	10.7277430221352	0.331628757549217	14.4333411706202	10.8453537362213
PDE11A RTN4R	-1.0566553966639	19.0218695107693	13.8482552047977	-2.98506767846114	19.8990116765996	14.9128424020479	-3.09567081311648	20.2535782967608	15.3979781978572	-2.30833457841667	19.6865145064452	14.8684684572868
PDE11A RXFP1	-0.542841141886804	18.6571558116858	13.633838321815	-4.16404377302447	19.9301862007881	14.9533435248115	-1.85697239659007	19.5251011377636	14.9485621340174	-1.71634639476755	19.5125291062487	14.5973607137595
PDE11A S100A12	-0.931399416150167	18.4248612618402	14.3860212824629	-2.70900705816093	19.3452945046774	14.6772085203821	-3.32382705373343	19.6791778977327	15.2954640640874	-2.2178908730788	19.1765464189984	14.9593451990979
PDE11A S100A4	-1.35468748372649	18.2498888993312	13.9799571065728	-6.82981188700094	20.6699433208713	15.5892476377737	-3.22731736938001	20.3623939714712	15.5610817994049	-2.78797367067731	19.6415031868132	14.9921888429664
PDE11A S100A6	-1.31825287512093	18.5397005376485	14.3720745454872	-2.65174063467628	19.7217897588508	14.8263215534939	-4.08683877234256	19.7251507285561	15.4424905507176	-2.03670635759345	19.3694942268803	14.9962736017383
PDE11A S100A7	-1.67650901471654	18.4017456781841	14.4142897718855	-4.10635674677806	19.5892389984117	14.556259413056	-4.7620710387268	20.2486043508547	15.5256481298416	-3.1549315514236	19.3208530716971	14.9079404932613
PDE11A S100A9	-0.123815799206288	15.8381891432837	12.7474196933149	-1.74572676203289	18.7543193411231	13.970063223386	-1.17869812599935	17.8945872431241	14.1673146409924	-0.852131738383952	17.6579145210227	13.7188137865009
PDE11A SAA1	-0.412352482010406	16.931585418336	12.9280153659399	-3.69895653345976	20.1929659282799	15.3559596353513	-1.71486747442337	19.1095277180883	14.6482709186449	-1.63547211495213	18.8476715011867	14.5164818308694
PDE11A SBDS	-1.88958486709458	18.3952398053525	13.6434799557701	-2.4390356093221	18.9932172007234	13.8095605208873	-1.81824493997947	19.1158521887071	14.3715211822512	-2.36160209926505	19.2096014671112	14.1540908807936
PDE11A SCARB2	-0.829474012686324	17.9517941872949	13.8542510480232	-3.96039803055019	19.8336616804618	14.5250185409188	-3.35284590902044	19.9223170524035	15.6214594943548	-2.11133672132132	19.3647248254218	14.7321202056579
PDE11A SCARF1	-0.178267538881817	16.6027159748084	12.3005864183389	-1.01100229847812	17.4150223902062	12.1975273181449	-0.581262397393195	17.0744319034548	12.362978255391	-0.671676852911368	17.1998740019803	12.5040929627227
PDE11A SCARF2	-1.17414862961167	18.7027986406361	14.4775782252593	-4.24362922306193	19.4802729374485	14.8993139789763	-2.39827210975762	19.5369415184336	15.2466501824678	-2.56825475560065	19.4919174366917	15.1042220794479
PDE11A SCGB2A1	-0.614337723525689	17.6361997493397	13.8492097610611	-4.02629441159257	19.4427174066732	14.7585955645846	-1.94657847406532	19.274167678166	15.1871639126251	-1.94553539790606	19.0787272417436	14.7191954618421
PDE11A SCT	-0.975622746672303	18.2230120268686	14.0653401915663	-5.01601520123209	19.910485736247	15.1109963827184	-2.52586736079512	19.4180065092796	15.1316806691353	-2.25209747043418	19.2501129269337	14.8280517072173
PDE11A SECTM1	-1.06540676312719	18.0906163404835	14.1330773250726	-1.02960620736336	17.235457240744	12.9529889804664	-1.10191806957307	18.0238340651108	13.8982810611743	-1.07345740269971	17.735792159238	13.8717721354519
PDE11A SELE	-0.800913039381123	18.044533489634	13.9965838815178	-4.24430962879018	19.5247887886074	14.3668578471058	-1.8824101045075	19.7159459964504	14.9634612980179	-2.1372780622291	19.029137760677	14.5017232364058
PDE11A SELL	-0.132512780999416	16.6597207028509	12.2776825480427	-1.9989561830761	18.7382588709847	14.0591257158212	-0.707627692646436	18.5670418556883	13.9057955105494	-0.796002924946641	18.0692921226604	13.447027954645
PDE11A SELP	-2.07302532086646	18.8528960401499	14.6104050771504	-3.53090565485988	19.9757088801271	14.7166720523812	-5.10854502060317	19.9955808689729	15.5093594320482	-3.61756389993227	19.8760877700318	15.1356561987677
PDE11A SEMA3A	-0.458880131429731	17.1796173800976	13.16123216669	-5.29504168470546	20.2609511612197	15.403176896029	-1.38923718963672	19.1676614313603	14.7645267182118	-1.69956006798294	18.8599687604534	14.4651643813703
PDE11A SEMA3E	0.0721185532897494	15.8569487952784	11.8207737188433	-3.7624373932432	19.3741175621129	14.6206782946882	-1.05410414627065	18.3036378598589	14.1655416131373	-0.923298651334995	17.9957856788015	13.5190744843802
PDE11A SEMA5A	-1.08709222334014	17.6222342129707	13.6862183886248	-3.96706069447093	19.7513355950006	14.4154862260882	-3.67438995036078	19.787061692685	15.1133649470668	-2.5287401965132	19.4591294622226	14.5357531404677
PDE11A SEMA6A	-0.329986825716319	16.9448224752578	12.9905436689895	-2.33729996689115	18.6371201819956	13.9014323858724	-1.04862700421438	18.1241785489934	13.9070488473651	-1.10531273674949	18.0297686492047	13.7023093846703
PDE11A SEMA6B	-1.91082775243167	18.8002161608509	13.6056906282729	-6.48662193293063	20.6720801376077	15.5644686051967	-2.53202020154218	20.1777867104912	15.0396610599089	-3.49781116345756	19.9723033928094	15.0353940431893
PDE11A SERPINA1	-0.282290606321468	17.0067853471899	13.348820069676	-1.47923605457942	18.0718391433133	13.6321583172772	-0.63345340312792	17.964584914864	14.0862372091497	-0.777093917958315	17.6700596794385	13.771653712066
PDE11A SERPINA10	-0.719604816056958	17.122024120076	12.7510866192608	-4.89319957480128	19.9188549517635	14.8412328654431	-2.04791351773244	19.9142586217917	14.7859537263179	-2.32289674040543	18.9529791284237	14.2482133693871
PDE11A SERPINA3	-2.19287938916809	18.8046916758381	14.572427174475	-4.93682281239723	20.266008614113	15.1420492497485	-3.71883539459263	20.0208106926935	15.4518070604688	-3.79405459938126	19.8521172681557	15.2886789865204
PDE11A SERPINA3.1	-0.557782746293124	17.4268330163681	13.0239320637903	-1.49190758002903	18.2921970307402	13.0813386369318	-1.3036384604524	18.1645672606825	13.5743226235901	-0.987093963031181	18.0830656442891	13.2818099249636
PDE11A SERPINA4	-1.03948278319967	17.8729389387016	12.833188519774	-5.15679936645796	20.706655875231	15.0689056825253	-2.17760805929736	20.2181379676197	14.6263082004218	-2.55340947985585	19.538624116787	14.3714688863496
PDE11A SERPINA5	-1.38137319636193	18.8993748099055	14.6000191346913	-5.94416732337349	20.2050702142191	15.4581397864217	-4.19883225352355	19.9631726721802	15.7570452605469	-2.90983470327906	19.901309656694	15.2865158273464
PDE11A SERPINA6	-0.572956262601471	17.3384311136092	13.3519816194251	-3.94133578722869	19.5773115924413	15.0490328743185	-1.40879593540799	19.0100156143472	14.7599927569954	-1.90844132279655	18.9399693517299	14.6210490689104
PDE11A SERPINA7	-1.6204852582503	18.6965565521808	14.2517812955071	-5.14238339069555	20.0730667553744	14.6179716386905	-4.56608814899117	20.1971131418862	15.366375739498	-3.09930611773892	19.8384981473456	14.8449997776041
PDE11A SERPINC1	0.0405062735195617	15.1421496330148	11.1190170718481	-1.39220736163755	18.6811052571947	13.9574043074649	-0.63546370382887	17.5858721791241	13.1542618299611	-0.536119467861352	17.1828907543385	12.8353385899646
PDE11A SERPIND1	-1.35982894603115	19.1380859576596	14.066758420445	-3.95216164498301	20.6949826471123	14.9698964824674	-3.22378799069691	19.9227329545236	15.2210065614635	-2.33830536562583	20.1815547990012	14.7400467110506
PDE11A SERPINE1	-0.951642203467259	17.9622029998326	14.0503745295792	-5.9422900954408	20.3837129149115	15.3276112345746	-2.77168995030386	19.8899234412253	15.4134892765303	-2.76573501155664	19.4170693403851	15.0266036257049
PDE11A SERPINE2	-1.05027638349034	18.4699291157304	13.7922637054419	-3.33574053033493	19.3409083015264	14.660110047862	-1.77592618354629	19.3650720939458	14.5245079773118	-2.00273211269312	19.176140155799	14.5555969662214
PDE11A SERPINF1	-1.42877184880463	18.9475979215096	14.6699582688026	-3.04039745373086	19.2222310617501	14.476822097068	-7.22469892832271	20.4552614460138	16.1283173312346	-3.05053294589655	19.522817150394	15.1048151972096
PDE11A SERPINF2	0.209803488497906	13.4780709797995	10.2114793282317	-0.644832379630371	16.7563802145105	12.1175621634608	-0.4278778451393	15.9861081251775	11.8472947504238	-0.228933755138593	15.5601582933652	11.6010164288418
PDE11A SERPING1	-1.68453261596958	18.9996773633399	14.5919504193746	-5.18393670613677	19.7734221775624	15.1458634139887	-2.80287959573883	19.9053259934594	15.3394329090053	-2.68764899716809	19.5676981420538	15.1454810886668
PDE11A SET	-1.38752374005551	18.3235088056884	14.0176339343565	-4.14343145549179	20.2160781280285	15.4829016896839	-5.07426922741243	20.1333819567381	15.8616615866935	-2.75193919957692	19.5655733444173	15.248044993872
PDE11A SEZ6L2	-0.556849903495496	18.0708959056503	14.0906515920857	-2.39528750978294	18.7543041972191	14.3967559710798	-1.75125649624245	18.9299880639808	14.8863348464049	-1.51229955346224	18.6994166945668	14.5688184863332
PDE11A SFN	-1.19343411226282	18.4942816667846	14.15584910107	-1.71588035041135	18.5869583427267	13.8114371432297	-1.45642177303008	18.992949204862	14.4707551070327	-1.55385577021961	18.6732099586598	14.2180939250054
PDE11A SFRP1	-0.251857045245876	16.3292271803844	12.3811422483979	-0.6078304167435	17.0181752112653	12.4593703791453	-0.662046018696829	17.692612835583	13.2294592325835	-0.477748580937359	16.9919490747491	12.7173234226877
PDE11A SFTPD	-0.350877415852019	16.7647997903653	13.3168234224272	-1.16853947161079	17.8775593296278	13.7511396552425	-1.03939133946163	17.6884318573846	14.2583397430443	-0.911251342540852	17.6127139363572	13.9561546107418
PDE11A SGTA	-1.29895241431621	18.2936999338924	14.2228295381495	-3.31330759723554	20.3110430161907	14.4378219871783	-4.89155373843976	20.0786361243971	15.3417641083898	-2.74355200055771	19.7383138419285	14.7136443266369
PDE11A SH2D1A	-1.26350327655641	18.4082113770332	14.1324811637703	-2.97862588780544	18.6562649964909	14.6203847278195	-2.1000372527432	19.0712417813118	15.1902439836926	-2.25357912136448	18.8034031652652	14.7015074083791
PDE11A SHBG	-0.176205206671101	15.6531257810671	11.9858686570007	-3.81012153300734	20.0810607807932	14.7883151666957	-1.93329787691484	19.196858663977	14.2602124600199	-1.1992494454107	18.3497755892167	13.8470110265799
PDE11A SHC1	-1.76775810800781	18.6850136277162	14.7051511913342	-2.20794594647997	19.1518278909588	13.9782929637432	-3.7727126842612	19.6751251474201	15.4036886456076	-2.64380408469971	19.2800166735522	14.8479221999392
PDE11A SHH	-0.619566937113741	17.4041125194009	13.6807961395332	-1.53293763224586	18.8144155225126	14.4172707285593	-1.07887254764717	18.4126395874366	14.1263649757889	-1.01678421166831	18.3244283391845	14.4056582495443
PDE11A SIGLEC1	-0.961570227634885	18.2974351451249	13.8598216802966	-3.69969776564769	19.4461196827825	14.7541787301249	-2.88241724358549	19.6714403343879	15.3953918309273	-2.40983927537737	19.2812202745924	14.8455723165755
PDE11A SIGLEC14	-1.83094275362029	18.9795759406177	14.5206263773381	-1.37617425820594	18.5730179571953	13.6309596788852	-1.80416308749902	19.6254230545377	14.7357927027663	-1.63909988240672	18.9671771789951	14.2402698706638
PDE11A SIGLEC6	-2.42207684665995	19.0954588018064	14.8766230904032	-5.63684638705627	19.9725211185072	15.3305495449097	-4.32518161723545	20.0015388535017	15.6324008408429	-4.11807456720743	19.8262363637907	15.377927649518
PDE11A SIGLEC7	-1.77063411148116	18.5280488129863	14.3058533224329	-7.65490674301757	20.8329229929761	15.868533313337	-6.02357728688903	20.3122143655729	15.7981562936575	-3.86148589512004	19.9369958406654	15.3391445016194
PDE11A SIGLEC9	-1.2375240352884	19.0470028316409	14.6057889122588	-6.32528904847359	20.9536642693587	15.7952139147062	-4.57366832129594	20.7361127235689	16.095209185434	-2.68299584515623	20.1499708824453	15.3328085215507
PDE11A SIRPA	-1.55241374024231	19.0318561673638	14.3966891575215	-5.83847169960736	20.3247121756694	15.475459652812	-2.37862687662151	20.1016230148868	15.4302931474607	-3.01039623301844	19.9188026253824	15.2275087238181
PDE11A SIRT2	-1.85727961039915	18.1374699440184	14.2117258004469	-5.60196098524258	20.0992006327812	15.336902882306	-3.69462668382473	20.0488434577527	15.7329495509753	-3.65425095891457	19.6737528134017	15.2646231284835
PDE11A SKP1	-0.188102802281159	17.0643092394475	12.7839102502834	-1.43552612200247	17.7840459493615	13.8867679430767	-0.532750568507613	17.8056350407829	13.7387659675036	-0.813854898561846	17.5332505807474	13.6307748688579
PDE11A SLAMF6	-2.0797335917904	18.7792675481892	14.6724424123214	-3.75809050331328	19.949121431799	15.0136537155426	-2.43139460149249	20.282607712109	15.1727135797463	-3.43934015387775	19.6542897715659	15.1256910090508
PDE11A SLAMF7	-1.61800953282249	18.2790670052094	14.4701751070144	-7.26112155147337	20.5247674511226	15.513317674755	-5.61744748002736	19.9903618411137	15.6817731953905	-3.8050208293472	19.749565325654	15.3807036555237
PDE11A SLC25A18	-1.14968807535554	19.079863442326	14.2736536094534	-4.12168276332875	19.5987960859392	15.157343312668	-4.16864030716051	19.9448349006349	15.7039868941558	-2.3932217736705	19.7399184406394	15.1360310787865
PDE11A SLITRK1	-0.992454340952348	18.310944837229	13.9122172438411	-3.45786169876937	19.5481263774718	14.6805986177705	-2.25870503714302	19.6579278730729	15.2428757641131	-2.14283446404953	19.1008727249963	14.6051518458584
PDE11A SLITRK5	-1.20364678920257	19.0226350494766	14.7289165785283	-4.68086389805451	20.0070514298478	15.0169850140318	-4.2610313259065	20.1591093936838	15.501995814017	-2.6771332997457	19.7342249286712	15.125099131932
PDE11A SLPI	0.154606795853652	14.5496601427346	10.2663149094312	-1.63627792760359	18.5344451705292	12.9720862956771	-0.341395168244747	16.7118265132065	11.8352166948512	-0.417450169237158	16.7284560951717	11.7507604171852
PDE11A SMAD2	-1.55001319244763	18.4124584331837	13.8069128107752	-2.1154416237991	19.0195673479288	13.685727805358	-2.15979465051766	18.9855969020032	14.3621949709778	-2.17619582101007	19.0061504162695	14.1821267761063
PDE11A SMAD3	-1.488753544893	18.6554313166325	14.2824260372614	-2.71735096614603	19.6362047543154	13.7976720759448	-3.23667790418466	19.8713900843756	14.9742104383089	-2.56203969210103	19.423650024064	14.4396180851433
PDE11A SMOC1	0.419625851820629	12.9051395949684	8.89249890853409	0.17915014044394	14.4010967568001	9.63169680328509	0.275233412089225	13.9543129746665	9.50823414092326	0.270411146009278	13.7899416380893	9.52001641804408
PDE11A SMPDL3A	-0.703522481526466	17.8874804850885	13.4769504284152	-3.47284187366748	19.7151500188819	14.9644032020871	-1.67294179737637	19.2785325845096	14.9934511860198	-1.69884400780428	18.9923020566042	14.4488981140171
PDE11A SNAP25	-0.528824416756871	17.4318359372692	12.8456690884273	-6.41257874308177	20.2854684159867	15.2384815886221	-2.73799291014999	19.2986435450756	15.142140346988	-2.26716997949283	19.224140430498	14.6143447657266
PDE11A SNCA	-0.129712297283736	16.9954389607817	12.2666306201856	-2.44602505096795	19.0254962880768	14.2004411757632	-0.890591170468883	18.6452879476055	14.0030433088875	-0.979931074798271	18.3942323423479	13.7606286231521
PDE11A SNRPF	-0.461236398774698	18.0930807519276	13.0704307329956	-2.04438127812119	18.1151751751319	13.5985828407539	-0.968040105860836	18.3913035419695	14.0668825264246	-1.04393409809852	18.3528634764199	13.6049744307901
PDE11A SNX4	-1.61358986462415	17.976577431932	14.0614377304071	-4.98855487317463	20.5533791386314	15.5402820281226	-3.67031147581467	19.7763864522802	15.3250226210494	-3.56880629638964	19.6395811089142	15.2257025477701
PDE11A SOD1	-0.343692100412522	17.836524861244	13.2293136643905	-1.68998638892323	17.5565211677812	13.8572416853596	-0.780434497035645	17.8244028174903	14.0704186102669	-0.848897398365149	17.6999108455667	13.8068120137989
PDE11A SOD2	-0.982264832384595	17.6315284756104	13.4704701203229	-1.04997927977315	17.507727044723	13.4090481041963	-0.74580436538887	18.2200976919615	14.1992179514999	-1.16359548695448	17.8630331718063	13.9037014316634
PDE11A SOD3	-0.448418661068317	17.0502705688485	13.4230070194571	-1.56964254220842	18.6461199131875	13.6598476329666	-1.08972858529905	18.4616330279027	14.3096481292065	-0.924192217407813	17.9641127914331	13.8508273239976
PDE11A SORCS2	-1.2206910013353	18.3284440230534	14.3396789596702	-3.74553555348399	19.6416433701397	14.6603571830033	-4.56628567019334	19.8035702583648	15.5486335543893	-2.20283444492614	19.1080555722009	14.8095741284273
PDE11A SOST	0.540788257903397	12.3011844127903	9.53760072176444	-0.190507057180241	15.8545210702457	12.199961108563	-0.0382810818884227	15.9991706586322	12.2534494706777	0.202544603239642	14.645671386445	11.2720530169269
PDE11A SPARC	-1.13992789777562	18.3419519321123	14.0633040546884	-2.69628264658183	19.1246789162665	14.4959570275646	-2.25637855098307	19.5227000083385	15.2349057009053	-1.92422445681084	19.1634741033017	14.7521370593175
PDE11A SPARCL1	-2.09064351843907	18.533894636415	14.7293725967166	-5.71566870808778	20.4526007495591	15.3175612470208	-3.87091498411133	19.9968493014157	15.6417177408237	-3.23756739495528	19.7557173672682	15.3180567184123
PDE11A SPHK1	-1.39133928444175	18.1749013747941	13.7909033502475	-2.89909996345896	19.6195735756462	14.0253451669744	-2.15800496903667	19.4462545839224	14.5830647719019	-2.55936267998046	19.2811136145404	14.3759732821541
PDE11A SPHK2	-1.27460094755423	18.9849429029728	14.4441379183509	-4.86580466337817	19.5658960953396	14.6545132228698	-2.93604404094264	19.6445178720794	15.3185390580318	-2.95437442417845	19.497361801058	14.9266152094321
PDE11A SPINT1	-0.138666296700676	15.8576812780006	12.168615669904	-1.00005736403916	17.4376303113175	13.4373534995367	-0.602045366300832	17.668454100992	14.0397530637552	-0.520370418458193	17.107364750866	13.3216943720907
PDE11A SPINT2	-0.859490055576441	18.2162216913805	13.2796770753729	-4.16184250439139	20.082340191143	15.4121484903439	-3.06569227752038	19.7876684327839	15.3799473179363	-2.18862881106781	19.6686044111054	14.917807056013
PDE11A SPOCK1	-1.35644252144113	18.679464172353	14.7598655349651	-8.23071266205825	20.4804856423342	15.4723412514716	-4.83412488671944	20.1650091816508	15.9455839579594	-4.42292557524064	20.0656124955569	15.6620577310868
PDE11A SPOCK2	-1.5371922630386	19.0480061580662	13.3222296852666	-3.18348266919225	19.8106459844296	14.2358270719515	-3.24771048067062	19.92967281475	14.9830734875738	-2.40239379233422	19.4897844448401	14.2225788166067
PDE11A SPON1	0.318461629489165	13.9869319629086	10.4862870051912	-0.178240932442849	16.1860050663422	11.7526513472843	-0.0161193903529782	15.8538913480775	11.6605224500818	0.102479071111716	15.3215278812996	11.3743457953139
PDE11A SPP1	-0.192649219052728	16.495009654124	12.09637545583	-5.15495159340642	20.2405889934361	15.0683317856507	-1.47478709205069	19.2266797850395	14.5081377130635	-1.62202685011766	18.8363763238452	14.0780314732773
PDE11A SPTAN1	-1.60772657779323	19.0798531163788	14.6292110122946	-5.92654002498397	20.6384337009887	15.4006875883442	-4.84794817632909	20.5893991180983	15.8997950208126	-2.83928613338747	20.022004013624	15.2339243840449
PDE11A SRC	-1.80568207867477	18.4974875677702	14.3371690947842	-4.83804360096157	20.0648226251673	15.0370287228171	-2.84133883983873	19.8474054185841	15.3009773973728	-3.49030637292225	19.6413949745936	15.0322303697685
PDE11A SSRP1	-0.857273178580397	17.5534453133048	13.8162986280546	-5.10954537963478	19.5615220284611	15.3217948450191	-2.43126318635769	19.1102646684555	15.3915224999685	-2.32394612564189	18.8721447472263	15.0060631487675
PDE11A SST	-0.118205549397353	16.3118791150424	12.6620454906888	-3.35535238271144	19.8084038864629	15.275121972332	-1.191531022081	19.089469070661	14.5806142943229	-1.05519890137532	18.4194622722208	14.1968076474208
PDE11A STAB2	-1.59127686827375	18.7128599894145	14.4085279887363	-4.18455139689234	20.2470070779328	15.2244616007572	-5.34386746478262	20.0863987485726	15.6435668101052	-3.30599974002957	19.6850967824209	15.2554445306236
PDE11A STAT1	-0.212979057606866	16.1800884000663	12.1071007717932	-0.959922394450173	16.6606760432581	11.8932311289017	-0.647059833643699	16.9151255864447	12.722519762614	-0.632953748472647	16.7506424773829	12.4171186838412
PDE11A STAT3	-1.06249002239706	18.0721177516155	13.3727683428019	-2.68818513942712	19.0789883579097	14.1302709024717	-2.14646535038344	18.7257506256804	14.2455385591523	-2.21315163485207	18.863720689221	14.0876665697379
PDE11A STAT6	-2.25820562822763	19.3762330067207	14.7401863885864	-6.54257953250599	20.3855296146229	15.4745535098434	-4.90773647160444	20.4873849041903	15.7560037947436	-4.73026668981115	20.1591430735408	15.5035217331333
PDE11A STC1	-0.209265243336246	15.6814098319067	12.0968803996495	-2.64637581831551	18.9865464738584	14.1288274957209	-1.00569936358165	17.7213666443062	13.4799631062825	-1.08581161236145	17.6010374997065	13.4977978037066
PDE11A STIP1	-0.742018505260064	17.2329546998818	13.3061580371284	-4.54332737469386	19.6823333747038	14.8341826572726	-2.211670364542	18.9192537854174	14.7678270581428	-2.30796124529694	18.7948303233829	14.5024125622058
PDE11A STK16	-1.90124824835477	19.2149125367095	14.762321439502	-7.16090543060095	20.692550320962	15.483962374588	-5.44632567733011	20.5328594330183	15.9777085536313	-4.34959985983481	20.1935311618944	15.4622522420278
PDE11A STK17B	-1.58708739787623	19.6174380734755	14.8520117800035	-5.38384193928657	20.142388578049	15.0238715158613	-3.15127688654613	19.9477260343933	15.5259757937377	-3.15953126397075	19.9178249830063	15.1656545988004
PDE11A STUB1	-1.41299878533886	18.1337764304533	14.2243207641206	-6.00297320125706	20.6314341443567	15.6422295387339	-3.09847545666878	19.9527953890103	15.4140579132205	-3.38889837322013	19.9072217095563	15.3513619892375
PDE11A STX1A	-2.43619146972713	19.3342866797877	14.7258225762427	-3.11485191799135	18.8049584251001	14.0885717955304	-2.79017036218755	19.6256321850796	15.3580049654445	-3.08478683495658	19.2917453686828	14.74545357833
PDE11A SUMO3	-0.779767220795289	17.8853781620152	13.4845081836232	-1.12494471271343	17.5680762129913	13.0900574568401	-1.08830930693443	18.1234752319504	14.0167633444114	-1.38642361079546	18.0197434192322	13.899078998992
PDE11A SYNCRIP	-1.05581285233939	18.2731274969096	14.013569915466	-3.55758891101091	19.5604555790832	14.5439270596799	-2.64923937132894	19.7680962763668	15.2528958101838	-2.0156008331693	19.2893364583299	14.6175352433028
PDE11A TACSTD2	-1.16959602214415	18.2219981716288	14.2212014888389	-3.28260507599471	19.2459397716382	14.9073983767126	-2.19604689315639	19.0254405485748	15.1067635615242	-1.83901546526202	18.9249377945223	14.7792555754535
PDE11A TAGLN2	-1.62494762416906	18.7705032639534	14.6532201892849	-4.31444841519529	19.8990693470191	15.3622203753058	-3.80447348858876	20.0299115028647	15.8518438244825	-3.35788645205576	19.6805512771152	15.4174825218724
PDE11A TBK1	-0.897214509908853	17.685843948564	13.601146071581	-3.242887974779	19.2680772723946	14.7585814269486	-3.22832057179687	19.4000312929189	15.2450417223454	-2.23729418872908	18.9510945106215	14.7079385973507
PDE11A TBP	-1.5516239076467	18.960577732124	14.7507967951339	-5.22657458861898	20.5949264192714	15.4100820519426	-5.00371544907798	20.3178288222942	15.9456740308593	-3.04498346013331	19.9190526997162	15.3259419452506
PDE11A TDGF1	-2.09140939367256	19.0753906493577	14.9945897899933	-4.82442023584613	20.4753414579427	15.081826110524	-4.67513786410262	20.2576404609869	15.7446568777195	-3.63436054196034	19.9913335383841	15.3622208925188
PDE11A TEC	-1.67609923823709	18.5807143326994	14.1078089880328	-2.79868913956055	19.3940732417802	13.7539653741099	-2.94005455271322	19.5013984276965	14.7657789931589	-2.44360538520895	19.2130867274309	14.2645493089109
PDE11A TEK	-1.24804831055364	18.2756564749796	13.5102285597919	-4.08188530231941	19.7668248134338	14.371575421904	-3.02710533359947	19.7419839238147	14.7767743825634	-2.44497461504745	19.3361897934975	14.2291985891217
PDE11A TF	-0.209777191292613	17.2383994308146	12.2104337553663	-2.4189284269981	18.9155088988877	14.3770594156515	-1.0931656031779	18.2459109122568	14.1516399788472	-0.811161624484518	18.1265671499175	13.4114112440015
PDE11A TFF1	-1.49457906830172	18.4193781800681	14.2443772270285	-4.47421606965489	20.1354540721762	15.048246668343	-3.57347017635513	19.6964904104118	15.4245760261188	-3.27976672547096	19.596863714914	15.1213144681071
PDE11A TFF2	-0.440863552678278	16.6578043247824	12.6241289988515	-2.30856485806207	18.9927754630328	13.9593956889003	-1.66155404693999	18.7188014932505	14.2382888532892	-1.38468543486724	18.0894890406202	13.7701872995221
PDE11A TFF3	0.301241011202543	14.3701720451126	9.72296999143453	-0.489985544394503	16.2108806857358	11.8432772412362	0.0741712116872322	15.3624029935603	10.8891003345063	0.0249055501803523	15.3362240132092	10.9529502266338
PDE11A TFPI	-1.40518877485614	18.6763942606805	14.2256073549415	-1.1070851884446	16.7228657928127	13.2227189180991	-1.99768265488815	18.9573758346089	15.0339263709537	-1.75045859639682	18.391670763598	14.2761531057632
PDE11A TG	-0.740099040127137	18.2296803985218	14.0877574950166	-6.1235552188811	20.5939975952674	15.4702646204284	-2.68826348215188	20.0455246013394	15.4926880747109	-2.50152924214834	19.7383385259789	15.133140297575
PDE11A TGFB1	-0.943322847840585	18.0773707663194	13.7994359220489	-2.76862723508768	19.3822407251476	14.8195233542311	-1.73553002709609	19.358732475426	15.0412255992526	-1.72354701206121	18.9371117963467	14.6517550665632
PDE11A TGFB2	-0.677944879513938	17.3404538813045	13.5808112812267	-6.79657095439071	20.6255864761634	15.817923765201	-2.64509534855166	19.4932285011907	15.2371185443789	-2.09007581352803	19.2213376685752	14.9286946576571
PDE11A TGFB3	-0.883318519531538	17.6939701899682	13.5302042030085	-1.32361228496395	17.5737402074832	13.8944499880328	-1.23647454892664	18.515248571511	14.3622800834287	-1.40095100530784	18.03169699849	14.0868448083485
PDE11A TGFBI	-0.541083377196353	18.1385063723144	13.6206953315645	-3.32135917236916	20.4453051058856	15.3549774922691	-1.95538015840413	19.7355187237475	15.2869320692748	-1.53534862124517	19.4781247413687	14.7726621356068
PDE11A TGFBR2	-0.189522354921922	17.2632577017035	13.0418686820558	-4.55147661153818	20.3567362629436	15.2079562412465	-3.92424535048501	20.1574567118666	15.7771872183795	-1.4409265605581	19.1934329795391	14.5677071068584
PDE11A TGFBR3	-1.43929674050293	19.334015966834	14.6984438958002	-5.68848286398539	20.6712938290039	15.6451067709264	-5.05490623811684	20.5130251402696	15.8722354889203	-2.7767602140169	20.2807847437861	15.4730814349034
PDE11A TGM3	-0.736134743700296	17.7335516500369	14.0857238888844	-5.58709698436159	20.1837339110149	15.0822810632158	-3.97153268659411	20.1108481263068	15.5478319419949	-2.67700566363926	19.2120287804928	14.9539282085796
PDE11A THBS1	-0.484874630534791	16.9477148838678	13.269535087778	-1.80344895840938	18.3232773903932	14.137867603415	-0.914517619581479	17.7538049151201	14.2680050805039	-1.09902270197363	18.0842706887682	14.1119932045771
PDE11A THBS2	-0.907617557654999	17.1902003458745	13.6361353895396	-1.56727280626071	18.1745435928425	13.1250176172186	-1.35245926380765	18.4637454762857	13.9951582748044	-1.13095879740341	17.9340033254787	13.6618186122972
PDE11A THBS4	0.365172717568962	13.6973625840135	10.4267346830674	-0.801076851728062	17.6443916956963	13.0397925567325	-0.25801080070276	16.2667267094986	12.3757236986204	-0.176302208597635	16.1005103121713	12.0750367772975
PDE11A THPO	-1.57547110232284	18.9184224507511	14.1763213310885	-4.38745831348725	19.6583562153862	14.9597389505509	-2.46515251860612	19.5713800288409	14.8044544395824	-2.7709103987025	19.6546283098436	15.0579037089423
PDE11A TIE1	-1.56943714799865	18.9799206177957	14.6029390974318	-4.10940128284615	19.9261972099443	14.4161554431654	-3.11593996849457	19.7309442413317	15.0772399622766	-2.47942909052006	19.6499602544507	14.7136499749293
PDE11A TIMP1	0.27869119426878	14.1782403033941	10.9068382779857	-0.67058388184446	17.7491558743834	12.1689087451833	-0.118019610306671	16.2136865549447	11.838201436515	-0.14645884145304	16.4913730964724	11.8923146797569
PDE11A TIMP2	-0.303777205504472	16.7354462251479	12.9925520636206	-1.9581437106608	19.0894329900368	14.1906055477607	-1.13720413285895	18.3389455492572	14.0518167737371	-1.03902238620745	18.3130948603848	13.9404011658648
PDE11A TIMP3	-0.885765297032798	18.3738328582747	14.4574051380826	-2.78232429553924	19.4507660727354	14.3884881628261	-2.56991556071923	19.9497768937255	15.7009412886829	-1.99457708770827	19.272848787504	14.9332165020339
PDE11A TK1	-2.11095832635006	19.3069904856371	14.9900367081317	-5.4927993467082	20.5012658284761	15.4687783339004	-4.82555027952154	20.0941100216481	15.7555148207258	-3.94993028688049	20.0264989738052	15.4611128013965
PDE11A TKT	-0.438242408730332	17.2067497865028	13.3659731020312	-2.86477797987685	19.453903616087	14.734466962631	-2.70881486720135	18.9921079818038	14.9607660324613	-2.0345764876275	18.7295657483865	14.5491074942128
PDE11A TLR2	-0.72815011851588	17.8372201994907	13.423370758023	-5.71194508095541	20.5352649946273	15.3306737302964	-3.39800817436093	19.9522929942797	15.2748616658723	-2.40177231597245	19.4884605811295	14.7123132148471
PDE11A TLR4	-1.56392430888258	19.277738049855	14.8177051763759	-5.56359048092398	20.1017292406938	15.0968578218642	-3.85812049418816	20.2371794269077	15.56702969311	-3.26743370651025	19.8533063148156	15.2123714797592
PDE11A TLR4.LY96	-1.11775247357488	18.1287290542511	14.4427377369464	-5.96473136125592	20.2537859478554	15.4622657857187	-3.45573342535162	20.2798846164461	15.7601850642595	-2.44316965101702	19.6856982261881	15.3324229015426
PDE11A TMPRSS15	-0.584845563333747	17.7511277706125	13.6719871365814	-1.5625260286248	17.9195737976987	13.4276126651408	-1.96644368442371	18.8565111436176	14.70213902598	-1.04236666183137	17.9703124835793	13.8896852392978
PDE11A TNC	-0.784118303224753	17.6759608253378	13.8493414772741	-3.90401175270499	20.0835255615695	15.0071582743406	-2.28662756110604	19.4988332007032	14.992230506313	-2.05420450394738	19.2091136678196	14.7209385596462
PDE11A TNF	0.0460168762473243	14.8930749708976	11.6312460711957	-1.91594920152063	18.4240436829691	14.3045429749888	-0.688664967007764	18.0215708786909	13.8126342350948	-0.665905475499364	17.0106497418706	13.3265793973901
PDE11A TNFAIP6	-0.362518809794949	16.8025927910095	12.6753298307124	-2.92905520534511	19.698106789322	14.4092974235517	-1.90176120871461	19.1918583871858	14.6314006817661	-1.21706869452774	18.5683072805183	13.8033020549923
PDE11A TNFRSF10A	-1.31985942175502	18.8210688456744	14.5309927112199	-5.90329393794939	20.5780620121036	15.3394017167228	-4.23933814894609	20.1276903668946	15.597733821856	-3.22565845680754	19.9352934622387	15.2350538577714
PDE11A TNFRSF10B	-0.972935144531679	17.8233871598347	13.4177117226135	-3.30221246394195	19.3500651053088	14.7587675742801	-1.40607864828977	18.9361539730641	14.6942869221677	-1.78839286464873	18.8051966601208	14.5850580458759
PDE11A TNFRSF10D	-0.808952967580605	17.4976131292826	13.3487197519258	-1.73148442399178	18.396226755133	14.7118255692055	-1.29675366971074	18.3697495256573	14.4285388280671	-1.43745886898234	18.1916226921602	14.3566426923932
PDE11A TNFRSF11A	-0.865217416080476	17.9373594789925	13.2341169468582	-3.2469798477788	18.8415333461744	14.6855230794815	-1.60680167176244	18.5825663758015	14.3977832461744	-1.78412400028497	18.4954847238491	14.1987745143585
PDE11A TNFRSF11B	-1.48993113893321	18.415715514398	14.3431693626453	-6.9235993686574	20.5394652502405	15.4721419310687	-3.73460863006438	20.2770635827769	15.6538058330746	-3.70192449927391	19.8414063355912	15.3080707402483
PDE11A TNFRSF12A	-1.13750595251867	18.5802781380858	14.2129612994332	-5.4721249523006	20.4788458425035	14.9496292306429	-2.88435543477799	19.7819202278498	15.0428996826024	-2.36635871383974	19.7236556487334	14.8440215671116
PDE11A TNFRSF13B	-0.418220803608421	16.7584499290622	12.9960016447799	-1.98310551946438	18.2218739995534	13.8176872784651	-0.931751486782993	17.78787160371	13.9665499907259	-0.933004643441853	17.707549251686	13.7233961063149
PDE11A TNFRSF13C	-0.872353301621957	18.2933405679134	13.0376219892219	-2.66108474795879	19.5416867400713	14.5092132330812	-2.37164183452242	19.7507701063396	14.8649182101176	-1.78338518938754	19.164545696722	14.1252496639292
PDE11A TNFRSF14	-1.12606028569596	18.0097962158925	13.871120210832	-2.92703304352264	18.9821816778666	14.5768246307147	-1.62581255802817	18.8639592204335	14.5554340632892	-1.92626541069707	18.703241699522	14.4539701732148
PDE11A TNFRSF17	-1.2213272175174	17.9540380875686	13.7921642522424	-2.54729739896526	19.6656541845014	14.2256071849552	-1.7525303397947	19.2438877948607	14.5772552313479	-1.67174498863987	18.9003456868256	14.2654239957278
PDE11A TNFRSF18	-0.989361422163473	17.8270568835176	14.02532690271	-4.0163027322457	19.8363995528215	14.9230494928431	-3.13513627832385	19.6733372751269	15.4369091691578	-2.31789744537977	19.2849590152135	14.8842063706928
PDE11A TNFRSF19	0.286208194362342	14.1744920662173	9.99847313820231	-0.691005461323467	17.2644198362234	12.5515969956158	-0.131038730664382	15.9686469473096	11.687570265137	-0.110882086014128	15.8966421905076	11.5231660659598
PDE11A TNFRSF1A	0.413000512301701	13.205502724525	9.72923347890841	-0.0386405180709217	15.2233565579465	10.9262745592394	0.228719910970457	14.4089277772408	10.4075652949683	0.233687042184211	14.3240719609961	10.4909558715341
PDE11A TNFRSF1B	-0.0732147976138171	15.6382716929025	11.4090187146152	-0.227682716997167	15.9148007173507	11.139828754517	-0.103397824925993	15.8861929927791	11.363191873347	-0.15137643922107	15.9385054395287	11.48843310754
PDE11A TNFRSF21	-0.974127658856274	18.5338710813451	13.9908345984653	-4.54017392046381	19.7625034056848	15.1445656304941	-3.35152412688668	19.7255441353333	15.3610405220498	-2.38627795306214	19.2109200786756	14.8493833659646
PDE11A TNFRSF4	0.136562721711141	15.6641480066207	11.8526192959273	-0.104573991811735	15.8238226285064	12.1532584103122	-0.102989052287734	16.1533269642392	12.5950811614386	0.0118734462358095	15.9275734885647	12.2512665423335
PDE11A TNFRSF6B	-0.107346205778543	16.5467435384208	12.2987147268233	-3.93758817549758	19.2959639152616	14.734444684659	-0.982395182037169	18.491940971591	14.2360937135716	-1.1636033358362	18.2581004550817	13.9033448928973
PDE11A TNFRSF8	-1.83534829083673	19.5164577915732	14.8667608723866	-0.458430653836563	16.4860535548072	12.4074853827227	-1.37267801719249	19.1560503401746	14.1660078595233	-1.17039845377477	18.4710641159204	13.8362567128335
PDE11A TNFRSF9	-0.987809875440077	17.914327874334	13.6911097791144	-0.364012558921936	16.0871283266863	12.0742536333066	-0.798220548628438	17.9654353499278	13.4757164179806	-0.621384837900493	17.2850108217388	13.0493530013829
PDE11A TNFSF11	-1.76303619217032	19.349524834537	14.7480510427386	-7.00682636841899	20.5851832694368	14.9869012337173	-5.08193810250762	20.5599964127445	15.8000090789953	-3.73817417559005	20.086322922261	15.1292460723149
PDE11A TNFSF12	-0.7881022432905	18.1031416174978	13.0901979354305	-4.75499664585222	20.0447327042296	15.2730397725492	-2.66867270023987	19.7666285610066	15.0582191671036	-2.02805859222823	19.3686178347546	14.4509218050021
PDE11A TNFSF13B	-1.52021190633974	19.0182389993813	14.5188725303598	-3.84987915148529	20.0819470287928	14.8716580212842	-4.24306042173968	20.1776162264716	15.5242230078519	-2.53482878667592	19.7411723536894	14.9568667654591
PDE11A TNFSF14	-1.0687631759794	18.2738742094456	13.9432927162152	-5.30668428567887	20.7944382159255	15.531013928912	-2.21246985678158	19.8623159947056	15.1887013639901	-2.55376218277889	19.9162042727793	15.1449795364888
PDE11A TNFSF15	-0.420476709585316	17.3347317798232	12.9641987920576	-2.57269617272188	19.1395378146669	13.9179484498007	-1.18649844656489	18.8549234428008	14.1248669639496	-1.36233511934907	18.5914771420887	13.8627728016785
PDE11A TNFSF18	-1.4548420845769	18.3494608369245	13.8383084882517	-5.51453183852709	20.2679575096956	14.8861752994906	-4.03571725873171	20.0627281325427	15.5591602628617	-3.96219008620584	19.9298154026211	15.1565421908674
PDE11A TNFSF4	-2.1062200471827	19.5609409383405	15.1419271909574	-6.18771955319224	20.1839156848445	15.3445915716665	-4.43184191205862	20.4753603902941	16.0078435285051	-4.1594955728651	20.1739610494216	15.6187295189157
PDE11A TNFSF8	-1.97653188742196	19.084512836996	14.648487335509	-6.33762830637818	20.5614800614224	15.5692993746382	-3.18994634386521	20.6867561001478	15.7125527559659	-3.35719443190674	20.0653336454689	15.370432286221
PDE11A TNFSF9	-1.92934030032413	18.6119153985049	14.6151194260897	-2.78576201526098	18.9648368150374	13.8062311456286	-2.33652711286585	19.0463367865029	14.5890830253168	-3.48215099345019	19.1598815672244	14.9516786357561
PDE11A TNNI2	-1.17209169702277	18.7573327480627	14.0329758181545	-5.84552397780385	19.6348567791834	14.93568532834	-3.81022050031852	19.8996903063229	15.2096607724389	-2.78979734099523	19.6858143790791	15.0746727229035
PDE11A TNNI3	-0.460315053396932	17.1340099454917	13.027392048011	-3.70809137970969	19.3770525282805	14.9305160599788	-1.56301553277528	18.5619705115275	14.2872547850859	-1.37623259772007	18.5382591886787	14.3118160501456
PDE11A TNNT2	0.0724942802184094	15.7407325950473	10.8938905186626	-0.175494213882765	15.4860446604514	11.0829107680396	-0.294042141020887	16.3513009445603	12.0271935296353	-0.0922980333442935	15.8585652019507	11.4174762942865
PDE11A TOP1	-0.926568640207061	18.0146518926379	13.4002983552037	-5.82351311075475	19.9970011795709	15.0406089580047	-2.18455142769646	19.7075659700284	14.8457263691122	-2.38562651343686	19.3142084585959	14.5101424205579
PDE11A TP53	-0.638599117588296	17.4692590714332	13.1953304256267	-3.73127772485162	20.1518051221614	14.7669418718218	-2.93383937043512	19.8312120778494	15.1579660423014	-1.96571094005325	19.2809770138345	14.4908781824768
PDE11A TPI1	-0.489311251647209	17.534611838954	13.3694141684079	-3.48695686975662	19.3914904837129	14.8506812162546	-1.96299682857253	18.8578856487242	14.8387863170652	-1.83605797983102	18.7348517598557	14.5202133136961
PDE11A TPM1	-1.24415160702056	19.2192628735076	14.5964864542226	-4.64671319323234	19.9817240948944	14.7913351642905	-3.10101848260834	20.0776064898736	15.3255878624903	-2.6854430957272	19.7801324636746	14.9237040732859
PDE11A TPM2	-1.25752182091151	18.8719573144349	14.5587108258812	-5.97681208506703	20.8193667626111	15.6222867901422	-3.75218941073121	20.4331068408431	15.9909646603753	-3.28735770758484	20.080429266036	15.4591682728632
PDE11A TPM4	-2.06509365324686	18.3256255319831	14.2388291150854	-5.27170189870356	20.2545895856432	15.5591163030156	-3.2057587170939	19.5716325006962	15.2113550792982	-3.96808790839511	19.7242459580724	15.3590317097604
PDE11A TPO	-1.01108691296828	18.9344113808082	14.6812300142384	-6.41397375377003	20.5421232819535	15.6414733157696	-2.69425623261091	20.0687661044088	15.6951489788474	-2.86155225606675	19.8511070574196	15.3634787261503
PDE11A TPSB2	-0.64582962549942	17.835633049167	13.8518851576747	-2.97027121564626	19.6860296543187	14.3200692463359	-2.02583108628188	19.5856656232158	15.1388867868765	-1.82390707733967	19.0228847282247	14.545167175528
PDE11A TPSG1	-0.64921992288058	16.7524112780246	13.3631934006635	-7.07622168938545	20.6486051412932	15.3369289190099	-4.1443562820609	19.6483697251988	15.4083930155282	-2.23103922018165	19.1135453588941	14.808571453656
PDE11A TPT1	-0.64901636852739	17.488904697594	13.6543569143747	-2.24924668791137	18.1999203843711	13.6285213528227	-1.51339113398879	18.4080522891548	14.4234672224007	-1.64699276901116	18.3158521472189	14.1594990721414
PDE11A TSLP	-0.946731687990971	18.221606280943	13.9766946034207	-2.05903209369144	18.3413480771461	14.2644771410513	-1.53687968940736	18.9017111379831	14.7538375748165	-1.78799839117201	18.4801415834238	14.4662937364761
PDE11A TXNDC12	-2.16348041550963	19.1176710513653	14.6501740664842	-3.6383617093532	19.2766242463607	14.2523459598066	-4.41492569381163	19.933548474575	15.2881260425967	-3.14391417198806	19.4408324576421	14.8139959932855
PDE11A TYK2	-1.39173311762162	18.1221431175231	13.7231964627812	-4.10592778099115	19.2768865277454	14.4145611976803	-3.05514290167584	19.7451369572305	15.1192582202992	-2.90798262197568	19.1645005985342	14.5918757374381
PDE11A TYMS	-1.50164416901167	18.9606867724525	14.4067242167771	-4.47496774941577	20.354609809947	15.0846401006811	-4.4738398573809	20.380547574295	15.6501228672198	-3.12870035025387	19.8853604996261	15.0943170804591
PDE11A TYRO3	-1.05202628332058	17.9276129402929	14.0843064888448	-3.68343291061722	19.2890251881974	14.6834175116513	-3.18253538160771	19.2006934142248	15.054433190792	-2.38150405917098	18.9868245119499	14.7933379340245
PDE11A UBB	-0.71760188693148	17.3162281242494	13.3410706406251	-6.68328527992779	20.7225515517076	15.6271805132459	-2.94625610741968	19.8047385898809	15.5870538388698	-2.53778256337312	19.4632248103533	14.8726815488825
PDE11A UBC	-0.288426020110891	17.0794478999746	13.2018308404803	-1.96365171330071	19.1865246866047	13.6871759596886	-1.35077770045248	18.5776984325205	14.0074749210932	-1.10479179764202	18.3445028727103	13.8218189224075
PDE11A UBE2G2	-1.41353375234297	18.5261188721571	14.1406010084297	-3.77735358581729	19.2604273298757	14.6151577099413	-3.51162115867894	19.8054694690578	15.5097124892463	-2.7922812243506	19.2132209613961	14.7055414057889
PDE11A UBE2I	-0.747129850549975	17.2592631494338	13.5857842366398	-2.20668462547095	18.3790540249603	14.1834220150731	-1.41397179971214	18.4168195573858	14.5883694868775	-1.42699833470649	18.1787250603333	14.3248156304955
PDE11A UBE2L3	-0.996611454493994	17.5546338823384	13.8391493422065	-2.26703601757266	18.7319577660918	14.3771920434954	-1.64467224824276	18.5369407277146	14.5796269219422	-1.67565568501897	18.346284542034	14.4330548121936
PDE11A UBE2N	-0.344189583367084	16.1634338357467	12.7790702479805	-2.73381938603562	18.7854805649053	14.4607937453954	-1.4967992648609	18.4274503955554	14.5071280176932	-1.65015502891489	18.1020265150093	14.2385672974281
PDE11A UCHL1	-1.3340340942201	18.2364697038878	14.1082207546253	-6.4730364517274	20.6989488710833	15.5640651593897	-3.98408002578654	20.0659274518174	15.8010438507135	-3.112116417295	19.7071891865366	15.2160936106106
PDE11A UFC1	-1.57159331068229	18.8009290466825	14.5596018156855	-4.04614469107712	20.5842864959421	14.9361586068463	-3.98516418578095	20.2362530143139	15.6104446570561	-3.25830651528384	20.0659687520065	15.1043274395088
PDE11A UFM1	-1.21535451297265	18.5100466016483	13.9622617178297	-5.6843799306882	20.7998220387582	15.7473184552969	-2.79113281220525	19.8883707370262	15.3444258594598	-3.03092067293933	19.8839120798864	15.2653057380295
PDE11A ULBP1	-0.858479795311406	17.8576533586109	13.7744494533756	-6.16641639217846	20.4635496037421	15.4740432101424	-4.17696068180169	19.8987479601084	15.5647410369413	-2.61507858652743	19.5662053746888	15.040444366118
PDE11A ULBP2	-1.66515516708517	18.5152107805323	14.464507095915	-4.10049539080341	19.9165738976094	14.7042919072756	-3.99437118356993	20.0594244494848	15.575799825609	-3.11979402926014	19.8355517479146	15.2511951328435
PDE11A ULBP3	-0.127127854625079	16.3451144757812	12.4152235006226	-1.07210193120083	17.3645772476844	13.2666442237356	-0.372441445956984	17.4804760649731	13.3389557280227	-0.478892639037511	17.1365945807176	13.1691591732404
PDE11A UNC5C	-0.344271398385945	16.2913787194058	12.708092805964	-0.219225845792268	15.6053504243562	11.3207425741854	-0.245205852617731	16.1787436143563	12.14575469214	-0.238933291690992	16.0355177229051	12.2162408596977
PDE11A UNC5D	-0.509026190641132	17.4149329852526	13.36925886597	-5.70412108956282	20.301186459806	14.7981919878948	-2.48586639153182	20.0753056991884	15.1264567579961	-1.9858658754412	19.4881076072945	14.541101860271
PDE11A USP25	-0.975255705440267	18.0017382368233	14.0143293735749	-5.37174881980915	20.5396721340005	14.962901926316	-3.65951853537262	20.0935743172186	15.5375368954418	-2.45139057386861	19.4988753183046	14.8943529260827
PDE11A VAV1	-1.64746113621824	18.6528321242428	14.3307809677387	-3.67392236299575	19.5891029171438	14.3264766993194	-2.92625994724054	19.5609755436324	14.9269142760816	-3.29791209516548	19.4964074105122	14.7414396185021
PDE11A VCAM1	-1.11608994086538	17.7453330674713	13.7763748288664	-1.55658424095931	18.7499506709614	14.0036131012139	-1.39258686799724	18.6897534951529	14.2065547977614	-1.36429425380571	18.4921826215703	14.0723252734268
PDE11A VEGFA	-0.149564148162032	16.6230121423045	12.6441618547196	-0.313772437888255	15.6491983189451	11.3063710624397	-0.228626078494693	16.2187378214109	12.2619745637513	-0.172977617869725	16.0977113142429	12.189151015618
PDE11A VEGFA.1	-1.10144337349824	18.5745843571287	14.5988723284544	-2.84568085701971	19.4965666698209	14.7570495976068	-2.8684262719352	19.6694577590991	15.3414655225851	-2.09255334314009	19.2696603938484	15.0089633818624
PDE11A VEGFC	-0.182696135868405	16.8589180148958	12.4547278746556	-0.756954183100069	17.0927809501416	12.3898385587647	-0.534807715537074	17.5481672143492	12.9696298773593	-0.536587068900347	17.1602408835499	12.7177804061599
PDE11A VIP	-1.0389513189258	17.5581230221894	13.8852530832709	-0.915385811176804	18.0003141056507	13.6012002787422	-1.0675442448366	18.5950290156656	14.492412200003	-0.985329010930256	17.9209207791168	13.8627240707101
PDE11A VTA1	-1.06876016410735	18.1957074927573	14.2027083871658	-3.66085331583617	20.1281793007121	15.0606413291703	-3.69504799750218	19.8129283019507	15.5808686956662	-2.62323512493996	19.4307221046919	14.9149582819926
PDE11A VTN	-1.11128348837139	18.306389436544	12.9391942332785	-2.76177066268247	18.7050157971136	14.1658289364253	-1.41716116517806	18.7755567790529	13.9057377807979	-2.00104815087784	18.7311172436456	13.9341538409736
PDE11A VWF	-1.47557258863564	19.3210149000034	14.5643330637135	-6.10593308140927	20.5522645757725	15.2008157192896	-5.38222498596547	20.5120425694326	15.7968711073958	-3.42432112803189	20.1987546678752	15.3386632165904
PDE11A WFIKKN1	-0.630666349915789	17.3937553163181	13.0219909662709	-3.1896578570939	20.0584863276814	14.8184533374157	-1.84357132533194	19.3933363911488	14.7614987011336	-1.66977276796487	19.316338532505	14.4550284797182
PDE11A WFIKKN2	-2.03506796688743	19.5438759123727	14.9748514048274	-7.00069497830347	20.7008900447198	15.4734229024453	-4.92227499314491	20.34573041596	15.6423357297647	-4.21356977132985	20.3449533782729	15.4941747276179
PDE11A WIF1	-1.29289188383329	18.6136364540159	13.9605493153787	-4.93468886171616	20.048246247938	14.4556366623129	-3.07547394545641	20.0051251590511	15.063972325254	-2.81375448059819	19.6884098492483	14.706667268068
PDE11A WISP1	-1.94065526715735	18.91871932313	13.7655006527916	-4.56809295630236	19.8024316697846	15.2912186337521	-3.127199904794	19.6182633896902	15.1315584607857	-3.36711931395985	19.3735118201929	14.9543025611337
PDE11A WISP3	-0.863204082333521	17.5888670793395	13.8329669502905	-4.87162708425956	19.7060847721173	14.9373846532335	-2.13821510790385	19.1308782530132	15.1844711272924	-2.18164204729371	18.9391361370338	14.7182497979696
PDE11A WNK3	-1.18538251920258	18.984870560234	14.7559443319599	-4.09470165223435	19.6019324091552	14.8467674120839	-3.05200381849889	19.6637233180206	15.3571097234506	-2.59743063056197	19.4643518432725	15.0842241698416
PDE11A WNT7A	-1.06864626173573	19.0092736451627	14.4560123813391	-5.52007253406111	20.3839961935144	14.9382255927218	-3.84181083991555	20.2360204518032	15.6153533773411	-2.97660891638236	19.9877642036525	15.0774567169236
PDE11A XCL1	-1.43724073105813	18.5857206648262	14.5482129646447	-5.48929768418944	20.147363219123	15.3941510027725	-2.73803668524467	19.5687479096676	15.2783072645771	-2.67396216212303	19.5318438140955	15.1689079491203
PDE11A XPNPEP1	-1.44541744070292	18.8920945364397	14.0439936267881	-4.71886611248131	20.2441041777179	14.9745798817487	-3.12631652384319	20.0413750296486	14.8751121232471	-2.91110869278277	19.7637001760097	14.8994622677244
PDE11A XRCC6	-0.834955662091057	18.0901530991237	13.5458183072928	-4.3034654870915	19.9201315658552	14.5354325446145	-4.31217211173281	20.0579739153414	15.6013550854362	-2.25705764743619	19.4590363452158	14.4008354214022
PDE11A YES1	-0.640031454938526	17.2374111241747	12.8606826636161	-0.572986934458031	16.3490490613962	12.3641392338283	-0.501970743397199	16.8891563459215	13.2499200318927	-0.606019152707214	16.8882447152742	12.9265823005789
PDE11A YWHAB	-1.27718166062469	18.4202702581135	13.9537301047968	-4.32003571497716	19.8179488510794	15.0241799206185	-3.55756545627618	19.5161933864579	15.2396975770922	-2.97572288216767	19.3305691931067	14.9436146658042
PDE11A YWHAB.YWHAE.YWHAG.YWHAH.YWHAQ.YWHAZ.SFN	-0.837045885214753	17.2753280699165	13.6012379819322	-3.55339355814055	19.5298411996383	14.7965769977086	-2.05184022993219	19.0080806024204	14.7698642800195	-1.84749783961019	18.7690874400576	14.4957547172663
PDE11A YWHAE	-1.07095740846695	18.6114113819362	13.9088209611018	-3.76394482892491	19.4980469641078	14.6125217389394	-2.71040694610572	19.5000974786473	14.8875073009099	-1.78958144001073	19.155410533583	14.4243677501207
PDE11A YWHAQ	-0.760376039894246	17.8302456482571	13.6222446337853	-5.277626516641	20.0388893574712	15.4033714367614	-2.0406990768513	19.1152097859995	14.8650893514602	-2.25896982704439	19.1308268910837	14.8105078446907
PDE11A YWHAZ	-1.92855661645333	18.3301147535973	14.3869960837461	-6.80989263725653	20.4681560326697	15.6218288131907	-3.40901682458121	19.6906329515187	15.2922410439027	-3.9435728005837	19.7813548057385	15.4086444060426
PDE11A ZAP70	-1.46505604193437	18.9169504334165	14.5332445111061	-6.05157149214831	20.327272007969	15.3526691699856	-3.98913699116514	20.3557385836941	15.8577344707882	-3.06655013618888	19.9986126351874	15.3247055686858
PDE11A ZNRF3	-1.36929992339922	18.5501388148241	13.9993093445572	-3.6825336126975	19.0515074563199	14.367133613142	-2.28771861496719	18.8840493194247	14.8596874336846	-2.51290378145309	19.0326296315567	14.5923594698948
