protein_name	r2_male	rmse_male	mae_male	r2_female	rmse_female	mae_female	r2_all	rmse_all	mae_all	r2_all_sex_adjust	rmse_all_sex_adjust	mae_all_sex_adjust
PDE2A PDE3A	-4.19865538241293	19.8720462560156	15.5016205291889	-1.3123896212045	17.8364070000806	14.1758006802075	-3.08984344704662	19.051817155612	15.2693834520731	-2.72937345965391	19.1393789318295	15.2146444413805
PDE2A PDE4D	-0.981565566160518	18.028666087387	13.8698704009831	-1.69000525432867	17.956446822416	13.4776976969691	-1.52885770144109	18.507228855661	14.4564138325192	-1.30901848352136	18.3884912390805	14.0510392699598
PDE2A PDE5A	-8.30258938395187	20.9345741539954	16.7016261401952	-2.72209897536097	19.2537826224763	14.4055119607945	-5.54142914252318	21.0589531347461	16.2412308470498	-4.8551455432968	20.3614774634079	15.8970015856896
PDE2A PDE7A	-3.37715081491185	19.1118457161165	15.2978676375307	-3.12818864865982	19.7581463436802	15.3714082289053	-12.2658465671255	20.7249237174187	16.6287190883463	-6.64042971849408	20.7122656113358	16.1556864183948
PDE2A PDE9A	-0.631535407644699	17.4464757862556	13.2267163798964	-5.29181473283125	19.9199235830291	14.8875958386165	-3.09129138376497	19.6369348826881	15.4606200927839	-1.828130423407	18.9437678131042	14.4006069840974
PDE2A PDGFA	-14.1379935750028	21.5642850042173	16.5606572718584	-2.49390405306648	19.0945179279015	13.9253791600969	-7.53252065318289	20.4956954810407	16.3060516680242	-5.65724478424009	20.7613460381173	15.7879262792806
PDE2A PDGFB	-14.8949431261054	21.5582423844286	16.7750103377984	-2.56481986500627	19.4444667240843	14.3215149695599	-8.96465283675669	20.8223355174378	16.3825444292847	-6.23736683026509	20.8832019828571	15.9909623430172
PDE2A PDGFC	-3.09185774808716	19.941723939555	15.5784082115393	-3.99192834769199	20.0247588351159	15.3130053289708	-6.24336167616074	20.7305278495375	16.3032586302947	-3.83986242011554	20.267370532231	15.7719657094721
PDE2A PDGFRA	-8.44713661920518	21.1742038461968	16.3647853383981	-3.86961286834701	19.9306104759833	14.8852334174019	-6.38769833839292	20.7493227053441	16.0859288574548	-5.75000192165971	20.7036968444583	15.8331333663431
PDE2A PDGFRB	-11.7484653826943	20.7649549128572	16.23399645137	-6.21658806653366	19.9178376635217	15.0587788454107	-8.88900822581623	20.467376977851	15.8901422680438	-11.6025167155997	20.8938520955935	16.1583124038605
PDE2A PDIA3	-11.1603723431665	21.0285138745257	16.3705308614068	-5.44739133043635	20.2685133394624	15.483158002663	-11.3375059094915	20.9944966442139	16.4747706344898	-9.94508822696443	20.940000980556	16.3478801685818
PDE2A PDK1	-13.6378525234917	21.398913482096	16.4996451259137	-3.5568460139498	19.3147054658831	14.5621766520984	-8.38338186872176	20.6053060712855	15.9336756165607	-7.67785048876912	20.6874523102604	15.8939657443662
PDE2A PDPK1	-4.32502021613167	20.3853798776427	15.6192488316417	-4.6257096306038	19.3392576881562	15.0204793168521	-4.40984817744461	20.3499251737463	15.9540160767211	-6.08213706730312	20.1625207851382	15.7894241946054
PDE2A PDXK	-2.87417329638168	19.5901737166285	15.3260591994177	-3.70457429275222	19.8778628647441	15.0440800683311	-5.31364480846814	20.4424646462149	16.1043789471824	-4.1548752062427	20.0053141545275	15.5328952522726
PDE2A PDXP	-7.71672173242797	20.7956128300349	15.812721828793	-2.62451938389531	19.4143060787644	14.2322057092482	-5.39725108620977	20.648683515082	15.9257534528772	-5.16660273666251	20.4477372102539	15.4172111190362
PDE2A PEBP1	-2.62825236134515	19.5844990739726	15.2707923269709	-1.33737319273593	18.2465448569453	13.9319112593233	-2.34489780669908	19.0970678087478	14.9255020913579	-2.46584566722916	19.2727478345467	14.9541033178869
PDE2A PECAM1	-10.3910461997118	21.0310064420351	16.320361761081	-4.29758492288109	19.9083178224672	15.2267082893738	-8.73774700945048	20.9476431541278	16.7033634998218	-7.04821894264634	20.7607920846659	16.1908935454308
PDE2A PES1	-4.87431064747629	20.0692530527045	15.9867189208715	-2.00920752912733	18.6447199665767	14.1133268727477	-3.26150108702818	19.6523011006172	15.6679528441945	-4.01989040501318	19.8663054505091	15.5182679570023
PDE2A PEX5	-9.57631897652456	21.2487540338608	16.5261037070433	-3.99725625476055	20.3089361503254	15.8352048755796	-7.05301910114077	20.9151620537561	16.4989056602196	-6.09894171878196	20.887482980682	16.3391234799626
PDE2A PF4	-9.78325429685238	21.1675475871281	16.4374991336776	-2.50097195426527	19.823312426409	14.4454427187642	-7.50158652674002	20.760388589392	16.4919170388665	-4.23119070437103	20.8051138786762	15.786670259228
PDE2A PFDN5	-9.88839092195437	21.2410199515214	16.3142527998447	-4.43474275467275	19.5270326276757	15.1267059306445	-6.20788851118045	20.8876503473916	16.0869269749545	-6.82792941143134	20.6882348393285	16.019566645543
PDE2A PGAM1	-4.60470666384901	20.8111824213241	16.1349787696143	-3.56468949147943	18.9765552288622	14.8376920604394	-4.78604680203046	20.0115748002812	15.8431670221821	-5.16312781669378	20.1746103576538	15.858093956436
PDE2A PGD	-6.24008216189326	20.526922055594	15.9171302053331	-2.82146744698507	19.3411785303498	14.5227556777263	-6.05480253956469	20.5007728380819	15.9173127579634	-4.62429770192968	20.113832415378	15.4651094311719
PDE2A PGF	-1.9622618042047	18.6733564732429	15.0957360981373	-2.76785213833872	19.4258955163837	14.7566061778927	-2.47515132901477	19.3639462373839	15.5734950271674	-2.60602005913158	19.3005178066893	15.2642785159404
PDE2A PGK1	-25.5922225891858	21.6831018992303	16.9907549416098	-2.41531846952724	19.0772034273755	14.1167650650819	-6.9284820300643	21.0995449794416	16.2989912647372	-6.55264901340003	20.6520294518903	15.8509483667144
PDE2A PGLYRP1	-4.28772270726284	19.9011159502234	15.5503692548413	-4.79264336092331	19.9236959985425	14.7252886191627	-9.59378549370805	20.7997056330138	16.2720345360921	-5.22103393445737	20.0991039361632	15.44470910459
PDE2A PGM1	-2.30092559312955	18.9030449293703	14.6652517546895	-2.25788358465311	19.3526987272535	14.6491850151326	-3.79670374456517	19.5940700134961	15.6994068813564	-2.879957215073	19.3619029812459	15.0975623331986
PDE2A PI3	-0.206934985094282	15.5288234739355	11.2701241964111	-0.986538726295696	17.6851716238958	12.1870590082289	-0.954913438940483	18.0347806380134	12.9534117828078	-0.751014921012847	17.4699285526087	12.3199697679069
PDE2A PIANP	-1.80431434893	19.5691045765824	13.7484235740401	-2.14509175582966	19.7621815705468	14.4920501345464	-2.48336662842777	20.3577793283919	15.0282641990863	-2.17301359697016	19.8415564397347	14.3605368525733
PDE2A PIAS4	-2.41742318645747	19.4781095510009	14.7977102941074	-4.03731346798099	19.6041231231815	15.4733345447566	-4.00071574857028	19.8134907010038	15.5437142571532	-2.99664298038038	19.7051236143186	15.3382924787181
PDE2A PIGR	-2.95716828465619	20.6012974495262	15.2177891824345	-2.00507307250008	18.8396810087595	13.6523439431923	-3.20474606191338	20.1614547995036	15.1614907114412	-2.71013442571689	20.0545420850737	14.8876453726854
PDE2A PIK3CA.PIK3R1	-3.90349823425095	19.7903305382441	15.359998174112	-5.51011696506519	20.0312908673671	15.1100199447852	-9.11333994412101	20.6132349217048	16.0262533777382	-5.63087823225819	20.3183680739838	15.5526958393636
PDE2A PIK3CG	-27.0360192212187	22.0985908905543	17.2350331302872	-2.96409548137619	19.327854356477	14.7255914564308	-7.29121034018887	21.0647731426883	16.2647809631326	-7.17463671051479	20.9133197089189	16.2250375111978
PDE2A PIM1	-13.8203369148558	21.5836421538635	16.8708529339124	-4.19611806050472	20.0992264243181	15.1347308336049	-12.3261888139191	21.1597213834356	16.5938707023897	-8.21941647214567	20.9449978915604	16.197133848939
PDE2A PKM2	-6.65392423283081	21.1877785040662	16.2942164787201	-2.16272804619645	19.4888647242064	14.4631623650764	-5.44762258960078	20.6124328927672	16.0020682480369	-3.57762598498884	20.3964845363676	15.5866700551435
PDE2A PLA2G10	-8.90148208918792	20.732886185313	16.4203948499906	-2.50941253975468	18.5365251279761	14.1719464002953	-4.48989887588563	19.9204846977287	15.7903937354451	-4.91088977009762	19.8659932963709	15.4582721516847
PDE2A PLA2G1B	-5.42746968921671	20.3054088135354	15.7042184563744	-4.17632886188317	19.4927319727475	14.8866664035808	-6.67994424274142	20.4867367242415	16.2425291023176	-5.68276833166351	20.151561050988	15.6279688120557
PDE2A PLA2G2A	-0.852714528884135	17.8351030166376	13.5384602590717	-0.498872744838863	16.8982811067958	12.7209872591617	-0.751681330433542	18.528948408098	13.8689491032855	-0.800999001295039	17.9003542419635	13.5830401499759
PDE2A PLA2G2E	-12.9195873664351	21.1105246872758	16.6061713679104	-2.2884622302458	19.0184433791997	15.128331259381	-7.29094374535946	20.6248647189958	16.68330508694	-4.99036463456754	20.2993926225324	16.1838601672904
PDE2A PLA2G5	-6.51805851792214	20.0642904543699	15.6776089653352	-2.85499551669382	19.8604375075363	15.1407206777599	-8.59575470233248	20.7456667826751	16.4143404174296	-6.1462912531804	20.6883725151718	16.1699853654624
PDE2A PLA2G7	-19.3538609415528	21.7743597932243	17.0299284986069	-5.56217657399616	20.2077724548346	15.0661159337658	-9.95558436597145	21.1824444907402	16.3816153457847	-9.68941940833368	21.1077915520421	16.3683605033791
PDE2A PLAT	-0.57238556291534	16.7434165699124	12.9372860220983	-4.12566820997835	18.9451856044647	14.2332527866792	-1.35563137137773	17.8053142522376	13.9328921908648	-1.69369031506756	18.0640152816562	13.9023891978853
PDE2A PLAU	-8.79291081983958	20.3924365451689	16.0552649638561	-5.84730103331654	20.0897678077388	15.1926930981451	-7.71299172095244	20.2892846933409	15.8258375487047	-11.4022675724805	20.7544988875208	16.2345584541476
PDE2A PLAUR	0.23826105586888	14.6028413031765	11.3415673963698	-0.245078174170561	16.1994146128366	12.0201464832469	-0.0448413708702267	15.8959357823869	12.3513737712193	-0.0384963287480737	15.5518666150977	11.8819894034814
PDE2A PLCG1	-17.6726458843519	21.2869197826198	16.558106201997	-4.66088663799266	19.8046835984844	15.0706396164237	-7.04710607352666	20.7735314095857	16.2897492378868	-8.52825227526113	21.0996787833084	16.135447893973
PDE2A PLG	-2.64043066348434	20.8943829349471	15.1716441225997	-0.625763797567345	18.0333695085035	12.3107703200578	-1.25809198422218	19.9339987654331	14.1333332705134	-1.50916131557132	19.7590019499587	14.0279861322305
PDE2A PLG.1	-6.82687583509368	20.8228813278385	16.1369434080481	-3.2814805310987	18.8520069142227	14.4991777954079	-3.98206198513629	19.9391318286552	15.8031467729898	-6.16794037137517	20.0951544482299	15.6697137486442
PDE2A PLG.2	-3.57775566043704	19.6923712831802	14.9240251229698	-0.319450492515073	16.3367468822792	11.8216949095452	-1.39594326104609	18.5874983037615	14.1870414842314	-1.32650787247726	18.3559254369823	13.6446214697025
PDE2A PLK1	-4.76320593726451	20.6652914294811	16.0595678737383	-3.36192474343367	19.1820107681411	14.4444090560727	-5.88923436108092	20.3802285845005	16.039062152762	-4.37807948728166	20.1682452232643	15.6212354182813
PDE2A PLXNB2	-4.05192231219298	19.9246305806288	15.3148125732112	-3.62034632611121	19.16810120573	14.9005515554143	-2.72650243617409	19.4354736795686	15.2779656363899	-4.36253987867208	19.7439015564915	15.4994569240665
PDE2A PLXNC1	-10.941629204394	21.4462938171526	16.1828987363166	-3.19954163373388	20.5168659155848	14.7478896136799	-12.5336440620851	21.4445600483843	16.446790545721	-6.35467105773035	21.3236275455031	15.9100421366328
PDE2A POMC	-10.2410881729561	21.1138380936033	16.3118409166092	-1.85119911517072	18.7648729110564	14.3152857950972	-6.15239451359626	20.6282736213774	15.8665055462554	-5.22587061897002	20.3372063379456	15.7611868292725
PDE2A POMC.1	-2.92795878337144	19.3965980204805	15.5121717506664	-3.35607520427818	19.4125010112214	14.4431806780132	-3.52038641702029	19.6115349336356	15.4432277713223	-3.19816294940426	19.6569414718795	15.254933892466
PDE2A POMC.2	-1.24098223898801	18.4655631155881	13.9280271932576	-1.76643756254315	19.0550550195265	14.1483330595784	-1.61444935565053	19.1236964586782	14.6283904609657	-1.66885138853777	19.0227485685053	14.4468322372205
PDE2A PON1	-14.4877949641239	21.4719285971111	16.7237911880577	-2.05974714506168	19.5456629183312	14.5978504696638	-8.16037261878028	20.6138954859509	16.1385561541252	-4.83403307984098	20.664845107222	15.8427438356082
PDE2A POR	-1.11582034991786	18.4190086559167	13.4655310064658	-1.60809166871444	18.887536936167	13.4788949954409	-1.35513603811117	19.290274692698	13.896158718218	-1.3300851288548	18.895016291662	13.7270626224433
PDE2A POSTN	-0.193368104861371	16.3058701800958	12.5402920140894	-0.827715602753617	17.8082302747095	13.1453605035538	-0.45433628729824	17.4655196374302	13.1553872827726	-0.461812261164628	17.1667830466566	12.9622764214887
PDE2A PPA1	-5.2204102116268	20.4792984749488	15.4364393722733	-4.25003386214297	19.6212929317636	15.0792142864776	-4.70152683441429	20.186945598853	15.7114030908269	-5.44975109520833	20.4155617105483	15.7788781621443
PDE2A PPBP	-13.7542783960875	21.6925471710757	16.7250074021058	-2.36438379889184	19.6373311508947	14.1943258232199	-5.8440078231447	20.910537402535	16.3201400662378	-5.36931575508929	20.8738134917819	15.8821900811525
PDE2A PPBP.1	-12.2802169391644	21.6694114722194	16.7839415244153	-2.32632308068548	19.6471439813999	14.242764998129	-5.47479343218883	20.9065655042286	16.3261409688298	-4.52170279960148	20.9088153911421	15.8224283579763
PDE2A PPIA	-12.3733386361824	21.4937206596211	16.8300773587046	-4.28631972679597	20.4768539668383	15.2243180903361	-11.9860571019623	21.4653306932847	16.7823687921533	-8.66525241105413	21.1438265052264	16.2743504736277
PDE2A PPIB	-1.66163554419743	19.4173987763517	13.9008606881957	-3.50547772920044	19.5858396735625	15.0952316982341	-2.86240963313893	19.5850876402566	15.5137274246506	-2.44869908033902	19.6733142130661	14.7920532709875
PDE2A PPID	-5.21749748897611	21.3062044681636	16.1884820061841	-3.21587616782097	19.7591529812456	14.8624020458681	-6.15995374761642	20.7602883516443	16.187799939822	-4.56470960199181	20.7392684417405	15.8080930255309
PDE2A PPIE	-7.18889152166825	21.0359415136216	16.0446395386219	-2.75709246211328	19.7993951964218	14.5186776773782	-4.06049938462881	20.8196544345299	15.7531961846934	-4.67048910311936	20.668031959789	15.5899377178668
PDE2A PPIF	-2.93360223706095	19.9993352043223	15.570366377193	-2.94436133048108	18.8542601561923	14.4669353354407	-3.67745827908531	19.7409212861964	15.7569438999919	-3.6163977181949	19.6127703641509	15.338598504876
PDE2A PPP3CA.PPP3R1	-6.39827984950551	21.1179842047047	16.4102303511618	-4.64890909535597	19.8352762723549	15.0322103607147	-7.602904822233	20.6440061099229	16.1893308342443	-6.91613479130111	20.5430181796119	16.0853042352383
PDE2A PPP3R1	-14.6666620890828	21.7400816181711	16.6395927310449	-2.88290791368765	19.1787725921751	14.226174934457	-5.95480505279662	20.6454373790323	15.7853367070258	-6.74304114815682	20.6955874211364	15.7491957726556
PDE2A PPY	-0.539199697358179	16.5176241079399	12.3845792426229	-1.09384950462864	17.4966710514283	13.3720238702509	-0.921635832210825	17.3293009552876	13.3749292870094	-0.790454853050218	17.2701432779146	13.2968163273342
PDE2A PRDX1	-4.58245321214204	20.0715272908894	15.6585580561762	-3.94475728348244	19.647023192632	15.2949240728698	-6.11120719631501	19.9728889236767	15.9623276104284	-5.58497535076999	20.1160191141441	15.8571453504537
PDE2A PRDX5	-8.1045527977712	20.5043600193193	15.9528422804736	-2.85469860355429	19.1211741710851	14.7173717678913	-3.62914149169741	19.9781431484848	15.5892686559991	-4.8340288336212	20.0152293674448	15.6376088978469
PDE2A PRDX6	-17.906540465257	21.612365164958	16.7885715644874	-3.97925457564509	20.2935140523268	15.1379637401001	-12.2821208809131	21.1656338527158	16.5698018686631	-9.31845179388644	21.1604587638922	16.2805127733473
PDE2A PRKAA1.PRKAB1..PRKAG1	-6.31045412615205	19.645210105234	16.1182649866153	-4.69646531926968	19.7689303550569	15.3719519675938	-9.6589413707785	20.2652882334853	16.5173277460517	-7.78930096840799	20.3823769283392	16.209631823468
PDE2A PRKAA2.PRKAB2.PRKAG1	-8.80041982818878	20.8973980598963	16.5540697005944	-4.6833942950546	20.0202233282686	15.0737820378266	-8.8983883967585	21.1260019960431	16.5379737932756	-7.61234788039962	20.7867049529085	16.1624320201112
PDE2A PRKACA	-2.29315006348292	19.5563019496572	14.9470921744886	-1.40159531337518	17.690398570318	13.3339408554011	-2.59058929957191	19.5655059215272	15.0895671485946	-2.29859104024084	19.1102342853933	14.806954959461
PDE2A PRKCA	-6.06989345223856	20.9649763685287	16.1511586950436	-4.64192487684314	19.7109749519692	15.2354415493518	-6.72477123341724	20.652511403269	16.2430928131466	-5.87775934058484	20.5782479013095	16.0213281563172
PDE2A PRKCB	-6.08627375524266	21.3749961675988	16.1010748737433	-3.50070163060546	19.5449266055427	15.1530411785975	-5.46648893478134	20.5893639662498	15.9636271504849	-4.76046936981658	20.5036077276389	15.8479137505327
PDE2A PRKCD	-13.7786003950061	21.2360435803595	16.54009969466	-2.8158810167366	19.6987014891523	14.5601125554266	-6.52547326118028	21.0568942104906	16.1108803348299	-5.98830773111741	20.7782579410172	15.8543431388422
PDE2A PRKCG	-4.10406805425884	19.8808171117436	15.5698951328701	-2.38351007880264	19.4284365941072	14.695224224399	-4.34567579948764	20.029070994042	15.7737190678814	-4.28845690393874	20.0122178411142	15.573369365799
PDE2A PRKCI	-7.54521689769842	20.9737506532323	16.0164775254114	-5.01722900177511	19.7488031620881	15.2318371450665	-6.7759923073635	20.5569072323796	15.9094777276871	-6.04817239694779	20.5562092904532	16.0069517940552
PDE2A PRKCQ	-20.646316145355	21.7349737258706	16.8606917658386	-4.3399975262073	19.8243471484524	14.8094992508227	-8.05553830699474	21.2753517237885	16.2463220879311	-9.18025356923709	21.0689277458547	16.1988325036642
PDE2A PRKCZ	-2.27217426770385	20.139244846868	14.3528748654314	-2.41660314154342	19.2935162751208	14.3864378651258	-2.77097012735487	20.3813826196245	15.1625001090205	-2.34275664902341	19.9969449442858	14.6311597014199
PDE2A PRL	-3.77086034480379	20.7066140626721	15.6323031308857	-2.39417079414577	19.4453371588474	14.2868485213987	-6.99617345538193	21.1588627508209	16.2232059950583	-3.64126083822294	20.3617930979966	15.2701141823507
PDE2A PRLR	-2.96270465004787	19.3444164364712	15.6668168542448	-7.0556799642075	20.1882514151709	15.3932596819048	-4.87662998497308	20.1088383572327	16.0037926140189	-5.40809092833974	20.1306335857582	15.9524756758021
PDE2A PROC	-1.99905823503342	19.8144682863141	13.9871208559464	-3.8053275688528	20.0072318971009	14.9644175915617	-3.19424560602274	20.6314450444019	15.0760534709994	-3.19874383563955	20.1468893004725	14.9223045488106
PDE2A PROC.1	-13.2173097649731	21.7845173206323	16.8662469215433	-2.58444913412584	19.949154912684	14.6330617201986	-7.05345206532138	21.2966099584744	16.3003734289049	-6.12651362631227	21.1084976742032	16.0952294795448
PDE2A PROK1	-4.08723163060485	20.380837597462	15.8958063015119	-3.8772337992818	19.5716660544504	15.2056812920584	-7.64917145247453	20.4933745543353	16.2458450641009	-6.16380387371949	20.3773700140872	16.0444817437599
PDE2A PROS1	-2.38891168146948	19.4227420189413	14.5106220481387	-3.6321098309375	19.6859570001439	14.9366352793524	-3.85251559822162	20.2912526402919	15.7702546485808	-3.06719179335712	19.8721584474788	15.1013867661944
PDE2A PRSS1	-9.08245950092735	21.8274546441004	16.1417820726085	-2.24522950473183	18.8275177000386	14.3624982182215	-3.7903990386856	20.2584191377471	15.7219349191421	-4.50288302138609	20.4942444233774	15.5216859805334
PDE2A PRSS2	-2.76878694378749	20.2936905559443	15.2121708369228	-1.64923330776917	18.5244440498809	13.938195334669	-2.0990765096863	19.752306562522	15.368904006502	-2.1233170047335	19.6887581417048	14.8917494591939
PDE2A PRSS22	-2.34393530802874	18.9201817296357	14.4382654352041	-2.5589444803773	19.7061629604041	14.7678217099698	-2.31454767291023	19.6665169134929	15.0259344046828	-2.42552993972597	19.6887970097457	14.927686016038
PDE2A PRSS27	-2.91640138031462	20.5455723610112	14.8711955708826	-1.83581137168541	18.6901087199507	13.9539535125029	-2.64817504968741	19.9774948992008	15.045469019704	-2.68900098068865	19.9032681585129	14.7530927519932
PDE2A PRSS3	-8.78117153522885	21.3822203673239	16.2365929170876	-2.66232954908221	19.2228964073023	14.439939288922	-8.50250360638478	20.9356831629755	16.4317418859885	-5.51870399086302	20.831634219197	15.8417828130019
PDE2A PRTN3	-8.86305153350348	20.4106917475033	15.6907640761002	-2.98281606091807	19.4156077248525	14.376863864041	-4.06897392894685	20.13827276601	15.5186038979046	-5.26942468230829	20.1314195901108	15.4509407758815
PDE2A PSMA1	-7.49274510095898	20.7999657273447	16.047814442234	-2.06490778889047	19.7611209716546	14.6553044548762	-6.45249488131607	20.6141300331098	16.0782307694113	-3.72387916369691	20.5405000377773	15.5771433309256
PDE2A PSMA2	-12.090128311789	21.6215576771425	16.6300477789639	-5.90173354006863	20.124154688244	15.5249717572858	-9.13515892060304	21.0927081606861	16.2935002606224	-7.90300102441182	21.1433161326108	16.2883778357449
PDE2A PSMA6	-10.9376614400236	21.1808945360249	16.1283465611703	-2.51773328043521	19.6570941943551	14.5749459315255	-5.24855800885456	20.6979923851235	15.9059559659003	-5.56863315984352	20.6567823301461	15.7137048208493
PDE2A PSMD7	-33.0807274520845	21.6413539269481	16.9678597569213	-4.01345597372906	19.9033880853725	14.9968410484338	-11.8968964520041	21.3407444428598	16.5976832513534	-9.31695761616381	21.1921213234899	16.3308867062428
PDE2A PSME1	-3.46267527936975	19.8121094891226	15.4017721198747	-3.34160958104968	19.0425691929252	14.7285692207511	-3.7121948982128	19.6201061058939	15.4919778019366	-4.4020148294824	19.7419469557695	15.5293469715036
PDE2A PSME3	-0.500818189900453	17.7085730807961	13.5741078089052	-1.12297265939213	17.8341949599605	13.7011559447081	-0.983325704777133	18.4004735224312	14.38420821138	-1.11549491112583	18.2062226766942	14.1403915603053
PDE2A PSPN	-7.35388724820078	20.9167077813281	15.9708983147531	-2.86667392503582	18.8944977053391	14.6307541556196	-5.11611496390495	19.9311604716617	15.6574678190265	-4.62561954679041	20.1174639720092	15.7134071609459
PDE2A PTEN	-9.40749444886343	20.583463966094	16.3213002846521	-3.11765709565215	19.3301312011185	14.4684850824502	-4.6399105379369	20.4564878028849	15.9460624250727	-5.35224822826529	20.3270282286227	15.8066225479598
PDE2A PTGS2	-7.39351288948391	20.8316261809487	16.7842515806676	-2.61905134900789	19.7089126391284	14.8461739248699	-4.47821715973942	20.2820370518601	16.1362425517092	-4.41281727558423	20.3749555220016	16.0850592171858
PDE2A PTH	-3.80267673963227	20.451384617368	14.9227597310258	-1.47461006985616	18.4698954606587	13.3156978710641	-2.25710675174786	19.5679510853763	14.4970906220953	-2.5938108165383	19.7418106375369	14.4570341433427
PDE2A PTHLH	-0.345380392095249	16.6203813354425	12.0757350550375	-0.264922450756083	16.4371770993572	11.6996740176317	-0.626912592908994	17.0390065003003	12.7263548996826	-0.309618581215459	16.7151262306843	12.1798532005595
PDE2A PTK2	-8.60440948139965	20.4044216726541	16.1490479445086	-2.98982200572266	19.3583337464143	14.4438954432964	-5.31195509707172	20.3436733832916	16.0083585109683	-5.36219339437485	20.2475237997071	15.835235279363
PDE2A PTK6	-2.19788110623945	19.4919503246663	15.0585591213485	-2.2591695520113	18.8990269959803	14.3025251073547	-4.54376697529381	19.849557523263	15.821403727223	-3.2135478923022	19.4458261600102	15.0893765353128
PDE2A PTN	0.716523009851492	9.95556066288407	7.13806012405942	0.656021379451961	10.4722777358853	7.56821011503607	0.607766665425416	10.9885445599618	8.09804575542358	0.667961266387946	10.4999341201402	7.5554256529446
PDE2A PTPN1	-1.98073329114349	19.6484247885105	14.9157413987511	-2.73533871888228	19.3984505196731	14.3825040745825	-4.51722712647393	20.0777728561026	15.6536388696795	-2.75494855270665	19.8382211330568	15.1413534559382
PDE2A PTPN11	-12.0335304435853	20.9154504248891	16.7791646864202	-3.48427697326765	19.4146535784923	14.2063546175382	-8.63801045549416	20.7454511464713	16.2875503921178	-7.2315362532047	20.5018947690636	15.9270847503448
PDE2A PTPN2	-12.6804588961773	21.5143380344438	16.6217357377052	-6.25879999965576	20.5073218637081	15.5335986654909	-18.876011637241	21.3286185740475	16.8476415515595	-8.93155834455986	21.2436074924595	16.4188900152542
PDE2A PTPN6	-7.30977222953833	20.5935129533322	16.1662470994038	-3.83578141884913	19.9912038138994	15.0622527311135	-6.04414900645518	20.7484134851756	16.388458599374	-6.35151874929655	20.6324885325157	16.0657008818056
PDE2A PYY	-4.49098102310558	20.1916726320296	15.7705678519968	-3.05624319550895	19.5863599595667	14.7997887957577	-12.6492525591907	21.2104876264773	16.7743689053271	-5.4472058550596	20.3354665130365	15.8102771710871
PDE2A RAC1	-6.27860048809492	21.0453870528664	16.0295245046597	-5.61901789662294	20.0534313414792	15.328193594679	-6.60830993847012	20.7773408197847	16.1523476405677	-6.72438728239015	20.6088707164022	15.9097223780862
PDE2A RAC3	-12.6177325842448	21.0142566785904	16.4319337457827	-4.18792608064325	19.7065422702249	14.705759215473	-7.82655359076838	20.900779602031	16.498125807809	-7.5786657363812	20.5608907896693	15.9091799626687
PDE2A RAD51	-11.65872314494	21.0936862196497	16.1230486187797	-2.4696920474263	19.2235149385254	14.5406521539582	-8.20712803372222	20.7661676675558	16.2547742858504	-6.96437495202565	20.5360149285006	15.8638180240828
PDE2A RAN	-5.90855787061969	20.7247036017965	16.322949433491	-3.3064557050506	19.9347797025689	15.2441170121256	-11.1367940746739	20.8403610383353	16.5813484443905	-4.7591118618358	20.6200971360695	16.0957044892863
PDE2A RARRES2	-0.805212577599409	18.1267729101909	13.9073604083294	-0.548188133344354	17.1764371017487	12.8275479250635	-0.947811369509899	18.0226007819288	14.0213824802509	-0.915195176433576	17.85510840079	13.7100639120385
PDE2A RASA1	-7.01760185567766	20.6086615724981	15.6294559960022	-4.82006480206524	19.5760448009387	15.2561621127435	-5.12407148542209	20.3222810153273	15.8277646797175	-5.2696780430982	20.3073649411613	15.6095412091531
PDE2A RB1	-6.59820541907087	21.1271871305376	16.2242074797814	-3.52035806851278	19.5451180562444	14.5041971545457	-6.45110149770892	20.9701071410611	15.9628842342493	-5.67613761222482	20.6151457954095	15.6807470224172
PDE2A RBM39	-1.75607802061107	20.0440101283825	14.6478727629306	-2.389940085127	17.9962172916981	14.3425972023588	-1.73792191001877	19.7383780143495	15.1684175606996	-2.0744586619148	19.6300656933984	14.9777224576384
PDE2A RBP4	-23.2153219487214	21.709062430265	16.9684194199627	-6.26723410531274	19.8184154464828	15.673396832584	-18.580185915555	21.2211795191006	16.7466042569191	-13.0790699206629	21.0204086526345	16.6011908992609
PDE2A REG1A	-0.735428380255562	17.7150940704614	13.3442078370979	-0.511391966722831	16.8408127755388	12.5461538393992	-0.492691277633064	17.3580662428592	13.3456868005966	-0.623130760415405	17.4399056710164	13.219738848604
PDE2A REG4	-0.387059660877986	17.0880290028574	13.1794712491203	-0.925342501892278	17.7026505933921	13.3762315469595	-0.7585008507066	17.5825934638604	13.9095150375074	-0.798181484762187	17.5962889119777	13.6045636869154
PDE2A RELT	-0.197559086204772	16.0551150636783	11.4038700358339	-0.212320237540283	15.8386698308691	11.0965921426132	-0.367577484008135	16.3453852006772	11.7679021680069	-0.230232856714216	16.174617632387	11.4979120158253
PDE2A REN	-2.224600418734	19.3026505076055	15.3605531073424	-2.31842487969009	19.3703994975771	14.4365494375266	-2.59501633462938	19.6634295904759	15.4257144734966	-2.34859242905784	19.5463112839083	15.26327185783
PDE2A RET	0.442363998797626	13.3740838502617	10.0346832236106	-0.749000689974789	17.0928273907939	11.7337475832635	-0.198861326055995	16.2236134529615	11.822443547305	-0.014871875479785	15.6014126003368	11.2470354340591
PDE2A RETN	-4.20403328770191	20.7021924813462	15.9626487298508	-2.13824702165977	18.5467309927851	13.963491877099	-5.51837187547702	20.478060746299	15.6680394497496	-3.08241624204351	19.858065864901	15.2602754605974
PDE2A RGMA	-0.697759579229188	17.7863647778403	13.3261625074721	-2.94270158569402	19.8912921282864	14.5537408562344	-2.41783136237254	19.4152505939638	14.8007677291054	-1.57789950275193	19.0590549157295	14.3437084217502
PDE2A RGMB	-2.9852991849209	20.0644979852245	15.4438151485698	-2.30893481431296	18.6304530841551	13.6244845992206	-3.00514314372253	19.8927079103852	15.31863584364	-2.74936682118278	19.6805146344151	14.9977671306834
PDE2A RNASEH1	-10.0143969919557	20.6013031275398	16.2133358048022	-2.09391165246787	18.5904359195565	14.1522883188473	-5.87599847052824	20.520382126361	15.7403971417647	-4.2660842551539	19.8646076527579	15.3775891278573
PDE2A RNF43	-4.94148398785127	20.422593093106	15.9374809673566	-6.02116800292442	20.6172152549597	15.6559442475204	-14.9429382158458	21.2211331069949	16.9722354583407	-7.06547745036197	20.6966789627482	16.0807438407699
PDE2A ROBO2	-11.2237491693838	21.07160615344	16.2931301163836	-1.83447504813271	19.491799270392	13.8445520645018	-5.2091033733625	20.8549892292429	16.061209014405	-4.38119061292452	20.5303752760404	15.3547024556409
PDE2A ROBO3	-10.8835459637713	21.3602289290629	16.6535615971381	-5.36885440331709	20.1099068207962	15.4546575102133	-13.5052116626536	21.0009550225486	16.7681522212753	-10.7493512010441	20.9412761549476	16.540770568427
PDE2A ROR1	-0.623463343083211	16.8831414205467	12.9089377250851	-0.966870210669005	17.8747898201236	13.209700176691	-0.785271519343074	17.7215667867244	13.5302487288791	-0.780269267839109	17.455443997195	13.2828218667181
PDE2A RPS27A	-1.61811874089473	18.4864018602496	14.5754308270954	-1.77907039648741	17.7046441703785	13.8365914420861	-2.12140318118189	18.3176044203298	14.7009243022657	-2.00608558008973	18.4207025174793	14.5740436919721
PDE2A RPS27A.1	-1.47138016609057	18.9463094509023	14.4149842572478	-1.76879210755449	17.8454060739296	14.0219541284447	-2.02942556238887	18.409389830051	14.7393301577033	-1.60778485276037	18.6475686471089	14.5486254172696
PDE2A RPS3	-10.9087624010336	21.308032057109	15.9018307524508	-2.88054242608634	19.5113114046918	14.4775594317645	-12.2346337575728	21.2810228274479	16.5390931134184	-7.16677121177528	20.7878889509817	15.9473805571237
PDE2A RPS3A	-3.2401816316482	20.0210690948544	15.6182472037024	-3.12854927744683	18.9691415590285	14.5411314637955	-6.99967062990805	20.1432735301196	15.8607023408464	-6.1999380533674	20.1574367503876	15.7013360248997
PDE2A RPS6KA3	-3.01437866602022	18.9833530738603	15.0315381402193	-4.00345787941097	19.7379577617398	14.7521175574917	-4.15230121511497	20.3232215925461	15.8814947588037	-4.09591759504283	19.7749202939038	15.3520688530386
PDE2A RPS6KA5	-4.02754866748572	20.5595452860537	15.9972117983624	-2.14992825805032	18.886950663394	14.3499888140407	-3.73490464260922	19.8967681864145	15.59119966254	-3.41763345488149	20.0493683001553	15.4329067699159
PDE2A RPS7	-13.5094326591409	21.1708306542296	16.6129571292197	-2.92392448620508	18.5251552201539	14.6648009964193	-8.06379856300468	20.3663198290403	16.2788946217743	-7.35571877448901	20.2397029751292	15.9579097990695
PDE2A RPSA	-7.54783565277619	20.6980099994561	15.6454750491492	-6.13234767285504	20.3934685796476	15.5563055429646	-8.32320218628227	20.966738283363	16.4382328128419	-6.09810143380828	20.6388500277311	15.7728783097044
PDE2A RSPO2	-1.83166179535955	18.7612172057305	14.5418338478081	-1.87127987652905	18.3541532921415	14.4394231951805	-2.53500122381815	18.9394749599183	15.2069188638908	-2.19566772298489	18.8073993950736	14.8206823113712
PDE2A RSPO3	0.466892428843083	13.00216667421	9.44858920070247	0.183109702202087	13.8589473082832	9.80632360728039	0.395664703713418	13.2920151739365	9.7905483887899	0.366730336599845	13.3162919816341	9.77364837429718
PDE2A RSPO4	0.292668036556093	14.1157089449268	9.82233396741861	0.317183124250564	14.1297320517655	10.8734697384986	0.298004544017876	14.7872877394885	10.91777111073	0.315220073255975	14.4269620146146	10.6606454754767
PDE2A RTN4R	-9.86660760964758	21.3255661440373	16.9209721196658	-1.61244846878921	17.866036468868	13.6389551554447	-3.24779600157364	20.2744512493582	15.7578685302418	-4.97665690052232	20.0305858748648	15.7932516049263
PDE2A RXFP1	-3.18714836968423	20.3594893818095	15.2704868479662	-2.93041568508092	19.5804789070069	14.7347252588067	-3.68782330950423	20.1173572629991	15.8118912588899	-3.8439730703896	20.0685979907078	15.3187699289516
PDE2A S100A12	-4.59383950969698	20.4979939235781	15.8163122413578	-1.58512922713626	18.9474996013245	14.1406498977362	-2.21973734933684	20.3708420330267	15.4958831456606	-2.68140661364899	20.2844561017299	15.5797016876612
PDE2A S100A4	-26.1652236522026	21.5412266674334	17.1742182107999	-4.21288843199769	19.3294063757581	15.1131674046059	-8.92355686179754	20.7624950579662	16.4303395148941	-10.4225825072947	20.7274451183834	16.3898150206177
PDE2A S100A6	-15.4398435738095	21.3596824583006	16.6561262910681	-2.20077620164518	19.2098408562128	14.2234915055985	-5.78641636759395	20.7512569265733	16.1062630185548	-5.95570243488502	20.4716102124321	15.7409451467178
PDE2A S100A7	-9.3897633906399	20.5010712362258	16.0874460658623	-2.8163237036402	19.5495261236555	14.9925096106758	-7.71105020198	20.7416084828152	16.479021600748	-6.22032937376438	20.3135523579017	15.8984884139655
PDE2A S100A9	-0.469227796403514	16.9782519520906	12.9376942843879	-1.15272719843933	18.6710618070442	13.5035090010072	-0.928660707491176	18.5080750307026	13.9745555418058	-0.829462841204634	17.9703182063733	13.4371535465057
PDE2A SAA1	-3.04131550599247	19.8799651566266	15.4028080850731	-2.81882157181149	19.2549055499986	15.1028796258863	-2.65073905907072	19.729622040295	15.3676209498619	-3.05673297708032	19.727728956355	15.5047749506391
PDE2A SBDS	-8.31388570187541	21.3451398798683	16.2946932052296	-3.13822083690035	20.179214974038	15.1439894865619	-6.0302145966426	20.9245295937192	16.0668206601448	-5.30814194188353	20.8062607676583	15.9727043723366
PDE2A SCARB2	-12.8273372484935	20.576085679312	16.5966694738326	-5.35991755080607	19.368816715308	14.6950161071181	-10.6279716513825	20.7375442142561	16.4411747871553	-7.97168352193618	20.5173840402738	16.1922994640488
PDE2A SCARF1	-0.874048890029044	17.3947063129228	12.9078279142069	-0.612548325198572	17.2136597801877	12.5571106465491	-0.573323484943731	17.3968360502579	13.1630841931393	-0.742299543104162	17.5011452153576	12.9943547022059
PDE2A SCARF2	-5.13224494126882	20.3016119881603	16.2983161575912	-1.61453414185716	18.5322849807337	14.2891009144075	-3.3978025981214	19.7374343698448	15.5359011716542	-4.44338010179197	19.9421131241155	15.714961445601
PDE2A SCGB2A1	-8.2768102123072	20.4158809256211	16.2148106792866	-4.3918020165312	19.3121980161797	14.7704954837131	-8.59082977922158	20.338582623696	16.2282020759482	-8.37303968743045	20.3211028211807	16.0464391474213
PDE2A SCT	-4.3689499875038	20.9973040671541	15.8944086578851	-1.44368916690399	18.9161582666865	14.2799327913765	-3.07694073386751	20.3174634148572	15.8391038133717	-3.16103906076769	20.188939906434	15.4167481111695
PDE2A SECTM1	-1.67724979884667	18.9547552169808	14.1794215559729	-0.745085627716061	17.4051540380312	12.9568110583138	-1.2771380618447	18.5653479671057	14.1217666770882	-1.05143465843456	18.5776960071637	13.903427572972
PDE2A SELE	-6.90372174445554	20.8224845635802	15.8471279178007	-4.40720932263026	19.9024499673145	14.5782576143479	-8.56651725147368	20.7537056452926	16.1856619189198	-4.79997151516737	20.6939887077997	15.5570516468488
PDE2A SELL	-3.69995964693085	19.9618578406523	15.8349967433938	-2.20059715017709	18.8864689534152	14.2732233729275	-3.96297752886789	19.7533412967023	15.4472709822868	-3.01516032445963	19.6802250424955	15.347318484814
PDE2A SELP	-27.4800649642532	21.682521918169	16.885543074772	-3.56027677578722	19.4754593425983	14.3968979340529	-8.19986092301396	20.8260190234463	16.0974541946399	-8.98357291307597	20.9535892310774	16.0961736568922
PDE2A SEMA3A	-8.53917186269972	20.5122470045154	16.2078988753813	-3.52997394386519	19.5506582268147	14.8065575567539	-8.02395728754266	20.4096262856773	16.0485618669656	-5.65639998543653	20.2807764535656	15.8367525127876
PDE2A SEMA3E	-1.09509496104031	18.0199954320316	13.832352810198	-2.13843309449941	18.5612222463386	14.1137460560668	-1.60154339526911	18.5524540147127	14.654968571869	-1.82193921038778	18.7558200286557	14.4116962376917
PDE2A SEMA5A	-7.33235410945225	21.6747115875799	15.8207887129553	-2.36561036735146	19.1399370603824	14.4493574039284	-11.2300217729636	21.4601003118902	16.2928863555906	-5.19686612793372	20.7648561770232	15.5183040695475
PDE2A SEMA6A	-2.32428858281383	18.9068808022496	14.6087201740546	-4.26065843271595	19.6892014594723	15.0398669131227	-3.92479336318805	19.6773378773918	15.3234650812435	-3.70792160202276	19.5601129791985	15.1475292785173
PDE2A SEMA6B	-15.1403901276043	21.7209110371034	16.6210252825148	-4.17672810721268	19.3362366157071	14.9098018797991	-10.1281791011022	20.9089000788853	16.248115931402	-8.90591602127836	20.8681703116862	16.0556352736424
PDE2A SERPINA1	-0.248476733295176	16.4099044026188	12.967225612218	-1.23205601719238	18.2314695681802	13.5982997728243	-0.675995093479399	17.6331010919536	13.9841713747347	-0.627515319193503	17.468524644638	13.4940541190419
PDE2A SERPINA10	-4.07630451853822	20.8379418648939	15.2814181915529	-3.82844533865647	20.1752399600132	15.0994045805257	-5.32357982599019	20.7307872334152	15.8610648829214	-4.35949529018525	20.6003092304417	15.4025664591944
PDE2A SERPINA3	-4.91117739410359	20.7997028905562	16.0878078412286	-2.88960058670676	19.3784219374072	14.3539041597468	-4.27045814257071	20.4286387752552	15.8486674748546	-4.48012753955488	20.3509590447596	15.5853919410861
PDE2A SERPINA3.1	-1.35013797667837	19.0564972035977	13.8456456418831	-1.38345230819124	18.3362104319496	13.5574810838956	-1.51623461565731	19.2344295974627	14.1764054024144	-1.38825796959852	19.0438002470908	13.9592885623225
PDE2A SERPINA4	-4.93387885153649	21.1266795246688	15.7761211331565	-3.77651716053198	20.315161463477	14.9819349297268	-5.46828927755427	20.8972662081561	16.0252666862044	-4.47926262746841	20.9658342478357	15.6971412638051
PDE2A SERPINA5	-8.25152811652303	21.1042811104221	16.4042999307732	-4.71086150026077	20.1713923816619	15.7878919711924	-8.16458878548482	20.8394985103325	16.5848930072691	-7.41816365148316	20.8562403321487	16.3541296285086
PDE2A SERPINA6	-2.19807615437487	18.6265124924576	15.3428326266318	-3.53150391314325	19.8070782663379	15.2423717703464	-3.92652934336512	19.6507724840964	15.7353720761866	-2.91631878417504	19.5577971926844	15.5961287722336
PDE2A SERPINA7	-10.1637392767428	21.4793212272409	16.27229871068	-3.8450513719689	19.6476419763572	14.6067330949365	-10.7070728531443	20.9436454533426	16.1578044804292	-7.73800003125681	20.8549436980264	15.8614780067908
PDE2A SERPINC1	-1.08206359763074	18.1543536722287	13.6001671802906	-1.73911999213802	18.3021623023134	14.1266006253386	-1.62265916235894	18.5390214742698	14.3565146495717	-1.43430689860979	18.5732393310468	14.2411249998587
PDE2A SERPIND1	-13.9445134340632	22.1798633448381	16.5970337574205	-2.78698853223265	19.5853234275802	14.2738698978223	-4.57566448078261	21.1179680424506	15.7231291129694	-5.53410916631209	21.0278289478882	15.584998667376
PDE2A SERPINE1	-5.89579887255613	20.5601555930423	15.549472402054	-4.90511145839945	20.4042120629878	15.4006463321768	-10.9728979865952	21.1780922527145	16.3451284439986	-7.90231570683532	20.9046011141834	15.9763645537394
PDE2A SERPINE2	-9.5541945637483	21.3881272782481	16.4256779415527	-2.24114476853663	19.2856224815257	14.3689486165455	-6.0477649495179	20.6550599298502	15.9577341531904	-4.3722947919701	20.5888100370885	15.652375225905
PDE2A SERPINF1	-10.8930354551592	21.2425222472837	16.6189881989015	-2.43497030376868	18.8585695690832	14.067094422277	-6.64970520379383	20.6601340923416	16.1137217431186	-5.72551422989214	20.5030947953241	15.7618389398664
PDE2A SERPINF2	0.28337418469808	13.4227825016557	10.2953792876201	-0.502944525084953	16.9162100213017	12.0692577286399	-0.150469896349836	15.8254591020706	11.8409339606976	-0.134877615790092	15.5185011737133	11.5098212349525
PDE2A SERPING1	-8.41530492189754	20.92475772284	16.546424907495	-2.48000013269136	18.7542494233203	14.7496180147152	-6.03182580387048	20.2806989698046	16.2376828644625	-7.4947556034517	20.3205465033578	16.1110270830443
PDE2A SET	-3.48149588684078	20.5847707963704	15.9858018233513	-2.05905040579823	18.7290014241801	13.8176201010581	-4.81990049727504	19.9171713314414	15.6516801317444	-2.9452101615722	19.8739507984609	15.1626823397907
PDE2A SEZ6L2	-4.84039072382201	20.1048250500755	15.2386855544424	-3.11308447514556	19.605727916922	14.4493763628187	-5.194406773986	20.4241324415999	15.6939626343832	-5.15097622782451	20.1941681799074	15.3003865465147
PDE2A SFN	-2.20159583554026	18.698056972438	14.0659639356236	-1.80200378175078	19.3942605745341	14.5570248160834	-2.43685493654648	19.575143526161	15.1146968745075	-2.19277375879507	19.2132716561646	14.6855898427661
PDE2A SFRP1	-1.11421888810203	18.8439780523139	13.8528472003568	0.0583068630020614	15.8070107024886	12.0753736974787	-0.515450114259522	17.8547515782918	13.5002242048943	-0.452661212253352	17.6823554115952	13.2893505985565
PDE2A SFTPD	-2.8835596046751	19.2594948165282	14.9517161860595	-1.08773621162706	17.6841552587859	13.759478554874	-2.47505416429029	18.7515927460241	14.872781421535	-2.16677166448966	18.7413937295998	14.7208736047272
PDE2A SGTA	-6.17963548217824	20.4575667696685	15.8781204965032	-3.7004840505888	20.1611531865064	15.0313407067286	-9.25501756457737	20.8376429853351	16.2938721453112	-6.25693550769583	20.5197332102749	15.8734769218744
PDE2A SH2D1A	-3.59806208998716	20.2787127457785	15.7060626483979	-3.82458593081442	18.9501765506	15.1186666544198	-6.91007033931449	20.0700702987676	16.1138393242949	-4.0140464702468	19.9845620305625	15.8245639517731
PDE2A SHBG	-0.581218705116296	16.6085705552961	12.7704514722686	-2.14138397378599	19.3002041840938	13.5843199628589	-2.39124345129718	19.4839981394182	14.6521143387751	-1.41428971081661	18.4151567015393	13.6509963581672
PDE2A SHC1	-16.5320742326092	22.4092320371494	16.9331856873499	-4.52723689370136	19.8762657634737	15.095072802322	-12.3333025377431	21.3902555167487	16.5988189374349	-8.64252977625236	21.26154721935	16.2876346937725
PDE2A SHH	-0.68455815946023	17.947704914048	14.4419417795231	-1.03753038985881	17.7629259699213	13.6188917455202	-0.895984931345431	18.2299672555625	14.310151858381	-1.00431395494837	18.2435865871088	14.5041550117894
PDE2A SIGLEC1	-3.21206406776093	20.1918444616184	15.7386362008693	-2.52642414325481	19.2975041779332	14.5908614414656	-4.82583891589314	20.3751775894117	16.1138399857513	-3.42590710683682	19.9596924395162	15.5405716924653
PDE2A SIGLEC14	-8.68345852064468	21.507367573661	16.6866016277112	-0.500870546013463	16.9222133979441	12.723821242472	-1.75713241756547	19.5372304262285	14.9916559084366	-2.48903566813071	19.4997961522816	14.9256122186508
PDE2A SIGLEC6	-4.73966639195563	20.2435282898325	15.8687630224028	-3.54239784317259	19.4837697526949	15.0006900177289	-7.72221784191889	20.3458281332295	16.1980861088353	-4.74891191346368	20.2731025101043	15.7836604399251
PDE2A SIGLEC7	-13.9560558326756	21.5018389172756	16.4200313913303	-2.45574011117432	19.8536828766988	14.5938146527506	-7.6849408207588	20.7084053888606	16.4062140509547	-6.11333022635218	20.8003828908587	15.8442514151388
PDE2A SIGLEC9	-14.161010344434	21.1693213083756	16.6747271652189	-5.95974382904307	20.3611237358348	15.8143694769082	-14.1112940086291	21.3326950832489	16.9132581630151	-9.9702817586419	20.9536050526447	16.4246042607182
PDE2A SIRPA	-3.76586840355397	20.2784277666811	15.609087584068	-3.16394983975902	19.8595776711613	14.8731260120109	-4.3061357873624	20.2270705946138	15.8487841264645	-4.06672336408557	20.3538504344457	15.6111009672945
PDE2A SIRT2	-9.07986750592755	20.8084509927107	16.3956042099668	-5.02097154590765	20.0266397227546	15.2260217519394	-8.54592191251379	20.7163315652885	16.2941479252119	-8.40136107997293	20.9232645539801	16.2651637367577
PDE2A SKP1	-4.00080345485763	19.9465236484325	15.3477586610453	-0.889555235418037	17.039906242226	13.3092695936566	-2.5488421752657	19.0308546886171	14.9350204046563	-2.35600502717404	18.8950543429599	14.7567391613672
PDE2A SLAMF6	-5.70628938315058	20.70917294237	15.4425422683617	-2.19854369899708	19.7257055012111	14.3114611384098	-3.93330785157306	21.0973153142872	15.6371776339103	-3.96458683953621	20.4096151324254	15.3252528769742
PDE2A SLAMF7	-3.697901735632	19.8157988181158	15.5547348584531	-4.89127581036652	20.1371190641829	15.3447299653727	-6.73407310034307	20.475339298104	16.0441636989895	-4.49011272133848	20.2993332534747	15.822343986214
PDE2A SLC25A18	-4.73550798119709	20.5215373983616	15.6782630892948	-2.76917976109355	19.57085194721	14.6948986941881	-2.99907270818136	20.1728610684779	15.3161253903542	-4.41777212410358	20.3160786588628	15.581645143665
PDE2A SLITRK1	-6.44067779540656	20.4790129232446	16.271865446331	-5.16304083311741	20.0034543387523	15.4471060479768	-7.88460323399388	20.8351926239753	16.5909158571523	-7.03776580377211	20.541190686266	16.1386375359811
PDE2A SLITRK5	-3.41912811866858	19.6973245972833	15.1938620836275	-3.87820978600151	19.5085970936904	15.0254336205725	-6.07863001093727	20.6275423740829	16.2367961710174	-3.8028225767402	19.8195851739432	15.4238459216558
PDE2A SLPI	0.244720235490855	14.7680124065927	10.5203358246879	-1.24280247984212	17.7998166578507	12.99768436692	-0.443162818654236	17.0608892167699	12.8342224110515	-0.295791779075708	16.5967757877207	12.1041959282227
PDE2A SMAD2	-8.58559023380703	21.6590727557542	16.4184940075165	-2.86572472275698	19.5949561408229	14.77232907787	-7.43827035846221	20.9688335273698	16.1832888096948	-5.32955110372722	20.6568553365805	15.8938356231333
PDE2A SMAD3	-8.99185146742453	21.142271081224	16.0273521268569	-5.60556705669022	20.2968399872734	15.2071797941138	-7.87634301272509	20.9562128272654	16.0119162176267	-7.35396318427243	20.7969260981712	15.900212914042
PDE2A SMOC1	0.347617518161475	13.5778118054691	9.66225855418904	0.174648722388435	14.6127908196585	9.81808609460869	0.247180432516373	14.3195826974323	10.0905031189295	0.254063652203142	14.1711124207331	9.9507987548548
PDE2A SMPDL3A	-3.70527679316125	19.601652024413	15.8802569185219	-3.04202017479528	19.4230007248166	14.9341897963718	-4.87379608020903	19.7621645420739	16.0386382373815	-4.16512616525968	19.712457144095	15.7739214649478
PDE2A SNAP25	-8.1135560410269	20.4208326632718	15.99022130545	-3.53633517519001	19.9997360246435	15.3152595489496	-9.4662491871811	20.5934980156159	16.3595618321484	-6.61719948307193	20.5849656754706	16.1120396644294
PDE2A SNCA	-7.33605053956184	20.849486696949	15.9636441008168	-3.61114055303552	19.7572879544833	14.5011778023052	-5.18726422441795	20.8010732670042	15.8535145778177	-4.98847753199297	20.6628417766301	15.6166806476548
PDE2A SNRPF	-7.98376359536151	20.312124786153	16.2678550489688	-1.35847625469644	17.4520933152793	13.4389931768509	-3.82636540003713	19.5960713135816	15.7265255259955	-3.51569519022324	19.3746210591295	15.2655933450332
PDE2A SNX4	-6.55098449166139	21.4015211032633	16.4624944135225	-6.2235331862819	20.3999763844724	15.5304736077406	-10.9480228269208	21.1788789375538	16.6797352203971	-7.62809407457333	21.0291845505987	16.250210921306
PDE2A SOD1	-2.19649197987346	19.4819584663964	14.5960003758661	-1.02330209188541	17.4926128387786	13.0323315782085	-1.67529684852838	19.043116711356	14.3642269640171	-1.65013200379694	18.7038592752197	14.2074604575568
PDE2A SOD2	-1.81913985873182	19.4376846833944	14.4871418201735	-1.14943005282139	17.7872623152018	13.1967940436461	-1.24542014708281	18.7406168723561	14.1900193755461	-1.64697711743117	18.9063682265558	14.0660829354295
PDE2A SOD3	-0.647213427963631	17.6449827410607	13.9274103378329	-0.999040381625272	17.8076772707927	13.1071189460095	-1.07123017258686	18.5435748529632	14.3782436991777	-1.14156140447498	18.125892303463	13.7948002399346
PDE2A SORCS2	-7.53142785866732	20.7569152626572	16.341608113712	-2.22905627543158	19.1824573814894	14.0748536093537	-5.80821662385906	20.7303979923	16.051935577551	-5.32875095539792	20.2812293250232	15.6302391602788
PDE2A SOST	0.448749841480262	13.7426860139933	9.92717029876297	-0.0974639363301266	15.5564762794875	12.2056217711633	-0.0230713167207834	15.954292919444	12.428978526227	0.157503724123559	14.9935153923648	11.4959989834729
PDE2A SPARC	-11.5550372007122	21.0988493424102	15.9658347186116	-2.66195060063018	19.5556543838402	14.6630319808495	-13.1343680002692	20.935764341727	16.5976665257521	-6.82189944358331	20.8880110101459	16.0142969057807
PDE2A SPARCL1	-2.15466111857881	19.6418453136246	14.9440462365203	-4.97776522125582	19.4516541500725	15.1756889979762	-5.41651158207483	20.2254568372913	16.1811750972107	-3.47462629879684	19.8354412071013	15.4234158648487
PDE2A SPHK1	-5.90179117719513	21.0467926290408	16.1600711666065	-3.84733273053288	19.7701354743419	15.2149039061821	-7.77605207014392	20.762769210251	16.2877143598169	-5.40400722167046	20.6134882011658	16.0286471128054
PDE2A SPHK2	-15.6207860761711	21.8454251450112	16.8608489105806	-4.18767513126598	20.2702542033969	15.7062054941334	-14.9949463600778	21.4138080684493	16.835625411224	-8.62192817072472	21.2427280390684	16.5852270914451
PDE2A SPINT1	-2.3531204664832	18.8193223888108	15.0033027023677	-0.839572664640794	17.6964770495461	13.6171024645182	-1.6207039899115	18.7858390417508	15.1716501577525	-1.70294580523748	18.5899936745228	14.6357962878108
PDE2A SPINT2	-15.3541978964291	21.5203364874232	16.6631588608603	-3.6162491461029	19.4411940738362	14.9011412779455	-7.42095894639515	20.6779217769283	16.0939673473892	-8.49013001228234	20.8559277994305	16.1386221185316
PDE2A SPOCK1	-8.85685340789904	20.9908135235739	16.1677309803125	-7.62056643720509	20.3557229881352	15.4999986235334	-8.90376741482893	20.9534717366177	16.4940491786776	-9.35061642050906	20.9013503903187	16.2107778202468
PDE2A SPOCK2	-4.93248633111896	21.6227487931493	15.6790007436121	-2.73665600053797	19.6713457115406	14.2367293697557	-4.45863444182158	20.9065737468456	15.5281559839184	-3.51324178463059	21.1189583251757	15.2592894676391
PDE2A SPON1	0.310939870222985	14.2984187485178	10.8558677189595	-0.0968578814494589	15.6414231278797	12.0054009104543	-0.112570042890767	15.9789956256014	12.370507773485	0.0720829201414998	15.3467290265982	11.8090145726259
PDE2A SPP1	-3.03027271319465	19.5893556889446	14.7418076131329	-2.9337027922094	19.5031236031384	13.9670339819246	-2.44264478340851	19.8198065811516	14.6123246574445	-3.20351626683078	20.106660942813	14.8169688167175
PDE2A SPTAN1	-8.11628256039995	21.5771460224384	16.764091867357	-4.29483462638379	19.9351272806402	15.4911316702481	-13.2707516220735	21.2182110897773	16.8008098355828	-6.8194998506432	20.9630830715972	16.4088340274446
PDE2A SRC	-5.25219349394028	20.7357406158747	16.0627138966571	-3.75682345553657	19.8066949031613	15.1978965779679	-5.0500189830976	20.5784077693117	16.0917583330602	-5.08203459248874	20.3534672747934	15.8583222620039
PDE2A SSRP1	-1.97663316795704	18.0990846586199	14.4087308031995	-3.24001916223994	19.5642410038307	15.3681978985545	-2.5936953589749	19.2156947314245	15.5226424640976	-3.10162903838914	19.2414139954541	15.3804462634582
PDE2A SST	-0.0492232854393602	16.4734153832018	12.7740515864379	-2.25418823830459	18.7249891850737	14.5419579413458	-1.38948456754268	18.8304723178885	14.8419921888093	-0.800690681506119	18.0534639871213	13.9161378965182
PDE2A STAB2	-18.1062780366919	21.5729715724757	16.724929006166	-4.59179159372594	19.9148838120166	15.3278850870024	-11.4722606876067	21.0234279340408	16.3514316927487	-8.80557920930829	20.9078759293751	16.2714663211655
PDE2A STAT1	-5.94110278852442	20.9356627404556	16.3565285188984	-1.80040953444824	18.8320390965252	13.7622602037286	-2.94270783327326	20.1901939703371	15.3069090999827	-3.24504297374357	20.2782035663029	15.3083349375744
PDE2A STAT3	-16.8053968270494	21.725550623776	16.9022686274536	-3.60896372007406	19.7029256248942	15.0865734855026	-8.16308016551633	21.2106628244221	16.4366659768918	-8.55594278796288	20.9875422842724	16.3323084373994
PDE2A STAT6	-10.8009991538321	21.1913748147183	16.4856060609087	-4.59069605576855	19.797255368024	14.8916652076455	-7.20813268903959	20.8512272688589	16.0306174040422	-6.61164673021444	20.7102604691862	15.936637927792
PDE2A STC1	-0.202580548634297	15.61163649806	11.9146720271534	-1.58562541036781	18.0758993777925	13.8685072137416	-1.18299781028051	17.7926121075056	13.8400683143606	-1.00206233513726	17.4875192190788	13.4688778373465
PDE2A STIP1	-10.2930002867551	21.7055094438636	16.2904407751288	-4.0391246192551	20.0876388015947	15.1330689724158	-11.350398000907	21.2565385662399	16.3445011001762	-8.37470758487705	21.0150777461967	16.0869270470964
PDE2A STK16	-9.82610375805622	21.5991661960656	16.1835103849536	-4.85809858846498	20.5102218239291	15.5849672047058	-12.7549294938886	21.4754170461236	16.5597723286637	-8.88730855561445	21.1201396016216	16.1767219348164
PDE2A STK17B	-26.6289927428592	21.9675207880418	16.9915473533975	-7.0408827048213	20.6629453854262	15.6628110172914	-16.0493286057889	21.46845329058	16.862710168663	-15.7657222443178	21.4912959628267	16.6581075847814
PDE2A STUB1	-8.64098874557932	20.4362939236747	16.1381759694411	-4.97536603597383	19.7656912564276	14.8757228607931	-5.20688184545986	20.3114490240694	15.84327900686	-7.19336705995279	20.3056032629758	15.8788051321118
PDE2A STX1A	-19.8836718027931	21.8673664637198	16.9845958240825	-3.6776680734207	19.7579742717245	15.0105129224886	-9.21543239456187	20.946703313579	16.5779268267346	-7.85044518448703	20.9856904142988	16.2528323846664
PDE2A SUMO3	-7.79954470627842	21.4620677870658	16.1606098741851	-2.06913048127588	18.8618391147931	13.8219067164428	-3.46420460005432	20.7725774734226	15.5027443649409	-3.83953470469579	20.5114680634427	15.3682304609175
PDE2A SYNCRIP	-17.478232503267	21.9157231411311	16.8636895134976	-3.03429114834183	19.0333960988829	14.4620919137116	-7.64849194652127	20.7212447143387	16.2703812551121	-7.87358289442206	20.8763619832472	16.0566579371813
PDE2A TACSTD2	-7.00381732871003	20.4257708969087	16.0681361933634	-5.87276759955704	19.9897342990988	15.5428358216182	-5.97479413491653	20.0753848221033	15.9687912878974	-7.07614137140565	20.4415866234939	16.1165878299262
PDE2A TAGLN2	-7.79528269513163	21.445602299737	16.3990164511459	-6.03415882830637	20.1819334523256	15.2723983811141	-10.375013299158	21.1099554713284	16.3822298315011	-9.05688652515283	21.0250453577607	16.1952721061579
PDE2A TBK1	-9.738591355785	21.2187449980467	16.1004899685504	-2.57072658767853	19.3744282196382	14.605147703311	-4.85828344646206	20.767643814572	15.8664215168984	-4.67441672903515	20.5777304460021	15.5392553910651
PDE2A TBP	-8.2272957706807	20.2037415451795	16.4344062480329	-3.74875739654114	19.7310873746461	14.8156375486461	-9.02350129365245	20.6677950470459	16.3373194187065	-6.27829003183431	20.1980093700433	15.9131113749179
PDE2A TDGF1	-17.7288756266989	21.2336193723908	16.5414021851779	-3.43502131507395	19.6223355307832	15.1257358906707	-8.73085700066615	21.0063309614045	16.3650612161109	-7.08988396121559	20.7989470707702	16.2484633127871
PDE2A TEC	-5.6244822840011	20.6572522263066	15.7697877308327	-4.73676862464287	19.9967932432023	15.2631971029724	-9.98349788376229	20.8972149724274	16.4107466899588	-8.48772079351347	20.6409480519944	16.1207268096676
PDE2A TEK	-15.3792223490802	21.3911422829773	16.7063040235651	-1.82211648496398	18.6888618653686	13.9118903673227	-5.97338630746004	20.8115650999051	16.1201040827534	-4.8359555545988	20.3616791445022	15.5842360473698
PDE2A TF	-2.07993336712687	19.578601091746	14.4901288253378	-1.62800670695313	18.0523574669892	13.6349308768948	-2.33115316626951	19.0688002378325	14.9357826339899	-2.47095061060066	19.0796672276298	14.5387896563861
PDE2A TFF1	-5.72032150446055	20.7052762507493	16.0964762136288	-2.82164374094238	19.2563136635929	13.7159595362831	-4.8228108235925	20.163044790118	15.7196527826826	-4.01406121247238	20.1497679977853	15.2901329042912
PDE2A TFF2	-2.01145389801411	19.6996408576651	14.7373038988295	-0.806052520083534	17.631780213466	12.6850892110691	-1.82960944544352	19.1579525952832	14.6072874871445	-1.33457739661339	18.8075752900067	14.0023048871837
PDE2A TFF3	0.344646232640838	14.3975301584196	10.0999275304913	-0.29466165615006	16.6639691214382	12.3511643409915	0.0411461910438252	15.8818190771412	11.6860517875607	0.0287664994262563	15.6526844240711	11.487346956417
PDE2A TFPI	-4.41622167073777	20.1183033271793	15.6269080819508	-0.636455923003231	16.6307077887015	13.5412616667753	-2.4535480119451	19.0599584993951	15.156807626593	-2.38990959399169	18.8069677582082	15.0116180525054
PDE2A TG	-3.47753556707	19.6662416804489	15.7421684735914	-6.96018231509805	20.2720992239152	15.4373573153135	-7.13078561392649	20.2209729539403	15.7074523343133	-7.07466588001615	20.4209080407863	15.9918795252339
PDE2A TGFB1	-2.23061101332355	19.8711219966485	15.075297745993	-1.57037524464063	18.6304371998102	13.8455142611835	-1.9374320818108	19.4664559369137	15.0631155566729	-2.25203416961533	19.3517072087933	14.7274620139829
PDE2A TGFB2	-3.62618046022893	19.40064645489	15.1209230795045	-2.86722760180461	19.6598903046556	15.0290844035264	-5.83088221075988	20.1369805483777	16.1045874201599	-3.73773505817946	19.796910408311	15.440939771988
PDE2A TGFB3	-3.46106917416492	19.2213720567881	15.3588688323798	-1.63158015605689	18.2656191732993	14.2135863461483	-2.28672791325313	18.9022807059401	15.5653532252904	-2.54432156255955	18.936531205015	15.1700191937523
PDE2A TGFBI	-10.698406591013	21.2456338504666	16.34098458389	-3.72882134660224	20.0309308929805	15.2369576138618	-7.71839567183986	20.930964317568	16.2753774267694	-6.36063972413182	20.8883720596	16.0965978144684
PDE2A TGFBR2	-3.41727258904802	20.0697051107348	15.6535494181111	-3.07889504551595	19.9460042306346	14.9757706725245	-8.89930697574399	20.9583076607747	16.5864828600549	-3.34682957691892	20.1481149497131	15.574236994662
PDE2A TGFBR3	-3.28483028277309	21.0613218892871	15.518251172091	-2.39119154193588	19.4875988137709	14.7379691662638	-4.1107053093583	20.2967242821659	15.464666392024	-2.85754724538396	20.5025993503394	15.4282408191161
PDE2A TGM3	-2.3403302803012	20.3507904385567	15.4377578545704	-2.19556822260538	19.2260281639623	14.5996396269124	-4.82612047297869	20.2027088699028	15.8953078470526	-3.00157964509451	20.090774701562	15.4643192250557
PDE2A THBS1	-11.7575520596805	21.0888955054579	16.4755861020252	-2.01978492418	19.2384055305407	14.3460612015762	-4.76917816022337	20.235809395659	16.1354482906522	-4.37448011915543	20.4177649724074	15.8104278026364
PDE2A THBS2	-0.894329000061792	18.0592377856745	14.292813712312	-1.17024562145732	18.5718412101008	13.4357230843658	-1.24273337025678	18.9629723448913	14.5756057378456	-1.03082749311358	18.5000493277156	14.0520855340437
PDE2A THBS4	0.101323906036394	14.9222517071483	11.3591207383949	-0.712304448294761	17.0264049749743	12.8907321293916	-0.44455437651385	16.6773099041061	12.7509569123396	-0.352846838568647	16.3796228813432	12.4336600254687
PDE2A THPO	-5.57726196678584	20.7285289692534	16.3307560253801	-4.58939262099793	19.5309807196144	14.4859985804413	-5.28477897359894	19.9720096623443	15.549108044274	-6.06317718438679	20.3508824230194	15.7056972750746
PDE2A TIE1	-12.7884995002171	21.7970663516154	16.5345942596775	-2.29307740991235	19.4308715023598	13.8806506784035	-7.59092410770615	21.0082159038047	16.0758032721652	-4.97502373418794	20.8803817372265	15.5454976586361
PDE2A TIMP1	0.199632264162226	14.2130276970326	11.2433015059488	-0.730340925441565	18.2730512010247	12.4603807587932	-0.367304783622199	17.1168074785038	12.232809490895	-0.250893314120727	16.6828149583699	12.0689482603271
PDE2A TIMP2	-0.919190351671709	17.3922889558804	13.1860851639502	-2.01287818304959	18.9626792157689	14.0192509352913	-1.77778431866096	18.858609851003	14.1603282545166	-1.37911765225225	18.4120866212667	13.8406209562192
PDE2A TIMP3	-16.0320385529363	21.3584076989414	16.4784320830048	-2.38206451388402	19.5813106152035	14.3008405557622	-6.17854988517376	20.870763734736	16.1941247462549	-6.29394116448416	20.8169056065719	15.9121783521054
PDE2A TK1	-14.0344850997168	21.5903619808661	16.7153203248313	-4.60718431934369	19.8546980170936	15.1830522008111	-10.4290467310531	21.2014845850334	16.6840373842867	-8.72306041552013	20.9903724811351	16.2367218585018
PDE2A TKT	-6.46026924880144	20.5060289844012	15.4507730694737	-2.78451014071067	19.6505928069637	14.671639092404	-7.613386745496	20.6743109748139	16.0101380742959	-5.17598406061109	20.4598226601018	15.6006218840208
PDE2A TLR2	-10.1975998046116	21.244228136193	16.6794691864457	-7.68787271134284	20.1973243486231	15.4545822203172	-11.9836544469911	21.0560310216297	16.4376653449885	-9.10307261848715	20.8941588580715	16.2738631044648
PDE2A TLR4	-14.5777823340455	21.4501512971365	16.2744517601144	-3.20887357618619	19.7665042672481	15.0895513805073	-9.68827837330507	21.3411863528132	16.5964520560752	-7.18283993067086	21.0481176537305	16.1177944564935
PDE2A TLR4.LY96	-12.0054648712362	21.6496379215364	16.5449058755779	-2.76612217414797	19.8334067558079	14.9048018091599	-7.72380625691009	21.3592080639754	16.5739551128868	-6.18354464141283	20.9604515445838	16.1140978778298
PDE2A TMPRSS15	-2.48244681221826	19.1282260436409	15.3858586840509	-1.96721176859253	18.3828598705651	14.2273565114468	-2.29836835363322	19.2766046239398	15.4402949688748	-2.34628808470439	18.898619925928	15.1267455635326
PDE2A TNC	-10.9396820389443	21.2334810603715	16.0995713058706	-2.5326474358042	19.0910345923171	13.9274621628338	-6.24230509741697	20.6746073995352	16.1137836831218	-5.40472551802982	20.5695691581164	15.5249955373457
PDE2A TNF	0.173934220153627	14.2770286919115	11.3567218100442	-1.53620977269994	17.8115898914536	14.1686373696627	-0.763038061926938	18.0832744431435	13.9234840617043	-0.42689459911046	16.6550201160444	13.2674539544078
PDE2A TNFAIP6	-0.679939230378123	17.9672576726635	13.6326654941558	-2.82904792804026	19.6870794403053	14.7165573117955	-2.51302765161393	19.8311306577265	15.2273932593143	-1.71671887525804	19.0059890325358	14.4304881216455
PDE2A TNFRSF10A	-7.56258477444724	21.0451199533183	16.3395490890092	-4.48171610882214	19.5766529928731	14.9147382274907	-10.5996486898333	20.7374833322103	16.4350718387137	-10.613660051801	20.7227462569814	16.3168901315601
PDE2A TNFRSF10B	-1.02693165419526	18.4439783204372	14.0400817569878	-2.76739996678765	19.063022323096	14.8803397208074	-2.70940982865758	19.1870828610418	15.3100945483982	-2.0077651098045	19.0129507487977	14.8393433149668
PDE2A TNFRSF10D	-0.970278727945042	18.7856512792686	14.1467835023953	-2.95635810081152	19.0389895126049	15.0577625270459	-1.88189622521543	19.0614443980892	15.5531284875137	-1.50688101100026	19.0473707761656	14.9251875175926
PDE2A TNFRSF11A	-1.33323478566605	18.6299895695686	14.4635297273476	-2.13254302453933	18.4907013101399	14.618598796774	-1.68507081346975	18.4737216317567	14.7697505846817	-2.10420867014088	18.8976261314124	14.8677031312491
PDE2A TNFRSF11B	-18.3373935005629	22.0121486344031	17.0525134235492	-3.87822743230804	19.6975133950631	15.1613428694065	-14.4508115645314	21.3704842109238	16.7873535638029	-9.12222499045183	21.0277765633298	16.368943388754
PDE2A TNFRSF12A	-7.42591692835505	20.8618501962067	16.2751901464046	-2.80925138739317	20.0434284131102	14.5559021460204	-4.40572786187195	20.5962681046956	15.7987806182974	-5.14100379979048	20.6214880240795	15.7152201921255
PDE2A TNFRSF13B	-0.353643502331597	17.518797672807	13.5813982512119	-1.83077651901257	18.1914806150209	13.658982742615	-1.37512260392215	17.8551565718264	14.445532446622	-1.03251785877989	17.9924383721304	13.9687271479359
PDE2A TNFRSF13C	-2.26908460283367	19.2761387063524	14.3470495579005	-2.54632775052212	19.2130655971047	14.430572306394	-3.27464408668705	19.7907202791581	15.0314616913816	-2.61056290879156	19.4485127378634	14.6970633080291
PDE2A TNFRSF14	-2.00598417175996	19.5019260333835	15.2962483574641	-2.19218589690784	18.8980015843358	14.5564995594704	-2.98886927783196	19.4311488730156	15.5008930832427	-2.51032506636399	19.4259444796182	15.0986402782808
PDE2A TNFRSF17	-1.85513687996254	19.7431098277875	15.4087375768601	-2.49648210978929	19.5079922229357	14.4265631046657	-3.10729483797615	19.9506894205619	15.6362394732728	-2.30028728612874	19.7835094172319	15.2220569905066
PDE2A TNFRSF18	-1.78074248673731	18.3237971097444	14.2529693712028	-4.75123705667551	20.0238467997118	15.1481617700594	-4.4417476351016	19.8612893000605	15.6367651636049	-3.99160121637875	19.6307735554614	15.2532708568831
PDE2A TNFRSF19	0.161702944737222	14.5914269867788	10.6403984799933	-0.28376389386113	16.046393385383	12.0294039676471	-0.019969346235597	15.4813854035056	11.6728151808121	-0.0745297137321856	15.4702822500762	11.5881338126351
PDE2A TNFRSF1A	0.472654209789604	13.0604791000794	9.59648157074206	-0.0237123558122876	15.1550968347143	10.527238237688	0.208948326724165	14.3438863044986	10.382088237191	0.247391353313921	14.2399496839279	10.2621674921664
PDE2A TNFRSF1B	0.0292124116500286	15.8774266659785	11.1962342157471	-0.0900462788319103	15.3831486007258	10.9949594741336	-0.146553319868193	15.9028337176154	11.5375507867258	-0.078226804414951	15.7851930631068	11.3766861881509
PDE2A TNFRSF21	-0.904812856668814	18.7130972125464	14.0339229809559	-2.02654549214657	18.6692544398397	14.6127192862772	-1.58355771766963	19.0105136915268	14.9558985556007	-1.33209017582877	18.9082430345019	14.5724903846151
PDE2A TNFRSF4	-0.106769612461631	16.1453269991194	12.3135729490842	-0.144770335290501	15.4592439536826	12.1125587397628	-0.0552721213156055	16.2952927604144	12.7974286574306	-0.167901707400455	16.1462873123267	12.5848351337511
PDE2A TNFRSF6B	-0.981755658086916	18.7398320058676	14.6311033899251	-3.16070578924201	19.0253162177365	14.9234741938813	-2.17836865556821	19.2235285137502	15.4781648282605	-1.67878459671553	19.1045772720854	15.0938902393808
PDE2A TNFRSF8	-3.180920421791	21.7970669800992	15.2595146509058	-0.48172107571297	16.1711619923386	12.3273878909498	-1.28777333648585	19.8777200763327	14.2909976473975	-1.53937719089161	19.2364939464396	14.0376690175734
PDE2A TNFRSF9	-1.77935260846544	19.0972458376322	14.9073692933757	-0.313750837886359	16.6594139872292	12.3734587589699	-0.804228037754595	18.4918148703488	14.171028263157	-0.930001173382096	18.2179893942026	13.9305021355987
PDE2A TNFSF11	-17.1366160175302	21.3884006834196	16.7242805588018	-4.04417739731231	20.0682095116642	14.7872885760339	-8.76357795708945	21.0443229687857	16.3978909785402	-8.83689013826475	20.8929473231398	16.048673900102
PDE2A TNFSF12	-6.10027456347893	20.5470509122651	15.58212897856	-2.76559145404889	19.4386048605907	14.8968977849844	-4.42938228971558	20.2543475956135	15.5905899642192	-5.05972054566202	20.2376609247195	15.5427027982431
PDE2A TNFSF13B	-7.51577129515852	21.1415999056165	15.7675241751807	-3.20418696437931	19.726825249874	14.9883812923239	-6.759339283005	21.0513984718492	16.3385178183591	-6.1346570700678	20.732485796937	15.7687279927257
PDE2A TNFSF14	-7.52787841856513	20.6787396335795	16.3314895866647	-4.71677396639742	20.1326470014759	15.3211170860553	-8.77607293211012	20.6886999336425	16.2038661533573	-8.02571337490512	20.5550159565638	16.0993331573267
PDE2A TNFSF15	-1.62827941972872	19.3162156418758	13.1248282557748	-0.78821057941151	18.199455109474	12.3627963665688	-1.01975412602508	18.6958679079142	13.2110587699259	-1.3396609548011	18.9641564410785	13.0094174204526
PDE2A TNFSF18	-6.31730326411078	20.938307531591	15.5684821726503	-4.16147726397487	20.1222012184064	14.9295618425341	-7.02849756435899	21.2932043977857	16.1697876528682	-6.25394338825711	20.9152135764771	15.7879562592268
PDE2A TNFSF4	-16.1977811673413	21.8137865413579	16.9892736449707	-3.36317744056167	19.7050861746139	15.1491242317046	-17.0044975761429	21.3645791531967	16.8526050778548	-9.32824318891197	21.0396183797978	16.3789381594813
PDE2A TNFSF8	-2.67125566482567	20.645579351297	15.6165112657118	-2.81265205842722	19.4911344455258	14.6812100672238	-3.17528535086972	20.3624340868415	15.8167893961609	-3.04192317055192	20.26306196592	15.5111311934385
PDE2A TNFSF9	-10.3975288567261	21.3277814002801	16.5217708962639	-2.74399447927135	19.4977470533851	14.2120002133955	-5.70163614620385	20.6067864593875	15.8042113154239	-6.38195468230417	20.7127406662217	15.8164967236177
PDE2A TNNI2	-9.67096096970965	21.1126894284905	16.4462587978289	-3.0202624145672	19.9039171851488	15.1071243171695	-8.0344332702549	20.9887017390617	16.5440002280013	-5.9054377203989	20.8651487112619	16.2082267060113
PDE2A TNNI3	-0.875945810230145	18.1354181603771	13.6957560156832	-1.73256324036582	18.2164218493663	13.9063451891298	-1.35392116802297	18.3872675453855	14.3971075188981	-1.32452498777071	18.3384885453998	14.0469112757583
PDE2A TNNT2	-0.281757607604706	16.8447343949382	11.7564891203162	-0.209227024524064	15.8898743614393	11.7007975744784	-0.486765941635988	17.1560274043942	12.4809647851935	-0.443258591142397	16.7507248299995	12.1423959370364
PDE2A TOP1	-5.21403881726593	20.3608946103077	15.2656032044755	-4.69916273758518	19.9940056310958	14.8223895884718	-4.97225194962426	20.3403434423377	15.5110377413526	-5.39929960430977	20.2988097898596	15.2114629902622
PDE2A TP53	-6.16957780540904	20.4867872131198	16.357254044934	-3.20493961221693	19.5538003384116	14.4018316786287	-8.99531400256788	21.0925048005667	16.3900167320338	-5.81920706799491	20.3112196323001	15.6539845418396
PDE2A TPI1	-4.38404255568494	20.2034781271589	15.1238124514546	-3.28676166119465	19.4903087207764	14.7706139986435	-5.89907896825242	20.4064412159422	15.8829269243633	-4.60816314009295	20.1863991812827	15.4815232820973
PDE2A TPM1	-12.9435879495796	21.519517935854	16.6955137007306	-4.24585074951729	19.5822104502722	14.8563446696489	-7.41515215254742	20.8901312561096	16.2021935726055	-6.85708621679384	20.729658229004	15.9573437841379
PDE2A TPM2	-21.2444246884499	21.7427618905254	17.0413998681707	-5.18135612494946	20.212620747257	15.1707509367163	-14.9096624817285	21.4112568673673	16.8803460444703	-11.1025611376149	21.1173538605722	16.4702037448569
PDE2A TPM4	-6.44505600937409	21.4742588430379	16.4575809396569	-4.60825572997683	19.8903036168605	15.3053116391739	-6.82251568401056	20.8237973332199	16.4155921837787	-6.19913959908449	20.7805791369651	16.1095803966316
PDE2A TPO	-17.1850369167998	21.2990213519728	16.9344694670535	-4.01788177450206	20.0338036436296	15.5923216695301	-12.1243474331385	20.9547890617148	16.8583056960711	-7.06567647528275	20.9538757898455	16.492912139805
PDE2A TPSB2	-5.56365015796232	20.2377732689455	16.1052299738718	-2.23724033728448	19.0091287283231	14.2846467686503	-5.30088513148237	20.6425103112559	15.9873156936507	-4.50708172257627	19.955142384781	15.5559459268942
PDE2A TPSG1	-8.14034592872257	20.5921020476166	16.115087361933	-4.82852415043604	19.6803179720464	14.9764471532941	-8.16037068928942	20.8887873657142	16.4245352420262	-7.37940789534886	20.6629949655932	16.1242577656081
PDE2A TPT1	-8.46892510586058	21.5201744514262	16.4064956416757	-3.58872775486074	20.3254042193353	15.0982684244307	-5.91686624493708	21.2176004478234	16.1343430876239	-6.26480553753238	21.0627268227486	16.0658495128883
PDE2A TSLP	-4.5343473956997	20.3245192174863	15.2786046054732	-1.89581383830978	18.8090681921964	14.0018159989712	-3.86165509196045	19.8917654981217	15.16983472373	-3.05809212566277	19.8009721740172	14.915544026081
PDE2A TXNDC12	-7.6837687741257	21.8784466587629	16.3326249836932	-2.85526659322132	19.2271894857511	14.4246215899536	-6.04675424379139	20.6704321151106	15.9475032128733	-4.58317298968623	20.6455695262646	15.6124280954579
PDE2A TYK2	-4.5822374579456	19.9324694867406	15.2465910692348	-3.82728042945937	19.096244015484	14.4090245839431	-6.49687016346322	20.2413920299062	15.8648137188038	-5.44788494582828	20.0927402154014	15.4684251916498
PDE2A TYMS	-8.11686692003434	21.2840469419435	16.11731889503	-4.86583581665545	19.8951018778366	15.2190908232452	-15.1847979780018	21.4844155154483	16.7816650619349	-8.8017048572544	20.9167603556646	16.1177918523997
PDE2A TYRO3	-5.9022435683018	20.3212146912314	15.7892961660653	-3.66420961528869	19.3258365602669	14.8591558318646	-5.95947402933563	20.1997437798817	16.0272639251187	-5.43074020301118	20.1630091438336	15.9605910577089
PDE2A UBB	-13.1215995512345	20.8750865837216	16.5726182266817	-3.18289462478759	19.9583301439384	14.5691346307236	-6.4775368259039	20.4711058447832	15.9566754433908	-8.26592165226821	20.6401363636036	16.0004922207549
PDE2A UBC	-2.64443589904615	19.2087842112572	14.9534063364505	-2.41239686797649	18.9789627568101	13.8551533822775	-2.95178524575588	19.8743315991813	14.8680898884539	-2.61121253388981	19.5352992906495	14.7507360312035
PDE2A UBE2G2	-5.7144795046008	20.4760793846122	15.8445130296113	-3.07197600600024	19.1643799655763	14.1070395311034	-7.49454818012514	20.6344946586117	16.2364278346382	-4.76082926643016	20.1224417254556	15.4587757357015
PDE2A UBE2I	-9.32894498614091	21.347458863891	16.5028524100355	-2.78576246806288	19.313895380668	14.5310686522792	-5.32854057917676	20.4576793053182	15.8559182292659	-4.88651324938763	20.6165180383953	15.7468942855318
PDE2A UBE2L3	-14.0355539329156	21.3108787845195	16.4232204118561	-2.92352095296452	19.6845244389152	14.7796991530014	-8.66755665175218	20.7187162414998	16.4035652377054	-6.55997484096334	20.6383667542434	15.8985766063975
PDE2A UBE2N	-9.12109427053645	20.7807361615068	15.912415305009	-3.18851598777495	19.5623963058061	14.8836905613648	-6.58610917519611	20.461515942855	16.0004604706743	-5.51576037012682	20.5099025862754	15.8178389630075
PDE2A UCHL1	-12.2224854607524	21.3128363382742	16.5948556458908	-6.1273137825792	20.4455146081366	15.3987915515863	-9.83586627246306	21.1966970706787	16.7654994422394	-8.95999974604902	21.0409042068868	16.2985530682996
PDE2A UFC1	-12.0277220656569	21.1994418772281	16.7645929198044	-5.43890766245706	20.5297614767859	15.4897763394195	-13.3552375423747	21.2401264122616	16.8055235020019	-8.92850491978754	20.9684865774531	16.344382739966
PDE2A UFM1	-5.35981986882481	20.1502403621925	15.927748455522	-4.66666035338661	19.9547502780144	15.0616623964315	-5.86197329951524	20.6952528154895	16.4438884621127	-5.64761577715908	20.2604201671089	15.9038894287057
PDE2A ULBP1	-7.38250606016687	20.4143135767927	15.9242043390657	-3.81465128432784	19.8142469319194	15.0947098122735	-7.76912064654961	20.3673579704405	16.0306186823705	-6.7872279123657	20.4232318199031	15.877531252318
PDE2A ULBP2	-14.6486505760416	21.1304796516783	16.5258389118974	-3.53276154746557	20.0380529683206	14.9715678564969	-9.51591061105942	21.360050582742	16.6951548736213	-7.98799650594526	20.8253482672037	16.2416353122495
PDE2A ULBP3	-6.22423631691307	20.8123928676134	16.1022299595424	-1.22093686479065	17.4499963381883	12.9337627573653	-3.16432030845018	19.8937731777956	15.3187378570228	-3.32790647254305	19.5572755321202	14.9279964234954
PDE2A UNC5C	-0.149412288834321	16.6556931420339	12.3016949826278	-0.0330334796036584	14.7264242905213	10.9555735872889	-0.140864535796605	16.0599751355283	12.3823624771691	-0.192631122034743	15.8599793589584	12.0171529185019
PDE2A UNC5D	-2.15438843478374	18.9942790347569	14.2408178245673	-2.25096598032672	19.4340268290835	14.4143690271455	-2.77209088340214	19.9963921383821	15.2414263813687	-2.55018192768135	19.8125985905804	14.7835706163939
PDE2A USP25	-5.66278310511515	21.3374570443118	16.134414057742	-4.8056657666408	20.0776143894432	14.8396595966249	-10.4176789515248	21.2872910935242	16.3998355377853	-6.13261972697279	20.8680450403827	15.7746322027691
PDE2A VAV1	-8.37429590948004	21.0046813756248	16.4268018150668	-3.20145705546982	19.9584759157248	14.8302870306458	-8.00328245378196	21.1685676750784	16.3408897040207	-6.24484378330693	20.6988868891316	15.912240144909
PDE2A VCAM1	-1.50812772970431	18.8436119797407	14.3311251578098	-1.28139502695278	18.175121180735	13.7886537182099	-1.43034172695443	18.9549836477513	14.6213663065495	-1.35751035928089	18.7274963409583	14.3251838541646
PDE2A VEGFA	-0.255719079808433	16.5757887244715	12.6397549750121	0.019281796891674	14.6827943136825	10.9023279609862	-0.170357453394973	15.7799130980961	12.1262409365024	-0.1717781298765	15.9270912548269	12.0660579574487
PDE2A VEGFA.1	-10.1113331448129	21.1439586104848	16.2523502022013	-3.01922991487831	19.0955496818007	14.3949931106949	-6.05007914864198	20.0984939654368	15.8880810112059	-5.76047556622256	20.3530305823345	15.6759678646698
PDE2A VEGFC	-2.58458717593161	20.1622340640049	15.2540440727258	-0.805946823808899	17.2598130143001	12.3772376823617	-1.3720135435958	19.0032060756415	14.1679397757639	-1.72760852277965	18.9485988870731	14.0602560195155
PDE2A VIP	-10.7872809396201	21.1478286184804	16.4748295390607	-1.64917302804695	18.6018020589973	13.3782366822952	-3.77556163308129	20.4555958739782	15.741195501061	-3.93053212202671	20.0565505756676	15.1688037878191
PDE2A VTA1	-7.42062139709846	21.1975807060312	16.007400514906	-4.87755258540671	20.4029549958481	15.4114411838088	-10.1437295301502	21.1560951958586	16.5238055287872	-7.53327186254631	20.9639946818782	16.1473847546884
PDE2A VTN	-3.35417934831158	20.4665401305577	14.5777744942201	-2.36346157437365	18.2069705084618	13.813127449621	-2.77743752419162	19.7051277814713	14.5763412349158	-3.51437807706717	19.6868066304939	14.6164822710622
PDE2A VWF	-17.0570726879278	22.1534116355326	16.7621336254871	-5.8094425840971	19.7125778684968	15.0625389448127	-12.9117885967835	21.3423494623124	16.3196071133405	-9.85978160558587	21.3795452371596	16.3820549760246
PDE2A WFIKKN1	-1.9869451577488	19.1083162717605	14.0835504459005	-3.88785985863181	19.7224555164975	14.8137567696029	-3.40848827747177	20.6941846830513	15.4735179641867	-2.92843806253046	20.0456834331557	14.9527895889344
PDE2A WFIKKN2	-9.11845549158214	21.4360367767171	16.076520536789	-4.00230517907189	20.1139921124914	15.3708945752812	-6.93394307268693	21.0201835875147	16.2106076251445	-7.1384634821229	21.1168943248719	16.1637511217988
PDE2A WIF1	-6.56227386446559	20.8340650980164	16.1927670636789	-5.74996954615605	20.3988002493318	15.4004810896866	-8.0762866262823	21.1237180938506	16.4460569278716	-6.45587909210395	20.8601302712677	16.2399156254781
PDE2A WISP1	-3.52312427839263	20.7632604192749	15.2357590720015	-2.97811149380264	19.1733741773352	14.6346502749484	-3.53452700225022	20.3322990412903	15.4993625942631	-3.52670554144863	20.3032548131214	15.2826387670314
PDE2A WISP3	-3.88126979553925	19.2099608406684	15.1669239211155	-3.82717817288141	20.0074665390197	15.3076066216846	-8.7732793511773	20.3239853414627	16.3804118982303	-4.33379187578527	19.7415117534308	15.4754613868661
PDE2A WNK3	-9.96932567907606	20.9119274192511	16.3978663881792	-4.51123804126957	19.691273699742	15.2190448377326	-7.99457908700671	20.6091900654085	16.2666689356929	-7.78441464688	20.5201416638081	16.1684793022209
PDE2A WNT7A	-12.3927987535067	21.3670577682688	16.782734926113	-4.06232618145153	19.9712428342995	15.0860593619895	-19.0993285992526	21.4705858953517	16.8125471946018	-8.87708736967154	21.0432566848364	16.3428987541837
PDE2A XCL1	-2.68976301809371	19.2562933442871	15.2204419773789	-2.94646325920855	19.2565420986653	14.5688954534375	-4.71954102632532	19.8195579195979	15.7562013173981	-3.71826223454632	19.5990094773517	15.2697024744816
PDE2A XPNPEP1	-2.55962017987614	19.4084309126872	15.0278762925938	-4.18707936092725	19.5390054508102	14.4995885793844	-4.66347790973914	20.4111671642626	15.7590249032101	-3.39426266425926	19.920069691473	15.2975723119187
PDE2A XRCC6	-12.8609638860155	21.747411985955	16.527265685777	-4.57632716588408	19.7231528747055	14.6830115963565	-8.94263631577646	21.2823090159668	16.5061746195763	-7.71534913151903	21.0095323213166	15.9765960039963
PDE2A YES1	-7.92748592482442	21.3990210877501	16.1916601923273	-1.05238988198287	17.7179645424914	12.8126128644694	-2.53017929510607	19.8348994715454	14.9075378608408	-2.80337229121074	19.8527261983712	14.6249038712332
PDE2A YWHAB	-22.4944381970293	22.0775168643691	17.0545268914799	-6.79811157490806	20.4620416180229	15.5134160319451	-13.7792232313569	21.4491483574836	16.6192417460415	-12.158955254473	21.3562040974257	16.5162968571756
PDE2A YWHAB.YWHAE.YWHAG.YWHAH.YWHAQ.YWHAZ.SFN	-15.9826257280332	22.0546087268212	16.8594340828588	-6.38977060290318	20.389884183698	15.4264334923971	-9.95772582611806	21.3248106012019	16.4225930945826	-9.13931321755298	21.4351108377086	16.402383800519
PDE2A YWHAE	-12.269474287305	21.0783378114765	16.4468525298614	-2.69151836034116	19.2316158797535	14.4546718876236	-4.98215788175418	20.3982256898269	15.7263161413607	-4.97597942277937	20.3161579770054	15.6569282447489
PDE2A YWHAQ	-19.0698041245824	21.4937888645545	16.6968810280562	-4.99970596367928	20.2086402152916	15.2894504459877	-9.7267644737952	20.9955808744482	16.4233714001345	-9.59738905595032	21.0443704413642	16.274887294191
PDE2A YWHAZ	-5.94540021858561	21.699133311249	16.6581668743486	-5.7012532164017	20.4083121922589	15.4608243150981	-10.726784575236	21.0809511774901	16.758229819893	-7.02569878556666	21.1357379961746	16.3060889696593
PDE2A ZAP70	-18.3471209672389	21.3724904767929	16.7702839475448	-4.6308463203072	19.956372451849	15.0113301983432	-9.65303279004862	21.1041366085075	16.5636336375765	-8.3827988504182	20.8468418870217	16.1393590693755
PDE2A ZNRF3	-8.15212827127476	20.9142052580072	16.5514878298599	-2.62878700556024	19.4394466356064	14.2035769938432	-9.19131206638713	20.8159149167288	16.6015618816436	-4.75080929774095	20.3491116633974	15.5787447536501
