protein_name	r2_male	rmse_male	mae_male	r2_female	rmse_female	mae_female	r2_all	rmse_all	mae_all	r2_all_sex_adjust	rmse_all_sex_adjust	mae_all_sex_adjust
PDE4D PDE5A	-1.24573057154935	17.9968637046825	13.8747981666262	-1.46808959199406	17.5833829755826	12.9987972987383	-1.45012360687388	18.3613613438954	14.1717478937493	-1.37759299861241	18.0160679895362	13.9003991982404
PDE4D PDE7A	-0.342706588196819	16.9545066092303	12.8148383172084	-1.66144283891317	18.1027843960838	13.725913249451	-1.18568451195193	18.1870007622849	14.144001447252	-1.57817849531534	18.3145551436377	14.2475412495685
PDE4D PDE9A	-0.237182698443966	16.4607143794754	13.1000056230037	-1.02294778588813	17.5639211848733	13.2595008742206	-1.02411976052521	17.8827332149541	13.9945463182763	-0.647749265358662	17.3515529129255	13.6185375767683
PDE4D PDGFA	-1.01791963787478	18.2591311263242	13.5707455755638	-0.842704026597349	16.7776749740903	12.8674296118104	-1.10808772567391	18.1114317094107	14.1231656924662	-1.12193906953472	17.754214194885	13.5638387230402
PDE4D PDGFB	-0.974386841522366	18.1892455960342	13.5621418654711	-0.844042844145531	16.8413562484035	12.7771265077779	-1.08626185899862	18.260452317329	14.0310509947626	-1.03578323781445	17.8385873858083	13.5713334694071
PDE4D PDGFC	-1.0058329225486	18.4327527800728	14.7178818408436	-1.48331997554779	17.9319649073482	13.6601440716659	-1.5577980731004	18.7745921806431	14.5949449224964	-1.22393175980225	18.2561404991087	14.384829040466
PDE4D PDGFRA	-1.29131639470138	17.8219024287974	14.0836634521074	-1.13511322042245	17.0215372320303	12.3314434368815	-1.12137677858763	17.8132714061047	13.5317210572329	-1.3773689781842	17.6656770094215	13.5606856156107
PDE4D PDGFRB	-1.03465991093947	17.8876078010792	13.936687932478	-1.88678810786784	17.924679140877	13.3492375423984	-1.29460508965071	18.0279315257244	13.9473630781328	-1.54412752612688	18.2903106865208	14.0346702599818
PDE4D PDIA3	-0.783961628920552	18.4313603622607	13.8107559932842	-1.33461878782748	18.183738067066	13.6336966438337	-1.27880179237739	18.3692690352039	14.2891615787111	-1.04366529729891	18.4656952645687	14.0419920656898
PDE4D PDK1	-1.78300288017318	18.2453212934925	14.1326607735403	-1.29860458125533	17.3573939665056	13.2515633410619	-1.79462396128502	18.3591069303989	14.0980763563579	-1.58509595701845	18.0318836274772	14.0961751620562
PDE4D PDPK1	-0.964770178239029	17.8709146746695	13.6899941838086	-1.19989397664572	17.8059018790798	13.4358115150476	-1.01728261266123	18.2285297128924	13.8853119683073	-1.06615557193688	18.0840275516351	13.9055488847239
PDE4D PDXK	-1.04725817982728	18.000309549939	14.5547277047793	-0.893782105199743	17.148321713901	12.523524692598	-1.19827577839977	18.399826885891	14.4352909051131	-1.1370242431659	17.7920471226012	13.7831559079786
PDE4D PDXP	-1.20327438455627	17.91806562814	13.8876367918235	-1.20317449156899	17.9270143348067	13.3503284314043	-1.32832124227978	18.3248418432535	14.2418566424837	-1.35317421788808	18.1992249371942	14.0666649949359
PDE4D PEBP1	-1.04487502837185	18.2261481328932	14.5387572117228	-1.15169576370433	17.57833613038	13.4294637274697	-1.10190338835862	18.229330997798	14.3511997321425	-1.22371320287104	18.1085702555944	14.2548673870754
PDE4D PECAM1	-2.5207885247859	19.1935506499981	15.3199597471538	-1.32207150201024	17.4279135582721	12.9174219264422	-2.13759703508945	18.743618847571	14.3645262819982	-1.96766255251291	18.4456583257326	14.2871339367422
PDE4D PES1	-0.940576954671902	17.9685529098908	13.8412676798149	-1.32186288908684	17.763224278733	12.981002940808	-1.28712988859964	18.2166357577398	14.2403092623449	-1.28456582931829	18.0193744144066	13.891466137913
PDE4D PEX5	-1.80711854755895	19.1649823715728	14.7962915409369	-1.79476581192229	18.1428669789544	14.0733771827362	-1.35698811057699	18.6953227269148	14.5530261764541	-1.68864539251843	18.6883792842549	14.5858540468338
PDE4D PF4	-1.02109824897589	18.9663930248429	14.2587248354236	-0.930497693361465	17.3299230817985	13.0681876744079	-1.33428142954739	18.3473477092409	14.2153762005095	-1.31783912507872	18.2342030511553	14.0254220447653
PDE4D PFDN5	-1.46658740340908	18.614134922479	14.5986635845611	-1.04206662736637	17.5810819602287	12.6234916145036	-1.86089066055	18.7292265474728	14.462022669719	-1.34429380572318	18.2539307469707	13.7987791194818
PDE4D PGAM1	-0.776815677797912	17.8340596981179	14.1564693404183	-1.30900658898912	17.6538934149133	13.5572008846935	-1.21217766014797	18.4402995628235	14.2708837145702	-1.12401300161354	18.094864189476	14.2038651546629
PDE4D PGD	-0.702912884879674	16.9266446612418	12.884418839302	-1.16529958880714	17.1338623007756	12.57713658741	-1.53700687604527	18.1306582754891	14.0228854062625	-0.895089586072782	17.3161468425065	13.2620763721663
PDE4D PGF	-0.735616150139597	17.3858244588771	14.4609462875662	-1.5969546771256	18.1016328492085	13.8482138040579	-1.04679789157522	17.8873433382655	14.1451518363137	-1.1766021839905	17.9785889617769	14.453915679934
PDE4D PGK1	-2.56337823898708	19.0384922822394	15.3962431095326	-0.861341828260209	17.4566764519825	12.4793708192404	-1.62883158404298	18.8619182076961	14.3658174363314	-1.62764188648875	18.4739715759484	14.1844365099868
PDE4D PGLYRP1	-1.95890571829019	18.5007908775347	14.7573404429698	-1.53437250240206	17.8210541415472	13.0623345046947	-1.5930796405126	18.5036407649422	14.3023366446014	-1.73281610750136	18.2473179904132	14.2275751866127
PDE4D PGM1	-0.523039336525116	17.2336551584836	13.4279824756227	-1.16528776195238	17.2501925733917	12.8595180133023	-1.02458705051798	17.579882388393	13.9481370095244	-1.04594977210618	17.5534939684522	13.4733572623146
PDE4D PI3	0.074829874707722	14.6896544829828	11.1806338097031	-0.380953056297324	15.7419985851581	11.5047682018712	-0.442113874224366	16.5471642730632	12.1116035623409	-0.292773269703506	15.6925085629292	11.7500649453739
PDE4D PIANP	-0.358136507258108	16.5126610570006	12.0554925870141	-1.20832276075689	17.8268861139894	13.3058326344556	-1.02867395711863	18.0818168105285	13.3866936389719	-0.868858394815553	17.4134943122712	12.9927577503633
PDE4D PIAS4	-1.42487270102154	18.1388634609508	14.0857950468993	-1.04841230834431	17.5395579014302	13.0992936913087	-1.16678821689197	18.14248450086	14.1368155153017	-1.27050225342154	17.926406343414	13.7399296022795
PDE4D PIGR	-1.22527839886623	17.8909514101255	13.8141281530448	-1.027562349313	17.2122702599629	12.4303991924264	-1.03141425964713	17.7953009786911	13.5554656572142	-1.35002140995158	17.8501690881835	13.5333278271812
PDE4D PIK3CA.PIK3R1	-0.408872991360246	17.3114409196626	13.484100842614	-1.22094404257331	17.6618351249625	13.2612141377184	-1.34154824237357	18.194843049677	14.1134531314168	-0.820661403984003	17.749423365665	13.6372610605646
PDE4D PIK3CG	-1.53177344022818	19.0664213676967	15.3667191905291	-1.21850864885188	17.1250164347011	12.5794339812455	-1.65612772725247	18.5314249722911	14.2499899088673	-1.46441978860541	18.2075850422588	14.1940966141142
PDE4D PIM1	-2.33592547890608	19.1366341296268	15.248769896611	-1.6501082583243	18.1224819609598	13.758834982836	-1.84347391398086	18.8229665112808	14.7057666970894	-1.94144601040563	18.685840170165	14.6986062897413
PDE4D PKM2	-1.12207513917337	17.8527290938651	13.3430581944821	-1.02201587402159	17.1274943140053	12.474534950781	-1.10145072853584	18.3462304533863	13.8727639824874	-1.11342277263055	17.7481986777072	13.4792003610973
PDE4D PLA2G10	-2.06259790234631	18.8785011929089	14.9569235250658	-0.849052184096858	16.9375691925594	12.9957566549522	-1.23279795524195	18.2335520352046	14.2650179233574	-1.2938137889683	18.0220482399084	14.1604996800292
PDE4D PLA2G1B	-2.33994630127936	19.1971910824289	15.1888310216154	-0.914164930441127	16.5812887907062	12.7235343988832	-1.40001511519524	18.3112842541609	14.3539765833351	-1.32444089389943	17.8106439051669	14.126756585215
PDE4D PLA2G2A	-0.199757388191084	16.7277782115961	12.2542510683838	-0.222338389278712	15.1569033390099	11.3262404091745	-0.221935652488799	16.8000337074884	12.598801804673	-0.270341215377022	16.4057110789587	12.2573054576322
PDE4D PLA2G2E	-0.796213128361012	18.0285275973748	14.1194249012269	-0.697947361962293	16.7864965735439	13.2683887597774	-1.25600108340211	18.2786475741738	14.5327207508456	-1.11577527489883	17.850473596818	14.2368712426529
PDE4D PLA2G5	-1.02678311016601	17.9154714473348	14.1414784157607	-1.41235691226575	18.184238761173	13.9392333036594	-1.7877544113092	18.7760196630756	14.5743147612839	-1.70149902601143	18.5556602644438	14.5437931097322
PDE4D PLA2G7	-1.63811956534521	18.6314718885805	14.2823227068007	-1.23262784170511	18.2773321812881	13.5615961458364	-1.64094045242115	18.5655749138354	14.2982055210759	-1.34535047243207	18.6200744955784	14.213651946536
PDE4D PLAT	-0.0972434423372937	15.8719228425435	12.3046242833873	-0.845365166434471	16.7158748084053	12.6273254508054	-0.399127776547477	16.4999888558884	12.9127836931171	-0.346416605668261	16.4688775900629	12.7861758622643
PDE4D PLAU	-1.52477946826607	17.971337853981	14.530628641939	-1.11374622819594	17.2696662127591	13.2892495858053	-1.3516686375802	17.8574088874184	14.0763718298433	-1.64439011469672	18.0914116173761	14.2928136555527
PDE4D PLAUR	0.456578829561419	12.9886448429652	9.6096096989951	-0.283970041237225	15.6134935559252	11.3267327072128	0.175568420077466	15.0176567194933	11.3199277076896	0.184203444995609	14.4512405503408	10.7004604812681
PDE4D PLCG1	-0.33689973780609	16.9136706885298	12.3985427683782	-1.3062212700048	17.9475440295693	13.1596150285373	-1.07521884688864	18.4332367015213	13.8164779364047	-0.797147162801362	17.6942558287238	13.1532178365763
PDE4D PLG	-0.723645678163563	18.1163187196049	13.6421565212535	-0.389229602572121	16.4002706136441	11.6270083848112	-0.639806593028747	17.6362762939021	12.8222431399083	-0.629593688713546	17.7982653046311	12.9580444899802
PDE4D PLG.1	-1.31608624153913	18.423415458487	14.5457735885568	-0.971447417874036	17.178522163088	13.0138445843094	-1.41788592754865	18.2399237638754	14.1512304856178	-1.39329734499347	17.996689587164	14.079246917225
PDE4D PLG.2	-0.0667113983430057	16.1216186163284	11.8155299263492	-0.199757660518622	15.7722415333911	11.3667436653129	-0.228528626485805	16.4038736132556	12.194415664276	-0.183684411060618	16.2397929835065	11.9468421335463
PDE4D PLK1	-1.30892190600549	18.6757684981637	14.5362873745588	-1.62052988607782	17.8773129524111	13.4461457094367	-1.27529486667245	18.5896833585997	14.2760899248054	-1.70965196142078	18.5381887832917	14.3173544211922
PDE4D PLXNB2	-0.795796292816576	16.8779611266836	13.3129155303487	-1.08324904288675	17.0428876675799	12.9764074956411	-0.658616516498309	17.2748648483278	13.5941299525003	-0.770700630665801	17.2496112422043	13.690735499346
PDE4D PLXNC1	-2.12072504696125	18.5562664314428	14.6831725300102	-1.74000990191947	18.074586244155	13.632255319187	-1.64041213521476	18.6927670143862	14.5427314680914	-1.83156426583903	18.5048686992132	14.5033732150611
PDE4D POMC	-0.860052134280578	17.8962583423981	14.3449754184896	-0.802496721617915	17.0284888002263	12.8269340184659	-0.996248673386599	17.988168874808	13.9559289491645	-1.08468471739481	17.7648076819825	14.0842550795746
PDE4D POMC.1	-1.57671505681707	18.5830839439666	14.8777181452077	-1.62788169464684	17.7935368400879	13.0806610621744	-1.48085664572416	18.6380764999385	14.4018559349873	-1.56999706130608	18.299701165048	14.3344806234603
PDE4D POMC.2	-0.814258361745251	17.5301981559525	13.6313472527852	-1.16092817555807	17.6031482621981	13.0442909809404	-0.914586270462191	17.8315042238489	13.6446733212906	-1.04276155274737	17.7311231493413	13.641446230451
PDE4D PON1	-2.23657214189374	18.7370584938855	14.6341408455316	-1.13793867532793	17.4695039336636	13.0679243474716	-1.41058524428079	18.3271276274801	14.0986064500743	-1.72147573651128	18.1858101527849	14.0555216333895
PDE4D POR	-0.778248880533528	17.407602142005	13.526299889572	-1.07783998666726	17.5636421146108	12.9588420162363	-0.968055424787139	17.8421200265168	13.4331757276506	-0.957187671083342	17.8041429830901	13.65470764402
PDE4D POSTN	-0.282526287130664	15.6167940399073	11.8338177611004	-0.769189051356981	16.6625323580139	12.5872825904995	-0.610586287980269	16.7690490318143	12.711525161983	-0.481458673202397	16.2973148762473	12.5782124036638
PDE4D PPA1	-1.30963166838372	18.2063435455552	13.922569409344	-1.6918165185289	18.0841186710143	13.6606972515101	-1.40548729591808	18.3771824434731	14.1223965282237	-1.48797491782863	18.2494107804411	14.0200832138728
PDE4D PPBP	-1.09378946667263	18.4259336960039	13.9292641236562	-1.12782012297273	17.5908073991297	13.166737241115	-1.2762344213476	18.2436490473634	14.1374620393923	-1.39074707167414	18.184113844892	13.9489584506333
PDE4D PPBP.1	-0.977413846335439	18.4260237765374	14.0267242500153	-0.955645678651234	17.3859256445012	13.1044211905666	-1.24304749157696	18.2458739498419	14.1544647358685	-1.24311587182171	18.1211504463272	13.9537137909728
PDE4D PPIA	-1.26947001985659	18.9539281628013	14.6195901735498	-1.931526537728	18.2454038717095	13.8907290114344	-1.92273626144253	18.6915660822482	14.435023826219	-1.34097985642536	18.6387330734111	14.4113920362864
PDE4D PPIB	-0.898448671771807	18.2895249815483	14.4413429555335	-0.874299856903572	17.5292314152955	13.2278338825089	-1.05715815075366	18.0516986893467	14.0209886755627	-1.04825997862238	18.1365687363484	14.0921184590227
PDE4D PPID	-1.20303460064129	18.4407380373038	14.1433261632015	-1.21521115075256	17.5279149328788	13.3145054844507	-1.4007818975639	18.3364268739632	14.2891561271038	-1.34732988922859	18.1818558013131	14.0685744435266
PDE4D PPIE	-1.59127370880597	18.4604222444445	14.4185037138975	-1.30827644590239	17.8258769877052	13.3657731757556	-1.3956113626108	18.4030334005736	14.4819238830044	-1.3946929480415	18.352778563199	14.266345866462
PDE4D PPIF	-0.744755018091943	17.5222881729488	13.3567464450824	-1.521592687078	17.6464185258156	13.4901107830238	-0.75557368577718	18.2196534715557	13.8454517748803	-1.03920760912805	17.7797625087111	13.8269964455056
PDE4D PPP3CA.PPP3R1	-0.789785082485289	17.5439375981766	13.5073125578375	-1.52963666445587	17.6922644214092	13.3778305357999	-1.56786383245	18.158387266726	14.1936733344563	-1.14393216353414	17.8908375536218	13.9451192320229
PDE4D PPP3R1	-1.3938791591458	17.9693153626347	13.6134804366036	-2.09676187237279	18.2785082531887	13.5533757311369	-1.83119240338753	18.7943499504168	14.2827094252282	-1.78407065411903	18.5707588287212	14.109413194123
PDE4D PPY	-0.29547331133743	15.802417179837	12.616010642555	-0.830167955509002	16.7215513869216	13.0327199520004	-0.263143764150155	16.2714564053406	12.8637571366392	-0.467083639146078	16.4902081079784	13.0237986932855
PDE4D PRDX1	-0.833680975198538	17.9732463164151	13.906484657251	-1.30220147525074	17.7620288794141	13.4804701337812	-1.01591500030131	18.1077247749542	14.1577244655637	-1.16097525521888	17.9183524937645	13.9962459103814
PDE4D PRDX5	-0.67425602872596	17.7325484410421	13.9639097504206	-1.06545262250629	17.0699813629501	13.2641042503444	-0.823257709625142	17.4195410843991	13.7964524500982	-0.828238676475048	17.4948686885282	13.8779144271478
PDE4D PRDX6	-1.42941707477592	18.4984497433041	14.6063494861456	-1.35060382172541	17.6339845160174	13.3856140445116	-1.52725922394916	18.3932805374286	14.4511296497694	-1.55184007438836	18.2901437705269	14.239174970887
PDE4D PRKAA1.PRKAB1..PRKAG1	-0.966072305640946	18.6458066380905	14.6266588673479	-1.52792581264329	17.9501256554887	14.1719840311983	-1.68277712395349	18.5094455827998	14.6539764603443	-1.71707949535205	18.4195768971821	14.7823142665777
PDE4D PRKAA2.PRKAB2.PRKAG1	-1.21723751333214	18.0031213021858	14.003475664002	-1.33995482444455	17.8571940908044	13.1885141666829	-1.56109762926864	18.46987630181	14.07985974791	-1.30130538633289	18.1678626743751	13.9173742834819
PDE4D PRKACA	-0.830046554997056	17.8878547819705	14.1868216396989	-1.21248703702523	17.3117878726803	13.0086069732322	-1.17365422383582	17.9624383790169	13.9076838535581	-1.11393046547248	17.9052452641132	13.8868544751544
PDE4D PRKCA	-0.989010215709348	18.4283425662074	13.799938926325	-1.60889618091845	18.1226940201176	13.5118512644148	-0.976190690108292	18.5344513617018	14.0005894036847	-1.36263816953324	18.3113486091698	14.0596282008042
PDE4D PRKCB	-0.961995174269956	18.3589016386488	13.4748521103475	-1.49381375984984	18.2361823480757	13.7076894516624	-1.07241039922558	18.5870566640051	14.1251159769649	-1.26178154438097	18.3530312451735	13.8789287429349
PDE4D PRKCD	-0.838371617736881	18.0727128161915	14.2387275380895	-1.16411997257787	17.6646314625278	13.1484289393749	-1.3741842720111	18.3340181996866	14.2132803736179	-1.01217494841365	18.1352977441237	13.9444805677786
PDE4D PRKCG	-1.72445045075174	18.6277635694518	14.8763519191216	-1.27580843097336	17.3941977668205	13.248431729818	-1.55747840870692	18.2628705298036	14.3362298115478	-1.40675004558181	18.1231483959724	14.1704878280345
PDE4D PRKCI	-1.55321862869901	18.356459005369	14.395610328841	-1.7579555418336	18.1279811168783	13.6392553415509	-1.4974520209524	18.4040345423964	14.2490364256531	-1.53236154220058	18.3823264596839	14.3024967176943
PDE4D PRKCQ	-2.10771335653829	19.0965884845794	14.722409510927	-1.743202810754	17.893304217296	13.5819829949482	-2.12486370914243	18.8583735167986	14.5537952318739	-2.04585431097773	18.6049343447231	14.4446868035557
PDE4D PRKCZ	-0.9421813377219	17.4536806350911	13.4879750989851	-1.1452664778918	17.8250510362111	13.3790994773046	-1.1701754294508	18.4480005245774	14.0544736511816	-1.17841260909889	18.3411306036256	13.9224469503512
PDE4D PRL	-1.29580597773727	17.9795852799828	14.4234136361416	-0.783705620527609	17.4179746392816	13.470062703047	-2.08411822536916	19.1570944653106	14.8525078756785	-1.35079756231434	18.1256616505393	14.4998693387267
PDE4D PRLR	-0.590655570582571	17.576214508676	14.3612486621503	-1.92815022071465	18.5384352214883	14.1049299127414	-1.44458914724454	18.2020330867062	14.3979984502802	-1.07366372092722	18.1951227507423	14.3906699677232
PDE4D PROC	-0.675155487628109	17.3124651827047	12.5161546868508	-1.20512571374322	17.1398305943827	12.7225917774138	-0.936376237719099	17.9143943119159	13.2889159679863	-0.974723349973639	17.3084857838704	12.9253346132779
PDE4D PROC.1	-0.913113435034908	18.6406540502359	14.1398085094663	-1.58966067895346	18.0940392044676	13.9528204327648	-1.89152585350707	19.0277106278586	14.7069931879	-1.42642696400825	18.5559727827321	14.2823752121273
PDE4D PROK1	-0.956513731560374	17.8097130121512	13.7072524540864	-1.52738217799926	17.6300302806852	13.2826817597225	-1.62640400237713	17.9469421057607	13.92385554139	-1.52727722655802	17.9366201363274	13.8817601178719
PDE4D PROS1	-0.800656432862023	16.9722902473999	13.2880272366993	-1.48499397871398	17.8052462933297	13.5151195852054	-0.890853096939355	17.9358748667048	14.1074595070194	-1.16957780087077	17.7813326537329	13.8686094546386
PDE4D PRSS1	-1.88026204499852	18.6224133776743	14.4762173373774	-0.79798016850104	16.9482166756996	12.6875504227021	-1.11940197607337	17.9516367588728	13.7514996475261	-1.18180964144814	17.8781368422139	13.8261303025575
PDE4D PRSS2	-0.522125301072496	17.0700266929257	12.9535435507209	-0.757817861648849	17.1436827684497	13.3500243068172	-0.506281468651076	17.4269536110872	13.3691763034646	-0.711078299852535	17.3805666845553	13.5007221215692
PDE4D PRSS22	-0.793901467883045	17.4226319559972	13.4607590580309	-1.06578915191527	17.3705527766138	13.172432593009	-0.832875984169672	17.9614575420466	13.6838943175346	-0.967345334586664	17.5732410010004	13.5970535284197
PDE4D PRSS27	-1.44671703230496	18.3195240450255	14.0012367981868	-0.819889644206388	16.917798599252	12.4824984885087	-1.16354550633488	18.0362095409027	13.9309435985979	-1.2279444860254	17.8827066171729	13.5184989061646
PDE4D PRSS3	-0.892414682172053	17.6873725412094	14.52645854575	-0.814013337928244	17.1491124320164	12.9810972772553	-1.11668076478258	17.9494659722832	14.3167504914109	-1.0369094944801	17.8133625445861	14.1713241220864
PDE4D PRTN3	-2.02667272800131	18.6299087224576	14.4699618460918	-0.78768384833232	17.0999344327781	13.1590816981317	-1.56203059892595	18.2929455178394	14.3325055873743	-1.28783365190752	17.9589028311051	14.1087644993066
PDE4D PSMA1	-0.89328678495266	17.4566250237535	13.6718735269011	-1.29017546055865	17.9161685251437	13.4621403409272	-1.34128907109276	18.4380949862692	14.4594818130735	-1.30518314475785	18.005912427287	13.9495041869211
PDE4D PSMA2	-1.55959844839454	18.5701628114921	14.8142590809856	-1.31453474869779	17.7032691627223	13.1147942767722	-1.87364178702542	18.7377124163739	14.7498270392508	-1.56799009145681	18.409343886424	14.2775536295841
PDE4D PSMA6	-1.5960166056995	18.6304518810546	14.9978929997076	-1.43808031358263	17.6942539750929	13.2048345688345	-1.86505759951718	18.6884391091576	14.4937258510152	-1.81890709206223	18.5089631157962	14.4377632999052
PDE4D PSMD7	-1.97901925008069	18.6188133742988	14.7275438970567	-1.53024554951175	18.7007745646764	13.3560539260892	-1.48406549606399	18.8185055263148	14.4662967728855	-1.59993558237206	18.8912996822755	14.4050741033482
PDE4D PSME1	-0.564753498942329	17.8017271681705	13.996529392861	-1.05736096902513	17.7040705032146	13.3080012758366	-0.817809124067166	17.9782048292943	13.9723502897592	-1.08675140440629	17.9472518456722	14.0423731129537
PDE4D PSME3	-0.854251519378262	17.7966397939634	13.920109949261	-0.838163714641937	17.2397725235643	13.4044330685279	-0.744488556133613	17.9459163607479	14.1050826494493	-0.718785612856335	17.767705204726	13.9752903922653
PDE4D PSPN	-0.772773020546281	17.6420085854047	13.458687155891	-0.709549254654127	16.3203157161117	12.8984789138145	-0.736145028225812	17.5380938424509	13.7974479537491	-0.896175195021349	17.2339333106922	13.5371935382486
PDE4D PTEN	-1.75166835654868	18.6748412832293	15.1401535684171	-2.07452475619717	18.3298555850179	13.4636450245387	-2.24232431470875	18.764551412847	14.6309559152808	-1.9056205065419	18.5697875615051	14.4700036757025
PDE4D PTGS2	-2.02582733414661	19.1939044873864	15.182130639389	-1.74522561310263	18.4686929284227	13.7199597511152	-2.33290188005935	19.0342443844368	14.7251145573287	-1.87079660609874	18.760631719231	14.6816289667616
PDE4D PTH	-1.17547969392852	17.9594932502879	13.6337407066856	-0.705520621182141	17.145292686025	12.8289914852694	-1.1954941853793	17.8921606942905	13.4808153419105	-1.05615851150681	17.8710023449338	13.5302300249457
PDE4D PTHLH	-0.456644614757239	16.6225604404791	11.7995026986865	-0.243213418723651	15.9592542875851	11.5803015161324	-0.816919417223913	16.9777851358439	12.6081754483654	-0.371358364732408	16.4969378922371	12.0958752495513
PDE4D PTK2	-0.504528464709131	17.2823498687997	13.2759898102475	-0.762868504585967	16.7624542815037	12.348610693415	-0.736165510464121	17.6993407485044	13.4928536795589	-0.653591821793832	17.2202546987961	13.1192965616427
PDE4D PTK6	-0.37409182713792	17.9614527925646	14.1213419214502	-1.72306905364312	17.8013185311308	13.3802265028023	-1.29288334163495	18.3171858349535	14.3288958018623	-1.01720442643452	17.9117210191862	13.9574875129214
PDE4D PTN	0.726037833793767	9.7907388078026	7.08809013986887	0.648754844714509	10.8693341558246	8.27472407413354	0.643210189137775	10.9339067447292	8.1213704364768	0.6822709484959	10.464010094304	7.831954148479
PDE4D PTPN1	-0.640560457395836	17.2699756669311	13.1291142519747	-1.23183868071282	17.7190260266027	13.1324569500638	-1.22041123598592	18.2589489411298	13.7747571734893	-1.23807148415077	17.8635604111421	13.646593253501
PDE4D PTPN11	-0.744965204958102	17.7970095720234	14.1312197132676	-1.70115018694793	18.3244018474542	13.2433729791686	-1.50223810168187	18.3833675578941	14.2154221986426	-1.25196978413265	18.1163910676851	13.8464910255402
PDE4D PTPN2	-1.86494751562812	18.8184503216138	15.4161978466154	-2.09367644974671	18.0239585565239	13.6011470948322	-2.15506995968354	18.8217658744673	14.6554961334803	-1.8800144860162	18.5661730031401	14.7323967612953
PDE4D PTPN6	-0.744053968238441	17.5496822618898	13.7920165637094	-0.850814571967586	17.1057858839477	12.7948986191544	-0.904685433595964	17.7025840033358	13.8333806351164	-0.928046674320363	17.5763544079407	13.57309226613
PDE4D PYY	-0.863842433782544	18.0460061387085	14.2071008656694	-1.54123385876108	18.4373546738466	13.9328837033404	-1.54657089931232	18.6740349506549	14.4831290541311	-1.38007902157069	18.4214890177881	14.3886170515646
PDE4D RAC1	-0.793442534159419	18.2214159123505	14.0640913075959	-1.36795551696959	17.5844820395968	13.3883815945728	-1.12526998861671	17.9336106055206	13.8387001487874	-0.994005512310011	18.1090650745811	13.9662782252191
PDE4D RAC3	-0.455675994497977	17.5521936096156	13.9203812137121	-1.29017646051083	17.3526338892489	12.8857696839868	-1.2124449177893	18.3132248108419	14.283015360845	-0.860866990458766	17.6936430850586	13.7142043204812
PDE4D RAD51	-1.49506493312081	18.7615222967756	14.5987431527045	-1.09595561581486	16.9279634594014	12.7398831298513	-1.63512384710509	18.5774634422452	14.3650940615734	-1.59201116037412	18.3047646610842	14.2446774345461
PDE4D RAN	-0.695860305761131	18.295790403437	13.8221173679944	-1.91275497237831	18.0806559460886	13.6912615647347	-1.47793285533619	18.4248273100246	14.2536171556771	-0.945718451320554	18.2936672322047	14.0179378688721
PDE4D RARRES2	-0.249368266277087	17.1909761678572	12.7418502278443	-0.375529545913276	16.2134057877619	12.5641601255199	-0.383831108355623	17.0493119641076	13.3542692976902	-0.388820098774387	16.9222293132569	12.9046386260715
PDE4D RASA1	-0.974962248958439	17.7220763563601	14.099826047254	-1.45113928089546	17.4268211917512	13.2583784445882	-1.3282330335663	18.4555089643277	14.3140868297642	-1.42755113612002	18.0376509532247	14.026539708919
PDE4D RB1	-1.37772965600615	17.7288975913476	13.3628964344695	-0.791864027523353	17.3879472590185	12.9099506218732	-1.94626590745572	18.6293470726676	14.2838549147834	-1.17479092476088	18.0633085537884	13.682364544524
PDE4D RBM39	-1.32229162720518	18.1362636761568	14.1534369802598	-0.596924518339022	16.7610824806717	12.3892880253672	-0.85754927954887	17.4070969953951	13.7726585292852	-1.03486819378005	17.8411222891002	13.7704613012679
PDE4D RBP4	-1.70486963209504	18.8133591181408	14.9588307316708	-0.93463752673531	17.3935630937179	13.5929700597392	-1.4989920775285	18.6302901505661	14.8008320195337	-1.58193977707037	18.4727817013355	14.6708377156708
PDE4D REG1A	-0.230912482559331	16.9458700287512	12.841920167831	-0.82606252155189	17.3662311038552	13.2038393539367	-0.651491289024828	17.579893559496	13.5057194057472	-0.414197917922783	17.2831687107959	13.2090898212088
PDE4D REG4	-0.0634123122782457	15.9330629478451	11.8359998592352	-0.520626544883574	16.6266613992222	12.4962220893568	-0.231828363262722	16.5618187059105	12.3479285853564	-0.322474379444868	16.469338814495	12.6871405511294
PDE4D RELT	-0.218230744198868	16.0674586284243	11.6493704923928	-0.165707680855883	15.4355013056309	11.0476443040203	-0.290118410905514	15.9541582092298	11.6273736294956	-0.160596961790732	15.7694342093008	11.5846186673159
PDE4D REN	-0.021552798850125	15.9074430809344	12.8743396850069	-1.65429064968554	17.9358398823344	13.6197564539937	-0.679540540193988	17.3310095555357	13.727151811924	-0.596166303332214	17.2458264861168	13.6243171055677
PDE4D RET	0.480443317716131	13.0992869988552	9.79414161917202	-0.192374469067772	15.8888761323257	10.98715593774	0.0999665219222189	14.9339013246817	10.8974428895017	0.217661949969657	14.7587841686911	10.6890579685163
PDE4D RETN	-0.728475227869804	17.9575979874107	14.0408861240302	-0.46197620516085	17.1359065538048	12.7616857097545	-1.23494830755583	18.6888281802004	14.307232413628	-0.735970501642665	17.5710305874729	13.6385279673885
PDE4D RGMA	-0.510213613399946	16.9293393168812	13.1319779667931	-1.14586946949657	17.7700460746656	13.2769070135966	-0.742124826645494	17.4904148560713	13.496203149575	-0.888894360258697	17.4136880182456	13.4955548574825
PDE4D RGMB	-0.610494723350346	17.7114559122732	13.8947148092299	-1.23954512309731	17.5100815219238	13.1937264192224	-0.964074133654342	17.8597639923273	13.7846623065169	-0.900527238111905	17.7192310145831	13.7470640680474
PDE4D RNASEH1	-1.50844694687387	18.2651296348818	14.4019028447269	-0.787231750958519	16.3521868468357	12.2817743086232	-1.47368369961727	18.1881053732683	14.0141022820551	-1.1200130585923	17.4836014018741	13.5159963743212
PDE4D RNF43	-1.06243435962138	18.2985437566344	14.7673186681875	-1.52440660831213	17.7452332735114	13.0970241524083	-1.93724985044278	18.8455394296432	14.6457144642923	-1.35298799371073	18.2300552648541	14.1914097668599
PDE4D ROBO2	-1.35131863874392	18.0260477543879	14.3690627371405	-1.3268899536803	17.5678907343018	12.8314893345849	-1.66078613741306	18.6017117589354	14.2246726082407	-1.43754353893697	18.1296615177378	13.9878472689971
PDE4D ROBO3	-1.95277216223238	18.5687471373034	14.7747890999075	-1.51816672424881	18.2001816688509	13.9159142187506	-1.5931214141913	18.5719236011545	14.4799790547248	-1.79765813286495	18.5675109671474	14.6693499332433
PDE4D ROR1	0.0738264721123089	14.7803356538277	11.5140180979167	-0.740310847665042	17.1104909424069	12.7126010676173	-0.473045732746995	16.991750197433	12.7442670779789	-0.343805317266916	16.2874881456899	12.5254692141729
PDE4D RPS27A	-0.897039533187254	17.9413294072884	14.3790530659922	-0.898138385836513	17.136406244576	13.4176006186554	-0.857551676809631	17.8065545720562	14.1394248600457	-0.891475601794684	17.7151284727626	14.0410529665787
PDE4D RPS27A.1	-0.762310037120151	18.0437610972486	14.2847594377277	-0.567599763022624	16.5732495798451	12.9690308162807	-0.815834547106738	17.5646362170754	13.8916965855428	-0.869400279134457	17.7521045455241	14.0478791200162
PDE4D RPS3	-1.08352099526453	18.5673443570149	14.3392168212592	-1.65810779767715	17.9610082258739	13.4591815241859	-1.81383752980289	18.7108874741048	14.6095957621353	-1.48431749444419	18.4045236150495	14.2067355071402
PDE4D RPS3A	-1.49124681381798	18.5987287381353	14.6288522405111	-0.992465630298061	17.1292533213347	13.2353300624286	-1.72786989997493	18.6143213893819	14.5226173595822	-1.42995535299114	18.2192300538952	14.3141041746382
PDE4D RPS6KA3	-0.0459925735392124	15.827152889037	12.2268499958203	-1.32697731922847	17.77811583961	13.296754918816	-0.934351848405403	17.6460400357095	13.4255402240785	-0.648862371513636	17.171557356293	13.0554136108316
PDE4D RPS6KA5	-0.933895142179542	18.0319748401408	13.9999168200472	-1.50260734171173	17.5917529727242	13.1071584973456	-1.00133429828731	18.1080528928007	14.1057924827674	-1.49819014433989	18.0588835345677	14.0623247513409
PDE4D RPS7	-2.23468191629813	18.6367772179043	14.5604788786074	-0.985834475424574	17.2309637532933	13.3167805386594	-1.56135151168053	18.462687081587	14.3294825349714	-1.63494484546109	18.273697796331	14.391580615698
PDE4D RPSA	-0.916061766465755	17.8830334832512	13.6981338702848	-1.14785093894369	17.498647434778	12.5989484693059	-1.39299100402433	18.1545229442436	14.0613296502928	-1.14406301979611	17.7776754232259	13.4246782158361
PDE4D RSPO2	-1.03633155432022	17.7044991430522	13.7162522779221	-0.809750614552228	17.1288706256916	13.0501144236024	-1.50163171484441	18.1556647883561	14.3118503659403	-0.775925399004266	17.6857796619967	13.6556083437836
PDE4D RSPO3	0.552342307767254	12.0961626039207	8.91870966812656	0.0999167253027765	14.1079654639768	10.3228087956526	0.401764657522444	13.1842076178439	9.76048468712457	0.349743294208668	13.3877385362291	9.96659330220161
PDE4D RSPO4	0.429409293164451	13.24573401628	8.8285497712304	0.26812131542234	14.1218171724203	10.9760951650104	0.285729805484493	14.6327096682813	10.7343711403967	0.315574640879803	14.0903486786903	10.457813598149
PDE4D RTN4R	-0.97116378683453	18.1278841059326	14.1944843832654	-1.45135387677511	17.8762861918706	13.3085780180735	-1.03558865083553	17.9667292042241	14.0222419873023	-1.24138730235011	18.1169503987945	14.1027219828748
PDE4D RXFP1	-0.555394485416988	17.956449448519	13.4184033502817	-1.32031252515986	17.4711425973149	13.4833473847321	-0.812398650552736	17.7871453915199	13.7844210536724	-0.966943205056479	17.8499865315977	13.7284378467055
PDE4D S100A12	-1.05855207857659	17.9232712963702	14.1282774225892	-0.886883677405083	17.7457920287522	13.3436471558532	-1.00937931821377	18.3320976425392	14.1367707514584	-1.03201161881983	18.2187854743767	14.1284240998833
PDE4D S100A4	-0.789437301910883	18.2196681846072	13.6645366269573	-0.72174614382181	16.6726408717483	12.7816120851749	-1.14672082349483	18.108841672357	14.1246996408893	-1.08520812181832	17.7860545926154	13.8789076708274
PDE4D S100A6	-0.727860077693796	18.449330266421	14.1028728395702	-1.92872454212718	18.0058579118598	13.0837586497338	-1.67850062383796	18.6979405575509	14.5971627753513	-1.53339351868308	18.3526700326445	13.9643742366108
PDE4D S100A7	-1.30293850469449	18.0839053439586	14.5847839687021	-2.26417550058334	18.3084918564334	14.0542527969733	-1.73838276641574	18.6987175529756	14.7524426960613	-1.67479176337176	18.456349286093	14.6463601256692
PDE4D S100A9	-0.254349349202813	16.0671292886752	12.4969249086158	-0.564146535838894	17.3997363756083	13.0625533057027	-0.390059153879009	17.0861738724115	13.3053101607167	-0.406265313665837	16.9163662767865	13.0607884148396
PDE4D SAA1	-0.604277381372437	17.5460320006671	14.3881332854735	-1.13171245346512	17.0480277069094	12.8074372561393	-0.972765307625398	17.9075765852557	14.0885676416635	-0.878660518843326	17.4972590736466	13.8567993230904
PDE4D SBDS	-1.23725498057265	18.3315586719961	14.1028946038028	-1.19325919419009	17.5773592013037	13.2299645215838	-1.48778209673099	18.4484812248413	14.2463482141951	-1.19804460040511	18.1025946504235	13.9469571912822
PDE4D SCARB2	-1.63076571478332	18.522784044394	14.924717759234	-0.950791457437298	16.669801251011	12.6183402495208	-1.62117497148759	18.3976268450821	14.2650053583698	-1.41026234655453	18.0643661528357	14.1293798940353
PDE4D SCARF1	-0.491332039415396	16.8694408422438	13.0396543440877	-0.642464871114215	16.7385557083019	12.4906944494453	-0.512604699338534	17.1358975460435	12.9571962363366	-0.514971789158347	16.9223840149539	12.9975084582174
PDE4D SCARF2	-1.08105120893849	18.2086399441219	14.4867362430729	-0.867632503243378	16.8977502005258	12.9044090291263	-0.902881145720672	17.4853484444304	13.6904198875537	-1.01965435714347	17.6826174130608	14.0141148294974
PDE4D SCGB2A1	-0.557901401507751	16.7323920154904	12.9579026589887	-1.34047345542957	17.876854726792	13.436955718421	-1.3816659505674	18.0831928997217	14.0246675351412	-1.20194765287335	17.7485355419262	13.7401488677432
PDE4D SCT	-0.805841013648563	18.3045198328084	14.3883938953368	-0.809388448323757	17.6272155898048	13.2784371769126	-1.01160191718508	18.2209860338453	14.0910973639159	-0.898748257108994	18.0128248689216	14.1259261641648
PDE4D SECTM1	-0.860118125430374	17.8642086431004	13.7651434792134	-0.712245829715312	16.6118848546095	12.3477912879951	-0.765193284428528	17.4223458956823	13.471252042284	-0.887105575045659	17.5012840185474	13.4482882757518
PDE4D SELE	-0.894373477997418	18.2497194414144	14.3614079772987	-0.988625290241772	16.9651057813908	12.5906326843708	-1.24251387098331	18.1946851926548	14.1503156534524	-1.02316603074468	17.8881562091699	13.7511938618658
PDE4D SELL	-1.21523371997139	18.0399910839257	14.2865771206378	-0.430427400364211	16.3972507085645	12.5127002800568	-0.857101476534188	17.7460546671105	13.943642837075	-0.818521804047043	17.4857686796819	13.7205346934295
PDE4D SELP	-1.27457450003641	18.5063565965378	14.4457640435687	-1.34287467031692	18.0422719094818	13.7175826602838	-1.59731856639526	18.5067757554421	14.2768136446843	-1.55679359955222	18.3889182735537	14.2463500234548
PDE4D SEMA3A	-1.61899863738164	18.7574311968935	14.754672746545	-1.97689200048621	18.1465450171425	13.9302407858901	-1.41434292356705	18.6714589128955	14.5177565874701	-1.60618860178007	18.5345656430292	14.4669758836909
PDE4D SEMA3E	-0.357364686610404	17.1452798052814	13.1990627605349	-0.852697843420404	17.0291437590324	12.4865290928562	-0.858012643324666	17.3358890835316	13.2027186724029	-0.43367852387343	17.3369966767331	13.1842639137354
PDE4D SEMA5A	-2.05410373329102	19.2043144941144	15.0111971807577	-1.62576606906739	18.3221860216128	13.8411041504155	-1.7174607641216	18.6577916752237	14.4309562937115	-1.71753280441682	18.8585769668069	14.6753585901665
PDE4D SEMA6A	-1.27516224369282	18.8213766366915	15.0648239189351	-1.41439959961738	17.3033875083386	13.0305474935579	-1.47643815522446	18.1526910998239	14.3009449440718	-1.2771673941171	18.2759204388795	14.2310011974559
PDE4D SEMA6B	-1.95397864759775	19.1283458666714	14.8306891245084	-0.752937128235433	16.5150383769403	12.1263673867048	-1.14915906776378	18.3130147799557	13.8369725276015	-1.4797993531222	18.1177126655917	13.8326612711543
PDE4D SERPINA1	-0.762135200984842	18.0217947016732	14.3584958480626	-0.826718792172386	17.4210194817569	13.1313233337594	-0.888295061190274	18.0243038819998	14.0446463139617	-0.837426157997669	17.8397879897588	13.9543559360958
PDE4D SERPINA10	-1.75213550507349	18.1423590965035	13.7551530772702	-0.853431272432481	17.3976298822188	12.7999473733329	-1.52493582768084	18.2192587472917	14.0724637469168	-1.39425722555979	18.0179330743542	13.5646398741531
PDE4D SERPINA3	-1.49705799296427	18.7890391307687	15.0006428051849	-1.44462570590302	18.1773618214557	13.7480727954105	-1.69711175695121	19.0101726322012	14.5906446064253	-1.62587439889974	18.6842944434595	14.6529654902845
PDE4D SERPINA3.1	-0.631672087714118	17.2964866058458	12.8070927039737	-0.7026317773661	16.6513134574808	12.1534531183275	-0.702442518483659	17.1762297150906	13.0201515252497	-0.723917486637624	17.139910618728	12.852703891804
PDE4D SERPINA4	-1.17210589450619	18.3953707683453	13.8459222895053	-1.61280348223437	17.8739972164847	13.7463203704503	-1.26821542407034	18.4165979988126	14.1424965837666	-1.5191402677817	18.3498260175036	14.2099418432978
PDE4D SERPINA5	-1.02415346006875	18.5825008168243	14.4795046103086	-1.5782297800491	17.9028699014196	13.6027551847273	-1.37922373610422	18.2976825755023	14.1938654382672	-1.4709163116682	18.5590617075693	14.3347146001206
PDE4D SERPINA6	-1.2908290375357	18.5254183839095	14.4500473025002	-1.40642314581564	17.8699114288475	13.6946515779848	-1.13812163728314	18.2227036786577	14.1858311895149	-1.24768949892069	18.3224725832494	14.3173224274028
PDE4D SERPINA7	-0.814274506925794	18.4908641740626	14.4299361830538	-1.7344573202266	17.9057652285517	13.4496364352542	-1.32978996553887	18.3213277474409	14.1899336958414	-1.53459079155065	18.4321168993779	14.3025648964737
PDE4D SERPINC1	-0.397689532975925	16.6689032771229	12.3349922380091	-0.98356208092008	17.3025886550158	13.1886290028008	-0.670235695675648	17.3274638840595	13.05353795401	-0.65021419931663	17.1431337637948	13.0380406302515
PDE4D SERPIND1	-1.05665424621037	18.4434854222091	14.0167578748093	-1.30605210479758	18.1226476554532	13.420034742422	-1.07492471069187	18.2478979838711	14.0660432098012	-1.54706181646781	18.761911358781	14.2735092343912
PDE4D SERPINE1	-0.53814460842424	17.1205208703467	12.6283790091075	-1.31961890813396	17.6767297749821	13.4801648954628	-1.71152298706254	18.6436991169133	14.0778099035719	-1.07318270644027	17.791651721912	13.3780868744678
PDE4D SERPINE2	-1.17829819849899	18.3985125123538	14.2415375858098	-1.32378449017133	17.9961123208669	14.1510426419148	-1.87637671264838	18.8019222759709	14.756091090373	-1.38003030030262	18.5007395376507	14.5602268913798
PDE4D SERPINF1	-1.81766151324244	18.8392369259884	14.8000138901326	-1.09545618520263	16.993619438329	12.8338909159858	-1.73546041711611	18.4476000140432	14.5594347411185	-1.43552212614132	18.220583072794	14.2333000507946
PDE4D SERPINF2	0.346788695198638	13.4480785320169	10.5704165154285	-0.0939508480281412	15.5106102680268	10.9895328143495	0.103370070381756	14.8146881866246	11.0812152107444	0.126806057084865	14.7615902740067	11.0536372914335
PDE4D SERPING1	-0.7365123016453	17.9467762163852	14.0891494042602	-0.487800458200977	15.8744093671891	12.6343978421424	-0.819508680899595	17.6578728937306	14.1041255513742	-0.578062748459122	17.3941671424535	13.7046477608941
PDE4D SET	-0.892280559287677	17.3544910731532	13.3747446217875	-0.780235831418488	16.4115311336154	11.7330553747443	-0.807031565014279	16.9466524993082	13.0820400894718	-0.863935737191539	17.1043725709305	13.0438881838731
PDE4D SEZ6L2	-1.29376640622614	17.9157997660525	13.9165040545888	-2.09543881523732	18.0846130855782	13.5293980330273	-1.50055873193188	18.4070727232016	14.5048651700995	-1.68497793317496	18.2987974313897	14.276337277562
PDE4D SFN	-1.02050598094491	18.101828984917	13.7301902639959	-0.56350075238202	17.8734222634653	13.1033549037006	-0.796545281440304	18.2044914674043	13.7624573695073	-0.872276363224903	18.0449956103718	13.810418378292
PDE4D SFRP1	-0.153503750172988	16.8054522088295	12.8623416217277	-0.270432006302326	15.6010311065686	11.6648920082345	-0.223464142979483	16.6467617259781	12.6546307131976	-0.298169940492216	16.3821215153478	12.5502172387405
PDE4D SFTPD	-1.19646883919092	18.0254168870199	14.0834677400893	-0.908816703245762	16.8705855005895	13.2084445006831	-1.37081802506558	18.0514724130489	14.0930722404303	-1.1151126222301	17.7978169588762	13.917120026844
PDE4D SGTA	-0.687865849140558	17.1940131398026	12.8603200406047	-1.73698599788977	18.1154265589981	13.5269636959181	-1.26187729672383	18.1350023169566	14.0302809914565	-1.19455407109804	17.7736780808618	13.5880921680665
PDE4D SH2D1A	-1.84564321625809	18.709604366512	14.7620662772313	-1.20058856267744	17.3985420493529	13.5670002946129	-1.41828900841759	18.4789502062908	14.333716087643	-1.4176805625985	18.2967851567958	14.4056292208458
PDE4D SHBG	-0.286544694186886	16.6409632712712	12.7437025889612	-1.36808654464129	17.8932042546474	13.2915220330608	-1.0966010520042	18.0247080893933	13.7126904238126	-0.823839329098728	17.6144610525322	13.4448094417905
PDE4D SHC1	-1.39437476944224	19.1507209554148	14.3103959317547	-1.47849511149472	17.8449074057382	13.1207545610043	-1.33107127791549	18.6920518035336	14.0628887075744	-1.53024456750247	18.500413380071	13.8831872886033
PDE4D SHH	-0.396308324543161	16.9237962809016	13.5782596577031	-0.41829944077107	16.6950539769375	13.354092057038	-0.520158747945473	17.3289395201646	13.7407863750441	-0.44784819509209	17.1730167140082	13.8589623372982
PDE4D SIGLEC1	-0.681275669607598	18.382853815061	14.3612081310026	-1.58026181047554	17.9890249798874	13.8630118170682	-1.15931986393368	18.5123961590789	14.5503446963513	-1.13822420148038	18.3056108805309	14.3044334231575
PDE4D SIGLEC14	-1.10288779476956	18.4842033275814	14.6382107514276	-0.467456283872141	16.3700978447498	11.9160432060623	-0.823420551320998	17.5338062101355	13.5903667899622	-0.822925418206116	17.5218617244124	13.3848769857036
PDE4D SIGLEC6	-1.49271969820349	18.6983474657424	14.8738849813108	-0.986121768619122	17.0370623680972	13.3495990649862	-1.65327100814097	18.4230201094433	14.4793727025447	-1.35715714469311	18.2538013480757	14.4934391813719
PDE4D SIGLEC7	-0.531103540135542	17.9669642615175	13.5375971213588	-0.85759460457917	16.7502499331617	12.7532225748333	-0.683619653232435	17.7891034800818	13.948005259413	-0.749014556474524	17.4640176347637	13.5346081406976
PDE4D SIGLEC9	-1.47944041962563	18.4446797699008	14.8692439911406	-0.931120378127636	17.724519515887	13.6307015480686	-2.57067162611076	19.0058683773814	14.7310331405841	-1.18835206281396	18.24212954267	14.4480070729465
PDE4D SIRPA	-1.18980469150188	18.1342681118559	14.2358676266342	-0.978528152237793	17.5040244560962	13.1140523299914	-1.35235183473411	18.2196153316921	14.1751177467861	-1.1088678445661	18.0738027472174	14.0346032702498
PDE4D SIRT2	-1.13958085376931	17.8879761940748	13.5376681151843	-0.437742181768578	16.9347911494232	12.6571521145987	-1.37794281082184	18.0442138632291	13.5087107258865	-0.928107202803139	17.7669209643658	13.5354594286061
PDE4D SKP1	-0.948095325530282	18.5451627820609	14.3233803449472	-0.918193141298373	16.9149493187711	13.3004627035622	-1.18572867421796	18.0501406208792	14.2407489588936	-1.13111188446475	17.8319962851429	14.2314987652564
PDE4D SLAMF6	-1.34478509504671	18.6925128797146	14.1208755729439	-0.802061481022978	17.6113973482362	12.9559778387597	-1.0279570671188	18.4623536936244	13.9850588221021	-1.12956124555905	18.3318967020111	13.9439914550581
PDE4D SLAMF7	-0.5994448155604	17.1025045944421	13.5515296018599	-1.41658477176317	17.9975219436147	13.9481719334234	-1.19482189630415	17.869897248688	14.1520546493459	-1.2154118887235	17.858580447951	14.1674890021372
PDE4D SLC25A18	-0.580908476646987	17.3769058874795	13.5962970602586	-1.02655547520378	17.525355475412	13.0722610819982	-0.729807698503442	17.7442144690395	13.752741529616	-0.859731881628951	17.7816401252729	13.8276582711409
PDE4D SLITRK1	-1.17697379025305	17.8797409847474	13.8109930116253	-1.32195433641273	18.1060051262737	13.4595461500697	-1.40178948517315	18.6046057817395	14.1606758114861	-1.48244327683775	18.082335925106	13.8556183928999
PDE4D SLITRK5	-0.5661873246227	17.044750514063	13.0526716241015	-0.545303303429816	16.9040672748525	12.8312703238796	-1.11920893377424	18.106396738779	13.8274080694176	-0.594471841985001	17.078446841875	13.1916127778917
PDE4D SLPI	0.276268975109579	14.4891679861301	10.7432739798557	-0.860663097608005	16.8931507081779	12.5253810000962	-0.254515557580491	16.3500126730344	12.2332339189981	-0.11864795635342	15.7390551369201	11.8234977344075
PDE4D SMAD2	-1.3295128760857	18.4435782314273	13.9507569043584	-1.313489019286	17.7259553871473	13.1795206620479	-1.53966042591079	18.5149700246998	14.0517130184952	-1.39562101083051	18.1168530982068	13.9688701901049
PDE4D SMAD3	-1.19200236796468	18.1204358460566	14.0859792498786	-1.39867149972146	17.9533142149527	13.3845338926763	-1.62718682818662	18.5089909061551	14.0516790632395	-1.20874592373139	18.1944587439666	13.9413111767491
PDE4D SMOC1	0.353624274993233	13.273073067237	9.25879104175262	0.213464276619269	14.4485052147981	9.73850106903385	0.27313194679678	13.856337240448	9.83815207740057	0.285593016083645	13.8618089984194	9.64933221965556
PDE4D SMPDL3A	-0.569593160722864	17.9249349107572	13.7429939328019	-1.0691704968128	17.3203212695872	13.2317142438568	-0.986795847707939	17.9584396955943	13.8449407730597	-1.20121405723619	17.871179532628	13.7916424473358
PDE4D SNAP25	-1.02762994855343	18.1622057458136	14.4125624287707	-1.12838440422211	17.6790237541908	12.8244112472527	-1.04660577724291	18.1212046823409	13.9668574756269	-1.19318847923937	18.0047657535354	13.8093845655292
PDE4D SNCA	-1.48669224023467	18.9893601758102	14.9987757471621	-1.96337940803141	18.0679861932344	13.305179001574	-1.50685855737694	18.7633441739221	14.4711990961643	-1.81004840970826	18.6276188922146	14.4238767136334
PDE4D SNRPF	-0.924174059341769	18.0023169955413	14.2439238109619	-0.620468281138255	16.48348542748	12.4077932522198	-0.950464016854512	17.6148050967834	13.7682223796337	-0.673303433451305	17.2920385854216	13.5214436248492
PDE4D SNX4	-1.35848873009976	18.6209809342985	14.3120272205462	-1.74016192899511	18.0619916924771	13.7405923888886	-1.53330037837821	18.5564633340978	14.3172718948354	-1.40407771454178	18.5483183930273	14.3284641694251
PDE4D SOD1	-1.52662208605778	18.7651341682763	14.6725201011944	-0.932144147346858	17.1796263327575	12.9793650088222	-1.20899456710026	18.3215507288929	14.3118980443603	-1.16640688599745	18.1429013227186	14.1636887421674
PDE4D SOD2	-0.554304592910965	17.7995391629559	13.5349752836927	-0.271728480457151	16.3205819224629	12.2840829688583	-0.471782255784748	17.249564327516	13.3148429651975	-0.703797154621697	17.3718153791882	13.3662497818475
PDE4D SOD3	-0.865104678609913	17.2385530559345	13.8659447597291	-0.819053298173023	17.3493994119797	12.9553985170041	-0.743532540499404	17.5697791952488	13.7778949307871	-0.792142647041308	17.4679864541766	13.6755981791661
PDE4D SORCS2	-0.631062157375722	17.607460105516	13.7288502168615	-1.43803862873204	17.5787007629237	12.8476664684828	-1.2864688755175	18.2860635505075	14.0238425769743	-1.02160399413095	17.7722238676724	13.6320188004145
PDE4D SOST	0.515569390124347	13.0445580022739	9.45471153266599	0.362938935909397	13.4643815117789	9.91654181581778	0.387746498410905	13.7674586968455	10.4755306536228	0.427536632286038	13.5468947718785	9.92861533289921
PDE4D SPARC	-1.15481397099179	18.0577299033906	13.5393919774448	-0.996202490159076	17.0869492846246	12.971614070641	-1.40106960960969	18.3782741564468	14.2373213731368	-1.10512976697162	17.8249127095978	13.4815282103389
PDE4D SPARCL1	-1.15173024901995	18.1428513686741	13.9684231988741	-1.63875111634571	17.8276400138953	13.6514917846973	-1.55578989225043	18.4799816274131	14.5228507425547	-1.33287226733819	18.1883052889543	14.1023377902374
PDE4D SPHK1	-0.919600862304519	18.1558584194555	13.6129764693122	-1.35764335024789	17.9247356188645	13.5815796268769	-1.48220859752192	18.5508510822441	14.204628344017	-1.23941085480819	18.1771691681725	13.8610883002817
PDE4D SPHK2	-2.34357967031446	19.0193323787893	14.9526097706868	-1.86716816111882	17.8948482785385	13.5839248337512	-1.74421744670873	18.7833760161335	14.6654341135063	-2.06731016427801	18.5475112852002	14.5250242477051
PDE4D SPINT1	-0.909083369484204	17.8124071683492	13.9084437984663	-0.678956919721333	16.589716689626	12.9860854092749	-0.532827429011668	17.4539703226339	13.6971219892917	-0.685191896201685	17.2725419902928	13.6892116351541
PDE4D SPINT2	-2.49509322474033	19.0992457558842	15.1350848871487	-1.35531235382316	17.4760684354552	12.9993869778557	-1.53877016134519	18.590140315718	14.3836590944516	-1.98880644592595	18.5232473488346	14.3170140074435
PDE4D SPOCK1	-0.445236437068126	18.0353791570236	13.7024067667606	-1.66638184975135	18.0594353667777	13.5788503022485	-1.26627354443673	18.6644805014738	14.3492009169034	-1.39044883293081	18.3760600323805	14.2017278974165
PDE4D SPOCK2	-1.44778557169775	18.6064112351382	14.03606621033	-0.930468183168599	17.260342948333	12.5544710622084	-1.34842721034005	18.6116852437689	13.7994080067184	-1.19652089862021	18.1886060920648	13.5945631632231
PDE4D SPON1	0.465822763471962	13.1787580367806	9.79389284295006	-0.325553872017549	15.8352061704765	11.9970495242809	0.114158656145682	15.1885928761276	11.2152884435116	0.192679154246872	14.6942325402604	11.0010899417078
PDE4D SPP1	-0.323755147258684	17.0478765219743	12.4180842262237	-0.424327164510378	16.2959922231649	11.6336972386872	-0.349805602120405	16.8945020583149	12.466824710038	-0.5150251900146	16.8983622670495	12.4237363183372
PDE4D SPTAN1	-1.75727098901681	18.8919908904593	15.0997025347062	-1.31813611458114	17.6586239350253	13.1397655673293	-1.80599729435207	18.6492264648011	14.379418732568	-1.61357105925348	18.4779466920482	14.3133125393575
PDE4D SRC	-0.790753448874047	17.4740775125736	12.8371698821415	-1.41125937497076	17.9475610913189	13.4472234847	-0.804111902512582	18.2105704219742	13.6671074146348	-1.0233423065934	17.7780986867437	13.4029376971311
PDE4D SSRP1	-0.463769217173051	17.2230033035473	13.2707297812855	-0.90413197606797	17.1480013291968	13.1355252955322	-0.637270480964146	17.4158297351379	13.5347715128777	-0.703564311027801	17.4105552391545	13.5266592833509
PDE4D SST	-0.34659795909158	16.4777049010478	12.5217370669633	-1.08817884876814	17.9763007169244	13.6462239451093	-0.946918544840731	17.8509626780205	13.5715174217274	-0.58883245193733	17.362063473588	13.2871185034583
PDE4D STAB2	-2.28072233849009	19.1183429494756	15.186360059123	-1.26413314922055	17.5290226297455	13.320659425702	-1.86671089128625	18.6335425201646	14.3849805512261	-1.5234108610135	18.4220551190372	14.4427490675193
PDE4D STAT1	-2.50005337424525	18.6857895621764	14.8970588383055	-1.12142598926069	17.3769075479168	12.824678776776	-1.56616745323711	18.3988291964222	14.2009712847842	-1.60825264801406	18.2445069858323	14.020990473811
PDE4D STAT3	-1.70197386793664	18.7686528817829	14.3317167490595	-1.45863193994146	18.0782800840592	13.6305247900699	-1.58204496501469	18.7063177121462	14.2837703105768	-1.54869777765986	18.588992367769	14.2347244807384
PDE4D STAT6	-1.1946440340006	18.7452369335077	14.9775742163547	-1.58137636506921	17.9084590017213	13.5166707198791	-1.59445356858464	18.4567270314495	14.4455890034211	-1.23862938535168	18.4529586660217	14.4035114304632
PDE4D STC1	0.110628766785703	14.5435663995656	11.2290575956701	-0.739765586337745	16.8927886437672	12.696588815017	-0.321810415066152	16.1317420627016	12.4377740438995	-0.28531847874219	16.0986363252244	12.3812374274708
PDE4D STIP1	-1.66986724391546	18.8684904521062	14.7643013672067	-1.23306110971857	17.8582860299541	13.2275148090445	-1.49024907599928	18.647765115676	14.3628051950246	-1.55354912064338	18.4903218591368	14.2829628721496
PDE4D STK16	-2.35657368880915	18.7160954571976	14.9453683733255	-1.68286145088502	17.7414371052461	13.5559129919456	-1.46604826132669	18.4307596262084	14.4645855897891	-2.04556047096774	18.624076231916	14.677895027531
PDE4D STK17B	-0.97169811376628	17.9943307129998	14.0007458177632	-1.47929171596438	17.6962619547345	13.2840369429623	-1.56497568728765	18.3024412510132	14.143998802121	-1.36321691312679	18.0987176370257	13.8968486392952
PDE4D STUB1	-0.282628704754984	17.1668880463952	13.2500007167037	-0.734684365372397	17.5792034030391	13.4283518954635	-0.546309501757138	17.2270997886076	13.3885252991421	-0.604439403883339	17.42253153363	13.5939318734455
PDE4D STX1A	-2.4128481816063	18.8447134042012	14.7687856485961	-1.72237433780089	17.9698994510354	13.8015176378732	-2.09544315239001	18.7861323513086	14.652428910955	-2.16260172924071	18.6360221714094	14.6119267772239
PDE4D SUMO3	-2.55275468217077	19.2333725846678	15.0007620438838	-1.12549720547712	17.79333300838	13.5060841263561	-1.94995071168781	18.7272874433413	14.6022351690303	-1.69577516149415	18.6367655547748	14.5965766385685
PDE4D SYNCRIP	-1.63741301750919	18.972207285776	15.1945301600444	-0.66175688021515	16.153537459245	12.1941101976908	-1.42429690390226	18.4594626617885	14.2961208630944	-1.74279493037362	18.2949805956586	14.3358204035717
PDE4D TACSTD2	-1.12965468152207	18.0207543508004	14.3651814457785	-1.68508463308447	18.263392997902	14.0859383584904	-1.18697038782235	18.4354199569972	14.3549992883054	-1.60274763042581	18.4233436943038	14.4045573878968
PDE4D TAGLN2	-0.545281339652357	17.7282738648123	12.4580790431483	-1.53834316630295	18.5180406124467	13.9680474856355	-1.39258552648147	18.6668900640908	14.4497351541913	-1.12355765118361	18.3832279116065	13.8763542683484
PDE4D TBK1	-0.893596623047479	18.2966611953854	14.4614139523409	-0.992126202354731	17.6334214097895	13.4953475218585	-1.16815832611058	18.3900104981042	14.3275466791644	-1.24500743467198	18.2632473626996	14.3669851146488
PDE4D TBP	-1.86382844146047	18.7217095204117	14.9885590675313	-1.39069685490004	17.3907760275492	13.108242638906	-1.75802021398162	18.4181728604066	14.4087880707387	-1.77195522827167	18.3337687752322	14.2690170510653
PDE4D TDGF1	-1.60097975510857	18.1912884611715	14.426742509947	-1.35428113488371	17.81567010924	13.7254520964803	-1.82729836359468	18.5781599017015	14.5568516633631	-1.70567406151906	18.3450741083607	14.4689122933062
PDE4D TEC	-0.879911325148489	17.5120926001511	13.1859425620334	-1.48146265592361	17.8906960617555	13.5497859536714	-1.53331663386931	18.2150405328192	14.0134256481103	-1.22019745086314	18.1040653122315	14.0651008138793
PDE4D TEK	-0.626073273860806	17.8641105547638	13.2832276177483	-1.19855514847771	17.7650100517283	13.4319837345152	-1.17829287310451	18.4678746734898	14.1162090047462	-1.39689154392278	18.1730991212555	13.9861433577889
PDE4D TF	-0.808199346579844	17.6774019680617	13.474258432447	-1.18093889890262	17.0375613750324	13.1453337575616	-0.821209295156049	17.6607639053708	13.6197975594516	-0.894409270096158	17.4164850099109	13.4868101704692
PDE4D TFF1	-0.830117762180592	17.6335916035357	13.6118653576218	-0.689630681071965	17.3277843998945	12.743137973494	-0.819208241802542	17.9032152262312	13.8989577284413	-0.647159149885904	17.6155135358775	13.4851229922737
PDE4D TFF2	-0.246631383902908	16.8835144124769	12.3835425036995	-0.660591885857774	16.9703218637275	12.1049931372697	-0.39849882647118	17.1819197573258	12.8993373881759	-0.402447272003955	16.8939737056593	12.3327810487508
PDE4D TFF3	0.361837346233865	13.5742831042227	9.53849125038974	-0.227940477789467	16.4218691497093	12.2626134286557	0.0692423181740225	15.4512282198264	11.145138227492	0.0588550566112009	15.3387860434934	11.1766754180104
PDE4D TFPI	-1.25466673570542	18.2902627415797	14.8287815721303	-0.291335285642534	15.7975971351257	12.7064343748693	-0.800795791805923	17.5819105682918	14.0319124983759	-0.639042986521859	17.3451556352218	13.9689012937087
PDE4D TG	-0.897015115882273	18.0134570436089	13.9324134688696	-1.54203751948424	17.6915377168733	13.0732177159627	-2.11310931632289	18.4949008977674	14.0341751063849	-1.52558709805626	18.0940524434677	13.8659360218286
PDE4D TGFB1	-1.13897924484587	18.2524198098131	14.1664434512561	-1.57215496311642	17.6657153445904	13.6079413707701	-1.52134651087706	18.1963758143571	14.0685244717635	-1.52951903662164	18.111089788495	14.1981349502251
PDE4D TGFB2	-1.31485415618528	18.1190164357485	14.227862308775	-1.55229382700657	18.1587635953226	13.4795149923092	-1.83319319930247	18.5419383738299	14.5037777999107	-1.59660922861009	18.2190191073748	14.190612468157
PDE4D TGFB3	-0.541093773717784	17.3616107719716	14.0307380012487	-0.542319412845036	16.2596664002812	12.6960147160847	-0.812419670699044	17.3539956822123	13.9877132652017	-0.636329072906917	17.077271552098	13.6272097531485
PDE4D TGFBI	-1.64424956257613	18.7609977634485	14.5462340945303	-2.00859368096158	18.5770696654878	13.9165499250623	-1.91893651345461	18.9291623895583	14.7974243647476	-1.84654673589075	18.8738719202693	14.6235707729667
PDE4D TGFBR2	-1.20906359706716	18.2877645364039	14.6601750029486	-0.857056556522829	17.3419830338217	13.1799395255552	-1.53863401233746	18.5818709652357	14.5626134207155	-1.08847363579755	17.9485992473978	14.2552803595585
PDE4D TGFBR3	-0.958849406593829	17.684248320765	13.7037211946281	-1.54877409365275	18.3298589387309	13.5372801987134	-1.28245176032714	18.4929517292071	13.8325545050641	-1.45059010997973	18.3978239342509	13.9426978727413
PDE4D TGM3	-1.47488609031075	18.0611749238955	14.1532807124513	-1.21108232157461	17.4812459308257	13.1533087462018	-1.87759457801958	18.5214575553967	14.5600448314527	-1.52885977341163	18.0144235466589	14.1247565010479
PDE4D THBS1	-1.04970440201385	18.7488103639739	13.8831829865867	-0.803008295763372	17.1377127495668	12.7541358171794	-1.1508699691411	18.1968743493166	13.9941599956817	-1.11392571782951	18.0405345703266	13.6406968372385
PDE4D THBS2	-0.434182425863958	17.1209940399516	13.0767521872899	-0.835870380888764	17.074679148855	12.9741086710294	-0.791927875231129	17.8212860033487	13.478648026573	-0.655671496907195	17.123830115091	13.3152273714666
PDE4D THBS4	0.0546195823672539	14.945971596827	11.3320372187198	-0.755177803464084	16.6981611674568	12.6409740774938	-0.335670264859529	16.4304600351922	12.5645528347966	-0.292066904598654	16.0089850145842	12.2829880976941
PDE4D THPO	-0.365741722370488	17.3124926220208	13.989824814068	-1.74332758248506	17.7786120041821	13.3112144616119	-1.20482713398216	18.1622166928345	14.1747186280217	-1.13377120183076	17.8214915893829	14.1122152012765
PDE4D TIE1	-1.75884744165873	18.8575427236652	14.6957429519993	-1.831923860744	18.4366860902323	13.8200977022161	-1.83501316513023	18.6582564460172	14.494864561452	-1.89554719075462	18.8604339867049	14.5684110270311
PDE4D TIMP1	0.0485454212083409	14.828320106627	11.3402929796423	-0.413211155582373	17.7464858945853	11.9199849081029	-0.128081563892711	16.7531908350692	12.1275575203527	-0.221575576749036	16.7247157139604	12.1720200651254
PDE4D TIMP2	-1.6149911233231	17.6436801178426	13.5961098342173	-1.37887762470773	18.3096665824355	13.7654217416047	-1.64667026647688	18.1697469002871	13.8560053146584	-1.44203465623173	18.0583232155387	13.9582629050419
PDE4D TIMP3	-1.42272265811618	18.5873088563922	14.8877961196769	-1.10771710685745	17.4376804185954	13.3351839895552	-1.36269835078729	18.3234243590561	14.3873843958907	-1.52546613136047	18.2470550446776	14.4233297625817
PDE4D TK1	-1.32110082027636	18.3624849336911	14.8153614225678	-1.68715135264459	17.9327007998124	13.7460060535371	-2.01407955447609	18.9095939922707	14.8362200351121	-1.77854972730479	18.4549757370249	14.6147930070879
PDE4D TKT	-1.18362104413002	18.2117954562557	14.0514933178579	-1.67282551342664	18.1071614104241	13.460991020608	-1.59391909281082	18.5392863180482	14.3034014100592	-1.35882893713018	18.3316032500923	14.1148869525397
PDE4D TLR2	-1.40792725549282	18.7399188991184	14.8872426843392	-0.95662587114885	17.1526989767303	12.67344551221	-1.23461897419323	18.1713410962947	14.1961658522235	-1.3036314552822	18.1046462715888	13.9873470585948
PDE4D TLR4	-1.32074207143474	19.0026075134444	14.9044565525139	-1.78259118703716	18.0904870306023	13.6558534454218	-1.50067628131014	18.6265455375021	14.5447303551759	-1.56100733441991	18.6341809511609	14.5804122918291
PDE4D TLR4.LY96	-1.1148619598193	18.6085068737721	14.4243347058712	-1.46043576264512	17.9332716938665	13.4720534258106	-1.73979184377913	18.5232412695248	14.511904443122	-1.79587891572019	18.4560163189371	14.299956816844
PDE4D TMPRSS15	-0.803450832786127	17.9905805627912	14.5335004470003	-1.24257152636601	17.2643769014497	12.9576656996335	-1.10553849356064	18.1674061059946	14.1194842376266	-1.09138662603665	17.770025171724	14.063638669938
PDE4D TNC	-1.49449864311215	18.824012276353	14.9829224857997	-1.34044913606212	17.6445228763162	13.089105444999	-1.43126184588534	18.4012222535645	14.3557040806736	-1.74600273321845	18.420835883989	14.4047427621091
PDE4D TNF	0.356244474128945	14.2305919105875	11.1695999684056	-0.734961965308678	16.6661194959563	12.8323530890832	-0.0893520615189121	16.1869495901372	12.9167726785254	-0.107435985180654	16.1032476658719	12.6778082037632
PDE4D TNFAIP6	-0.122139397905637	17.0126030457828	12.743467872947	-0.878555234737423	17.4633156247944	13.0405932203399	-0.684842185334347	18.0732435686168	13.761334425413	-0.421722229707449	17.2997054341909	13.1083931024819
PDE4D TNFRSF10A	-1.19573871550618	18.0726078585632	13.3492892404217	-1.27148097039333	17.5509062213403	13.3689802717524	-1.14776118025983	18.3541507985237	13.7896447335584	-1.41838851237963	18.1026528455641	13.8705883713408
PDE4D TNFRSF10B	-1.09236414534758	18.0219315480758	14.0716849860459	-1.27680475664969	18.033332208763	13.7979343758708	-1.03638753379914	18.19397044589	14.2337994543911	-1.16834824524935	18.1848968290352	14.2473027996875
PDE4D TNFRSF10D	-0.691215500519698	18.3358270553054	14.0677721653997	-0.697300290378609	17.0427580611111	13.3583393428912	-0.727459498483317	18.0862464799163	14.0617646681894	-0.90111430703632	17.9758198440945	14.0438314136352
PDE4D TNFRSF11A	-1.30780622336687	18.4627640565911	14.5098475448089	-0.592140933891225	16.7303471759535	13.0895866974646	-0.75011039902225	17.7540360977586	14.0681214399675	-0.785769627712239	17.7296493692213	14.0254902459274
PDE4D TNFRSF11B	-1.64325995660761	19.1495792238723	15.4812017144955	-1.47381073958262	17.3767703360727	13.1845169904283	-1.34091529615876	18.5640741194936	14.4576363150773	-1.54096875294856	18.4156896311053	14.4589176177437
PDE4D TNFRSF12A	-0.912627395485329	18.1324795008386	14.284727610017	-1.31137348765424	17.9959462705565	13.4118468958889	-1.32923828844754	18.3593759659311	14.0578826357426	-1.2278333632927	18.15467066369	14.039894013646
PDE4D TNFRSF13B	-0.271524714487557	17.0153405523164	13.7107069602238	-1.20227023078246	17.2547661366193	13.0637269355561	-0.752544025169828	17.4805495172271	13.8123778245704	-0.621892897274004	17.3782578135912	13.7903445918007
PDE4D TNFRSF13C	-0.496077944503214	17.037905126927	12.9056064827078	-0.882281098061466	16.8814878092816	12.5560880452547	-0.665652900874159	17.5578227072592	13.2911835098921	-0.646225070685716	17.2103504177468	13.0367272766485
PDE4D TNFRSF14	-1.05981409154379	17.6805776708039	14.2576921861717	-0.553639922066256	16.58958885681	12.6863346248905	-0.979786080682508	17.7097975376677	13.9829609200005	-0.832409949244081	17.4367811759903	13.7982785986697
PDE4D TNFRSF17	-0.300547039895234	16.8554068137158	13.8229921375288	-1.57909577699069	18.0359026327745	13.4763495642733	-0.700906596158774	17.763804211279	13.8934508341214	-0.843005447693769	17.5855703295301	13.8765585776477
PDE4D TNFRSF18	-0.516943784342504	17.2312292794843	13.6033171305761	-1.13004519167267	17.636242872865	13.2373829383866	-1.06204503995557	17.9580416461716	13.9538286884175	-1.06698474337935	17.8342726145523	13.8562038569642
PDE4D TNFRSF19	0.253371392277328	14.4901850886017	10.6044676237751	-0.468180209539844	16.2026163997881	12.1711485570781	-0.0599309796763818	15.7141540434512	11.6561473432706	-0.0374647302502944	15.4890468238861	11.6538013645018
PDE4D TNFRSF1A	0.395523780020975	12.7996856533679	9.47355252620613	0.120873551457471	14.7068970027893	10.3283469580386	0.215383108874426	14.1978116235339	10.480588935312	0.267621700134823	13.9209541108922	10.2190162857503
PDE4D TNFRSF1B	0.0949670472536671	14.5422663298355	10.6962316037454	0.0126779964329174	14.6836146285936	10.6331259594621	0.00415317186394404	15.1687038127783	10.9587784731201	0.0553379612851351	14.9055085379614	10.9813979588445
PDE4D TNFRSF21	-0.143557210634748	15.9891054193914	12.4494162855096	-1.2213673911231	16.9924223889448	13.119287348624	-0.745038112347729	17.3921449981554	13.6705694198562	-0.722545395115982	17.0490633690836	13.2429012682269
PDE4D TNFRSF4	0.0287355549099636	15.5288578822586	12.0444550171371	-0.0281273830341411	15.1842447881965	11.826902997633	0.0194450681921358	15.7046497107235	12.2001870897694	0.0343457221390701	15.5671430024494	12.1105033120145
PDE4D TNFRSF6B	-1.35744967741159	17.9501379046411	14.0687384660714	-1.1576526300274	17.5656234346216	13.402850497358	-1.1117017812653	18.1200680578211	14.0654889544899	-1.03327341116554	17.8992788970073	14.110141683943
PDE4D TNFRSF8	-1.4910051220894	18.1398160913618	13.898954156597	0.153666253688589	14.5411409324963	10.8630679177155	-0.493687749364433	17.1506395693069	12.8213872951162	-0.577324945163769	17.2113606663972	12.8688633732961
PDE4D TNFRSF9	-0.947301325113208	17.585076384668	13.9204753619127	-0.0905140998650533	15.6063727135678	11.6759499960179	-0.398135712509848	16.907149719543	13.2719812039351	-0.434832176466228	16.9767673449159	13.1214542153028
PDE4D TNFSF11	-1.83464275878935	18.5485604216722	14.7474857516496	-0.965086413419283	17.9860186358579	13.118544477841	-1.56086976418137	18.5116010095231	14.2438908289653	-1.38075422163825	18.5142797239333	14.235233966271
PDE4D TNFSF12	-1.41363352168191	18.8238459465345	14.539843447392	-1.60516500804544	18.1293322693605	13.4583757738028	-1.33925495108792	18.4382425762639	14.2895344462847	-1.33030729955378	18.5200853084485	14.2110745225159
PDE4D TNFSF13B	-1.3228095432051	18.4786446100286	14.3788902618947	-1.13617485531724	16.9373032215689	12.8377149670692	-1.34992852271746	18.0715222279916	14.0365426334078	-1.21170467755006	17.8606213524754	13.9350987037716
PDE4D TNFSF14	-2.53216968233155	19.2625957639851	15.5342092369334	-2.01850604598656	18.3066513830867	14.0272695677132	-2.15806333937154	19.0172487588413	14.9114398204366	-2.22234556556842	18.7964819781893	14.8671933008212
PDE4D TNFSF15	-0.47206039486783	16.8930892611923	12.5523516699627	-0.530250821156169	16.5474934000403	11.8171211212386	-0.508518966238642	17.0908021590385	12.7201523083067	-0.608710453036357	17.2143640883841	12.6007695292327
PDE4D TNFSF18	-2.38595934417734	18.6029184382177	14.4524749995811	-1.50954910133484	17.9157724879818	13.7009400554413	-1.63847725391874	18.5686841986527	14.4476246113522	-2.04592310931408	18.62140116507	14.6000318535936
PDE4D TNFSF4	-2.2726214009616	18.8307817457524	14.5759043120038	-1.53639043025587	18.0910965327079	13.1715896961176	-1.97303699991297	18.7884832363287	14.6018341021926	-2.01698913541619	18.5634857817271	14.3258084105492
PDE4D TNFSF8	-1.1112195324914	18.4372705014679	14.1046709244325	-1.23907563106274	17.2743044920841	13.088095766274	-1.35248082949017	18.4014961550839	14.2791160966815	-1.21338388139553	18.1330324366919	14.1069379807323
PDE4D TNFSF9	-1.71956677928167	18.765604059995	15.1716154092208	-1.17690173289535	17.307673471287	12.3880690412553	-1.73167491006375	18.5237911316604	14.373299714291	-1.75971096978196	18.335813653899	14.360778651643
PDE4D TNNI2	-0.88319026869053	18.3940614017199	14.1357689150572	-1.90358035749624	18.0817621921821	13.3831630610314	-1.51857258390946	18.6142060963647	14.2587564757749	-1.60088599597773	18.3484252853451	14.0786493579638
PDE4D TNNI3	-0.454163972045589	16.3093590604065	13.1976915430461	-0.43114245171426	16.3765658049158	12.530458467515	-0.404784743781308	16.5616952105548	13.126133353393	-0.404627274229586	16.5321194137008	13.0709010716603
PDE4D TNNT2	-0.171583015136453	16.3427496052389	11.9271324006991	-0.0270032301171865	14.7692608768058	10.7577773524241	-0.191849223719787	16.0556551941288	11.6033108274866	-0.176392419921308	15.9590138687181	11.6610769926616
PDE4D TOP1	-1.20727183008263	17.890580535906	13.9370746975284	-1.4791405004179	17.8536879577806	12.9212994623191	-1.70532365641066	18.236559323451	14.0245929232101	-1.49437808054881	18.0900618056665	13.6478261593593
PDE4D TP53	-1.26273791949958	18.3485523296939	14.8549086376639	-1.92917292457949	18.2740411693975	13.7106043424832	-2.22939562572881	18.9800482528962	14.9677021796652	-1.61715624701084	18.4839611502568	14.4591059117234
PDE4D TPI1	-1.1364789580278	17.7808791474243	13.8127707479829	-1.31331449372415	17.9402827865418	13.4000007878797	-1.45877831050011	18.3112510829367	14.2446506853389	-1.27792375143928	18.2002771618166	14.0721484533254
PDE4D TPM1	-1.77762621530669	18.5860602415364	14.6323181651326	-1.47740154542691	17.3054017353222	13.1107304519687	-1.76211575604357	18.2876682665313	14.2442083406066	-1.63306604300372	17.9844705110366	14.004634914086
PDE4D TPM2	-1.7019036214629	19.1164902503656	15.3218376530623	-1.88716561226135	17.6944035758204	13.1281295406525	-1.45965675231913	18.5647424343667	14.4655307185585	-1.74884729001643	18.5766188989494	14.4644755112146
PDE4D TPM4	-1.48356886503736	18.5916314415778	14.2591225970699	-1.63819179500171	18.0372015219636	13.7579416148959	-1.4721583678554	18.6230422882989	14.3570213754262	-1.30067306131741	18.4055588528082	14.3476747144454
PDE4D TPO	-1.28173638560618	18.3796012232582	14.6576167370864	-1.45728823218715	17.661859724385	13.6059173166636	-1.52257142151158	18.5628677742103	14.5013107805687	-1.63750980703727	18.4412491198957	14.5282336476849
PDE4D TPSB2	-0.997542021524954	18.0406821692848	14.0925715795657	-1.01526651231871	16.7504697979386	12.8359665825213	-1.70862227341291	18.4511195271451	14.3943952575279	-1.39246463717232	17.8299371462439	13.9862740842476
PDE4D TPSG1	-1.62688488636705	18.8430932760232	15.078726273649	-1.70954939996019	18.6216052112466	13.9431062671598	-1.81558625186417	18.7784971281074	14.7451799490742	-1.61692662512471	18.701498927466	14.7410948273288
PDE4D TPT1	-2.0480005860462	18.7707647027127	14.8523717873073	-1.32220920017964	18.0954442424542	13.8105190308372	-2.36343893656144	18.7497446647748	14.6443540750939	-1.52660455927433	18.5578285175586	14.5918292907558
PDE4D TSLP	-1.71334208798446	18.9378576827092	15.1005459617726	-1.13252497094517	17.6491298927301	13.5396820669953	-1.48610414858724	18.605248080131	14.5665484288989	-1.52299851233885	18.4784185029514	14.5636575302446
PDE4D TXNDC12	-2.18445058201068	18.951115773855	15.2931744435055	-1.13694291523582	17.2234226971712	13.0682179329394	-1.66508795935101	18.2473808189582	14.4252524898379	-1.51500123496914	18.2511814407025	14.4086063388849
PDE4D TYK2	-0.767396726121897	18.1882652341017	14.3682931430773	-1.24212656092613	17.2210732545884	12.9343371824554	-1.64408288341638	18.0046291067154	14.1907739848541	-1.11208678472758	17.8873884228616	14.0142491623099
PDE4D TYMS	-1.37001159327903	18.6069254224757	14.228599922956	-1.6850853652787	18.1914844913889	13.5347559210986	-1.62089064177387	18.836771325721	14.4917594700715	-1.46738777734578	18.5204634831943	14.144203358543
PDE4D TYRO3	-1.73734823748324	18.4007610142349	14.2908266131236	-1.04591368536267	17.2192081594025	13.1980244811935	-1.34893231704037	18.1419141590224	14.2366427224095	-1.49049165568848	18.0186638751335	14.2707571285104
PDE4D UBB	-0.953582101106865	17.900652926865	14.1235726345759	-0.62727073232251	16.9099574354334	12.0486772631472	-0.920663112496806	17.8256989967091	13.5844958954972	-0.890677430463934	17.5502912871562	13.3185639897244
PDE4D UBC	-0.509786384481747	17.3725401419368	13.7591215898995	-0.979062167458988	17.2275438902656	12.7369548338211	-0.953855124404205	17.6223385713291	13.7201870216576	-0.601107693357336	17.3303935186044	13.450229083717
PDE4D UBE2G2	-0.67274691771003	17.537292299927	13.5625204360092	-0.683556872382732	16.7332386653362	12.0407717511227	-1.28052774204346	17.818781365196	14.0025107500653	-0.993493438030384	17.3420392836805	13.4664840850511
PDE4D UBE2I	-1.30020207496943	18.5647823777397	14.6419236655844	-1.26543313129315	17.8568905258059	13.3016510258695	-1.54881104523523	18.3870864870215	14.4482691213986	-1.53226610708573	18.4344390895452	14.273394778613
PDE4D UBE2L3	-1.35917161357077	18.3598689014168	14.3494145912042	-1.14177525484683	17.360633914197	12.8730037161118	-1.43530665893464	18.439787803068	14.3354433890719	-1.33475168148499	18.1068682050186	13.960659079357
PDE4D UBE2N	-1.20055445328633	18.4462379984813	14.2559603589435	-1.63091450187124	18.0045169685752	13.4652351976764	-1.44041952785661	18.4896573276626	14.3745082366192	-1.45429175347645	18.4360197255797	14.1922660089341
PDE4D UCHL1	-0.657026866083769	17.8407801473632	13.9803102008345	-1.34946316755877	18.0227762146782	13.6684435786038	-1.15645894913053	18.1849631932426	14.3404050163068	-0.953275032371696	18.0627368396928	14.0298174022617
PDE4D UFC1	-0.935057533318686	17.6906150687403	13.557332698075	-1.64545347613961	18.2084048356213	13.5315917782573	-1.39169569704541	18.3164542327252	13.9989641102259	-1.42249158281556	18.1130749846101	13.8687658944324
PDE4D UFM1	-0.590857971659457	16.4667201403709	12.5067640839076	-1.51174243214106	18.0864695682637	13.4548373875982	-1.03206818243538	17.7151608426776	13.7936554520373	-1.05733043102443	17.3633456649622	13.3901869608975
PDE4D ULBP1	-1.0100875716342	17.9005987242001	14.1274755564367	-1.1531640683602	18.1706662860126	13.8929398733774	-1.37501040654888	18.2350915669068	14.2033249969693	-1.12217361041691	18.1456961740342	14.2546466505045
PDE4D ULBP2	-1.23508206295423	18.4091519634361	14.7714614712542	-1.29928561627325	17.6311440203127	13.0192577609459	-1.47898148752852	18.4647495488033	14.3196070342697	-1.56118935643292	18.4351275543723	14.5685340601067
PDE4D ULBP3	-1.51561312622925	18.7640360550292	14.920618199036	-1.22476003519766	17.4207504268527	13.3656376608483	-1.59060783437502	18.5391509700543	14.5444713091912	-1.51356348966777	18.4585062504858	14.5325981069375
PDE4D UNC5C	0.111259955044161	15.3078740043322	11.7181894792197	-0.140626679741978	15.4138106909575	11.0499791890671	-0.0983830690735135	15.8813436975304	11.8142108826913	-0.00805260202015767	15.430439325579	11.6677914511387
PDE4D UNC5D	-0.604126262080798	17.1289481009745	13.1272983721605	-1.21928405093221	17.6173628311102	13.4742126178304	-1.28069333020827	18.3821136672788	13.922795319807	-1.00650753116874	17.6400779939817	13.7148671891398
PDE4D USP25	-1.37125094987552	18.1684886368494	14.3378488890692	-1.35896481782776	17.7416187478078	13.2300884077229	-1.75411340265448	18.6725327188718	14.5712725444973	-1.61954534561875	18.2041027033823	14.0850912493886
PDE4D VAV1	-0.817298400004039	17.5106555177402	13.0730300048365	-1.40595665344738	18.060901886597	13.4806316694927	-1.44084763824074	18.2977188979426	13.9752682839339	-1.2477003943072	17.8913500403501	13.6027430123578
PDE4D VCAM1	-0.262819258523066	16.8518419489284	12.9695510279936	-0.652023212819943	16.3386064480495	12.1736957940082	-0.565463050596974	16.9964038399595	13.2581577143812	-0.509284980753658	16.8731723537789	12.8705832917104
PDE4D VEGFA	0.0358609061940839	15.0713150076825	11.8628102114488	0.151540504710615	14.0687698686083	10.5531058724183	0.0454702955485695	15.0559166850052	11.6937971193743	-0.0650505108865354	15.0191511814951	11.7398687608634
PDE4D VEGFA.1	-2.50588874101891	18.8988331528176	14.9710923192545	-1.74900670175639	17.7169495096144	13.5694146498916	-1.4095226484969	18.3218430169378	14.4989939096284	-1.87915646950687	18.4238425821836	14.4593764303478
PDE4D VEGFC	-1.84269835968934	18.856476455816	14.977486583699	-0.55262269403764	16.9360139804444	12.7647109806255	-1.12916243876668	18.2070311755096	14.0559788981564	-1.20328259646858	18.2908780766491	14.1754252412713
PDE4D VIP	-1.50594513336008	18.2296952195225	14.5312419176388	-1.08398096636294	17.3150140788738	13.2581364440462	-1.29672960735951	18.2276063219431	14.2529394525818	-1.12057056841911	17.8909756860643	14.1090513254931
PDE4D VTA1	-1.80048270481688	18.8537481972112	14.6578400085041	-1.51320158816338	18.0503701533137	13.6870408474487	-1.74947877610529	18.4894289368863	14.4468959292106	-1.47037636734291	18.6044408126701	14.4005708970634
PDE4D VTN	-2.18834553923816	18.7714420730344	14.3326126780679	-0.870248415176994	17.1295699675368	12.7903685868214	-1.18350558161477	18.0027784382515	13.6874166847673	-1.44208832964323	18.1872095286033	13.9269144946153
PDE4D VWF	-0.841524228857525	17.6204299044569	13.5598025627541	-0.695861862969918	17.27802228912	13.2095948738064	-0.893942519011789	18.0915586126255	13.825743859114	-0.790807954335297	17.7397948941426	13.6965830379693
PDE4D WFIKKN1	-1.27995296419308	17.6339694532463	13.2415624259789	-1.38536405722706	18.0507165271745	13.1782854280514	-1.2232085609101	18.2298606001413	13.822416425147	-1.35938824809715	17.9797787691094	13.7653866227095
PDE4D WFIKKN2	-2.17359455288038	19.3264072455026	14.8745067213639	-1.78829650248993	18.0788540985596	13.4862353927668	-2.09532783377173	18.7217155361969	14.3256315131157	-2.1189945319214	18.7890889956609	14.3670702248901
PDE4D WIF1	-1.33746430301935	18.2235494786559	14.2111970096274	-1.06177514349349	17.8068967784727	13.1654600112972	-1.50145564381813	18.5550696962814	14.2856534243998	-1.26296054806216	18.3785745158367	14.1229472595886
PDE4D WISP1	-1.17928650860534	17.9780481854038	13.5255287404969	-1.03226881855017	16.8215109553398	12.900453874474	-1.09646301632438	17.7055776881241	13.493971871614	-1.20587039936583	17.6272980770115	13.4342379248949
PDE4D WISP3	-0.645494085598073	18.081075355626	14.349043006165	-1.0333704348162	17.8473832207676	13.4560274985298	-1.37680450619058	18.398376362558	14.4635101665228	-0.904251159468745	18.051990265073	14.2070816921921
PDE4D WNK3	-1.15896531837405	17.8484614176865	13.8638422387372	-1.31248202601842	17.8352739069472	13.3607320632502	-1.24912369635237	18.4552800451227	14.2239672800825	-1.26257041588543	17.9971654460448	13.8295282721779
PDE4D WNT7A	-1.33210048534896	18.356819705345	14.518887752187	-1.60317207314251	17.6719313200197	13.5671296450409	-1.25564706971752	18.2979036046241	14.2725170820678	-1.55266367307308	18.1684039625785	14.3594648301591
PDE4D XCL1	-1.6478091884021	19.0894233175969	14.8689090036379	-1.70798650496124	18.1003919033193	13.8366847081925	-1.67825707599424	18.6141711945827	14.3508253959102	-1.48313966502585	18.6492534299232	14.4434770968729
PDE4D XPNPEP1	-0.407857113320261	17.5876433852795	13.5936612776215	-1.892243579141	17.8949262316011	13.4839995223549	-1.10749405024014	18.3350346473374	14.1967534497942	-0.935910675674988	17.9573201042264	13.7374644234781
PDE4D XRCC6	-2.01697731592493	18.5020334482537	14.505400986873	-1.37437825836896	17.8061243655386	13.265909626077	-1.30745150280017	18.3338992288153	14.1228797773531	-1.67122156094659	18.351234323725	14.2355551029019
PDE4D YES1	-2.38152930029112	18.6964934798843	14.8514575448732	-0.468945715244886	16.2622482074292	12.099318165654	-1.0547491807244	17.9826445655595	14.021846204216	-1.21549481634032	17.747388677538	13.8746036407649
PDE4D YWHAB	-1.67778371156091	18.7626786703437	14.7909038953012	-1.48727329294286	18.297407080899	13.890669038938	-1.93016788754085	18.6215011800569	14.6429157572149	-1.49552136928787	18.6280264726142	14.6038774032055
PDE4D YWHAB.YWHAE.YWHAG.YWHAH.YWHAQ.YWHAZ.SFN	-2.44957893902116	19.2024934496772	14.9320805738622	-1.46719529454673	18.335320106306	13.8960099386847	-1.77938665559097	18.6174469359879	14.5654121766172	-1.85942103007368	18.8953698942486	14.6251849669357
PDE4D YWHAE	-0.941813765114275	17.9160865494502	14.0055050903606	-0.465709533655282	15.9474701231169	12.3564232488964	-0.527377547036066	17.1914418185269	13.4020798894237	-0.824438799949847	17.1229542228877	13.4605900666471
PDE4D YWHAQ	-0.894212810172678	18.0321444717926	14.0485281550666	-1.45706797758533	18.1681868151274	13.6065967167132	-1.30422463842839	18.5015726972331	14.312640686299	-1.15021436100241	18.1468553505149	14.0720071213753
PDE4D YWHAZ	-1.47318585919866	18.9741297465166	14.7321706905335	-1.72334841934031	17.7899642188716	13.4564894832303	-1.71261966936098	18.4670826577166	14.2145544539453	-1.30560759852214	18.5854257843387	14.4544083434764
PDE4D ZAP70	-1.71608012855617	19.0289923035448	15.060078962223	-1.45292378036363	17.3765235504629	13.20671456843	-1.35145037931915	18.3816235579298	14.189678860906	-1.57167649816844	18.3231918894192	14.2316745127699
PDE4D ZNRF3	-0.980467448844615	18.3740257148295	14.6023073059155	-1.29898142987664	17.9963456027578	13.0155653329817	-1.31362201490844	18.2252699589613	14.3959975125314	-1.34285756597273	18.3502492640644	14.0471420539281
