protein_name	r2_male	rmse_male	mae_male	r2_female	rmse_female	mae_female	r2_all	rmse_all	mae_all	r2_all_sex_adjust	rmse_all_sex_adjust	mae_all_sex_adjust
PDGFA PDGFB	-9.10056819602522	21.7649443234994	16.811568979079	-4.21525547783823	20.8068478340821	15.6714087843527	-9.50645324964412	21.0162384353232	16.9136297204522	-6.62210244068766	21.096703634784	16.4171021011075
PDGFA PDGFC	-4.28611384564548	19.629080743859	16.1251341158594	-2.92290228513132	19.9111149397625	14.7110816088692	-5.44457690383079	20.6705287838094	16.3518549547078	-3.88890580424073	20.0163513542312	15.6179071508001
PDGFA PDGFRA	-2.92190906527826	20.7166834935282	15.4993771055599	-3.0393038737486	19.7701954412582	14.9237342051663	-3.96711068596593	20.445002315463	16.0682686090985	-3.65703235371406	20.4659473050236	15.5491642081301
PDGFA PDGFRB	-7.26425037904839	20.6528839595695	16.1186702505137	-2.14949923708906	19.5456057735312	14.8067115416134	-6.66414753499801	20.3003197087378	16.1546936340498	-4.24138217334174	20.4344261086127	15.9550389635738
PDGFA PDIA3	-3.19861762494202	19.3858224472043	15.6972524478029	-1.86079103860386	18.3538053490894	14.0541812107956	-2.20414952124407	18.9515613230694	15.4391555356317	-2.85584954766886	19.2399380170788	15.2872535386945
PDGFA PDK1	-5.23764347158239	20.3706641454363	15.3227479548422	-3.27045255799161	19.6334570211718	14.4766161591835	-8.00822877757982	20.5472950683466	15.9521521192196	-4.59009340605851	20.3117016317652	15.3117812248516
PDGFA PDPK1	-1.05526285283595	17.7905752537752	13.8764072846649	-1.68377539461559	18.112189873592	13.8738689569108	-1.57518842014145	18.5321510585584	14.9626805109755	-1.64680890166706	18.3787248928951	14.4193942185418
PDGFA PDXK	-1.80508991951808	18.7843466784762	14.6417550015383	-2.19043633715768	19.1345735902022	14.2174188491084	-2.35212290770023	19.1802469559429	15.2299517571959	-2.2106103592854	19.3273067664492	14.8427831161997
PDGFA PDXP	-3.68559099854447	20.588970813822	15.166575229173	-2.52840874248659	20.1001377167046	14.5396454964386	-7.31833473967122	20.7918497165562	16.4074499098977	-4.60450598860219	20.4989166715138	15.4678077228347
PDGFA PEBP1	-1.96250235018654	19.241269999722	14.6911991577471	-2.34233133254973	19.0814700237688	14.5383661956372	-2.64562622067466	19.6020060129888	15.671120538536	-2.3855366583168	19.4224913937446	14.8505326011852
PDGFA PECAM1	-3.96286916342281	20.3977429326432	15.8657889875536	-1.67665699033305	19.0095841345985	14.0696660824335	-3.30311681225118	20.1985042810684	16.1616089599277	-3.02639601953148	19.8995915625783	15.3374911571982
PDGFA PES1	-4.01381904646242	19.9490697126762	15.8979995125678	-1.35889817169046	17.9516088446035	13.6809139817932	-3.10421100392927	19.5019654153328	15.7701490145464	-3.02253012379438	19.4774477752638	15.2638583456917
PDGFA PEX5	-8.14844282148828	21.1855649690698	16.7171202849904	-3.62993743365609	19.9249026652084	15.3280945621502	-6.47080518983642	20.6935537419679	16.4837915557274	-5.13970522194223	20.7075292598219	16.2052976242549
PDGFA PF4	-11.7225425847729	21.6617519963613	17.0161814817464	-3.85668632269721	20.585017745274	15.6390903546647	-14.1320238968631	21.4366557893691	17.3223022156769	-6.41374902338798	21.212842361128	16.4727853239778
PDGFA PFDN5	-6.11923268495859	21.3222979168391	16.6893680712195	-2.70549516200059	19.3862431256576	14.4062705570826	-6.05348332805897	20.9342357658171	16.5798129285817	-5.39945302653441	20.5150145873454	15.9025339873216
PDGFA PGAM1	-3.59187115874438	20.6530834051594	16.3803551395295	-1.69456515816669	19.2869969780967	14.5806437115146	-3.85919327139404	20.3386696792031	16.1589854500447	-3.79427883617262	20.2616999400161	15.9295792121829
PDGFA PGD	-3.17799374997784	19.2783205328394	15.0614902660618	-1.49846806672823	17.9395854584231	13.1469851473417	-2.656861105058	19.0323037840717	14.9306760289512	-2.45623763788243	18.6410955125103	14.4790512657376
PDGFA PGF	-1.09736920932996	18.766659669582	14.9455657823407	-1.87364001789383	19.5272954224272	14.9957916573868	-1.56381513349007	19.4615308674591	15.881281406669	-1.62470041896252	19.2530294767953	15.2145221988708
PDGFA PGK1	-11.9820538303036	20.9997547710301	16.7417043075441	-0.868144143934802	17.6097908608465	12.8317555758627	-3.13045453548987	20.2003121349384	16.1708160917896	-3.18252292783235	19.5589630639949	15.2229939526648
PDGFA PGLYRP1	-1.37033041760823	18.1078319098773	14.4322323990243	-3.0441083753568	19.6179501079818	14.3259193670006	-6.67219654388753	19.9326260150221	15.9885433086894	-3.48708022797854	19.2422961992056	15.0030970584593
PDGFA PGM1	-1.35331284397882	18.185931195119	14.2557104913913	-2.03974747698857	18.9636912082317	14.244566757411	-3.8448347964236	19.4238908197937	15.9343702829586	-2.04661578260632	18.8694584737125	14.5076731486474
PDGFA PI3	-0.0649732884924301	15.3975690915459	11.6156830281961	-1.33454524359214	17.7806047854059	12.3608171144311	-0.690985777825521	17.7954418809618	12.7398635923214	-0.664568451818137	17.382537995741	12.4740610546252
PDGFA PIANP	-0.85212430866074	18.0019486826352	13.0115579138817	-2.38319732272695	19.0025305941536	14.2052472281544	-1.89536622352732	19.4572181909595	14.8120424205817	-1.91985866352904	18.8839805422206	14.0272826423662
PDGFA PIAS4	-2.78824130458292	19.4265527020391	14.8471499136522	-2.10369483746336	18.4647331443436	13.7750222087672	-2.54850411501502	19.4932696447181	15.6806295912829	-2.62696710913414	19.2868149193296	14.7106563525161
PDGFA PIGR	-2.51298828556937	19.6978368497912	14.6031729678224	-2.17109757346813	19.0249410588532	13.5697081890976	-3.36981856251952	20.2310876585067	15.3504600598436	-2.31251336062799	19.7777250062907	14.7552090079822
PDGFA PIK3CA.PIK3R1	-2.5761230462706	19.304875856252	15.3690174699151	-2.81537430268653	19.415357793801	14.5634829359844	-3.91725011812172	20.0506801265781	15.8590464009733	-3.47611853965385	19.7421656724702	15.3570878965619
PDGFA PIK3CG	-15.7519675295318	21.4793237785085	16.9007699449414	-2.04976670446293	19.1922468404678	14.2116563031031	-6.79451987632888	20.9470419105478	16.6221358440858	-4.75531176491717	20.4196763258482	15.791957414573
PDGFA PIM1	-3.35854617362295	20.9499802116355	16.0718246109613	-4.22157767014403	20.6134051770587	15.2902937900311	-5.45850613319203	20.7656762569957	16.5699325806431	-4.70453568245831	20.84866285911	16.0683835515786
PDGFA PKM2	-4.0022295036146	20.5218274042838	15.5693170058914	-2.20706198945951	18.9820156356315	14.0159163471124	-3.85562791069491	20.1347606982651	15.6095127357619	-3.00189301281327	19.7670355841323	15.1556761046563
PDGFA PLA2G10	-3.82074239128292	19.9187200624477	15.5435511789462	-1.26662516743249	18.3228378923177	13.6436608034115	-4.12032937303858	19.5541387520505	15.8246591502824	-2.41537764702515	19.2708367653054	14.9779990107757
PDGFA PLA2G1B	-3.19615567102874	20.2734969895049	15.1371088774991	-2.24909026981251	19.6566310076247	14.2750425624444	-5.23174224927051	20.3433663741201	15.8576714721337	-3.28709380368983	20.1691668410518	15.1343231957923
PDGFA PLA2G2A	-0.206741295247973	18.215649284424	12.9783821961789	-0.514634066981544	16.3781827491461	12.5462026262245	-0.478871534114601	18.0062781325723	13.4955017395734	-0.462329505570106	17.5907602889023	13.3051850413745
PDGFA PLA2G2E	-7.76005996300916	20.6523668127	16.1829751509168	-0.939785417266228	17.9112076516057	13.4592833816244	-3.12831864911745	19.5594422763384	15.6464831503974	-3.08315940501264	19.5745611333552	15.3276995048183
PDGFA PLA2G5	-4.56020981725063	20.1927752971965	15.7404741413867	-2.28516863964487	20.1333579236127	14.9285362616093	-11.7582743347801	21.130905865067	17.0728065303176	-5.23135134695726	20.8123453585288	16.0751162493052
PDGFA PLA2G7	-8.87045699804213	21.0633484451008	16.3314957549054	-4.34550725913259	20.4497278741867	15.2322699012976	-8.72086361488349	20.6864416596697	16.4041211264065	-6.93411739583109	20.9326607025055	16.210341814624
PDGFA PLAT	-0.00916244730899707	16.4510870029117	12.5762524092726	-1.5758698708954	18.2317211835117	13.6687834990858	-1.31848677873544	17.61095729854	14.1276623515726	-0.630890211541906	17.4693688557753	13.3348468592507
PDGFA PLAU	-8.62135240640795	20.5164030076826	16.2062284740002	-3.0953498351792	20.2871886710216	15.1484649490067	-7.15726908704926	20.9189906102656	16.3917831696518	-5.48811090916885	20.611456419225	16.0214360635316
PDGFA PLAUR	0.540167736091487	12.8795416158735	9.65596452382111	-0.389445840284905	16.3506176888014	12.0868303669264	0.209579539108272	15.2219933627211	11.3985171696846	0.247463807034541	14.8767176416248	11.1287143094722
PDGFA PLCG1	-3.20988055891763	20.9170710559292	15.4715952457391	-2.85166286362816	19.8389687583263	14.8137150463709	-3.67059848081095	20.6689348922084	15.8565919965342	-3.51819130470404	20.6017511727498	15.5259767987105
PDGFA PLG	-2.03949814158086	19.83707067458	14.5609538288784	-0.827458386614521	17.9878943835519	12.7416665835094	-1.47276063030498	20.403362844006	14.4345280069893	-1.55909171559672	19.5430686492788	13.9988782975571
PDGFA PLG.1	-9.56664374629815	21.2167215919462	16.5870178272909	-1.88566779669826	18.764298287714	13.8714067049248	-3.90907356984593	20.0663677808479	15.7935295818	-3.6838617703051	20.1623982773673	15.4879185032445
PDGFA PLG.2	-2.43215035085447	19.0719608720202	14.4541563075437	-0.541931912460524	17.0017228300011	12.2215532244023	-1.16508074311115	18.5541785087391	14.0334012264492	-1.2952672871621	18.2367924026174	13.6255656491313
PDGFA PLK1	-5.06564486620179	20.0128798417635	15.7645432777704	-2.4252578344621	19.3244453279389	14.1197122442459	-3.01175964809941	19.9104392971706	15.6228665261181	-3.95744749950142	19.9123739817682	15.3461802667875
PDGFA PLXNB2	-1.32619041401151	17.8675938714942	14.0980658607191	-1.48797399071906	17.5538534858289	13.5975725713714	-1.52309353523323	18.3072416917985	14.8642082217096	-1.88174359163089	18.1709552022141	14.5141227614027
PDGFA PLXNC1	-12.9710870176892	20.5877056915406	16.1986671261515	-2.5290747334632	19.353590639645	13.9143677736013	-5.91425850086695	20.2540719657146	16.0570166084745	-5.64256616341886	20.3808167044222	15.5534100232046
PDGFA POMC	-4.06543832107008	19.3901500738617	15.0310573417876	-1.86545361768451	19.1685246866166	14.3830940203495	-4.7014626224907	20.3284371404316	16.0138263688832	-3.47185843207209	19.7536138233417	15.3456542023565
PDGFA POMC.1	-1.79116675436881	18.0904365406586	14.4342484998418	-3.76769526950955	19.8924300490585	15.0596766763984	-2.78056966958249	19.662297536354	15.3223261085801	-2.99157763057467	19.3581407154271	15.2339155543342
PDGFA POMC.2	-1.58286809416331	18.4951438924372	14.0932234334236	-1.47058119931369	19.1992373431883	13.7497478687542	-1.58118589290858	19.4652533387198	14.7436367795006	-1.33812078684155	19.0187730285363	14.1600511349295
PDGFA PON1	-9.29070322159282	21.0832301742832	16.3648157961714	-2.37351239899021	19.8742518026944	14.3057760971262	-8.31052475708164	20.8345180380212	16.1518630336207	-6.31574995287143	20.7255630205819	15.7909422229413
PDGFA POR	-1.24385016316611	18.8452342121403	13.4330640755811	-0.89282887329074	17.3794476947468	12.6913221539882	-1.2122869366281	18.5234127165079	14.1055764305433	-1.26694783717661	18.3036613036445	13.4214574962027
PDGFA POSTN	0.152362200723505	15.5985186275126	11.2521599198315	-0.941936194145727	17.4461834802686	12.9245995869133	-0.495964946891698	17.2931050610476	13.3096988057725	-0.257082670837175	16.8239421157489	12.3196232969027
PDGFA PPA1	-4.68983447394842	19.9757163939872	15.1841803316321	-2.96165610872383	19.7436243545479	14.8527161909365	-3.3915642737014	20.1368524765978	15.6308903095471	-4.31633867899035	20.1673959997675	15.4547271380976
PDGFA PPBP	-10.3872589869206	21.9984113592099	16.9158737854834	-3.39076421544322	20.3857974620185	15.2280424425421	-6.67037266142703	20.9870095169152	16.8042473472814	-6.62847406049755	21.2291004619678	16.3314192057795
PDGFA PPBP.1	-10.3375793667671	22.0699919993112	16.9483375861698	-3.76168776940674	20.6053947576575	15.3623891896264	-7.62629297224163	21.1923034771065	17.0011611503387	-6.74767380171961	21.321255861156	16.3767972097862
PDGFA PPIA	-4.39659871141424	20.7842539536076	15.9177080862534	-2.292204823678	18.9171451132805	14.1662435019366	-4.35240381645383	20.1411501105998	15.8882354426238	-3.89810680362942	19.9988520428779	15.4605993443749
PDGFA PPIB	-1.46715117218389	18.8636012975722	14.5795149914958	-1.9504869032228	19.1834174264225	14.2227283860928	-2.13978576866817	19.3033715312706	15.3207296771228	-1.81721836812089	19.2770142405775	14.6819507192671
PDGFA PPID	-3.58513667076807	20.3429777727538	15.356157043625	-2.00458730347712	18.5441993971586	13.8424344020109	-2.7708395248	20.1191713972714	15.8379657637981	-3.12372884893836	19.6688604903522	15.2453199676666
PDGFA PPIE	-7.38896234775915	21.0783089427824	16.0288295540921	-2.90087053884451	19.9553459849248	14.7477946169519	-4.40926674986004	21.1423855627383	16.2961078778226	-4.5221933452624	20.6745287170761	15.5832335793657
PDGFA PPIF	-0.536157585649497	16.0652939681172	12.9989283027899	-1.53370139372564	17.5687603361632	13.4563682521869	-0.959945307934718	17.2122537209638	13.8582870466226	-1.3456765901073	17.5073872902807	13.961051855787
PDGFA PPP3CA.PPP3R1	-2.96124158167255	20.2633621320449	15.5136057721519	-2.35887779166894	18.8787785192955	14.0834248730771	-2.67008878366426	19.9118543644905	15.3756378808305	-3.05729006751178	19.6479725451008	15.2550266766364
PDGFA PPP3R1	-9.68448333102402	21.0903889990608	16.0918295531563	-1.9410844553766	18.1696118448546	13.8198395964887	-5.15538178914922	20.488323901348	15.8085730668721	-5.49940266649536	20.2672002882398	15.5519685221601
PDGFA PPY	-0.224149587944895	16.7227514216193	13.1074421787414	-0.913787796181411	17.1230897516708	13.0911063924271	-0.440635703943582	17.0841035413411	13.6498535753312	-0.519267653481714	17.0264020594195	13.3260644241285
PDGFA PRDX1	-2.70151172037187	19.8837189638282	15.5361293038647	-2.08451305071926	20.2945552787812	14.8115885848675	-4.52706989126234	20.2556211042238	16.2115675862346	-3.27749801403529	20.2573256088917	15.6608809831353
PDGFA PRDX5	-3.17157516719609	19.1645336612108	14.8512857372276	-3.86286215762826	20.0468087562226	14.9581317767041	-3.60763155684491	19.7703022899422	15.8716995084032	-3.73342775194602	19.7887189704847	15.2201026780252
PDGFA PRDX6	-11.7947827437286	21.3950216710127	16.425778963795	-2.21468858034802	19.7064016448807	14.5593116232871	-8.34889996949216	20.7187028592139	16.3820311378403	-5.645734056329	20.7769444856036	16.0409972999178
PDGFA PRKAA1.PRKAB1..PRKAG1	-4.16962701527535	20.0241072402348	16.2421080612456	-4.3637302254122	20.7803352734399	15.3283077304415	-6.52643921661522	20.7235813823106	16.6902047495272	-6.03665088617074	20.6806940407024	16.1617188709072
PDGFA PRKAA2.PRKAB2.PRKAG1	-1.89263908597529	18.7738381466251	14.8856837650117	-2.499233050399	19.2123400477447	14.3781094526055	-3.62559579233489	19.7797458096356	15.9758352293928	-3.25668793873757	19.3762937830361	15.2049294794424
PDGFA PRKACA	-0.863032353714183	16.9919535748899	13.6716972337085	-1.37295173766284	17.7656712320441	13.549167381507	-1.37686360945795	17.822699941059	14.4147106766553	-1.4596286022562	17.8894757179981	14.1027351630876
PDGFA PRKCA	-2.71403350157403	19.0335234466129	15.0767544301383	-1.74892117553753	18.4718212840476	14.0031847126157	-2.32100961741003	19.2835183053708	15.2600487664021	-2.37414267090344	19.1040472440814	15.0107258138125
PDGFA PRKCB	-3.08298264441162	19.8700627456212	15.113571950939	-1.67044137314895	18.5197932935329	13.9202409714269	-2.54229362567776	19.8153972196909	15.384276196471	-2.92626975012748	19.4515113442941	15.0027572107273
PDGFA PRKCD	-9.43883527606546	20.8771890285309	16.4781981136821	-1.86191205827008	19.1062657697088	14.0483299202453	-6.48023013139874	20.8643162332326	16.230766555547	-5.15470004208955	20.4494598866934	15.7056862244268
PDGFA PRKCG	-3.75649472621055	20.0847929363696	15.4427770752125	-2.9149392100758	19.440488389626	14.3124575206603	-5.82556183908425	20.3625096396373	16.3539956468701	-4.11114050411068	20.1423324026994	15.3838386313338
PDGFA PRKCI	-4.18207106496147	20.7133252536061	15.8194466404081	-1.92408686945297	19.4416984538123	14.1547624533707	-3.92469489353417	20.527505319413	16.1568107184221	-3.52915380589373	20.4021563677004	15.5209079063438
PDGFA PRKCQ	-6.19931407629554	20.5666648976166	16.2289080872523	-2.23365822792466	18.6433912555846	13.7963947356585	-4.09194651414649	19.7715156533289	15.6624359242349	-4.25533625725176	19.8647110736296	15.4666504396049
PDGFA PRKCZ	-2.38549098080905	20.4962771868374	14.4456283438461	-1.09074655551251	19.0200641334257	13.9730261015838	-2.44652102728271	19.9953498134586	15.2877767285094	-1.67217945934587	20.2360836972442	14.554374930413
PDGFA PRL	-3.02876163522766	20.4130075378934	15.5330228483378	-2.67536872327742	19.7113912284507	14.532844219632	-11.6018751416933	21.1012514514915	16.6338403899442	-3.00640351202468	20.4520342332129	15.4891450031932
PDGFA PRLR	-1.89683665836902	19.0915511133621	14.8592399261051	-4.87652632107846	20.1432629017207	15.42949607267	-5.00750554919424	20.1763352898085	16.1153372511758	-2.80816293308482	19.7714976827721	15.347524417784
PDGFA PROC	-1.58109158314491	19.3214299305554	13.5535967087544	-1.89387650382538	18.9112417245429	13.9446449034278	-2.82594598080226	19.8416661689901	15.0231555593251	-2.0568103338244	19.3722348967743	14.2001830739468
PDGFA PROC.1	-8.28056532608368	22.0089780298509	16.4821163957964	-3.02222283592012	19.8799665474811	14.8913998763295	-11.6917525553325	21.2191809828457	16.8328995878479	-6.23925810161419	21.0786802983743	16.043970609591
PDGFA PROK1	-1.88000914617333	18.9934201863487	14.9399661672615	-2.42178930851006	19.9433567950626	14.7117602063044	-6.54253097795348	20.3173561307355	16.4283233575039	-3.86897730437842	20.1668060010745	15.6262619133282
PDGFA PROS1	-1.99015225701738	19.0286727886368	13.8495246457987	-3.38946666036564	19.3516265100782	14.5510726385955	-2.70815758150683	19.6769459118102	15.2910133991032	-2.52449361451041	19.4547055809698	14.4633136557915
PDGFA PRSS1	-3.72292115776838	20.2396389290009	14.8293272375785	-1.23318946017814	18.5269536897986	13.9618065260919	-2.78834810451922	20.038536193548	15.498485752962	-2.39950285017343	19.6073088899317	14.8744787301687
PDGFA PRSS2	-2.07101464874708	19.5539838777782	14.9363828758163	-1.66796436933095	18.496111766321	13.6016621315647	-1.32958735379955	19.5579210038047	15.0786829743985	-2.21481137972183	19.2523793649556	14.6111349119696
PDGFA PRSS22	-2.00010140845989	18.635361179526	14.1046813367075	-1.5051913927481	19.6054115417723	13.8169619250712	-2.43607288459053	19.3542590531138	14.9005058771989	-1.75071290517485	19.1872545604503	14.4051047671479
PDGFA PRSS27	-5.72030843293529	21.0482554714596	16.0054077977501	-1.69108400766111	18.8893593772872	13.9567701423281	-3.77053870231081	20.3316232964407	15.6849139780245	-3.42625905532235	20.4584404499301	15.2980578327364
PDGFA PRSS3	-10.5507318522407	21.6424139205741	16.5444956907719	-1.61899073441753	19.0566774254968	14.1335029304299	-5.34928189009256	20.6321147516642	16.6458892774292	-4.87043229600901	20.5942928855502	15.8070766225762
PDGFA PRTN3	-5.89284700346229	20.4409126203624	15.9389087914027	-3.33295751668114	19.642142329053	14.6654773091886	-3.63632468350746	19.9355480509496	15.6761672334234	-4.1623262595526	20.2071618277181	15.6655714799428
PDGFA PSMA1	-5.92579564355406	21.327944805498	16.1740428059651	-2.49502462596738	19.6950383601528	14.5175509339259	-6.79130007548377	20.845563087216	16.6104113691991	-4.64426327799553	20.6195316078094	15.7113860364479
PDGFA PSMA2	-12.658344765634	20.9387954068137	16.1703732384375	-3.34092888247509	19.883642722412	14.9958005273157	-9.63206516549343	20.7682288659888	16.4219168252622	-6.91942261309582	20.6937272980178	16.0927296430497
PDGFA PSMA6	-10.071560571823	21.0993682742098	16.4589401835388	-1.93752755612857	19.4615218025509	14.2869108437126	-4.93038762538605	20.8234433545147	16.3755568341338	-4.06448752454448	20.6836328459423	15.752701914672
PDGFA PSMD7	-9.97805564351517	20.7354195519299	16.2593849613703	-3.21450986150997	20.3653512330858	15.3044164339223	-6.20780699176622	20.4872790939606	16.2913184637508	-6.57120558525763	20.7960459423404	16.2095296466726
PDGFA PSME1	-2.98517691759318	19.7593371863221	15.512480014282	-2.04273096283771	19.7281969450194	14.2373340728095	-4.96417350966254	20.0621194386438	16.2402704966224	-3.91183529369202	19.9491508787073	15.4324654449942
PDGFA PSME3	-0.789464615010414	18.6381059919178	14.3687175864459	-1.41552523495408	18.2738173507894	14.1015970071702	-1.46552173727151	19.0665483852029	15.3274076342773	-1.15779376202838	18.8472853593846	14.5968764683142
PDGFA PSPN	-3.64208876917299	20.4164776006438	15.5759446215849	-1.78482431649445	18.9798381692339	14.5811324047677	-3.09712317496259	19.8376431809326	15.6540246223778	-3.15054793187793	19.9362700133173	15.5082569422587
PDGFA PTEN	-4.65658236569521	20.4802297582815	15.9196633335057	-2.53153131475336	19.0380967191767	14.2947565345673	-4.53746211987715	20.1217638711217	15.86731099829	-3.92752500056088	20.0000828439011	15.5193499551924
PDGFA PTGS2	-2.60693552260882	20.1961513330475	15.4214396788847	-1.81122483490247	19.3513394300596	14.4228605053088	-2.98345652984168	20.1105122291861	16.1212210691499	-2.54555781195238	19.9508733156234	15.3296082510314
PDGFA PTH	-2.76463367847952	18.8111342426821	14.3018575619421	-2.69230575303204	19.3080656365118	14.2289867918888	-2.56840238388719	19.2566828047274	14.5722692327356	-2.92302724079129	19.4342642958674	14.7139336906135
PDGFA PTHLH	-0.155563178575327	16.2123308379766	11.3821979995642	-0.48045248422111	16.1988396366501	12.1867573182715	-0.365466273602595	17.0528904554973	12.571313081897	-0.443953028064208	16.6974645864897	12.2204705099132
PDGFA PTK2	-4.62606368012351	20.121592027371	15.9105364776832	-2.20555362113757	19.1700270850086	14.6002415327507	-6.96868352355844	20.3707473958404	16.5453408434179	-3.97060315339812	20.1762607404781	15.8935384356922
PDGFA PTK6	-2.53713990472	19.4386933759476	15.5090484826	-2.11715064619172	18.4362412584324	13.3742667060715	-2.91039715718374	19.5408438860299	15.4533219059167	-2.41400949214022	19.3962987231197	14.9287356144471
PDGFA PTN	0.715420140442826	9.78266303570525	7.20348288922639	0.586989363039172	10.8782387626605	8.079648131108	0.697208023835333	10.3608280537298	7.84248147709197	0.671903079005935	10.3347338879374	7.81858595522367
PDGFA PTPN1	-1.62627375021587	18.7460039285151	14.3647627095389	-3.38262825380917	19.2866321195822	14.6990594524694	-3.64125912257998	19.736654677981	15.8422894924538	-2.84715645787326	19.3840517163589	15.1269242577339
PDGFA PTPN11	-4.90519186234362	19.7975030211141	16.0578629463914	-2.52468065918856	18.2538809132005	13.6343887755089	-3.68794609272301	19.5295273496171	15.424128253688	-3.6898573083687	19.4033613775961	15.2413296558895
PDGFA PTPN2	-10.0710073204364	20.8802521344052	16.5588298956598	-3.50348020113853	20.4317283311607	15.2867154353424	-6.43920851294858	21.0040800734922	16.4779976279739	-6.44550025298633	20.8481353796644	16.1576050356064
PDGFA PTPN6	-6.38404927872423	20.2229694865794	16.0577605008145	-1.85642576414876	18.2756004231128	13.4818447879621	-3.70349758265982	19.6051392590415	15.5907652125453	-3.92600415446537	19.5620783773245	15.0921473195405
PDGFA PYY	-8.61433089106007	21.1082603603291	16.1804730876226	-3.08935855523815	19.8220595426259	15.0095681081023	-9.58498602224841	21.1359661766062	16.7166618126362	-5.02373123810601	20.7506160800369	16.0201786213916
PDGFA RAC1	-2.75502362229131	19.4572990509657	14.8878268478393	-1.38177600015911	18.3238084390703	13.7198979231797	-2.49428339386359	19.0326994636886	15.3355365326282	-2.35663400618386	19.001199638642	14.7021350769643
PDGFA RAC3	-1.33722482997502	18.0552630458932	14.9699667128269	-1.92126957222384	18.1945267861265	13.4984201813522	-2.46537727845956	19.3895001528543	15.5398602119152	-2.64652127511523	18.8855467873909	14.9248153155559
PDGFA RAD51	-12.2373481796981	20.9409083745051	16.5553894983154	-1.28760205710408	18.6741313078792	13.6530072911788	-5.96215500474449	20.7412754512438	16.5556368451491	-4.20503881019108	20.2034469463983	15.6527444254997
PDGFA RAN	-5.88055619493382	20.206536079775	16.165926691628	-0.897727204174455	16.6653974244246	12.4443550280516	-2.55312624204289	19.2651662201969	15.3384157034949	-2.60302239135728	18.7418177322421	14.8013305300179
PDGFA RARRES2	-0.83357900797487	18.2284578623875	13.6863594675928	-0.714752308541478	17.5219592345077	13.2217642233279	-1.04685803315255	18.1728332707605	14.1462162761466	-0.840791453520719	17.957469073667	13.7939421470118
PDGFA RASA1	-3.91048039636208	20.0021676436205	14.9929883139419	-2.69486731641392	19.6657549854141	15.0615539916788	-2.60406226139438	19.7324344551859	15.3842713851196	-2.89875581892414	20.0221985841677	15.1375733584274
PDGFA RB1	-3.48873430525446	21.0791243400599	15.5995813358748	-3.40394717919738	20.3556754331897	15.0212023211544	-6.59928844311111	21.180874036016	16.3693317723711	-4.4943228430662	20.882850433083	15.7828893837943
PDGFA RBM39	-2.00677676063046	20.1551729435586	14.6384363018406	-1.42977403818782	18.9641512141024	14.4283065461868	-2.20671339911949	19.7372808175167	15.3626894847521	-1.81241948465889	19.8314117825558	14.8226504381152
PDGFA RBP4	-22.625106319783	21.4047729859888	16.760362855504	-2.74957718656255	19.0993203228561	14.6992544987089	-8.36611917555179	20.7360890840878	16.7205887291931	-6.44882838999545	20.6622498004806	16.2924014148788
PDGFA REG1A	-0.646562370792761	17.9211533266356	13.6668575549986	-0.728762083175697	17.3852908054269	13.1119468875701	-0.821483357405495	18.0742631133653	14.1503611356526	-0.654451406481506	17.8247003192474	13.6570721996645
PDGFA REG4	-0.0484439368811651	15.9031016876347	12.3885976775775	-0.703136611225404	16.7335380900264	12.3554048263217	-0.350056395731115	16.5849445195242	13.1933666137452	-0.333054104317903	16.5551739956506	12.8287329134479
PDGFA RELT	-0.0669458828360401	15.6621355155159	11.5242270342587	-0.327235349893104	15.8540890961044	11.0015688773164	-0.409030091695384	16.4043521179652	11.814501003921	-0.258654176020739	16.0228520271916	11.5273734605022
PDGFA REN	-1.06617965127469	18.272895086444	14.2702789283173	-2.55835827919271	19.6061443646701	14.4420427064663	-2.22064042554042	19.2934820026417	15.2860905440368	-1.59169002988619	18.9813107596079	14.7208531896453
PDGFA RET	0.417007114608079	13.9755580415707	10.3009211169453	-0.756918298719965	16.7848423346593	12.5833423113285	-0.0552833349274642	16.1238652722506	11.7658487392751	0.0123973868828628	15.74360217074	11.6610081571504
PDGFA RETN	-2.23782938470892	20.097137127429	14.8996922011089	-2.42598180529351	19.2656961211934	14.2996695299676	-3.43993143305589	20.7160610378628	15.9847614882488	-2.402510601517	19.6895306922103	14.9671139995386
PDGFA RGMA	-0.470731872985246	17.910045090667	12.8603340071148	-2.8503080814155	19.4984278543014	14.453834767058	-2.32175187191107	19.4337778062358	15.0165417465844	-1.31633318766665	18.958485423175	13.9079984408143
PDGFA RGMB	-2.57374412219407	19.4120140202917	14.9920551124239	-1.10644585111012	17.7122967922618	13.3857698991077	-1.78058145202513	18.9853297090425	15.1181417572662	-1.99096563157096	18.7793244095594	14.5768303763993
PDGFA RNASEH1	-5.29984186806104	20.6227481513139	16.1548670289699	-2.22449000131507	19.2382784883837	14.3769289652981	-5.09179789359161	20.3446906265528	16.1300658897211	-3.60075316698524	20.0219375821395	15.5277786336042
PDGFA RNF43	-3.73377412205987	20.2788472735427	16.1402588011601	-3.13574567368048	20.0554408529184	15.3408707586792	-9.50159507329247	20.7498969174567	16.8679690363698	-4.1448358573229	20.3630691796658	16.0845260647079
PDGFA ROBO2	-7.00115747766943	20.1923117144448	15.7787696444272	-1.84703546110803	18.7300337902413	13.397568181601	-5.23251055237922	20.2466612681185	15.8427651710839	-4.51347958745294	20.1040435358737	15.1873483180515
PDGFA ROBO3	-10.0305433669945	20.9324595916126	16.8745403350559	-2.9276917337374	19.4387634393517	14.7584116102454	-6.6851310588002	20.3029400285814	16.3634792891069	-5.64474214135505	20.3411463163876	16.1483624085932
PDGFA ROR1	0.0187656445061292	15.5659675718901	11.7708652011764	-1.16314778481703	17.8216256370451	13.2174145529428	-0.789489129171495	17.4803153068516	13.4117721608783	-0.590963185964328	16.9673187578234	12.9728132046186
PDGFA RPS27A	-1.20860340598545	18.1023977718993	13.9965459087137	-1.68492414584296	18.6083909264173	14.2720761188874	-2.28214217029848	18.8815607315947	15.5404772672756	-1.65373562576627	18.528526888682	14.4056663987822
PDGFA RPS27A.1	-0.977703946730351	18.6799250015742	13.6858411701716	-1.27829805047683	18.100101212836	13.6786149076665	-2.02354860836034	18.7080038372406	15.0440734013636	-1.33141347151463	18.678662262086	14.0320736009029
PDGFA RPS3	-8.24158673095758	20.7261111182139	15.7066153538896	-2.44860205921133	19.6267385942979	14.4334235496744	-5.77364915255802	20.6182412120022	15.9285050976192	-5.23806720134849	20.4773996933727	15.5951275631331
PDGFA RPS3A	-3.54942771349801	19.5825213929387	15.0068876356443	-2.30293283722329	19.93777169256	14.9293089877633	-8.01231849518377	20.4335055558029	16.1491785597862	-5.11269877962909	20.5710566869069	15.95849404749
PDGFA RPS6KA3	-0.129081604596279	15.6261726546991	12.3502344046192	-1.71266642178011	18.4251955410745	13.6556125970007	-1.23921411091603	17.8969560444451	14.2058947570217	-0.811729740403417	17.3102032428616	13.3139310695448
PDGFA RPS6KA5	-2.43973112111054	20.3088626249519	15.1741306755107	-1.914546584134	19.3639206706252	14.3844700903611	-3.52299206352096	20.1449632690058	16.1785003692256	-2.29668902853832	20.0628591777861	15.1847001179187
PDGFA RPS7	-5.46586229725673	20.6853540867323	16.0882226523719	-2.87973399567857	18.8527095224115	14.499994192251	-5.70167989926776	19.9702741360713	16.1848102227869	-5.11284397496779	20.0722126263946	15.8711291319676
PDGFA RPSA	-5.11161764568259	20.2998435116848	15.3909027041462	-2.93916152234717	20.2493944759745	15.1053437184252	-5.33316329459911	20.5390836063487	16.3083593764093	-4.59285602703943	20.4442188786331	15.5463699425893
PDGFA RSPO2	-1.91147232802745	19.9063176995384	14.9373426666664	-1.21899986975759	18.3464247654929	13.4092925935616	-2.46067061655892	19.2617355138085	15.4444910942113	-1.54744034884255	19.2939051963526	14.4556674387237
PDGFA RSPO3	0.56045500450269	12.7069856930222	9.0367586321662	0.108512021461096	14.0436145694545	9.92532364186437	0.334125911767459	13.638257205768	9.87570743141788	0.381051458360649	13.5449956284901	9.7912448299742
PDGFA RSPO4	0.106969264160575	15.290543447075	10.8782229695616	0.230011584740258	14.7812590244264	11.5615168010136	0.228993396061799	15.0445948011329	11.3221214418126	0.204870035800115	15.167280330556	11.4763445525969
PDGFA RTN4R	-5.08693432716068	20.2048392819876	16.1048220294509	-1.74061404487555	19.0607295838329	14.1744151622868	-3.59029230377814	19.8142841431097	16.1153508702733	-2.67407206257227	19.944762508217	15.5459226370251
PDGFA RXFP1	-4.35102450281236	20.0977896936765	15.9289194264022	-2.35378344373039	19.596602569583	14.871925877554	-3.3096916285997	19.9772646331564	15.8436137914278	-4.31467658447439	20.0201059702488	15.8305721849738
PDGFA S100A12	-5.30230312794429	20.1691631272688	16.2240490610893	-1.42089796868051	18.7102570137671	13.8222430876397	-2.37516170182622	19.840863508168	15.6070203985239	-2.99934042531194	19.773422786795	15.45230663872
PDGFA S100A4	-10.0051371112077	21.5141425652265	16.910880521178	-3.35136568289417	19.1560068728203	14.5900898876868	-7.77883346045467	20.7455065132882	16.6429186063445	-6.16606067387717	20.61077733637	16.0863723308264
PDGFA S100A6	-9.06146679822479	20.6816285443077	16.2472092862333	-2.35339714371816	19.6939251769688	14.5384136793085	-7.61816019234386	21.0065459754972	16.5278708185217	-5.49337694091509	20.4222620874216	15.7981729819447
PDGFA S100A7	-8.88799534860572	20.9814027425716	16.582344199179	-2.40346005947455	19.1680016943227	14.8593028877791	-7.78864430589911	21.087823723255	16.8161760593931	-5.79305883113175	20.3646538199897	16.1548484115911
PDGFA S100A9	-0.420595683523519	16.9227717036378	12.7380824889119	-1.68354493455053	18.6732623693284	14.0843443498793	-1.12617353484757	18.6386808234478	14.5862317569275	-1.03300887284745	17.9533927753012	13.5762368648552
PDGFA SAA1	-1.87332460923755	19.2196318391286	14.8383086651858	-2.33243222136707	19.5365472197788	14.7901972817984	-2.3153570405367	19.5041827580723	15.7093557115521	-1.93365416460443	19.3281140837418	15.0696368783099
PDGFA SBDS	-3.55759044052708	20.4214599916749	15.7146321544178	-2.53766002102618	19.1778432811875	14.5247108670318	-3.39199979627033	19.8791844972724	15.5080684098078	-3.52116878487683	19.9521606890014	15.4844241465209
PDGFA SCARB2	-5.34902841648315	19.394710399833	16.0342360607236	-2.78928565197107	18.8404152729829	13.888217377896	-5.88592705249188	20.1941281647516	16.2475901124424	-5.23495480050041	20.002513259872	15.7997092195542
PDGFA SCARF1	-0.829943121748713	17.3139921055975	13.1722953080334	-0.912724338288036	17.7887982602693	13.2693515455472	-0.652824512811939	17.5634296246255	13.3020668048656	-0.909709034479355	17.7852936091513	13.5567979575843
PDGFA SCARF2	-3.7792628647795	19.6303730598215	16.0889184125657	-1.98808258381699	18.552673714587	14.1680619620985	-3.10599287003313	19.7245110615491	16.1633796682755	-3.45047050349539	19.7370945412408	15.7282868123755
PDGFA SCGB2A1	-12.0133552832283	21.2722232647209	16.9542878711094	-2.49671921715003	18.918018399056	14.3796912904409	-5.35379647018624	20.6678119438567	16.2628434497566	-5.72449382829973	20.4127965769514	15.9780976591534
PDGFA SCT	-2.87533599061327	20.823007927629	15.7089051633782	-1.84700960645683	19.2538587416109	14.5481374326251	-5.18219071637882	20.2525102953573	16.3869135559266	-2.95901223349487	20.2357541449445	15.5265187159039
PDGFA SECTM1	-0.589742708603864	18.1256920791239	13.4752130188028	-0.610494997506751	16.9264730692322	12.7103868914036	-0.504179801860151	17.6543711302595	13.9712511308621	-0.735220878718341	18.0736724097526	13.7397035399574
PDGFA SELE	-5.91421902834211	21.584467564284	16.178444298981	-3.1980891009092	19.3597626464563	14.3775922303321	-5.05439976918185	20.6908209029254	16.4652965054218	-4.03945241068803	20.5846639997507	15.6970824634517
PDGFA SELL	-2.44979618494135	19.6406733056194	15.4254231651971	-1.62837510182742	18.624769749596	13.9079527569886	-3.4265287960429	19.894837667216	15.812408404838	-2.1234913448055	19.3421578149097	14.9496356352914
PDGFA SELP	-5.90294116595916	21.7772578535687	16.6730366136421	-1.72522425619458	18.7694967910123	14.002097938957	-6.16695851042158	20.5211509908329	16.5240248090262	-4.35589501456512	20.5236841052701	15.9025922465018
PDGFA SEMA3A	-3.8068418484936	20.0460580769173	15.8033030648206	-3.67372655968928	19.9320250911199	15.1663352875282	-5.78189637467704	20.3293243110451	16.2753879548322	-4.54150929173959	20.0863923586326	15.6973737251486
PDGFA SEMA3E	-1.00624909249336	17.8731542923727	13.3504928648659	-1.75908234978633	18.0117095065854	13.6794050486196	-1.26789411854469	18.4543739285106	14.4150773391367	-1.19544816154796	18.1821463203228	13.8838075423755
PDGFA SEMA5A	-6.33422872810503	21.2533583290496	16.0137482987214	-2.63405942389543	18.723031743013	14.127256659648	-6.78976095096256	20.5432129957311	16.2673495217123	-4.76486043925463	20.4967534694204	15.4781411518331
PDGFA SEMA6A	-1.55100628800947	19.3895112823483	14.9070250421712	-2.97761656388144	19.651981039756	14.7830821796591	-3.69336924312592	20.2075547503781	16.1646891652657	-2.104391755809	19.7434345807568	15.1259259316795
PDGFA SEMA6B	-8.20261812176108	21.8162839976769	16.756092515659	-3.24390121253213	19.3397261989775	14.5159793798153	-8.08860186966625	20.9152937867837	16.5658007475397	-5.10907383114303	20.7016310370279	15.7906628031191
PDGFA SERPINA1	-0.361370580914369	17.0334128224518	13.1918478693078	-0.740563925518026	17.7729211587566	13.1116452432053	-0.760909197236155	18.1244717834973	14.5446947710236	-0.508553560961164	17.4627170192827	13.290047843468
PDGFA SERPINA10	-2.69355142506434	20.4457789575377	14.8857204466039	-2.45839410701337	20.1423599860955	14.6433113380237	-3.82846298473663	20.6185907367233	15.8051391076774	-3.04481627598451	20.5897722266893	15.1582739981585
PDGFA SERPINA3	-3.4144589532422	20.3656843871124	15.8122507689628	-2.97865126556009	19.5572823610914	14.851235997374	-3.55742968797524	20.5008432398601	16.3316810505821	-3.75273691092524	20.3146999835516	15.7973294009823
PDGFA SERPINA3.1	-0.694664201393831	18.5198271715753	13.4906568744141	-0.983093903765228	17.7417004592402	13.1936357486317	-0.912557877206477	18.3020348477917	13.6821719490299	-1.01260053754301	18.4685691926942	13.7493242297304
PDGFA SERPINA4	-2.1511008787839	20.1600548118458	15.0016580051472	-2.6905135546708	20.2380069435675	15.0631704517583	-4.09716176445016	20.6344609010616	15.9225161890981	-3.18974581409346	20.273224674474	15.4870812102934
PDGFA SERPINA5	-7.19049797157332	21.1214738715419	16.2721102358657	-3.41846894088742	20.3400654026681	15.3192523108987	-10.9994203313832	20.8621498587149	16.8508086352433	-5.48781291576169	20.7696318023771	16.0415295123584
PDGFA SERPINA6	-2.22863345184238	19.6789820945396	15.8075408072326	-3.76046950436035	20.0654920765539	15.3120646502859	-5.30795756979946	20.0961201945138	16.4795126396284	-2.74835468353673	19.9916500496428	15.7256481761688
PDGFA SERPINA7	-7.699029165897	21.4102219289359	16.1906237579679	-2.1485973853388	19.1409522367009	14.1115472638462	-5.11677410445328	20.7123264915331	16.0774797760394	-4.12698357384255	20.4961230760556	15.539045446874
PDGFA SERPINC1	-1.01073675306244	18.5133003487096	13.654476475732	-1.19101128298593	18.3621057767394	13.7253401088019	-1.27869094454726	18.8975425497685	14.4334773279503	-1.13573588097933	18.5852260430708	13.8973568341802
PDGFA SERPIND1	-4.16024140806323	20.7965601509248	15.9215720402012	-2.25054092356943	20.2113911034036	14.4515987124206	-4.2853277289014	20.9550181768496	16.0626564645516	-3.541843543029	20.7912420136371	15.5322880398052
PDGFA SERPINE1	-6.53505707163786	20.8018717878411	15.8114313058096	-3.2035963910062	19.7961157124692	15.0061752652248	-9.5112204348538	21.0503727714657	16.5353169581007	-5.74271177926592	20.644686316206	15.8181487836172
PDGFA SERPINE2	-4.17309521202315	21.8011044786646	15.8733398119768	-2.54260058459929	19.4746247030679	14.3946282584172	-4.33419035181199	20.7058718013577	16.1179369819511	-3.70328134406205	20.7151794186692	15.4948212286591
PDGFA SERPINF1	-7.00613871969912	20.7926068311936	16.1061066507664	-2.53466208478369	18.8755267717998	14.1704381197011	-4.43204089354252	20.1441970598217	15.9150000225991	-5.25721152453992	20.157534705484	15.5857256290405
PDGFA SERPINF2	0.398085892778452	12.9516002882858	9.8994188781737	-0.303728289742291	16.1964987138984	11.9618094942104	0.00822099043392654	15.2929366654356	11.4256908907259	0.0287423977940399	14.9391164411699	11.1984158199193
PDGFA SERPING1	-4.27062046974103	20.6977611535291	15.8854435265961	-1.91395540147327	18.9624230398055	14.5884554588187	-3.96116853136045	19.9992628659907	16.1650983690855	-3.28038877998928	20.0454108232019	15.7496146724188
PDGFA SET	-3.14079927032628	19.2996771688671	15.10623336864	-2.16823835498226	18.9303165709723	14.4126782727794	-4.42150974290278	19.5266697340826	15.5636552693932	-2.86477688612619	19.406209765882	15.1325286555124
PDGFA SEZ6L2	-4.41241744383834	19.9542938290118	15.3684468717057	-1.85141254491152	19.4404327414699	14.4387610422071	-4.24902762358347	20.5082985703352	15.979213381171	-3.55072609750351	20.1024078504843	15.4510452678959
PDGFA SFN	-1.97744858802004	18.9488691296442	14.3280975050371	-0.956499233884605	18.746166994715	13.0981567793928	-1.88538671883051	19.5496492962915	14.6448169889524	-1.49101789041554	19.2042625717683	14.072885912819
PDGFA SFRP1	-1.15438925804366	18.8261329168395	14.0506494892169	-0.851190136221433	17.3045150799087	12.7592804565673	-0.942696809681539	18.5478303956745	13.954471841787	-0.953620675550978	18.3498142893952	13.7116277289251
PDGFA SFTPD	-2.53774817643693	19.871109996361	15.3019263026251	-1.48479459309352	18.4901455581757	14.1315040876695	-2.5001383582863	19.2122564247494	15.3510769281444	-2.18719871143717	19.302502652305	15.1129817177604
PDGFA SGTA	-2.42085576276306	18.757886655319	14.6263643825801	-1.99357357912491	18.7171862356787	13.6796890416313	-2.56832158412491	19.2075679270502	15.0655416973314	-2.84048389962452	19.0165811939055	14.5977115688061
PDGFA SH2D1A	-2.13932525017563	19.8761631183305	15.2604412135414	-1.61176782668953	18.5560769387412	14.1713050727696	-2.32464034803965	19.4989301961231	15.5252955433153	-2.29794872675568	19.7001565109133	15.1860477606559
PDGFA SHBG	-0.437229958738063	16.7399050376239	12.990414120808	-2.24544968448705	18.9849258695872	14.0552101589388	-2.23678445544599	19.3871266449889	14.7826002238287	-1.43632635726355	18.2558120028525	14.0437276836997
PDGFA SHC1	-6.70704877890674	21.712935073124	16.652410028906	-2.08172438281154	18.8277597033197	13.7206408471841	-4.41754449457339	20.6832233563463	16.1733867966487	-4.80081974945393	20.5997098091195	15.6516978286735
PDGFA SHH	-0.796065448638536	17.7030264103974	13.9823305076098	-1.16222791678929	18.4362217208363	14.0363492182715	-0.999286031602324	18.1336096996167	14.787250810254	-1.10343046944222	18.2954360948204	14.3703490293857
PDGFA SIGLEC1	-2.54159755649694	20.2314990750559	15.7033234108605	-3.80208497054038	20.1602786223511	15.1443763877879	-6.33338700681834	20.6076511658729	16.3763692194421	-3.46538798108477	20.2422433301496	15.7135509000342
PDGFA SIGLEC14	-3.20256194406183	19.8816941804446	15.642899601209	-0.724811471798514	17.88814854884	13.3878912199999	-1.63723910189436	19.1818274813362	14.9002718135747	-2.11642144556628	19.0998210435581	14.8971245912126
PDGFA SIGLEC6	-3.71260176646676	20.3138641302624	16.0115472344703	-1.80785589015168	18.5802229014103	14.3733564967341	-4.13151757154906	19.9696862140066	16.1207923897236	-3.24832047894217	19.8556481101417	15.6014611327221
PDGFA SIGLEC7	-6.96344699339637	20.366160156778	16.0075638659619	-1.36446443975814	17.3761937802037	13.3066571252456	-4.38812495414376	19.6091667013478	15.7445213492535	-3.77606683160106	19.3065715754295	15.0218481294024
PDGFA SIGLEC9	-17.3321939894263	21.381982164774	17.0306201181088	-2.86844502466704	19.5976448883805	15.2310269016639	-11.0239804646147	21.0197077600973	16.8221302723911	-7.39133392658602	20.767157761687	16.4073940601843
PDGFA SIRPA	-4.07453227232662	19.958527406559	15.6031159136323	-2.28035909102445	19.4635860703044	14.7460920844398	-3.52435421129337	19.9785167662321	15.5931989660102	-3.51993787616627	19.887981703184	15.4802409113267
PDGFA SIRT2	-8.02942189042639	20.4418635602316	16.2362179262685	-2.77778137059672	19.9298768735504	14.8463289667716	-5.59812298166166	20.4745994106204	16.2578850939181	-6.08447770434064	20.6076477474141	16.0617370292798
PDGFA SKP1	-3.11275437910816	19.8453206421012	15.3148340871207	-1.22346087058363	18.3567759999259	13.9731766621632	-2.39947847223068	19.4705178714217	15.4895722305644	-2.01906989976471	19.4791924828023	14.9468568090255
PDGFA SLAMF6	-4.28304926895199	19.9101133577108	15.7332149016418	-1.60496869435562	19.1744545993891	13.9088044729902	-2.78935252861811	19.7467996473917	15.4407149506959	-2.66420566878259	19.8996149755617	15.2259872136114
PDGFA SLAMF7	-3.33252614892354	19.4382229276984	15.1008398931274	-2.8385003637287	19.651360297847	14.6641749251033	-5.14108199866513	20.1484329488799	15.9328601027551	-3.59086351337031	19.8983991692539	15.2949048112989
PDGFA SLC25A18	-5.89171343257076	20.3661044517145	15.9101504476839	-1.61544155484508	19.2719658788096	13.9189029537572	-3.57827466476034	20.070058925513	15.5071610187711	-3.15397756288039	19.9749031757801	15.2196301270443
PDGFA SLITRK1	-1.95431359826001	18.9533457903117	14.4783269431312	-2.15600090470879	19.585797985168	14.5752185561159	-4.12415148225344	20.3183034247186	16.1833254901966	-2.35340729384059	19.6077689188848	15.0494325869842
PDGFA SLITRK5	-1.88038651929	18.8897610584376	14.6055490207283	-2.0649258765161	19.3975701009292	14.2826574390641	-4.34092548009431	20.1794958830262	15.7116268073045	-2.13922122419685	19.2418928544967	14.6153436019798
PDGFA SLPI	0.255836937123693	14.5779287732407	10.8763877263367	-1.29329933991029	17.3821658563415	13.1581782790523	-0.314404842230024	16.5033321470872	12.7343679608694	-0.178766942226151	16.1056059765326	12.2400158095853
PDGFA SMAD2	-4.37951250567739	20.3347928683013	15.4982416284373	-2.02569218191448	18.7252652011163	14.2016305842831	-3.40289181321713	20.1597773144953	15.853157996777	-3.62053553196205	19.6678754668505	15.3033426138521
PDGFA SMAD3	-4.08484779588645	20.024998549153	15.4538278669866	-2.75029272477828	19.1217613354406	14.3184382571208	-3.41266519538963	20.2305026708519	15.7483409142525	-3.76674501908776	19.8602091048053	15.3037659506875
PDGFA SMOC1	0.399310490471891	12.9537334681059	9.35216244333618	0.224938205540381	13.2983729427182	9.42491540167219	0.237761900156291	13.7003988111249	9.87566587026391	0.291803232166235	13.5716528282447	9.80591996946221
PDGFA SMPDL3A	-4.44854821419922	19.6111729578048	15.7790136243116	-2.96322057370488	19.3458594070944	14.4579808703453	-3.5702484336575	19.7735112726196	15.718053894142	-3.82716324748944	19.8157950290616	15.6700958201724
PDGFA SNAP25	-5.65749476865013	19.8054783640019	15.8279612447583	-2.30190861397705	19.951712954474	14.8720357823962	-6.81205140793658	20.6640859816941	16.3572999162689	-4.69038206032195	20.4167120560302	15.9035151582498
PDGFA SNCA	-5.96910649911276	20.2411421973301	15.5901180213354	-3.11003556878834	20.4373593864431	14.940679818918	-5.1317974596504	20.9419491821454	16.200096381782	-4.43835553750701	20.7810722975779	15.6770653005534
PDGFA SNRPF	-2.26794300628996	19.5290461817321	15.5097293868433	-1.24409191835694	17.4209377156119	13.1924942230282	-1.48059130912202	18.7512834315526	14.9396041849401	-1.58136686102844	18.8546826975749	14.6668803656499
PDGFA SNX4	-3.75884997994035	19.9416643064794	15.6828861894498	-2.38368239305912	19.1282109118518	14.334877369482	-2.65423698038886	19.7988083801228	15.6114313565139	-3.38717675073468	19.6940907622131	15.4196677166359
PDGFA SOD1	-1.85719887777176	20.4680161403661	14.8680616884438	-1.25486908563873	18.1395756074955	13.82184839744	-1.31290950014323	19.5964846283527	15.1271230734848	-1.58025446816519	19.5634199294879	14.5287139014295
PDGFA SOD2	-1.39340920421932	19.3167519445362	14.4569521953136	-0.839252663371941	17.8039325580384	13.4491388563388	-1.1913240526865	18.9219774300272	14.6144572330913	-1.18859800612951	18.6513914364224	14.2638964000722
PDGFA SOD3	-0.524640811715354	17.1562967160555	13.3114385228068	-0.897026838910395	17.8173021871956	12.7037916042566	-1.13859292994809	18.0430843645857	14.3113662338121	-0.804836830188536	17.5949102665511	13.3067303883461
PDGFA SORCS2	-3.40599147766832	20.2940054653382	15.787876482481	-2.13197554694378	18.8856236184479	13.4659091135145	-2.5832250698581	20.3395889482573	15.5059418249001	-2.78157414554883	19.7810788486602	14.9609942656707
PDGFA SOST	0.430308159293989	13.3383964676985	9.49591045440557	-0.0959248686604208	15.7598049026919	11.6368638272519	0.0594404971269256	15.9295031657032	12.1857511136269	0.169968727386151	15.0066855150012	10.9886665244216
PDGFA SPARC	-7.09986538394367	20.6089598219038	16.5330038296253	-3.43310096627829	20.2920482967907	15.3776397612305	-6.0146922118579	20.5713042045599	16.7041099277646	-5.51751531934175	20.5916519816125	16.1974069579338
PDGFA SPARCL1	-1.87182775348298	19.0472530173068	14.666079735435	-2.74584216268177	19.3857684522967	14.9835106102477	-3.52539609944772	19.9606829515791	16.0752114624819	-2.23687965846895	19.4091830015742	15.1596387419415
PDGFA SPHK1	-3.41497978881068	20.0656969014427	15.7865499030248	-1.69644309855811	18.542810536919	13.8814859495136	-2.64316631644228	19.566212458223	15.5638722712222	-2.62147863869658	19.3917055775254	15.1720092924141
PDGFA SPHK2	-14.2039445356675	21.4944088430666	16.6025216019493	-2.32100892125687	19.5824685354534	14.59159490932	-10.7394602863806	20.8913495567903	16.7348816003723	-5.03411419135633	20.9243233748572	15.9934175926957
PDGFA SPINT1	-1.27948899465786	18.149304973741	14.1314358017952	-1.69295897910559	18.1830574673223	13.9684007086577	-1.79722902756554	18.819303351343	15.2173205187569	-1.72275547080241	18.4908183460746	14.5645573122711
PDGFA SPINT2	-7.12780487002896	20.3729992742016	15.9939624707946	-2.01775600089911	19.3692160331016	14.5116511159051	-3.44364913129958	19.8706496969975	15.6571004600495	-4.22287685114672	20.3032878508412	15.7549196551607
PDGFA SPOCK1	-5.47037813474196	20.3265660005225	15.7405091467957	-3.21988129904748	20.0548789179886	15.0359890111371	-7.40298172826053	20.6136782545349	16.2964643094881	-5.20503160561241	20.3730174598306	15.6851160215581
PDGFA SPOCK2	-3.80019505188431	22.0164498502017	15.6796291295187	-1.79153056387305	18.8667900367546	13.7900418869381	-3.43362887137063	20.5954899045448	15.4494635201154	-2.90239913991339	20.6287164090045	14.9696475114149
PDGFA SPON1	0.402680058723336	13.6750477811886	10.368568904842	-0.310879857056602	16.2176543542052	11.9127574575966	0.17826693940069	15.2030576705539	11.675408496605	0.140302232216824	15.0755672915713	11.2779050867034
PDGFA SPP1	-2.9792053347087	19.6781215181926	15.2067900362915	-1.5913322627255	18.0351466624163	13.1695862075446	-2.14676131731161	19.770714771569	14.7382842039738	-2.43833787932994	19.490352090926	14.670498756787
PDGFA SPTAN1	-5.02979550829236	21.436939758669	16.3884294713361	-3.53166160968091	20.2417971881406	15.1423326510479	-7.35219546158157	20.7867829025071	16.5698305012567	-4.78972933397564	20.9028417175126	16.0321007513745
PDGFA SRC	-3.19214682722457	19.1729180466546	14.8937087043307	-1.57727295541307	18.086077978177	13.6090552474957	-2.32080335830587	19.1722131554939	15.1694636118392	-2.40859095433465	18.9340016050297	14.7128859978218
PDGFA SSRP1	-1.08931410405657	18.6698829709538	14.6436703985361	-2.76541169125937	19.3700553036623	14.5719879457465	-1.9605827525487	18.9221117932869	15.2804268397163	-2.24913877181478	19.3343521573154	15.2275705035644
PDGFA SST	-0.171016195633725	16.4969444642938	12.4383028506506	-1.79089879766962	18.8042038867523	14.4776305297394	-1.27896063613974	19.1672823608627	14.9260805924077	-0.898038494633937	17.9893514216207	13.8899160184641
PDGFA STAB2	-11.5390363555	21.498956873607	16.5682861866776	-1.640922541594	18.9038202034409	14.0276832336428	-4.94326490686782	20.3582224287348	16.2271432994676	-4.61509466961667	20.3850270858109	15.675941604959
PDGFA STAT1	-4.44933925556762	20.7925158852259	16.0711294732327	-1.890646351191	18.8404641317274	13.6785916293748	-2.74676053604368	20.0019041807072	15.4004444231778	-3.55955173137839	20.268890030598	15.3140199706673
PDGFA STAT3	-7.91344958354642	21.1789343685985	16.605630882108	-1.43163701088314	18.474808402894	13.8080366504438	-3.21263228492045	20.2661886843483	15.7944785925742	-3.48606646194816	20.0495821089612	15.6247246752661
PDGFA STAT6	-2.71809505108618	19.856828920712	15.6190721218423	-2.24487792844209	19.2121668588197	14.6290887277313	-3.54185011174715	19.9544675029224	16.0249211814869	-2.56625207737048	19.8461283715821	15.4204525785774
PDGFA STC1	0.0738491286743097	15.2833757226576	11.8740717744463	-1.84733286189945	18.6061497763306	13.9745584134277	-0.82139361612563	17.526698892779	13.8354554228732	-0.622565504796057	17.2822861348613	13.235267912393
PDGFA STIP1	-8.03521930667178	21.051708077814	16.0023618298871	-2.69772045629195	19.803458187227	14.610189013258	-8.46438657985308	21.0577801312697	16.584987584001	-5.23427890895017	20.8388369941245	15.8623431085493
PDGFA STK16	-11.7162396073143	21.2445753476031	16.6950931878963	-2.49662638712925	19.7603783152463	14.8360213006778	-8.78903169125166	21.0396073172079	16.6978222577948	-6.2921965003027	20.7967959087272	16.2225063978646
PDGFA STK17B	-8.72767013336441	21.3154553964326	16.9936342382563	-2.01342428000281	19.0990518355422	14.0891711293539	-6.2951123422834	20.4906158315353	16.4934018500139	-5.61987027166538	20.5091320978301	15.937224460222
PDGFA STUB1	-3.65098401065233	18.989668566293	15.0594263427738	-2.29515342761299	18.8705527369145	14.5888575028962	-2.88995299751223	19.1417119224762	15.3713594654421	-2.99512837936754	19.1778665611432	15.1340814882005
PDGFA STX1A	-6.84400956727275	20.9936415245038	16.531580409784	-1.51191267773549	18.4335680446397	13.4860135318652	-4.57953196838104	20.4104859105882	15.8504041703232	-3.7152398085659	20.1736278342097	15.5162797236301
PDGFA SUMO3	-10.1392703033684	21.7765993115564	16.6883731189093	-2.35460411195729	19.1221162026855	14.4096035613955	-4.08252388228243	20.7875683993019	16.0765417976359	-4.43768184442029	20.7697543609998	15.8657693293392
PDGFA SYNCRIP	-9.71065002264991	21.5871514584414	16.7902007866298	-2.1177710219311	19.1297092750427	14.1069561542844	-4.3592761210707	20.8787211858848	16.4419988499714	-4.55940703329815	20.572146275071	15.7450207900352
PDGFA TACSTD2	-9.28422525250581	20.488069602713	16.238514312082	-2.20214997398639	20.0274300499628	14.8002733845023	-4.36358641000141	20.3392109250097	16.182303175229	-3.74526444508153	20.4006074406662	15.7583079997572
PDGFA TAGLN2	-3.56193586735257	20.286127438679	15.6376616528213	-2.66763686055009	19.3926025662984	14.649146752063	-6.33730176913818	20.5150632478199	16.5264040518921	-3.83463526093168	20.1977314799936	15.6243932804856
PDGFA TBK1	-10.091815671039	21.471643980938	16.5145660873965	-2.61984377248345	19.7106194694918	14.9290577204087	-5.18004086382995	20.7038210647027	16.4529993551214	-5.21914688108158	20.6957839773639	15.975590841718
PDGFA TBP	-3.27999742278423	20.1210633119769	16.2877976011577	-3.18020552517854	19.7261255566738	14.3862584078447	-4.10417167594428	20.300634133833	16.1886687843591	-3.87012780125567	20.095986757481	15.675919636308
PDGFA TDGF1	-10.1271569294333	21.0540299559629	16.3162829890382	-2.77604884046118	19.9278683794889	15.0296554597871	-6.27018807586929	21.286060093047	16.7029530782763	-6.41597830515518	20.800634503673	16.1785604042563
PDGFA TEC	-2.13520265661519	18.9453364465204	14.6544315677939	-2.36225661011906	19.2291405271122	14.408237212425	-2.38828595618725	19.5201655594047	15.3801681289956	-2.72786400503835	19.3480350793025	15.1060240951145
PDGFA TEK	-4.58483922893624	20.705745172079	15.9282097581012	-1.6808122003804	19.0183188703807	14.1995929390196	-3.27952348599724	20.2805515863878	15.8318858841716	-3.22125108004743	20.2785799688431	15.4463075177233
PDGFA TF	-2.46042989354657	19.6660641894847	14.7115418448332	-2.26268204457219	18.5014046004128	13.9764387336884	-3.66716262059058	19.7402946724342	15.5148924260678	-2.44364477759598	19.2795883840268	14.670861557831
PDGFA TFF1	-2.2726231499772	19.590449131666	15.1953658506643	-2.01897895199204	18.8230433691063	14.1616636518706	-3.53228474547518	19.3867641955947	15.5709096659042	-3.04473350014295	19.5283004872534	15.1774403065905
PDGFA TFF2	-1.25270778042337	19.2130277685951	14.4486569330371	-1.29928111170764	17.6988997530242	13.0002819626648	-1.74968132710052	19.020599910043	14.515826336681	-1.5002447596221	18.6313557773389	14.0684840343775
PDGFA TFF3	0.407046571169971	13.3540473979655	9.55745932516162	-0.155634259431911	15.7434750058095	11.7486857377187	0.238981906759279	14.7755795548755	10.7404959891707	0.199728104283287	14.901984641613	10.860724464326
PDGFA TFPI	-3.52768860766734	20.3742388858423	16.3146842308925	-1.10690598774842	17.0689355650849	13.5737441077219	-2.60066080114367	19.1215911303509	15.5139576423287	-2.06037383542391	18.9925765302052	15.254889430551
PDGFA TG	-3.89853655782446	20.0371690384408	16.1287117574228	-2.72054245742423	19.7725976547208	14.8027351620994	-5.68213415800676	20.6947094603289	16.2985858961402	-3.99926239697644	20.0926952166459	15.8388962437072
PDGFA TGFB1	-1.93129790502751	19.683420062547	14.8646795777743	-2.17538102560544	19.4614275351671	14.78934996257	-3.0792091671991	19.705940753015	15.6975621506814	-2.22722500518058	19.7440689839324	15.0785133868955
PDGFA TGFB2	-2.84247460949671	19.414182605122	14.8434906755293	-2.74722066886852	19.9499411345509	14.8118398983884	-5.45987687738535	20.2816235143691	16.3485718384508	-3.02224245193139	20.0969492511605	15.2764095816232
PDGFA TGFB3	-1.38733459501591	18.0709889131258	14.1233647523826	-0.91420442130442	17.4477020829972	13.0437791253262	-2.07012254046113	18.2979996764764	14.9252648731514	-1.36810239185804	18.0721810670613	14.133754582078
PDGFA TGFBI	-6.40034264804432	21.1665189183063	16.418464189174	-2.07490368373229	18.9217489882243	14.0619312554217	-4.30876867926576	20.3811460282246	15.8545412895118	-4.38141573848646	20.3694051730434	15.6598172597345
PDGFA TGFBR2	-3.43389670346805	19.7897373886127	15.7908833004436	-2.40361249813645	20.1324036506873	14.8043655139545	-6.05362506382147	20.7760502472578	16.5979354259762	-3.14806005019304	20.1264559531966	15.6053754704272
PDGFA TGFBR3	-1.71522635518616	19.1769365968271	14.3545870480694	-2.98494737973494	19.8391291998664	14.5143465581895	-3.20859730765136	20.7563577848349	16.075253277196	-2.80662531799646	19.8083513567098	15.106658235969
PDGFA TGM3	-2.06738415595394	19.4237262654655	14.9609846681453	-3.00949933609837	19.6697519199763	14.9463664014988	-7.05823002124625	20.9404375922528	16.7249671831292	-2.50294484693627	19.8572531798387	15.2975823902268
PDGFA THBS1	-7.40818978979965	20.8929801138435	16.6810940824793	-2.43119691511101	19.8968824924347	15.1610338146239	-5.18214457324476	20.2509251645872	16.382145655252	-4.22235444759209	20.5040182446107	16.0672628002713
PDGFA THBS2	-0.703728323574468	17.5105650662938	13.8177677894857	-1.01382624120891	17.6999167044967	12.8999399091664	-1.27282793468966	18.5925538525543	14.0634381297158	-0.929783214521709	17.9161443278439	13.7312382585785
PDGFA THBS4	0.0162399387762627	14.4723896371309	11.0932398732332	-0.534906161398349	16.9041752517489	12.7039120549782	-0.337623380396534	16.3200986099309	12.667896480001	-0.335668011768674	16.0378473625022	12.2235630209881
PDGFA THPO	-1.68298342593899	18.2665474773673	14.4379596368245	-1.73971785117862	18.3326664404246	13.5724347715018	-1.566469562461	18.5153097022806	14.1871458823181	-2.10446487685109	18.7109120069575	14.4762432911003
PDGFA TIE1	-15.1314446891994	21.5365901010101	16.8396737296734	-2.26816378231299	20.0631448746886	14.115127163865	-7.19137145006885	20.8976211378219	16.5169387124601	-5.42624027974149	21.2328846895306	15.9419634319512
PDGFA TIMP1	0.117463779209779	15.1003714575168	11.5037600978415	-0.238186796953702	17.3279127421996	12.2307618014832	-0.152461518208961	17.2231362865889	12.41095367657	-0.200535178763482	16.9008705642395	12.2675713496514
PDGFA TIMP2	-0.87792925355354	17.0993193040165	13.0082274620769	-0.752817152611648	17.625548057289	13.0849274683993	-1.00998318824714	18.1588823500708	13.8303368203563	-0.837794427559184	17.7002825647957	13.4264167928657
PDGFA TIMP3	-13.0416910048038	21.7200489295218	17.1143703830082	-2.60626589451163	19.671717060851	15.115308699361	-6.52201722797295	21.1123724464147	16.8768730141259	-6.06555633437706	20.9122996349773	16.3676277450645
PDGFA TK1	-7.77710760679986	21.1629880465649	16.8078551577439	-2.18682173222666	18.7209960229941	13.7121179195374	-5.58434665535451	20.9004775993657	16.2700650748989	-4.46512864367981	20.2519747226036	15.5929915706685
PDGFA TKT	-3.96580166094777	20.373948299113	15.1927354290503	-3.06761317217952	20.0548570225728	14.8715131916361	-5.77364237540737	20.6224567489332	16.1434623833155	-4.83350960729363	20.4987741017385	15.5454050757331
PDGFA TLR2	-3.62823839415873	20.3626119965054	15.7908890023876	-2.90862465465035	19.5395753608492	14.6761734944366	-6.47308490744496	20.4722642069246	16.3376076039277	-3.91452808359451	20.3156909684293	15.6222858368898
PDGFA TLR4	-25.7233509916866	21.8724574715381	17.0881305845197	-2.83555033902599	20.1728908141441	14.8625528102473	-9.06317490787809	21.3583563651646	16.8126978939187	-7.19863321884671	21.2436516829516	16.3932850333348
PDGFA TLR4.LY96	-4.93612082231899	21.4205351608619	16.1144982444106	-1.63469686680944	18.1391567225035	13.5704913393437	-2.9800047041325	20.2401533089383	15.824991438003	-3.83474157694663	20.1650848668121	15.362160058103
PDGFA TMPRSS15	-0.719901047800391	18.1305708250174	14.5934977031935	-1.22831289483124	17.9995304171081	13.7066208042729	-2.02132088991984	19.1698184262725	15.4310934886115	-1.19698206754987	18.4942724028856	14.6386593742471
PDGFA TNC	-7.39596770728228	21.4394683004344	16.0126236955987	-2.84176771207279	20.1493085624677	14.6054944142845	-7.91340890584745	20.9450245781444	16.6796136692102	-4.84033146073189	21.0019334108579	15.6398064195101
PDGFA TNF	0.150956974801319	15.0444761580947	11.9596866756737	-1.61137013912908	18.0400354801854	13.8769749591539	-0.767717182156353	17.4653481353915	14.1183670604938	-0.36021098404478	16.9909518329216	13.2712057905064
PDGFA TNFAIP6	-0.396803290664149	16.6947586134312	12.6186143497316	-1.84742026295296	19.1901877296208	14.0139006204434	-1.74243052386007	19.2578726332013	14.7768945297665	-1.19131983790325	18.3084279381901	13.6753154541439
PDGFA TNFRSF10A	-4.11281723100122	20.6471479393862	15.7759151965808	-2.45726142901331	18.9852934157398	14.0872317302747	-4.1410159099107	19.9024126687961	15.6694465638604	-3.98431412483964	20.202945229185	15.4884527888597
PDGFA TNFRSF10B	-0.915127604861176	19.0062197281521	14.1357050303068	-2.86938487569937	19.7354360745691	14.9327686912176	-2.11330635454126	19.6118521441137	15.7519277486593	-1.5183904917977	19.6601251503987	14.8765270653976
PDGFA TNFRSF10D	-0.369720274285266	18.133832715551	13.7836751592529	-1.21552755255768	17.9627647532838	13.784884434645	-1.00025494184102	18.3196989251828	15.0501459991645	-0.768160233359273	18.3483326627774	14.1380228916727
PDGFA TNFRSF11A	-1.89454448247523	20.1975404736592	15.3068668071667	-1.41686300666222	18.4223428338573	13.7130824284185	-1.74972930588682	19.2269237270909	15.5353228362529	-1.73098862469864	19.4238933770012	14.8606678919008
PDGFA TNFRSF11B	-20.493579825688	21.7380293672759	17.2074213634709	-1.62642808745765	18.7711349280109	14.0331303312723	-6.88249283898358	20.9703304376616	16.8064509521398	-4.98314311266126	20.5188801734029	15.9457283446908
PDGFA TNFRSF12A	-2.57495131645723	19.1911595322648	15.0287125841197	-3.3713685357686	20.2522271654669	15.0383460425266	-4.35304024481294	20.4949633244133	16.0192136953532	-3.41200008717771	19.9904121727555	15.2740907944076
PDGFA TNFRSF13B	-0.575622113162772	17.4023267000339	13.2991665946775	-0.755866051332045	17.4010972547977	13.2212762012397	-0.943917866793277	17.7928449807202	14.3382519984663	-0.742212681405281	17.6256523594694	13.5868570939836
PDGFA TNFRSF13C	-1.35377655040197	19.0473376855236	14.1682012288209	-1.79282899196109	18.2961765624783	13.795203914619	-2.01438167864177	18.6957248441386	14.7257107649005	-1.66336350934182	18.8981993596305	14.3136542645898
PDGFA TNFRSF14	-1.16544162764119	19.2991018810838	14.746730522449	-2.14918108810087	19.1156501069822	14.6087598930919	-3.31529873814459	19.4761548291294	15.7634412492825	-1.5700737387261	19.3679270446932	14.8765983868776
PDGFA TNFRSF17	-1.6087333666562	19.0359698284365	15.043132642301	-1.53609223796995	18.6660888642773	13.6439362688977	-2.39147602188454	19.431547810073	15.2256145599619	-1.56474932563057	19.132694742826	14.7366034811939
PDGFA TNFRSF18	-1.38714186271481	17.6965586792368	13.563074901648	-3.44358330832915	20.3020833625183	14.9283136728147	-3.601623005242	19.9289388440562	15.5530553644878	-2.8450720116507	19.4259031776949	14.730865313849
PDGFA TNFRSF19	0.276939631767916	13.9252417591769	9.91574337697559	-0.584497864694845	16.7468565039947	12.6273164996725	-0.0819794493388752	15.9165156190677	11.6362904859613	-0.0378546800409294	15.5703917005328	11.4505235643769
PDGFA TNFRSF1A	0.482735452228558	12.5201544166007	9.25939701608986	-0.0217669751455127	14.7288363121018	10.5856722420436	0.215182917692027	14.2271944291938	10.6200992953892	0.292362315402169	13.9201069565049	10.2338473648587
PDGFA TNFRSF1B	0.0878374694041468	14.7170848305382	11.1687685823243	-0.0739762771933787	15.4620771652742	10.9731297671178	-0.0547745885708399	15.6908911218737	11.4774774164279	0.0284036791417835	15.3625851877365	11.3619802031365
PDGFA TNFRSF21	-0.372003579403698	17.4638554436795	13.050399237571	-2.11001944797885	19.6451527649057	14.6190680800934	-1.48352917461673	19.024511575228	14.9479599225774	-0.961427960194843	18.7244858906318	14.095797317204
PDGFA TNFRSF4	0.14579614093529	15.6088232504453	11.5566522933291	-0.106695944949869	15.9692071322972	12.1127555258382	-0.111400742238513	16.3962441197385	12.7690414615658	-0.011207365607766	15.9773151108784	12.1420218261189
PDGFA TNFRSF6B	-1.06373566766146	17.8852446848446	13.7804627112906	-3.51698211664013	19.9381478203977	15.185812871665	-1.86720889194566	19.3220354811968	15.2072915826574	-1.91354951529811	19.1214232984276	14.9029611958605
PDGFA TNFRSF8	-2.858314435784	21.3785328136253	15.4735619341948	-0.223387488315676	15.1975169158698	11.4137840212038	-1.13176852446274	18.9647727439073	13.9133048594094	-1.18478102225203	18.7339527351089	13.6561155257796
PDGFA TNFRSF9	-0.94231529243813	18.1059748388741	14.041229168509	-0.166717950259532	15.4486163683306	11.7241647077142	-0.523232617120745	17.3516193830845	13.3460666955946	-0.545956644627108	17.1175130845907	13.1138842104292
PDGFA TNFSF11	-7.63413875465394	20.9800474070841	16.1887527620166	-1.15586780481359	17.784077384869	13.4117115081798	-3.15826326724366	19.9676821012071	15.8207324432404	-3.90869424544725	19.7896973392706	15.2524325467807
PDGFA TNFSF12	-3.66766362928374	19.8500993986622	15.2346576532532	-2.9001334797562	20.1337760844063	15.1035054878842	-4.29445604141251	20.4080162554949	15.8893147431401	-3.29557872398306	20.1670470547967	15.4142450130112
PDGFA TNFSF13B	-12.180192348817	21.7522651745825	16.9641080883269	-2.6242619535074	19.2672623367632	14.0860094131778	-7.37619579233	20.8669872907703	16.5676851349941	-5.71448549533211	20.7025371208672	15.8360929237322
PDGFA TNFSF14	-6.68152617230193	20.8375022744321	16.7054320374719	-3.22379671033757	20.2030377078224	15.2598608454027	-8.58713143466782	20.8578231981735	16.6657488950532	-5.25027378133877	20.5984490847193	16.2100537239155
PDGFA TNFSF15	-1.24552521084148	18.9192050371728	13.9479479385187	-0.53203940553082	16.7600821939575	11.8038896701799	-0.957786334153331	18.2011495601952	13.3552319996545	-0.884476778575204	17.9694452256852	13.1974751528965
PDGFA TNFSF18	-4.89725293263908	20.0857296903956	15.3797283150575	-3.39177002556908	19.7833197527464	14.7945650410784	-5.12456114682311	20.34816259726	16.0079074452732	-4.96004625953234	20.5239545062795	15.6665115504261
PDGFA TNFSF4	-7.58775699930753	20.9677904741031	16.1174154011162	-2.91552851097639	19.3505525773648	14.4629057817514	-8.41459677753853	20.7727447987679	16.4508372027056	-5.20304691142554	20.5976740284646	15.8564480938781
PDGFA TNFSF8	-1.18662527867857	18.397418785243	14.6570978096837	-1.70604712594234	18.5652909774219	13.4774515111418	-2.06109030903899	19.0428349865307	15.030384263659	-1.83084574104495	18.9110331466135	14.6172631736893
PDGFA TNFSF9	-4.95587921807905	21.0568017984797	16.1912179236513	-2.51387030821527	19.4095944411014	14.2965185145193	-4.25978799100694	20.2778505116102	15.8810871264823	-4.45035701357694	20.5349608653211	15.7820144089049
PDGFA TNNI2	-14.1706243178167	21.427931114847	16.8540511040357	-4.48589970351153	20.2108763589013	14.9013787915937	-10.1298776068565	21.1955856822552	16.7068121017188	-7.83291398652246	21.0053906539035	16.3720952759922
PDGFA TNNI3	-0.876836508184621	17.9097284622196	13.7608633815325	-2.37018808765695	19.0712871149119	14.6330505772191	-1.66655356769477	18.8767781916737	14.8674730090281	-1.24163985571746	18.637167663274	14.3918695765576
PDGFA TNNT2	-0.226320949320732	16.68942293862	11.8380183675132	-0.185196190569366	14.8319102672014	11.2501962717665	-0.332109197412048	16.5759616746092	12.2008182549759	-0.214764049590884	16.0550798883743	11.8170355615841
PDGFA TOP1	-6.67771365922318	20.5083180568186	15.4016756398677	-2.41428295542489	20.0237618210506	14.8263477495225	-4.39059731303652	20.2610378344643	15.717710159762	-4.70412064740234	20.4180897925612	15.345424545387
PDGFA TP53	-1.95317783901492	18.949749320889	14.9947436490448	-4.13113746646462	19.9135976594016	14.9643871576199	-10.6259741691462	20.8494085345529	16.7344515215166	-4.4280959684947	19.7161575174578	15.5571964888527
PDGFA TPI1	-4.08552676458812	20.2916727611893	15.2519432895439	-3.00654856228079	20.0980455290376	14.789245999632	-6.95899574104655	20.6357498889327	16.3835880751129	-4.39462785978049	20.4744189384118	15.5431779989934
PDGFA TPM1	-3.50826131060235	19.7673321376173	15.1166288660419	-2.67396186219471	19.2450807727567	14.4853337295231	-3.26315569125183	19.852431850827	15.3256254121755	-3.91045066489264	19.7356895320742	15.1774466125427
PDGFA TPM2	-12.0575626743162	21.418312387981	17.0162484048482	-2.62825439958156	19.4864558380371	14.4612408833047	-4.45813579088579	20.7464400905061	16.5382360206301	-5.29624556874104	20.5712364442753	16.0563264634505
PDGFA TPM4	-3.52606605790606	20.0656697002802	15.6204000277163	-1.87914508615324	18.5423816402801	13.8756995874581	-2.36152709579645	19.3289977334839	15.2665154842101	-2.81765388979212	19.402853546572	15.0745430159815
PDGFA TPO	-8.5805487261683	20.8770970912066	16.4818515539865	-2.0102179352673	19.7392811448271	14.861029680236	-4.9034798229845	20.4503661969364	16.4716447553654	-4.43993307707293	20.6315131101801	16.0933597701251
PDGFA TPSB2	-2.17805483055617	18.8191865463006	14.7158747350887	-2.42151186237739	18.8622386236864	13.5838044435874	-3.49403805265	20.2561414551895	15.8059956071905	-3.07196321367636	19.3750302120666	14.8544974349859
PDGFA TPSG1	-6.34431237367414	20.1685814587657	15.9313616476585	-3.2309896474563	19.8290225847889	14.8200638059573	-6.81267106816333	20.595961184724	16.4634106785033	-5.09110954913023	20.4364946992368	15.8356071500125
PDGFA TPT1	-5.01082116300585	21.367773118233	16.0741339746707	-2.30797814155173	19.5512980966121	14.5422223373756	-4.43524898716705	20.8281072809562	16.3329643703923	-4.40298249221151	20.540745012683	15.7536567643807
PDGFA TSLP	-5.50043444512741	21.2061675914356	16.0326885000186	-1.55503489724912	19.0890578706572	14.1872137752743	-3.39825550120339	20.1411163518244	15.9490542647196	-2.96791089123372	20.4481391651501	15.3168077687535
PDGFA TXNDC12	-5.16871853028732	21.7231731439593	16.3942475157766	-1.76128607036169	18.2517389999027	13.9934568192324	-5.73132202266996	20.1511735981502	16.0893143762697	-3.63417715345509	20.1399066436129	15.4622565840201
PDGFA TYK2	-3.25041267521253	19.778506542703	14.8664759602178	-1.52214123949857	18.0187151188093	13.5655715832566	-3.39037406622346	19.7131207509221	15.5859460866634	-2.99510654442866	19.1648560960015	14.8196349712975
PDGFA TYMS	-3.80560285373399	20.475836816227	15.7946329803251	-3.41864532557466	19.9239526025675	14.5829021157256	-5.81038794492374	20.8059399258052	16.376671145895	-3.84868530712043	20.299696415259	15.3526233783042
PDGFA TYRO3	-2.3925828850135	19.6479451367629	14.9419830132115	-2.77258953103339	19.8212329847512	14.9092313973148	-4.4592137256415	20.3205095236622	16.0698403645008	-2.57201491765341	19.7910483767216	15.1324418213824
PDGFA UBB	-12.433608404576	20.5347531070589	16.6729781011973	-3.09072021280237	20.0899264840587	14.7213126713834	-7.07547138809306	20.8972115657451	16.2767918038159	-7.31752403953741	20.7856174336088	16.1884708674562
PDGFA UBC	-1.9628954757719	18.8211460697654	14.3421443448127	-1.63207287906015	18.3416623691007	13.4896220843237	-1.93899694572554	19.0740718255943	14.8193079584028	-1.79568676047462	18.8205612567946	14.2271083462858
PDGFA UBE2G2	-2.08800368098169	19.3593849631057	14.8752308246115	-1.59433341656521	18.5918699735029	13.8459752450339	-2.6903117655907	19.7750706573847	15.711664329085	-2.30633097217543	19.1962521522018	14.8333101757896
PDGFA UBE2I	-4.50762014358105	20.978440722983	16.0148857987897	-2.45534070511772	19.2882809595234	14.1112214074551	-5.03155581220595	20.5382292480892	16.1517605949654	-4.73926860041155	20.4694351442189	15.6449619059009
PDGFA UBE2L3	-10.182633255957	21.1374774846293	16.3541915011775	-2.66727572657646	19.7901022689524	14.766697400418	-7.97283845242527	20.881189930258	16.5062921215993	-5.74693648076126	20.7056571145239	16.0975330989966
PDGFA UBE2N	-4.95083828229801	19.8479849150411	15.1291198556053	-2.80736042919571	20.2813501153371	14.7519883387564	-6.24143448143638	20.963512947188	16.1965925575764	-4.66249455543089	20.4933992323544	15.6787963895599
PDGFA UCHL1	-11.220748581069	20.9267374351141	16.6846071262026	-2.71298812014028	19.3507888068245	14.6258316835767	-5.66890618435485	20.2986934138344	16.3760464847244	-5.29208072507119	20.3192237482165	15.9200240013588
PDGFA UFC1	-2.1453617556473	18.8559736116961	14.8750351206841	-2.51258805827028	19.0507511326395	14.257932286828	-2.58214037754295	19.3608310585434	15.350026101663	-3.56784909316381	19.371255369601	15.1854744296942
PDGFA UFM1	-0.737256284808826	17.1858715926255	13.1332644951929	-1.74706961409498	18.416595610041	13.4030359290742	-1.38725439972761	18.2029141435936	14.1558481736561	-1.46828903997664	18.0526917760317	13.6592328070793
PDGFA ULBP1	-4.84337196193682	20.3736599302387	15.8687625321679	-3.64951690947469	20.3904245414408	15.2708042977571	-8.41955309981437	20.6189651640436	16.3595844178115	-4.90787048841718	20.4639101271547	15.8481690669106
PDGFA ULBP2	-5.30294221740704	21.1236074723878	16.3978995372775	-2.47952968194027	18.5887351125566	14.4270293420431	-4.30797008352932	20.2559539091972	16.2527735135934	-5.13037173455894	20.6153436183684	16.0316685540631
PDGFA ULBP3	-3.71784084431007	20.78309651691	15.7450916149596	-1.74636211987325	18.7645207662466	14.0943626699178	-2.39469001854056	20.0332863115849	15.7758828339819	-2.75590450846621	20.1277675909903	15.4736263670692
PDGFA UNC5C	-0.0275641733667575	15.675321914524	12.49258277648	-0.224869797855468	15.4932875434851	10.8976949608995	-0.191027259858414	16.0906756515978	12.2624267033772	-0.0951286647202965	15.7158748229827	12.0075602731487
PDGFA UNC5D	-2.0717298438296	18.952404119457	14.6200933198144	-2.27353211442393	18.8522941187079	13.8400759274727	-3.06934240966017	20.0657899994669	15.509176817549	-2.77501437711629	19.3540572157562	14.7443289119137
PDGFA USP25	-4.04050255461641	20.8199825245799	15.8583737906332	-3.15650376784523	19.7300275002014	14.2690802655077	-8.6671118783024	20.8825869913633	16.4241571835597	-6.25519987172127	20.5072197930661	15.660192172868
PDGFA VAV1	-2.47311026402499	19.0579079521271	15.3260129276409	-1.52080978272036	18.4281144403745	13.5905929296101	-3.45164739047795	19.5392830943086	15.5550006304307	-2.65850432330767	19.0712833652543	14.9961600144574
PDGFA VCAM1	-0.427731703421974	17.2532904439191	13.2817558312948	-0.889368881120264	18.0772326606901	13.1367789045741	-0.826719368347575	17.8678223449272	13.7324088602667	-0.700137472156557	17.7345174606182	13.43459119806
PDGFA VEGFA	-0.0153265345497373	15.2082162400035	12.0953682185819	-0.0336306862828415	14.8492940636433	11.2252219894271	-0.129761762219751	15.4531003951177	12.12228850698	-0.135068375268797	15.4387197928547	11.9574022469048
PDGFA VEGFA.1	-7.53086330540432	21.5815165505257	16.5227591508014	-3.00894921471104	19.6097682877534	14.4636518806051	-6.79997548163132	20.5227905381186	16.2415976134366	-6.12017328147841	20.6410136551419	15.984483504063
PDGFA VEGFC	-2.11086659430167	20.1895686757034	14.1224499476027	-0.725420784258677	18.1897134128083	13.1247397700267	-1.26907969042353	19.3896943268018	14.1664503078332	-1.40520801614048	19.3711555690291	13.8757287093662
PDGFA VIP	-8.1145964496135	21.3212157896483	16.4617288411077	-1.58494716344855	19.2599713765156	14.4202214693675	-5.09420714485513	20.6572289473458	16.3321917662988	-3.99666504810031	20.5196212498756	15.6378078846906
PDGFA VTA1	-5.42903821349114	21.1353902352634	16.106839540423	-2.55626177959766	19.3851279678495	14.4727388396049	-4.47904664179908	20.4018438108424	16.2151355893972	-3.96582593770309	20.3651312802134	15.6093383533293
PDGFA VTN	-3.77417517020753	20.3480013385047	14.852937881531	-1.35054244676247	18.1738494575033	13.5702232052523	-2.05859546132362	19.2358496472649	14.3925311230334	-2.84575348643367	19.5642829501281	14.5996731581647
PDGFA VWF	-3.53904699519832	20.5596432167901	15.4898754772879	-3.57575098831924	20.1260813371759	15.0826832624047	-4.82986583300873	20.6611472784725	16.0098351161104	-4.44477334231795	20.5217154501606	15.6783396236694
PDGFA WFIKKN1	-2.08631611812747	19.1338473320143	14.6914311171177	-1.8446737518711	18.8986956812089	14.1390024545139	-1.94658611867967	19.8606782712096	15.1065873419496	-2.55833688790105	19.5841627703863	14.950059233478
PDGFA WFIKKN2	-8.58290041346891	21.1894670305058	16.4388676934846	-2.14026378538872	19.5681587771149	14.571276040361	-7.18737817237203	20.7787955134064	16.5761064264058	-5.79065116503412	20.6499687070415	15.9736290165985
PDGFA WIF1	-6.00123346581619	19.9956162689617	15.7310373733302	-3.40220533019728	19.9505908223674	15.0983763072121	-5.82075335892004	20.2612787945371	16.2879966098618	-4.41017658199025	20.1259530581592	15.6926854653903
PDGFA WISP1	-2.66137920771506	20.5860315339502	14.9429672791845	-1.12128891205603	18.000805283378	13.573705038742	-2.05663057631466	19.8278941958978	15.1165835437022	-1.77830256826575	19.5447569030423	14.613834815254
PDGFA WISP3	-3.32149359249456	18.7384673276488	15.1462121800884	-3.54884964975001	19.7437331879586	14.7349947196197	-5.06215087218648	19.8334620268445	15.7554232024752	-3.82511951536685	19.5017569185764	15.2449379134463
PDGFA WNK3	-4.15730062235485	20.109664746127	15.0934178469397	-3.36662388491345	19.7986552337827	14.9805716023703	-6.77621327924205	20.555937074331	16.4945616464585	-4.28185937925781	20.1282292030089	15.4586241430864
PDGFA WNT7A	-6.84569991625941	20.5315746948635	16.5413124649558	-3.09632348139121	19.5910777667771	14.6527244605023	-6.52287880333982	20.7400183825585	16.6157715798802	-5.32341559952316	20.3792112472679	16.0600620330456
PDGFA XCL1	-2.07986761341427	19.4306188728754	14.8765383884157	-2.36417016276324	19.4552678272667	14.2853601379448	-3.83810658236698	19.9564444536444	16.0003693176202	-2.33436429175578	19.6816880110308	14.8789364185504
PDGFA XPNPEP1	-1.01124434690236	17.3550056072536	13.2286484850482	-2.13635707097643	18.6212658835979	14.1628791228026	-1.54170739420185	18.2103647706913	14.152736008808	-1.53983541651379	18.3788670438533	14.1859097879047
PDGFA XRCC6	-9.05776515125141	21.3964931870396	16.2146203420754	-1.68652705644293	20.1188174196206	14.2533047208203	-4.95651270357998	20.8826911703841	16.381921185436	-3.62278766715478	20.9635266982943	15.5949676266648
PDGFA YES1	-4.93096107331205	21.1257642618949	15.9907378063785	-1.26163519073579	18.1348645877167	13.501687890553	-2.94754806272122	19.9459449460587	15.4207681959905	-3.22905818908072	19.8789092924111	15.1336171941392
PDGFA YWHAB	-7.41690154648541	21.170497351432	16.4994868305688	-2.39442421601517	19.4187418263181	14.3004681137771	-4.91170724916236	20.2970994156153	16.1521093508995	-5.08386027673155	20.3825153307123	15.7732311068777
PDGFA YWHAB.YWHAE.YWHAG.YWHAH.YWHAQ.YWHAZ.SFN	-9.19611589029351	22.0803997427942	16.9955293875814	-2.23914170605882	19.0937497743341	14.3824294433237	-4.74177145715615	20.5576175134141	16.3144398917454	-5.31061869118074	20.7311726406835	15.9930659067046
PDGFA YWHAE	-6.85411134041219	20.858481124009	16.1918117059975	-2.10918471792597	19.2007735659956	14.1881251553517	-4.33976512671306	20.4208221187677	16.0427375635192	-5.23365459117156	20.2802292831064	15.5901333468301
PDGFA YWHAQ	-9.01983893062003	21.1328780030803	16.6555043437032	-3.84107744813254	20.0684910035573	14.9776945542857	-6.94384876998237	21.029397714806	16.7557546005375	-6.07063338480355	20.6941879075146	16.1335515716662
PDGFA YWHAZ	-4.46934121617798	20.0145076074783	15.9739872225156	-1.9506022609362	18.4320406018095	13.8902262112474	-3.21725620375502	19.3245864770614	15.484430738716	-3.17194048177293	19.5006674337304	15.2316669199359
PDGFA ZAP70	-4.93649288036064	20.8988566739904	16.5254988665372	-2.08390041668067	18.9456386403483	14.0061306668193	-3.78072423079413	20.3696432188116	16.0565336137878	-4.03419643961075	20.1394245742342	15.6650815331033
PDGFA ZNRF3	-8.3435286083402	20.4269200261467	16.2250360267456	-2.15337598676527	18.9896829647823	13.9845403257618	-5.11396605712234	20.0537966062774	15.9029675942796	-3.9533749973144	19.9154351157504	15.3941410516788
