protein_name	r2_male	rmse_male	mae_male	r2_female	rmse_female	mae_female	r2_all	rmse_all	mae_all	r2_all_sex_adjust	rmse_all_sex_adjust	mae_all_sex_adjust
PDGFRA PDGFRB	-4.37320834828104	20.197301204903	15.3658644738039	-15.2694458570256	20.8671158970223	16.005162472353	-9.16895389455503	20.6135517433601	16.0504182079179	-9.40939640506173	20.9912368341031	16.1384269518658
PDGFRA PDIA3	-8.56478289819812	20.6191617310593	16.3848207961242	-8.52576989660684	21.3280498158564	16.1387710042408	-15.524528097937	21.5453737054277	16.8446389220783	-11.2700435009985	21.2304267494335	16.5663671303621
PDGFRA PDK1	-5.09950939067808	21.5739118273233	16.3688208840643	-10.5722349947764	20.5688844522375	15.4369567935506	-10.7960919685102	21.2972822082526	16.3223390264972	-8.05883240934747	21.2614628216064	16.2107270727984
PDGFRA PDPK1	-2.30891956648798	19.4296263090024	15.069542156309	-9.43933900792783	20.9623088370204	15.9831459300789	-9.50159859788917	21.1792369521662	16.5952263507973	-5.41281926744901	20.5083244448596	15.9337818553642
PDGFRA PDXK	-3.18885751491708	19.4752468295528	15.1443256455212	-6.82355606638624	20.7992581350506	15.6720259665685	-5.04919908183727	20.670579067005	15.9594138528922	-5.2472649858	20.3228138995039	15.7168826620262
PDGFRA PDXP	-4.20974145739812	20.7214097864887	15.1390203204778	-2.64490794063393	19.5993119353503	14.0033937758434	-4.17618170820429	20.7533115821189	15.3603938092378	-3.90986496109866	20.5784128623562	15.1126968339015
PDGFRA PEBP1	-1.11110058527522	18.4301501785101	13.8783918621156	-1.43388086607252	18.5181917669069	13.7508552829138	-1.48927863335311	19.3381807902431	14.3138475182069	-1.42954108605491	18.8469319015873	14.1572219410886
PDGFRA PECAM1	-4.97476073945923	20.1216182698165	15.656437344123	-4.47859890392155	20.5306147599517	15.2685118368538	-3.88594804501223	21.0238332521604	15.9483108481669	-4.81276842890849	20.6238445564857	15.8053987353907
PDGFRA PES1	-3.65784582901916	19.6147606925257	15.622995666678	-4.16149358888573	20.7049595121536	15.2001252629804	-5.2043404014016	20.5779828895933	16.1963743487448	-5.38003786307951	20.2687130201642	15.7319982209589
PDGFRA PEX5	-4.65403382099804	20.4136183169517	16.1503191293753	-9.58027206139948	21.1306675092298	15.8798309549312	-8.36454924890685	21.3104037106711	16.454063400323	-9.12038071488331	20.9360942808958	16.2062170398595
PDGFRA PF4	-2.6802353363785	20.7369032673482	15.3315148385234	-4.40472699403743	20.3928942397349	15.6334362185954	-4.91987250131213	20.5807049239302	16.1361580696681	-3.78839193273275	20.6531672775055	15.7368118220771
PDGFRA PFDN5	-6.86003268982395	21.1265855022208	16.3778561329168	-19.2476059167231	21.033673959274	16.2293115635883	-8.80638123600375	21.3237917283517	16.7062520254017	-11.4174905414855	21.253236996319	16.6064948432473
PDGFRA PGAM1	-1.93618743990495	19.2781234085003	14.680011025227	-7.11057576907827	20.074306513953	15.7438983324888	-2.25884278895665	19.8035666865921	15.4094153902242	-4.70738086812846	19.9028632181668	15.6152320869664
PDGFRA PGD	-4.40904257000865	20.2943845449476	16.1511325066137	-3.58748139797953	20.6725145428454	14.8486282425774	-6.26398765055634	21.1820246338146	16.040483600467	-4.53385585708482	20.7066187175835	15.7405898828062
PDGFRA PGF	-1.26849933744574	18.3929251774742	14.5464845324859	-10.8420855189099	20.9203828335844	16.1531429495529	-4.17648153423613	20.1472834907797	15.9788131917117	-4.05306732817631	19.8580185966145	15.7257100901582
PDGFRA PGK1	-9.32589371065012	21.8106901743806	16.7318881554848	-2.81248812912249	19.8282579532775	14.6463889102558	-5.8945941648493	21.493542145976	16.0502597848099	-5.24173621004334	20.9055887012752	15.7508419346935
PDGFRA PGLYRP1	-3.41877768047101	19.4647068824811	15.2579540540738	-9.7230428056143	20.9794845756195	15.3415226589135	-7.34461868923908	20.8816990802487	15.9824622169025	-6.38708296127653	20.4830226343256	15.7838182456599
PDGFRA PGM1	-1.01605235601115	17.9080864657023	13.6991466250751	-10.6148477764058	20.6895571405986	16.1293300037631	-6.21847063378551	20.2374216952232	16.3488880096805	-3.77124100051229	19.8142134612044	15.2694981024559
PDGFRA PI3	-0.161187889204802	15.7242354051558	11.5019301455989	-1.88301093992412	18.8327910492322	12.8484398881888	-0.954109134323986	18.5880703583279	13.0255689272072	-0.884745929922482	17.8828733628082	12.4658392547075
PDGFRA PIANP	-1.70333879310616	19.1309140012501	14.1055376409523	-18.4828281415146	21.446384936734	16.3758937818342	-3.95249141094545	21.1257874250138	15.7966486908266	-4.4795428560396	20.6008929419999	15.4780904773413
PDGFRA PIAS4	-2.49343788454343	19.338484221411	14.617951619112	-5.1005048837703	20.2663627311117	15.5840469730474	-3.78335005546814	20.1136158704458	15.6778874387454	-3.66043578760905	19.845213099545	15.2673996764737
PDGFRA PIGR	-2.94850002463387	20.4936950213769	15.0532020409988	-7.23909960561343	20.1198197205353	15.0000052811967	-4.70263720883085	20.3197106883658	15.4042911735831	-4.23345598410213	20.5658933276602	15.3915101007084
PDGFRA PIK3CA.PIK3R1	-3.62947046861805	19.4255256106419	15.4157922532753	-7.79331882848702	21.2996260282481	15.6489255055597	-9.73565351353287	21.7966652165878	16.5199112155538	-5.98723225376649	20.6707924317394	15.8291692748069
PDGFRA PIK3CG	-8.51772174930486	20.9106724102634	16.1627499637555	-5.85467162242945	20.6215612634529	15.5042461545177	-6.60963785043504	21.011639177423	16.0572660367999	-7.06482014374177	20.8914924612235	16.087854688703
PDGFRA PIM1	-7.12291953978315	20.6020806826881	16.2117799254912	-28.5745338463117	21.6232368361747	16.5258164495081	-11.86633133985	21.3937000776015	16.6804173486828	-13.9826686828316	21.2003726917443	16.5746242461469
PDGFRA PKM2	-6.68473002046638	20.7071791757302	16.1679856089136	-2.74472541080665	19.7355283976921	14.3912295814608	-4.43385142336508	20.8047256767822	15.4884179927979	-4.84109380533687	20.5326573598991	15.5686813727585
PDGFRA PLA2G10	-3.08203611536785	19.7650673963499	15.0305588872882	-2.09871475809532	18.5757948445611	14.2108434995428	-3.14709252536508	19.7273815398927	15.1964968406756	-2.76206175452773	19.2900282675691	14.8767423526409
PDGFRA PLA2G1B	-7.56746071252962	20.8313636457054	16.3188898715681	-10.2708833915806	20.7014124861074	15.9632740742276	-7.16180143076188	21.0050826100883	16.3859167960678	-9.05263439235489	20.8620711929497	16.3064611107033
PDGFRA PLA2G2A	-0.432915961870541	18.103585905841	13.1138450906467	-0.799663217513558	17.8087864915828	12.5909862601769	-0.644986792096541	18.8858572741205	13.4795063236838	-0.717270536366318	18.4286287281125	13.1378184421886
PDGFRA PLA2G2E	-4.43765205064498	20.3132845910787	15.969229194603	-2.81008799547503	19.3925186298688	14.8166679740906	-4.64529279562838	20.2875482639454	16.1581861084154	-4.93019826204946	20.0498379357385	15.823559216199
PDGFRA PLA2G5	-2.88171175542384	18.7777907315146	14.2719054293626	-3.62629056486074	19.8357524055904	14.8693181604198	-6.05089902623728	21.1761699813852	16.1994246437219	-4.69708032291196	20.3633244715631	15.5467798586812
PDGFRA PLA2G7	-6.91049148375913	21.5986955918165	16.5647244351841	-18.9454334161399	21.4077895268083	16.3098646212044	-14.6479033528248	21.6998109007699	16.732682262429	-10.2954183726452	21.6710348147475	16.6382750350934
PDGFRA PLAT	-0.260065796420765	16.8280521710712	13.0455946859198	-2.00443291005005	18.9402798016925	13.7984974971778	-1.70620941123175	18.5988751627049	14.0245994335251	-0.979530292662629	18.1718486655267	13.5879937769966
PDGFRA PLAU	-2.62053839408418	19.8516898965979	15.0805682933993	-9.3578331354132	20.9887030223286	15.9922955938415	-4.98779687716181	20.6628914792507	15.8043112693887	-5.65382375464859	20.7447965201792	15.9415918132924
PDGFRA PLAUR	0.188913045921744	14.076111186063	10.8313013482834	-0.943123607875183	18.2015593390162	13.6367775115853	-0.285736516028349	16.8341061944169	12.5059203151779	-0.261155889406033	16.5882057778524	12.3941078286615
PDGFRA PLCG1	-7.53662538605226	20.6027495927146	16.2173187683804	-14.984403460856	21.4198306982785	16.1118879919471	-18.7615760562757	21.7368503029738	16.8534537205397	-18.6681562973202	21.3571811579894	16.6343779760617
PDGFRA PLG	-3.46299966997923	20.3428183900382	14.8003731208059	-0.795673236176138	18.3931787765501	12.85130930928	-2.15467057715771	20.3910722552211	14.4869034507124	-1.83002522584028	19.8668805377844	14.2127138683498
PDGFRA PLG.1	-3.60334609872501	20.2938596474151	15.9202407632264	-3.20597274211967	19.4941089954775	14.8443233039831	-3.04028769729767	19.9945937065946	15.5774468795355	-4.13849342463155	19.9112857923827	15.5788023149348
PDGFRA PLG.2	-4.18862138359207	19.8771157377959	14.9481146230098	-1.2008163185115	18.2582115714923	13.1691617197308	-2.17570591922899	19.3484931777212	14.443924470917	-2.2153315808135	19.2419235898852	14.2171191320694
PDGFRA PLK1	-2.5793954141007	19.4680432954269	15.1811164329694	-16.8140674808814	21.2912040088916	16.3694344070649	-7.73597493958293	20.7647532375274	16.2680481867469	-5.69140312716907	20.5712684583831	16.0010336546847
PDGFRA PLXNB2	-4.10701547536384	19.9589769001581	15.3019552788509	-7.60373808436356	20.4172314144371	15.956351855197	-8.54845051032202	20.6312000974166	16.1339054612364	-8.40777914862127	20.6362148822718	16.106204998496
PDGFRA PLXNC1	-8.52983346088818	21.0056642801269	16.0299607482183	-12.8833021525127	21.5659589406067	15.9260028884516	-12.1085139014395	21.6844343135446	16.4706157577226	-12.3641777739889	21.4719808099312	16.233553960691
PDGFRA POMC	-7.60061228389415	20.5558265929811	15.706567512785	-5.32269536078448	20.5100191534731	15.2324064970343	-8.6153062546497	21.0958294772226	16.3432690524915	-8.14883419846936	20.8165138847308	15.9525759473194
PDGFRA POMC.1	-2.55838121624385	19.6603845055712	15.2021908119619	-7.16247627843741	20.8431686096638	15.7513091983811	-3.9750514346663	20.875734378379	16.01646243282	-4.39689632151617	20.4672082211389	15.7367812160943
PDGFRA POMC.2	-1.37550130026377	18.3085055231182	13.8653345485398	-2.67270921400154	20.9380994694104	14.7579840619349	-2.15687980231765	20.2611927768159	15.0959098729561	-2.11765355931807	19.9101810566343	14.6865234104039
PDGFRA PON1	-8.93802956826159	21.2710586377459	16.4837660802894	-5.57907020921341	20.7274302384442	15.509400258677	-10.7078985868275	21.0705152665017	16.4227317623421	-11.0782668733295	21.2432023812594	16.4232093714364
PDGFRA POR	-1.04129096817283	17.7994496193542	13.0292371446512	-1.67982524309811	20.1877638942913	13.5288550122417	-1.07618358065702	19.3702305555444	13.4653482057822	-1.35100918935805	19.2397467580947	13.6302292046047
PDGFRA POSTN	-0.0235101716000665	15.7712433015864	11.9865263405144	-2.24206998361887	19.4813938332994	14.6725964832306	-0.910927275252573	18.3584450306853	13.812229115395	-0.820800658550555	17.8749624327493	13.4978840755846
PDGFRA PPA1	-3.85918504435221	19.8716164415955	15.0106555337456	-4.54701790233112	20.141706423183	15.2068959293543	-3.97749192006332	20.7282993000397	15.690677503013	-4.5374282696488	20.5426511228313	15.5707072830684
PDGFRA PPBP	-3.9936644288851	21.2241118592315	15.7091659460314	-3.67670614962468	20.5557509962639	15.3148618900509	-6.00902123195498	20.7994795145048	16.2011174815976	-4.16445892926254	20.8941550422697	15.7831648974412
PDGFRA PPBP.1	-3.61202076166041	21.1260860004853	15.5727110448068	-3.62961245146495	20.5145531926542	15.356795077782	-5.4795987871727	20.7150987685954	16.1442379869433	-3.82625111685869	20.8590603684414	15.7446592729643
PDGFRA PPIA	-7.17181681770437	21.6903535617869	16.7329095214749	-7.3231442757018	20.8796830097911	15.8353801190345	-11.2195564341149	21.6725108875253	16.6343162125178	-11.8698564934389	21.4449723574162	16.639237060063
PDGFRA PPIB	-1.4035749621389	19.1323909658072	14.1389304918834	-4.38508716036479	20.0318144583332	15.3910182167826	-2.81871190310163	20.0454050571906	15.5039634756359	-2.46556496917595	19.7510609095902	14.9384452013805
PDGFRA PPID	-7.01627055466264	20.6622052054423	16.2014188351072	-4.85867410275267	20.5918358124197	15.2018206184373	-4.56363858840882	21.0411888264911	15.9157021606931	-6.00480610290313	20.9200231657843	16.0326669250429
PDGFRA PPIE	-6.51427774110059	21.2898629671403	16.2598585577619	-4.00514245107779	20.3945097820445	15.0901202320892	-4.62334035595422	21.2941804213095	15.9481262560701	-5.2283480602049	21.0620780145308	15.9772745969348
PDGFRA PPIF	-2.22335015079872	19.3744915636368	15.1404286709573	-13.2065497766811	20.9665268640498	16.0986353266862	-5.51391556441687	20.8686173382715	16.2335701487911	-5.21984186217372	20.472313709512	16.0239239612677
PDGFRA PPP3CA.PPP3R1	-9.13155289323926	20.97190126427	16.4898163331018	-6.31739579143489	20.8961333150756	15.6233470089309	-6.71365839833808	21.3369084981877	16.1768210412617	-7.83497447909705	21.11787178822	16.3148292829528
PDGFRA PPP3R1	-10.2928920098715	21.0219279979344	16.1752440150948	-14.0184313370132	21.4283224433624	15.8981094275651	-13.9204107013381	21.3810745587324	16.584366560598	-19.0856559633136	21.3709620739789	16.4814174980058
PDGFRA PPY	-0.202984863792425	16.3297366437539	12.5980994759355	-1.57267601100735	18.330895124836	14.1621060917401	-0.842535067977161	17.5403724513022	13.8346309034434	-0.813822984075471	17.6240182900234	13.7525186624488
PDGFRA PRDX1	-1.64567737305135	18.7788003092074	14.1855990483216	-2.76716796048217	19.3816893358993	14.5684500768013	-2.26482642673729	19.9282708616331	14.7802623699153	-2.28730354484185	19.457715238204	14.8165289368169
PDGFRA PRDX5	-8.70886510149559	20.55033853039	16.2245227062058	-26.9808667110655	21.558779363458	16.3886872597111	-14.4037266024984	21.2247343448893	16.6634150084694	-16.7453609769099	21.3208440417113	16.6362889585306
PDGFRA PRDX6	-6.92572677444771	21.835593175678	16.5108587505284	-6.83037684932432	20.7333682799746	15.3978173713953	-13.2891241836286	21.7486969041276	16.6894695110018	-7.28046161159978	21.5057481252528	16.2392397486828
PDGFRA PRKAA1.PRKAB1..PRKAG1	-1.78000429507212	18.8272361502561	14.9012048538846	-26.9668741562259	21.3953888174705	16.5359842293344	-4.71385967923961	20.4984509304712	16.3603606308196	-8.09459709560243	20.6630904477411	16.3077810007997
PDGFRA PRKAA2.PRKAB2.PRKAG1	-4.70767364840963	20.3597444528692	16.176795992191	-9.2174795580723	20.842503227943	15.532083430298	-18.3449901390193	21.7457107385299	16.8540968098694	-7.20743606054997	21.0382289904511	16.2277639853161
PDGFRA PRKACA	-0.944960023175766	18.5242694515947	14.2667254046589	-6.71845371474002	20.3697806404151	15.4036765429633	-4.00660613634533	20.4667658469991	15.706431649038	-2.74302254133266	19.8786435627316	15.2030396081434
PDGFRA PRKCA	-5.90145134525085	20.8191237852709	16.0306214168073	-10.9774510102066	20.9092598507095	15.8159518453457	-8.74627123613736	21.406726778753	16.5016774889626	-7.96544639790832	21.0291845850576	16.230451668519
PDGFRA PRKCB	-5.40234436279254	21.25918456802	15.8863655960049	-4.64003848058783	19.8867807612659	14.9251039044626	-4.87587531882587	20.908677361887	15.8926026720256	-5.23255423671009	20.7821543126039	15.6656707421453
PDGFRA PRKCD	-7.32156237945252	20.9344379463108	16.2347243054046	-2.83579005377886	19.9544880558501	14.0315851142963	-5.35377175064184	21.1252195457686	15.938235365665	-4.67684687688591	20.7917020579499	15.5824220147884
PDGFRA PRKCG	-3.25950491214228	19.4976752118334	15.0739771522062	-6.88290176842171	20.8693261800657	15.9143404725601	-4.14927202104761	20.6877159358779	15.7670207340058	-5.96997878044105	20.4273045700499	15.7809627570696
PDGFRA PRKCI	-4.93311941419941	21.4831803707913	15.942319819187	-3.6537784988356	20.259081498052	14.9013342738231	-3.7498136587274	21.1072914530894	15.6013384287376	-4.11095705078608	21.1083777682813	15.6790444319387
PDGFRA PRKCQ	-9.81504385424988	21.8612001699516	16.6290362321717	-10.3928579693277	20.8700061547426	15.9436099875326	-10.5127658512031	21.6535808269409	16.4835663346224	-11.7005748991132	21.4514662584261	16.5087844690182
PDGFRA PRKCZ	-1.77913636751965	19.1837198922308	13.7670836634023	-2.734738640732	19.6073119425427	14.3476304180758	-1.78144579794464	20.2366030315601	14.4548545906326	-2.33087615178744	19.938266571156	14.4238672317647
PDGFRA PRL	-2.45622754218459	20.3238652597889	15.2569871878244	-9.94552783735943	21.0293133487488	15.561256692451	-10.5325417916096	21.7233448037661	16.4907746051976	-4.86486015045143	20.8786863072404	15.7144320493117
PDGFRA PRLR	-2.52895238060521	19.2000018650328	15.1913012449322	-6.40052362616369	21.3468240310147	15.7590323353375	-3.45411286079445	20.7375133786342	15.7603835946208	-4.06831628805316	20.4739834972116	15.7258259928164
PDGFRA PROC	-2.16722049326441	20.0166986830693	13.8584745974547	-9.01095669480847	21.4091602423223	16.1696386917804	-4.28115998810222	21.1051240886832	15.2869152578559	-4.02386356021187	20.90924187949	15.201111773826
PDGFRA PROC.1	-3.2518827473573	20.5428613532647	14.9087031853302	-7.8366949472399	20.8696361707605	15.768436592296	-9.94770363409905	21.3397391810472	16.511303488216	-7.98867508492277	20.8969499837157	15.9672626002572
PDGFRA PROK1	-1.90445060910482	19.5844598708024	14.7711407627931	-8.0913913044859	20.6027340352817	16.2201226063944	-6.32792854982189	20.6920154734364	16.466252087059	-4.92673378906765	20.3978180925134	15.959917822594
PDGFRA PROS1	-1.67570846571036	19.2207689218209	14.3656608898473	-9.70436577024648	20.9762091865083	15.7864908766941	-5.38344584978132	20.6787182024719	15.6291005345538	-4.72838889896164	20.3985588303404	15.4718124273665
PDGFRA PRSS1	-8.65081708602462	21.1858962708473	15.9706172300394	-2.89576280964209	19.9066692043087	14.9872471899613	-3.99840757477622	20.6663720016603	15.6393687706561	-5.30762506916923	20.6832384237017	15.7435088809787
PDGFRA PRSS2	-3.38029954318894	19.3957002706779	15.2027292913348	-4.17384429157069	19.9180091576213	14.5368966688168	-2.88316506358155	19.9351142668984	15.0656311187429	-3.47155538017167	19.802435526395	15.0125765989555
PDGFRA PRSS22	-1.27727166019171	18.6504730121277	14.1291625494792	-4.16515472910408	21.8763675105105	15.3722388737198	-2.40176409849577	20.6539309104134	15.2056714839903	-2.57419405239901	20.4732833465807	14.9840306251676
PDGFRA PRSS27	-5.93466323144508	20.6499253136762	15.5304220159333	-6.16895479500756	20.5402544595419	15.2659436980728	-6.48502181811867	20.9080551574463	15.8862981881768	-7.60924045148305	20.9804467077762	15.8094786118461
PDGFRA PRSS3	-4.50926547644138	20.6859266321228	15.6332936412313	-8.25342084931415	21.0696650635075	16.1735566440416	-19.0674403129615	21.7712094402618	17.0197707395522	-9.09709439440219	21.173600047885	16.324645969942
PDGFRA PRTN3	-4.16534513228392	20.1907069438479	15.5149081901692	-6.33528975021468	19.9875880108107	14.8576327186585	-5.62111478790249	20.6924560992958	15.8767723743197	-5.46393272924737	20.2779384566352	15.5297165921738
PDGFRA PSMA1	-9.55478725706523	21.4178553266701	16.6742891551872	-3.35214798401441	19.8694794944565	14.8262751838092	-6.54697918521583	20.9274375584244	16.2081860814862	-6.23747549962544	20.8085622709895	16.0347245257805
PDGFRA PSMA2	-7.87592035038053	20.8947658676737	16.2104500846417	-14.1045774936239	21.1489254201168	15.876548417832	-14.6475853023857	21.7510926256395	16.6618378170946	-15.8183869012118	21.4188480529183	16.4665806627017
PDGFRA PSMA6	-4.50194160257389	20.9697920905462	15.5281850137546	-2.00446967105	19.1012051439963	13.8502601764411	-2.97337283925504	20.1883656438415	14.8203243490214	-3.1545975247116	20.289361893947	15.0429631625239
PDGFRA PSMD7	-12.3392760169954	21.2506576515849	16.6367270022632	-14.4093528373093	21.8964458967342	16.4913926074484	-20.8124087565886	21.7747378706499	16.9346390893434	-15.2570212058877	21.9121464354456	16.8619714936948
PDGFRA PSME1	-2.25345546802981	18.7385480103244	14.4388621536842	-4.96280318202582	19.6531775804137	15.2500710999905	-3.21463680883945	19.7650421421561	15.3421673322946	-3.63332165497524	19.5181914693745	15.2708766822192
PDGFRA PSME3	-0.72331769808035	18.1644885254765	13.5688417265288	-1.20564082736144	18.7079359266186	14.5308015725201	-0.965477264221452	18.6957964841541	14.3454899946793	-0.988772144631637	18.6818117563887	14.3629732252264
PDGFRA PSPN	-4.07669962575429	20.490737189516	15.6737003961775	-9.33935721112908	20.5615820651392	15.9665011740082	-8.88082762614719	20.866466630147	16.3427756662856	-7.1181325943209	20.6202182074537	16.2581543781016
PDGFRA PTEN	-4.32128147512773	20.6205516714063	15.8482579451294	-3.23038564050621	19.7841059913611	15.1474545146691	-4.03635356343277	20.4593818915599	15.7869032042565	-4.56788006087123	20.3733066884275	15.7399554364377
PDGFRA PTGS2	-5.05528549185625	20.3375494257853	16.0636461743007	-3.44982917858198	20.388112380756	15.0091948978503	-3.95364149416172	20.8171761068108	15.7818093541258	-4.34390465461246	20.4830919629816	15.8074432588425
PDGFRA PTH	-4.37422619146271	20.2971668665735	15.3905016597993	-7.77634440764673	20.6112250618267	15.3157051600946	-5.21897819827282	20.5508017849821	15.4720215600215	-5.43327179459291	20.5633650921955	15.5227680901782
PDGFRA PTHLH	-0.132245483477549	16.3012389350843	11.9775905542854	-0.751458810024467	17.0062549003585	12.3375460032592	-0.664276126824789	17.2927463139564	12.8125781906706	-0.410848923771211	16.8440163801336	12.4360484826656
PDGFRA PTK2	-2.5394985420151	19.8120228269137	15.5395904734325	-8.1706302856347	20.7418233544746	15.736281780524	-8.58047505332447	20.8807786628961	16.4673455726133	-6.94478335761622	20.7364359367874	16.2100595271507
PDGFRA PTK6	-2.34259107270033	19.1707075498255	15.2810754111687	-7.68358369712287	20.3047029072877	15.4463100978009	-7.17261475566912	20.4327580966679	16.1608593171218	-5.91877516663723	20.0283014246681	15.6637434483363
PDGFRA PTN	0.73241241344165	9.77236434215531	7.30210343310493	0.497256563739472	11.7169962448015	8.77048663202192	0.640476876499721	11.0151161140346	8.40351723548479	0.652152699062536	10.7428513385075	8.12805628328136
PDGFRA PTPN1	-3.1011517209998	19.545485985808	15.2467557663887	-13.8614706519093	21.036632412893	16.1113787135539	-9.95549980138439	21.1423855399432	16.3916782893691	-6.50073575242934	20.5810703964631	16.054250711706
PDGFRA PTPN11	-5.65118949259368	20.2394872928785	16.4041724020005	-11.0918903215467	21.096347908856	15.8549269545363	-15.150265272117	21.3628130832336	16.735081646761	-12.3526042141062	21.0174092008547	16.4655339858047
PDGFRA PTPN2	-6.50268625415937	21.049458389849	16.3094099924809	-21.2166230249318	21.5002626826818	16.5534919907254	-19.8042526328991	21.4571481036309	16.9410736519352	-12.4304923727917	21.4436114663254	16.6734292618114
PDGFRA PTPN6	-6.31860951352691	20.4561375570745	16.1443185245328	-27.4090394328688	21.9039996672273	16.4767527648633	-22.9850639633432	21.7515056245942	16.92555338826	-13.1784683293104	21.446360955478	16.5952848711514
PDGFRA PYY	-3.62480990179935	20.7626092158067	16.0597776789366	-17.8679665496368	21.1286995727254	16.1839323207018	-22.9651195128018	21.806988047873	16.9535962304328	-8.12890011450264	21.170687588168	16.5060769080011
PDGFRA RAC1	-6.15189257852697	20.5972589220035	16.2031951046467	-6.60191338137554	20.0089130044753	15.1869859174971	-7.3437812075521	20.8664531940628	16.0603582156868	-7.42129800320727	20.6266256007861	16.0397022304031
PDGFRA RAC3	-6.86357009364205	20.4548284336288	16.1260407563745	-5.78096154065427	20.5964579413633	15.5074630822468	-19.5549206013073	21.5808388585496	16.8960362598292	-7.07819672769618	20.834067718652	16.2430773869567
PDGFRA RAD51	-9.2625328437301	21.072983852581	16.5404535982724	-23.4053363418032	21.120038599419	16.1551830285621	-18.6271932648083	21.2810872915855	16.661830024373	-19.4139924912817	21.3702860769837	16.6998705478988
PDGFRA RAN	-6.43201108888257	20.2933845599769	16.287434334672	-15.6427592188931	21.0412388124236	16.3346670341374	-19.211357930339	21.4455104085813	16.8158006063461	-11.4523680154186	20.9651984895685	16.6436371289912
PDGFRA RARRES2	-0.744663497449732	17.8595532785524	13.6918594320363	-0.683899936247643	17.6977295368179	13.2609044645391	-0.69293149111832	18.1898696201774	13.8935054003818	-0.818212042557032	17.9372904617912	13.722540127526
PDGFRA RASA1	-3.28937130743266	20.0760210961694	15.1300078278477	-12.6187010772404	21.0454760282956	15.9806669909976	-7.91181556310107	20.7797986014695	16.034526876049	-6.95433193593385	20.7910097659255	15.8150071133069
PDGFRA RB1	-3.79258441417129	20.3021502237234	15.1158637162228	-13.9909133326426	21.3590833240086	16.363747973682	-16.7860341755016	21.4466111251415	16.6658013709936	-9.23743755711855	21.1057099885407	16.1534980056826
PDGFRA RBM39	-2.46794945589704	20.0787625479006	15.0171912268706	-2.14519517260148	19.2777306646892	13.8184037489488	-2.15742884737722	20.135501924718	14.7677660666321	-2.93650646212153	20.1843476701038	14.9056997571241
PDGFRA RBP4	-9.01645041047109	20.9229302379813	15.9549660061282	-15.1026933937937	20.8961345630597	16.449997725551	-9.65827345521918	21.24802108107	16.4108810656608	-14.098591417854	21.2466414907	16.5582664035925
PDGFRA REG1A	-0.584129946811228	17.0711995068694	12.808457443409	-1.57135335370951	18.5465148948586	14.0139711848366	-1.26319807000499	17.8621673889445	13.6807362062988	-1.14462644368045	17.98885150189	13.7140765194343
PDGFRA REG4	-0.187428074094229	16.1371751792656	12.7277051767601	-1.92926597144712	18.8096685862995	14.2948701608925	-1.14869259623537	17.8235118351195	13.8714024861118	-0.888738557007914	17.642039560497	13.7465034978024
PDGFRA RELT	-0.116243516890056	15.8522015923222	11.7785021193097	-0.936458168881763	17.8685230871784	12.1760530201579	-0.606681271400877	17.5263307136034	12.4959969003251	-0.502713190244125	17.0803876186212	12.2507204405625
PDGFRA REN	-1.45894488312389	18.5639037344149	14.6909609512361	-5.19296159443636	20.4995256904546	15.7067657240061	-3.01133888397323	20.056642566519	15.451404278018	-2.72656291275386	19.7458938416833	15.4032802705512
PDGFRA RET	0.319667918093302	13.8115435701708	10.6039498080131	-1.12317725811543	17.9764538871838	12.5359911859753	-0.38431462561533	16.6502235749154	11.9397021657674	-0.265816968359198	16.3054439833214	11.8660754674474
PDGFRA RETN	-2.52940757293237	19.8214249173428	15.168506396108	-27.0766410833326	21.9062823072517	16.8387823143307	-6.29469286839422	21.8921793256271	16.3319183008338	-6.1207394997204	21.1089408517046	16.1761767597699
PDGFRA RGMA	-0.490445190914882	17.2899258864674	12.735761782173	-2.58069434972819	20.3419627482053	14.1939809625916	-1.64597452211864	19.4578679811302	14.1907195446299	-1.72167081142332	19.1259202177662	13.9911709988459
PDGFRA RGMB	-3.2927206668382	19.580257338346	15.1322382536577	-6.54370716294915	20.890964457867	15.3858758601137	-5.40232662873341	20.6469731027489	15.9091981419647	-4.67919373897909	20.5985317626233	15.6613054805448
PDGFRA RNASEH1	-6.16916827743111	20.3628333394926	16.0145064389667	-10.8982441744246	20.6657407683733	15.8625885334427	-9.59031799167056	21.0325709824304	16.0764678647797	-10.3807192688771	20.6598933158755	16.1296035547813
PDGFRA RNF43	-3.31679308418683	19.5728469182483	15.5686444679561	-28.5186308497703	21.8129527000514	16.4819669599279	-24.779930638847	21.6940341204247	17.0133089089753	-8.06154168723189	21.0456879295026	16.3401578868473
PDGFRA ROBO2	-4.64948094886545	20.926247839865	15.6757629267239	-2.77383584640569	20.0656993004685	14.3255791749204	-4.58525802342143	21.3415993761802	15.757759704869	-4.02039604802931	20.7155628327712	15.2507693254407
PDGFRA ROBO3	-6.83202565554154	20.5161784318196	16.4279970405812	-12.1726213976855	20.6970365502165	16.1729504272972	-12.5618592534813	21.0723556794579	16.8244468972005	-12.324255934716	20.9053222962451	16.6479892724413
PDGFRA ROR1	-0.356694397857362	16.0934251254488	12.5047128421216	-3.92066186427367	19.9835768509994	14.8268969064214	-1.33798577694168	18.7835853344417	14.125018216417	-1.53770385261746	18.5276213130559	14.0584301892882
PDGFRA RPS27A	-0.62026227821943	17.0483134088511	12.8657816179012	-0.861576655651231	17.8057235419145	13.0893371967888	-0.914010733004402	18.3098460233935	13.6319328222203	-0.83183035852946	17.7977374688286	13.490186409635
PDGFRA RPS27A.1	-0.726494088297594	18.259378705766	13.0583215922855	-1.07148102992589	17.2232036117685	13.3955351739673	-0.800963167834334	18.2494590702876	13.5107585172928	-0.946461458793961	18.1937396971755	13.6131071729572
PDGFRA RPS3	-6.29922958198911	21.2894559693922	15.8205964802493	-5.4850008168036	20.7095921476754	15.0477634153726	-6.70047088142492	21.7343360869532	16.1281393067101	-6.46771941109267	21.2778397984644	15.8446306067551
PDGFRA RPS3A	-2.72772595889611	19.1642607084472	15.1223581655313	-22.5140173602818	21.5274201282747	16.339426292237	-7.92653274067143	21.252717047927	16.3900443782422	-10.2824056503708	21.0629302065311	16.3340873728812
PDGFRA RPS6KA3	-2.08244802464346	18.5233540912554	14.5991708203737	-5.07944516855448	20.5765637640675	15.6688931765486	-17.1675555252903	21.2415005026714	16.8552161498546	-4.6093257447614	19.8515626362565	15.5067343450513
PDGFRA RPS6KA5	-1.45454762331479	19.7888126109722	14.3463152336558	-1.77890889360854	18.851013208311	13.8181809814432	-1.77101442866231	19.5539995741869	14.8410422555498	-1.72767916567751	19.4958244119289	14.4606778539444
PDGFRA RPS7	-3.57863613328106	20.7897654845909	15.6812129776342	-3.47792275810847	19.7309193578685	14.7346535530887	-3.2497745375618	20.5815106037584	15.4218053155993	-3.62156393328136	20.4551075726469	15.4748005847089
PDGFRA RPSA	-5.88452186000146	20.4223957983915	15.6752781631539	-37.8915490957886	21.786866504346	16.7754960360894	-21.2781867120371	21.6897002122083	16.9746504915243	-14.8485799924951	21.3565868680796	16.4502759015751
PDGFRA RSPO2	-1.00973463724933	17.8807928254593	13.0898188272058	-1.46418075768345	18.1908152962251	13.7147090703758	-1.44851372572126	19.1838781469644	14.4667394462468	-1.3268379873672	18.2075762257829	13.6116894270247
PDGFRA RSPO3	0.5850434719071	12.1454351284793	8.86183906130486	-0.0125242746612919	14.5901551505266	10.2592468857167	0.303828911835001	13.5937505164577	9.97619032175357	0.336982554199396	13.581976634181	9.75189680531932
PDGFRA RSPO4	0.414982732876305	13.8812220597042	9.68618574962512	0.164030613439434	14.7663068204288	11.5776458591176	0.342021979194615	14.6798316255911	10.7519609056623	0.298219436764744	14.5428202851988	10.8089138067302
PDGFRA RTN4R	-8.08075752821486	21.17535652568	16.7880723339451	-5.5499717827576	20.6505610172864	15.8333904221092	-5.56707997983103	21.0572252320242	16.3969292704656	-7.47806665031997	21.1723456674186	16.6410251752732
PDGFRA RXFP1	-1.50713366988175	18.6986254569967	14.5341073199071	-12.4627292856294	20.6933144362504	16.2408180818101	-3.60045740601868	19.6893075348751	15.4746827716204	-4.64778300670327	19.9156062128488	15.7091851003888
PDGFRA S100A12	-3.22121146087007	19.4541437220132	15.0790322115651	-3.02952501265396	19.7883202576015	14.5965508833004	-3.80601887462669	20.334151456028	15.5298845747845	-3.44765107365822	20.164986881451	15.329638380966
PDGFRA S100A4	-7.42683383945499	20.9196759327341	16.3008930501577	-11.8630876060086	20.4179169186856	15.8956404387998	-10.9112205193486	21.1936039619829	16.7828835497942	-14.1150220473307	21.0814766592388	16.5025981754945
PDGFRA S100A6	-4.01510013432061	19.7277334485967	15.0259199606691	-4.14703786834367	21.0423038398101	15.4367343493055	-4.0959493181887	20.7773307730648	15.5379844535046	-4.66542389009909	20.7633346305941	15.6331898768564
PDGFRA S100A7	-4.68485942004353	20.3161529310161	15.6744184519426	-13.9155217465831	21.1268409388977	15.8804652806451	-10.6055759645951	21.5638363862633	16.6601978043778	-8.72342016307797	20.9503557744462	16.0826287034549
PDGFRA S100A9	-0.238383850937399	16.0740825768238	12.3613057521311	-2.04286603647584	19.0613132691698	13.9732082322318	-0.81098561709506	18.1925843721719	13.5934775080425	-1.16137330136139	17.8953819929553	13.3633086105459
PDGFRA SAA1	-2.55859503441436	20.2349617287201	15.4860234788688	-8.97413720596862	20.7742442433921	15.9205671125689	-3.90787396512946	20.5574893793704	15.9350369591262	-4.42213115358275	20.619619098947	15.9140652481873
PDGFRA SBDS	-5.62167594473865	21.4244949560009	16.502740587953	-4.00209305097189	20.1268492647051	14.7975784185074	-5.88136701143378	21.1573146737732	16.0381015481124	-6.01666085267224	21.0254075296918	16.0541182179511
PDGFRA SCARB2	-4.27187317565489	19.9006818989881	15.9804599962133	-13.0297127639403	21.1500030603636	15.8778894768402	-8.80564136868431	21.0542128674249	16.5953214583063	-8.47265947643323	20.7127684534679	16.3430984670824
PDGFRA SCARF1	-0.955939027012437	17.8318985851163	13.632118496326	-1.37791486823561	18.0143887208486	12.8071963887934	-1.09987770082952	18.1033243954269	13.4324114093235	-1.09170083765157	18.0699090929768	13.4176686993346
PDGFRA SCARF2	-4.17911846009075	19.8966985093152	16.0091512235778	-11.1496470254109	20.9798189365676	16.2549257513108	-5.48765522617666	20.2747948826268	16.2570927199997	-7.6130887160788	20.6366198553416	16.3761393478264
PDGFRA SCGB2A1	-3.69847093684831	20.0322241635952	15.740111620887	-8.29875926224827	20.6976380505272	15.6397429741466	-8.01744627221938	20.7572678057809	16.2331913965308	-7.38144438156023	20.6439448531133	16.1264546653812
PDGFRA SCT	-2.67580859220206	19.7393970991442	15.278030884773	-9.52646865758159	20.7543739420382	16.0533608442266	-5.30171472882486	20.7221625355279	16.1047378466655	-5.31717052794616	20.4554112656377	15.9589299587087
PDGFRA SECTM1	-1.71002984549108	19.2010025734101	14.8026346449503	-1.32705151580158	18.4173072227525	13.9085209329287	-1.57495367139086	19.112034661485	14.6473149801186	-1.71609905066964	19.0620126900266	14.6662288552439
PDGFRA SELE	-7.30861574635163	21.2792203429508	16.2948983902652	-11.058879729029	21.1090600552752	15.800403085151	-8.66227093496076	21.2428086224007	16.6137656782686	-7.59282686223501	21.2679902056378	16.2044341868202
PDGFRA SELL	-1.4560381616948	19.1400116170799	14.7977848057697	-3.55404091053898	19.9148647633555	14.9019496251803	-3.44627281081402	20.046354415398	15.2443308508282	-2.84417718015628	19.6692696760728	15.1295065752611
PDGFRA SELP	-11.4514532088434	21.2418319850696	16.7234267923388	-3.4102501223506	19.8993497683882	14.6048645855028	-11.0555575713136	21.0754791662497	16.1950871867959	-6.88325504873347	20.8763422667296	16.0281814905171
PDGFRA SEMA3A	-3.15854095863879	19.2217070223263	15.2107342899591	-10.2859975288555	20.1033895357057	15.8571890859042	-5.27227081740035	20.2289978270514	16.1002397111994	-6.22254575131943	19.9305579489736	15.8622088550078
PDGFRA SEMA3E	-1.60705449950172	19.0378000452408	14.599704337603	-4.40882310584327	20.343797430454	15.0998214505465	-2.90687710509856	20.0134990086732	15.1298549094246	-2.84494180999321	19.8452790340011	15.1410482547549
PDGFRA SEMA5A	-6.54230836732127	21.48655530879	15.9023852544533	-13.2441624758293	21.4616431366898	16.2042291383343	-9.07589729596521	21.8336351457573	16.3921685574555	-8.70148264566061	21.5566384331581	16.2002521942018
PDGFRA SEMA6A	-1.36960630262162	18.568620287364	13.6234765035875	-3.48610984434722	19.1103909840063	14.8641943442976	-1.89985900835357	19.0468253738237	14.5560701051553	-2.15521712698804	18.8934812904358	14.4368546339916
PDGFRA SEMA6B	-3.39588029385337	20.8330411127918	15.2955873738315	-39.3745464614603	21.9776936510789	16.7538038541353	-19.174607188343	21.8154846129043	16.8558965789814	-8.11906843377562	21.6102157219701	16.3153043897862
PDGFRA SERPINA1	-0.224207156497577	17.0036449449027	12.8271626249286	-1.09856257198727	18.0538858040392	13.4210843621656	-0.912849450982263	18.3919916906678	13.9940483516914	-0.691223305407558	17.7145507637641	13.4711696810146
PDGFRA SERPINA10	-3.54717503408658	20.2743704993647	14.8277215914811	-4.50250481452045	21.2867417051003	15.1824077347018	-4.1346015196821	21.1571265444125	15.313245859351	-4.44301830742698	20.8695528626685	15.289864829542
PDGFRA SERPINA3	-6.32676129457984	21.0847563141919	16.3429123923335	-25.7117533291862	21.4677080467649	16.5621810337522	-8.68682472758688	21.5237323078836	16.5785182716438	-10.6078293107971	21.4286209555349	16.6685347474887
PDGFRA SERPINA3.1	-1.7209759950976	19.3375725179464	14.0454764686146	-1.99206220979777	19.2489707639281	13.9127667352472	-2.03249346226183	19.7465852536225	14.6813222839631	-2.02545005415157	19.5267549831813	14.2531501447742
PDGFRA SERPINA4	-5.42834361234369	20.8610147979544	15.7680004377576	-38.8411784056012	22.1457527739059	16.8784407617084	-9.34361428967995	21.7172948366149	16.6966711770163	-12.0330997452076	21.6143545707303	16.5762961676768
PDGFRA SERPINA5	-5.7282544879714	20.4860386097847	16.2744354263288	-33.8563372431914	21.782694370683	16.8691996537191	-11.7570473134445	21.2170161679901	16.7711408593957	-11.3584648235662	21.2705141062192	16.6971502254766
PDGFRA SERPINA6	-0.508503101791533	18.3210798407124	13.982737768094	-6.963209511012	20.5471505837146	16.1084522747866	-3.08570332776072	19.8114394360172	15.6468037008554	-2.50902640616093	19.543446580273	15.4348944604822
PDGFRA SERPINA7	-5.81425905316803	20.9437601194899	16.1402657571668	-5.8695440472737	20.9282916846975	15.623837819712	-6.86806320226039	21.3576070644007	16.4772452517956	-5.98553956706391	21.0549681748256	16.0719140395853
PDGFRA SERPINC1	-0.67069830759773	17.4931198623516	12.8566299910801	-1.89520655051032	19.002954633194	14.1901806976119	-1.3221409775859	18.6191130941187	13.8563206493585	-1.17169162397223	18.4307288564441	13.7616099731333
PDGFRA SERPIND1	-8.36965867086196	20.7839944498034	15.7743533859522	-4.19415067765071	21.6250796982761	15.751252189076	-8.08438538950695	21.7625854296297	16.4465608948549	-6.17392582061364	21.431508503781	16.0305845610365
PDGFRA SERPINE1	-6.75173868804185	21.4242916669701	16.3796886516769	-16.1202772531764	21.2788718495444	16.0866277193051	-9.38904657380903	21.8212220543943	16.6146487515985	-10.7070542175009	21.4031717851434	16.4687339512867
PDGFRA SERPINE2	-3.00155706746353	20.6889109739277	15.1260226003101	-2.95173821439983	20.2100002929137	15.3491689988432	-3.46377167879568	20.6760315476901	15.8042743324206	-3.23614846834686	20.4974618742875	15.4426522700522
PDGFRA SERPINF1	-9.75494737317293	20.9722108812869	16.1644171135477	-4.39868639981915	20.219226600421	14.9905540924894	-10.7732246800471	21.1495509583244	16.4255420870954	-8.3865539991091	20.9563568235099	16.0707406628616
PDGFRA SERPINF2	0.167116376539109	14.3218083570305	10.9436055872083	-0.857473455427882	17.8979260945129	12.8773360594491	-0.414100560071244	16.5550949021026	12.1448163240938	-0.272630710352909	16.2337206310628	12.0620298297077
PDGFRA SERPING1	-6.46695271038228	20.7879191583517	16.7011308178946	-12.361397884583	20.9601371380153	16.2363346764942	-8.23347652112427	21.0600862056389	16.7507650712196	-11.9309618378915	21.1528088761137	16.8035320226544
PDGFRA SET	-6.01531662834183	20.3023179963862	16.1118762146507	-10.7904880168904	20.8097650501172	15.96384805308	-9.43844800239514	20.9602473258967	16.3043062428248	-10.8898462431097	20.8602275274234	16.3618626268635
PDGFRA SEZ6L2	-5.73034005711588	20.6675099193635	15.932997990996	-2.5576472908028	19.5530373389677	14.1498496033706	-3.42506552870176	20.5475122740065	15.3867972109331	-3.91461516028474	20.4368398240818	15.3329771321992
PDGFRA SFN	-1.65349351772733	18.7729224786353	14.2459420612567	-1.80735921018852	19.6736573101331	14.3195001305281	-1.48324740590638	19.6126801109487	14.5316874325133	-1.80835280249082	19.3671062234271	14.5118147983033
PDGFRA SFRP1	-2.47253118155584	19.1489414435405	14.9194458738256	-1.93813360855003	18.9097190487449	14.1634919152757	-1.74973084162758	19.4219323430873	14.7125138025114	-2.32981256211032	19.2207504443085	14.7299124247124
PDGFRA SFTPD	-1.21179632753403	18.3306279196752	13.9761279779041	-0.819271457214492	17.7884806212047	12.8003253352447	-1.12054203907011	18.5159018822178	13.7348834936277	-1.03181574467371	18.1344948631917	13.6201095560688
PDGFRA SGTA	-7.57353668379532	20.4663291211619	16.1058400735601	-3.80033523910452	20.379029292475	14.8582348776636	-8.00057841240394	21.7741145489663	16.3136851885094	-5.93535734418764	20.7866116936621	15.8725821435998
PDGFRA SH2D1A	-3.09702155404907	20.0046529678064	15.2452003638755	-5.24883937299848	19.8794852727978	15.3661624141706	-4.21430500988056	20.2904038951796	15.8700437387954	-4.54854161385396	20.2992080210938	15.6959666740926
PDGFRA SHBG	-0.59121458633533	17.4085686811128	12.9190280946668	-5.61039006600919	20.217987340153	14.9313186014671	-4.23832546200009	20.1616798175005	15.412194464995	-2.39368260650279	19.3069649608786	14.5865772486412
PDGFRA SHC1	-13.0301417918869	21.8892287887613	16.8547422097111	-5.07491944221328	20.4314639144158	15.2548391431339	-10.9958003567746	21.638562567488	16.6483204316414	-7.88637154619117	21.4681922079374	16.3177011267328
PDGFRA SHH	-0.6516466790253	17.0888584204272	13.3093613175188	-1.96428824683653	18.8381561195564	14.5435029459956	-1.26671204778353	18.1504884194059	14.0231600681981	-1.3850603625659	18.2274402707572	14.2435387194364
PDGFRA SIGLEC1	-2.22891598773196	19.5276771966789	15.0043226919277	-9.52049625772318	20.6676277538551	16.0349468168258	-5.90097649086835	20.624066994332	16.214810119913	-4.71274707044494	20.2924934278957	15.7367129574197
PDGFRA SIGLEC14	-10.1410367706425	20.8433789273182	16.5639995627734	-1.51985792377967	19.1928055430764	13.7633059806859	-2.82372902063222	20.3537004466093	15.4105503235944	-3.73178611305506	20.1791520036813	15.3555774405783
PDGFRA SIGLEC6	-5.06632671000161	20.3083396630993	16.0239960859374	-6.98833019751363	20.4033440049693	15.7744698334465	-9.79449340219447	21.0767399277069	16.5291234932056	-9.86841678577052	20.7586952567564	16.3573463486782
PDGFRA SIGLEC7	-6.89306541197384	20.8812409873594	16.1637798562328	-12.781204206134	20.8544951854756	15.9445376573624	-19.7930120156626	21.4473445476809	16.7146052350683	-12.7269615512133	21.1132058582597	16.4998307141837
PDGFRA SIGLEC9	-10.2418010685221	21.2652872520729	16.651423993649	-34.0924299668363	21.5270842368216	16.9484019423359	-26.8252390421069	21.7037786661836	17.0059968661145	-21.7920871777001	21.5789282585341	17.0031993238447
PDGFRA SIRPA	-3.63947292283999	20.6228493707189	15.9884033599932	-7.35866303168249	21.3267190170813	15.9254460043552	-5.72488133471819	21.2635151713881	16.3285196571582	-6.25432345763901	21.0221670529936	16.1725697406588
PDGFRA SIRT2	-5.44297061514247	20.8404948200004	16.127241915653	-9.0550934019791	20.9377067330059	16.1943317289323	-10.0553107884534	21.2357332465906	16.5996840975282	-8.98723714440078	21.1301791392199	16.4687340381383
PDGFRA SKP1	-1.97303355327673	18.9849687995116	14.4432109808183	-1.35922665830664	18.6502445419482	13.8674712214409	-2.12938742916463	19.1864088935806	14.6999611264802	-1.96511669000737	18.9889739148833	14.5169440487364
PDGFRA SLAMF6	-7.95136098522832	20.9619501305603	15.7522693116609	-7.71094924950154	21.2592982945138	15.9838513663251	-9.19007694959683	21.6712320413902	16.3871143148936	-8.26054902563614	21.3451825441288	16.1797165788828
PDGFRA SLAMF7	-3.27288379586507	19.748701813716	15.4344244500289	-31.4373232435361	21.538977125422	16.6329702035943	-11.5383299224065	21.3375650322506	16.6506396338216	-8.70930064393423	20.8794745847385	16.3008962744844
PDGFRA SLC25A18	-11.0547969419899	21.2073217135498	16.7181538431	-8.9921654528452	21.09866832999	15.7772261108005	-9.74844279049823	21.2662713678919	16.4446984434457	-10.9454029777841	21.1521067689699	16.4473961968629
PDGFRA SLITRK1	-2.58982654962087	19.5416451296446	15.3594974205076	-4.08939817608365	20.4498337654282	15.526651278889	-4.91202424092627	20.9893806933456	16.2440610557316	-4.07729640155854	20.1818017641369	15.8380542899668
PDGFRA SLITRK5	-6.75343504927323	20.3613749929706	16.0908995480425	-12.784913998192	20.9894590658064	16.0660210519969	-12.7242826567187	21.513610093079	16.6781450195351	-9.91716712634116	20.7972095801547	16.2716810388238
PDGFRA SLPI	0.201079879000207	14.8645712882111	11.1551972223765	-2.32360368035258	19.2215695920377	13.9383484401971	-0.755153073591103	17.823606137785	13.2158774789661	-0.547895834306489	17.3050047244089	12.7119381840361
PDGFRA SMAD2	-7.15227918988384	21.5285736359125	16.5227702759236	-2.93608922538464	19.9536953440982	14.3786449821715	-6.09942605010981	21.0606411502045	15.9020968858467	-5.34067150708874	20.9547159235843	15.8245549721982
PDGFRA SMAD3	-5.00331883911539	20.3433197941694	16.0439991502807	-5.15757776614847	20.3863162311309	15.1636006812363	-8.75669142894609	21.5755279245239	16.5362304721062	-5.72092219696095	20.6859404141682	15.9056628915888
PDGFRA SMOC1	0.361017752169934	13.5028012603082	9.36161859344603	0.0827415501252209	15.1584255779629	9.82009940953309	0.145810355761106	14.6853669388909	10.2720139649338	0.24628029375296	14.274168704169	9.70771540252731
PDGFRA SMPDL3A	-2.095514986204	19.1543995416176	15.1640844790649	-7.52766827206861	19.9804043845566	15.7486685095538	-2.70520027674398	19.9892542492832	15.9301481269006	-4.30739895667766	19.8490599738552	15.78735279336
PDGFRA SNAP25	-3.21655869576784	19.8100928106538	15.2426305866795	-12.7524210156775	21.2407835883389	15.7451039759116	-6.61131132076603	20.8888076242016	16.0520989457431	-8.99634676240056	20.9072609767489	16.0635770423563
PDGFRA SNCA	-2.94059820998407	20.3760546592026	14.8142853395124	-4.12657725526112	20.1159876946733	14.4706841304842	-3.61037295896331	20.4946318069808	14.9697805738949	-3.73791861279573	20.667369179497	15.0354526485872
PDGFRA SNRPF	-2.54975109066668	19.270238065634	15.1610713909806	-3.817703856765	19.2657010525547	15.301640566973	-3.55607536257071	20.0889133707729	15.8932585159949	-3.70202767888594	19.451804761285	15.4710621282755
PDGFRA SNX4	-5.64310560621942	21.1938924244474	16.5379974561415	-8.41646008329007	20.608863488131	15.6154021483783	-12.0932340702798	21.2375404561649	16.6050933585014	-11.9507846019888	21.0969279706167	16.5487183029045
PDGFRA SOD1	-1.22892382323508	18.9313288248074	13.6221655323799	-0.607717019507963	17.0123294365586	12.2400832857184	-0.965972822221308	18.2749018176806	13.4236115721992	-0.888521405551511	18.2049336611092	13.1604716170011
PDGFRA SOD2	-2.06759921337878	19.4798430694098	14.5642559101569	-0.949298496942778	17.8086013858148	13.1770876646461	-1.39900233596676	18.8631797709706	14.0541185727781	-1.55129912957151	18.8751119288607	14.1407807638743
PDGFRA SOD3	-0.9055710261703	17.2261256575891	13.2877399680883	-1.29244951125284	18.461688389042	13.137925370951	-1.19614052434649	18.4681473552961	13.7847774544484	-1.51898144819769	18.2137255630551	13.56651791365
PDGFRA SORCS2	-3.40638058713739	20.2827294799753	15.9211019697128	-6.87472564189717	20.2333698615983	15.3033956841713	-7.79809090873352	21.4335055555256	16.5470955580629	-6.15570072825151	20.6909761306581	15.9469511363665
PDGFRA SOST	0.50408024697706	12.2409239326325	9.46097486380587	-0.738605040284388	18.0416396303705	13.5569361542706	-0.152758565196053	17.1898526148327	13.0217445379772	0.0320112932351497	15.5632030623623	11.8379076471946
PDGFRA SPARC	-4.16741015321426	20.9850030678201	15.4439106431683	-3.97188766403878	20.1831771822724	15.2510135226966	-7.07198193741933	20.8331936657722	16.3512239948802	-5.48371232757717	20.8136358955166	15.7217509296974
PDGFRA SPARCL1	-2.15251698571468	18.9745401006885	14.5156173356471	-13.5914295374474	21.0498190424931	16.1920082066727	-5.97234022305437	20.675656882903	16.0404439538031	-4.9474477608877	20.2914431877636	15.6171861941224
PDGFRA SPHK1	-4.51286019665741	20.9698403266362	16.3940319773774	-3.88576030617413	19.9383851510692	14.7941778593016	-6.08072941045174	20.8913519567773	15.9637842888401	-5.3792076979582	20.6212870270641	15.9268007729133
PDGFRA SPHK2	-7.62960271345346	20.7594648699584	16.085891993298	-34.2200631179817	21.6229990342329	16.711975613415	-11.825083387269	21.5193394247498	16.7947996640191	-14.7618527334205	21.3765737940331	16.7157851015448
PDGFRA SPINT1	-1.3066561519392	17.8563956458672	13.9995540187079	-1.17381831132513	18.046837236911	14.2846276073383	-1.20249907652802	18.2833851996079	14.4046052747216	-1.59665834586091	18.3064263470482	14.5846953880004
PDGFRA SPINT2	-5.66981185045636	20.4244475889178	15.278819140785	-4.73448942571416	20.3088999432842	15.0928781995294	-6.92743192729677	20.9709351603795	15.8580746425759	-5.47938443478217	20.7919919150777	15.6029180139537
PDGFRA SPOCK1	-7.5417123459579	20.8846825654588	16.247657735153	-9.13208219013169	21.0732005014725	16.0465379415091	-9.14358763987586	21.291695332601	16.4327136870411	-9.59350012905507	21.138759505421	16.3851362299064
PDGFRA SPOCK2	-4.46736060664973	21.0264698648108	15.2251580225127	-5.75493034636625	20.6769630395247	15.5250468012933	-5.086744484522	21.4104316458302	15.7779835107747	-5.93337940882652	21.1869940298045	15.6956595648366
PDGFRA SPON1	0.265211230692903	14.531035584138	11.0821806291985	-1.23987055665649	18.2140180371949	13.437115209519	-0.404518987282965	16.6789652928972	12.6270769792267	-0.217329512760568	16.5489611514281	12.3921934340315
PDGFRA SPP1	-3.06719888957623	19.5269838190676	15.014251396973	-14.429331953485	21.2417382023115	16.1990531169716	-7.30615105717323	20.9837457783939	16.4250917511189	-9.38261307994223	20.769020994646	16.1520129581482
PDGFRA SPTAN1	-5.14068387455757	20.29241963602	15.6546575764758	-19.7865268548457	21.373341915999	16.5121072721552	-11.5088348012955	21.4408146407873	16.581941877263	-11.1590086046873	21.12994946679	16.4505416899804
PDGFRA SRC	-3.81413197388919	19.9153327915747	15.721761778657	-7.13630753085053	21.0082704188673	15.6330089195849	-8.78772955425812	21.3987983368846	16.4910432865631	-7.9780098527292	20.7227431780351	16.1161783109516
PDGFRA SSRP1	-1.2251521551901	18.1887620406979	14.2433404358605	-7.53988848646271	20.0875956123732	15.7939243321717	-2.45211424255144	19.4889784328638	15.3669837623262	-3.47105493617132	19.476516689216	15.3790200590357
PDGFRA SST	0.013646646420767	15.3900432633687	12.0702816946745	-2.59362667861293	19.4309902516887	14.8688915951107	-1.19489794491377	18.9972050486652	14.6178617751359	-1.05701546446377	17.7587150992651	13.8640597165418
PDGFRA STAB2	-7.5696591488802	21.0213516089745	15.99794621727	-3.73065368209336	20.5424159283684	14.9351205162305	-6.2835906595558	21.0288992895574	16.0847453030936	-5.90877788510289	20.9524166108256	15.8421843795236
PDGFRA STAT1	-5.04630072919397	20.957838215555	15.8450425472427	-2.18103496537003	19.4703874339221	14.0292898984149	-3.65394488657525	20.1396906374869	15.1320206412207	-3.72462156361486	20.5419397735396	15.217164145242
PDGFRA STAT3	-8.35445207490294	22.0192367021745	16.7813331499273	-4.33267718714309	20.0711553515972	14.935527525873	-6.91389899722004	21.0345518366848	16.0781478501174	-6.24484994940259	21.311217638153	16.0334213184196
PDGFRA STAT6	-4.99812420133912	20.4498987343454	16.3904121784401	-20.2496237709782	21.0562700507703	16.2590277704225	-12.6614755041793	21.2439384634174	16.6490950860612	-9.61992965362215	21.0005817810724	16.562338213454
PDGFRA STC1	-0.312081138120237	16.1886928746331	12.3818042164182	-3.55530063268294	19.3963576802312	14.5209588480158	-1.28594024767759	18.5372507113483	14.1606488722364	-1.18121025903993	18.1683177943772	13.7846479301545
PDGFRA STIP1	-4.46536366080269	21.5830587324866	15.4604607582418	-4.13363084121792	20.2015041021028	14.8497478387795	-5.4423479323398	21.4518199763447	15.9542832006709	-5.00836265864699	21.185085109547	15.5706793425682
PDGFRA STK16	-7.42129762249312	21.0670186076709	16.4231725457905	-23.7603926092889	21.8228945386631	16.3549684807934	-16.2391599664188	21.5489510292371	16.6235479754418	-15.7429027558435	21.6559081242759	16.725889490416
PDGFRA STK17B	-9.51845968551855	21.3933192720566	16.4939223825373	-10.9790368920071	20.8634314266418	15.872024231453	-8.71100889119649	21.2820637782246	16.4213464904965	-9.81100078349036	21.3263892708571	16.4052541986019
PDGFRA STUB1	-3.36851570045993	19.5557287171212	15.5696471737133	-9.31665689565183	20.8190196801026	15.7533899108561	-7.03305405598002	20.498117346894	16.0684741071025	-7.97495912216694	20.5075271306436	16.2673227453006
PDGFRA STX1A	-12.9208865657294	21.6325139374271	16.8972406723472	-10.7156256068865	20.8902351897272	15.8955980172982	-17.2869234243487	21.4557738503518	16.7879498241336	-12.8367109212473	21.4955850253765	16.6545441409045
PDGFRA SUMO3	-4.68648231994792	21.8032249449357	15.8676031124286	-2.79480622586482	19.6045927669769	14.3473810514086	-4.21069353612789	20.8253848432409	15.4281581222898	-3.96035778158386	20.7298712810495	15.4036239043379
PDGFRA SYNCRIP	-8.57829363297538	21.3097111975937	16.3689106494316	-4.04637978869486	20.8650428164154	15.2389370126992	-5.90061499084123	21.1000624589028	16.1962163343163	-5.79958531261411	21.1696421017833	15.9594321360979
PDGFRA TACSTD2	-2.23731659214924	19.2231720839636	15.1459754692706	-8.03349569671347	20.6008898420024	15.6777019404962	-5.02295486435625	20.1280244876041	16.0217542622686	-4.50773515925096	20.0520908814456	15.7761563522235
PDGFRA TAGLN2	-9.60239472277163	21.0188052875822	16.4032717437432	-9.44923983209462	21.0804446718052	15.770517477919	-12.8570778264312	21.5172440937061	16.4848886020626	-11.4598900966904	21.3241073602049	16.4920088870939
PDGFRA TBK1	-4.79362184235867	20.9962435561192	15.5082290751914	-2.1448330169397	19.6962062398463	14.1101059350893	-3.702440146907	20.753142702419	15.4160322402115	-3.30770724717037	20.482833415372	15.0527373241161
PDGFRA TBP	-2.65169567894081	19.1738785259759	15.3318759739184	-22.7239313307728	21.5508883537045	16.5553939679169	-13.6526094932773	21.1758575887346	16.7153034979967	-7.33428377856953	20.5749353367627	16.1996488770127
PDGFRA TDGF1	-12.1729815669275	20.9415608529754	16.450466743403	-6.28319763162768	20.8080659375548	15.8406865613513	-13.7538078847594	21.6563142333257	16.7456140215877	-10.8699023729951	21.2854476625385	16.5339502625074
PDGFRA TEC	-7.02229316148971	21.0185561107474	16.3371166445192	-6.3162810746143	20.7495232103826	15.3218118293795	-10.5700665618818	21.4095426566557	16.5513755936216	-10.3108793909616	21.0912874247981	16.270728187845
PDGFRA TEK	-6.69236823467809	21.0040578334486	16.1715561139087	-10.4217758599073	21.0532189351289	15.7164256863044	-10.4677648971771	21.3380666416586	16.4035723996447	-9.82227067407976	21.2479506561001	16.1960402225771
PDGFRA TF	-1.37073252404078	18.8326963367281	13.802883037179	-2.78754151046899	19.1805046523538	14.5482869236941	-2.04913156051972	19.2842476180359	14.7971613142506	-2.16489989938861	19.1028095359312	14.4797747860032
PDGFRA TFF1	-2.94431033747169	20.3175032401787	15.1127521955834	-5.35914993359875	20.5458532179281	15.2062469193097	-5.35588152807745	20.4800926086351	15.8759483298585	-4.04835432997154	20.5864156284619	15.6310284277684
PDGFRA TFF2	-2.15628220936474	19.4333555463252	14.8352031882945	-2.81691801348588	19.1149015645439	14.0949650618059	-3.95650279441654	20.0516758715538	15.3731847000271	-2.9060848836553	19.5445004000318	14.8507765737113
PDGFRA TFF3	0.416899513161332	13.8839644649798	9.54317341090571	-0.859990929805518	17.7814211738628	12.9942583444789	0.0371587240997505	16.1245043803052	11.5944973238263	-0.0198023590622276	16.1329043662278	11.4637645902719
PDGFRA TFPI	-4.16458368489942	20.7464694849468	16.2045628542497	-2.73800012172479	18.3338779111106	14.163165456174	-3.02083847302123	19.8359993259864	15.5397525790787	-4.04465545137315	19.8214071309149	15.5377029900931
PDGFRA TG	-2.36786570273966	19.4601112398234	15.5333939555341	-42.2315090421796	22.0973542206085	16.923041994947	-11.1983249186224	21.4526881697395	16.999706945028	-7.29332127019492	21.0022279419077	16.4174886128557
PDGFRA TGFB1	-1.33651533477012	19.3506875510975	14.1388733062711	-5.14347410857337	20.1715680653711	15.6304095441	-2.50667581000778	20.3391311572312	15.332057199392	-2.99775615576229	19.8241899721695	15.143696603096
PDGFRA TGFB2	-2.30272090050696	18.9892602425507	14.5196939412069	-9.9366393372698	21.5549091480465	16.3674597477388	-4.44883064146155	21.0862567930178	16.2177668111084	-4.68326400196647	20.5254080441586	15.6084775156805
PDGFRA TGFB3	-3.14267580904639	18.7952886849291	15.0794235142694	-2.03872660211174	18.3650438079529	14.4359611179597	-2.57280606760323	19.0648103662399	15.0204398756088	-3.2685502813736	18.9867120123661	15.095906620228
PDGFRA TGFBI	-4.49311162949972	20.875254141307	15.5209286928956	-7.51058393739037	20.4995198061054	15.6520238837334	-6.9531185417814	21.0222761899782	16.2252161053709	-6.89708726550063	20.9819181849175	15.9125078852794
PDGFRA TGFBR2	-3.00099131352814	19.1657708363703	15.2947109593375	-25.9368097245686	21.6031408098439	16.6407298209468	-24.6058680216412	21.7101812892431	17.0041003653163	-7.7025284050922	20.6285826107245	16.2015543541663
PDGFRA TGFBR3	-4.82849199750156	20.5714705418767	15.9509911364956	-9.07621047088224	21.0964284867992	15.8865583363792	-7.63738921058793	21.4855705761333	16.3388401533568	-6.92128930747179	21.2244210709147	16.18892306849
PDGFRA TGM3	-3.29883019330844	20.640294074727	16.071994546385	-13.1090688285251	21.259781511314	16.2078717847696	-6.81379025237486	21.3776164169991	16.4090708433561	-6.21898319976966	21.1026991538836	16.3494894178087
PDGFRA THBS1	-2.98069320098318	20.1680037182917	15.1808492709057	-2.46019828291256	19.3572278326342	14.8296490458801	-2.35457135333692	20.2703323187369	15.6518522033891	-2.91089841772602	19.9811648656394	15.3553545709581
PDGFRA THBS2	-0.820542425898738	17.6643270243829	13.9990488988981	-2.5531609430441	19.5631725131425	14.2968829503537	-1.87107655406598	19.266749202235	14.6273552405736	-1.54361579160676	18.9466974503968	14.406128760988
PDGFRA THBS4	-0.0305087452133697	14.9699640149036	11.4571614058591	-0.735389980278966	17.5338362432437	13.0190128274922	-0.571074579349449	17.0037535708741	12.8518907763754	-0.481461676406129	16.6115209619598	12.5642811157745
PDGFRA THPO	-4.55990595587317	19.8675823671831	15.9164179634723	-20.2388303799364	21.4355925512081	16.4727279576866	-11.5144631178623	21.0609716162211	16.5866201101338	-9.06460577939886	20.8915079050367	16.5006382012117
PDGFRA TIE1	-6.18208784524699	21.0635378220896	15.9273259834724	-8.07758035026268	20.6326050776112	15.2349823155716	-6.43192693215664	21.5125204967848	16.1986060141493	-7.26885819401072	21.3043775637594	15.9317069596428
PDGFRA TIMP1	0.100017672146104	15.358524574903	12.0047690049232	-0.654618108494254	18.4569793936317	12.7017698128318	-0.33851660344271	17.1254418751215	12.8156317563773	-0.260849428300964	17.2277863477682	12.4927741157646
PDGFRA TIMP2	-1.01576551873799	17.057531854802	13.1025999900829	-1.62616924265979	19.5845374405281	13.8025864696091	-1.14901485376681	18.5295309845242	13.5939367738295	-1.27401973994933	18.489534350729	13.7648415882778
PDGFRA TIMP3	-5.64751159020567	21.062082874233	15.6558256945252	-3.64931615490785	20.2617070107534	15.0149692879635	-5.00063747570399	21.1711069812531	16.0910628727475	-5.10346107443203	20.8009554452404	15.6453364690767
PDGFRA TK1	-10.3357213442369	21.0739542759783	16.6994503976723	-19.7282262934478	20.9394510430536	16.084619280526	-20.4758235128135	21.5060955865826	16.8164258418704	-20.1439778437522	21.4648757550295	16.8246972020076
PDGFRA TKT	-4.26315741819605	20.8666423279873	15.51291159232	-4.03658608979519	19.9189431691954	14.9768229660345	-5.10700163067257	21.3005854114078	15.9396357241051	-5.53989627334439	20.819541211549	15.7274325055768
PDGFRA TLR2	-4.38321042835148	20.1493420182887	15.4216505552772	-10.5189919467147	21.1461328624103	15.7496036851237	-6.11324723774788	21.198469723003	15.9907131596916	-7.56555660238804	20.9353785392289	15.8637272921143
PDGFRA TLR4	-11.0242210877871	21.9911354122672	16.6113970823418	-9.9078020781378	20.9936106806603	15.7284152191397	-13.3330658094328	21.7288253419363	16.7199257172034	-12.9605829786066	21.8033833599098	16.5174237513516
PDGFRA TLR4.LY96	-6.82355204815751	21.6207758671938	16.0389080488105	-7.44402169827744	20.3654833839489	15.447073345165	-8.42607807462471	21.3045226142675	16.3599279145592	-7.50242432786711	21.160939508957	16.0850479358052
PDGFRA TMPRSS15	-1.85583661037797	18.476966649651	15.0600143254327	-2.02316922483289	18.938976072534	14.5265112612372	-1.71077491442275	19.4430198856571	15.1739680818688	-2.55931297748937	18.9130200587869	15.136554753138
PDGFRA TNC	-7.08815752462029	21.2745004372397	15.892911481994	-5.182320557872	20.8248156572804	15.4932887086109	-6.58106105147029	21.4260876448611	16.3234594927758	-6.83385951862187	21.1723667062299	16.0149416046636
PDGFRA TNF	0.035177986176283	15.1945364047392	11.9836913336935	-3.01660484596354	18.9977359014181	14.8598736280228	-1.00302300724366	18.066618151914	13.9856898857898	-0.824002866936057	17.3822891173607	13.614141683044
PDGFRA TNFAIP6	-0.461950048558455	17.1203296690597	13.1282987927819	-6.76903305370049	20.7159993774732	15.4661589481322	-2.57497157180606	20.0373943272193	15.1539782567545	-2.03887319791247	19.139093936123	14.5002148523365
PDGFRA TNFRSF10A	-3.6608684257534	20.0680750836336	15.6301690204871	-14.6856830168859	20.9896588784606	15.9931555070833	-9.45129740232293	20.8318849767339	16.2578064747331	-12.55451095141	21.0356408936234	16.4494611347901
PDGFRA TNFRSF10B	-0.513528872893333	17.2739298597226	13.0049470996747	-2.38521432353836	19.4237370965751	14.5953415818246	-1.33056694486553	18.9829463554383	14.4964788792563	-1.25696180453856	18.4741411755176	14.0666039608394
PDGFRA TNFRSF10D	-0.905556925346827	18.9935463943102	14.32208948562	-2.3132778536775	19.3788645147495	15.0726681366074	-1.81476824666353	19.2680808194431	15.1575772042336	-1.52565799837111	19.1680410112031	14.8425888875763
PDGFRA TNFRSF11A	-1.28961423758437	18.4938159567402	14.0620991857812	-3.64185566960536	19.2589756322341	15.6866480413201	-1.70393918129102	19.4914561811859	15.1471939940766	-2.31816942591366	19.0114555159881	15.0845623528516
PDGFRA TNFRSF11B	-15.1765083574801	21.7572828914798	17.0834781725102	-27.9486202799762	21.5721056590527	16.2557008935247	-21.864483207681	21.7253577832763	16.7274315980027	-21.0475652359978	21.7862013465871	16.8067328902271
PDGFRA TNFRSF12A	-1.88769829590636	18.6919361281525	14.2384946883019	-17.8905597551033	21.5608755022328	16.4574112332254	-6.79064002668431	21.0044950937359	16.0812312511775	-5.53069468127759	20.3919042512235	15.5606356877077
PDGFRA TNFRSF13B	-0.217064821660378	16.4832320692276	12.4571886130384	-3.1208595266124	18.8638475213033	14.49736235839	-1.24853733405151	18.5580732221971	14.3633528395193	-1.19206399351207	17.9768584291368	13.8060685438216
PDGFRA TNFRSF13C	-2.10779567955434	19.2977877859029	14.5902945177071	-8.56048385335384	20.6990327728592	15.4460359888718	-4.31402943652888	20.2898955337304	15.337638842895	-4.19030820027992	20.216887480053	15.3080220685971
PDGFRA TNFRSF14	-1.50279766845879	19.2985055653968	14.9451667506305	-4.39004405219716	20.434297283179	15.5431492529564	-3.17600295080506	20.1823287508627	15.6226652493155	-2.81239850680239	19.8770786454775	15.3770728683783
PDGFRA TNFRSF17	-2.15914729514091	19.6040151210052	15.5102316903179	-5.65995158706093	20.7834966118468	15.2539279366635	-4.36163878974237	20.5294203758948	15.8452604483208	-3.43216012273329	20.3797104912246	15.6010116105719
PDGFRA TNFRSF18	-1.80557475078886	17.8665771844793	13.7634504440888	-8.30074811707225	20.7104021073867	15.5298442716605	-3.60146143102069	20.0620747767096	15.3376738617204	-5.06816589325924	19.7894334203864	15.1958495587944
PDGFRA TNFRSF19	0.333296608597188	13.969667209717	10.0345807719714	-1.04084416059339	18.0921990626747	13.2461055269415	-0.270854047682752	16.9535484272683	12.417141856599	-0.219255291684858	16.4841374056518	12.0003931328133
PDGFRA TNFRSF1A	0.42081143188727	13.2898906148511	9.8948630433093	-0.302803751404618	16.1366477837508	11.2555373279229	0.145379277268081	14.9602802234937	10.9330446817213	0.156178914922521	14.7947457280064	10.6822765656024
PDGFRA TNFRSF1B	-0.0892901848600827	15.8985732109826	11.4685317490098	-0.562339612131705	17.0589988946555	11.9207835766741	-0.329495407203004	16.6563262457625	11.9376960690352	-0.334882281823246	16.6646959628563	11.952444658673
PDGFRA TNFRSF21	-1.00591345025488	18.7113660563771	14.3787277980335	-10.3582893088931	21.0804679633478	16.125065371248	-5.50683236779134	20.3134637401669	15.967225612062	-3.09141711141552	20.1528634402804	15.5547993262643
PDGFRA TNFRSF4	0.0739755865084423	15.7382570076661	11.7690492065362	-0.651669354786076	17.0967648597926	12.9194856257163	-0.261065495053579	16.7251192111261	12.8242143042263	-0.25940707237648	16.5771027521617	12.6347186086762
PDGFRA TNFRSF6B	-0.740327546039072	18.4696911883191	13.9702030754409	-9.71316185939786	20.4833266751734	15.9705804429165	-1.80642949806733	20.0957879772947	15.6125021325777	-2.56860094667432	19.7210758635891	15.277117331365
PDGFRA TNFRSF8	-2.97195279007605	21.3475056193309	15.5307885027373	-1.44267972724786	18.3012923977443	13.5406224833874	-1.72087948586881	20.2487207241674	14.7085859709682	-1.96253121673522	20.0639652798915	14.7940324693953
PDGFRA TNFRSF9	-1.44262786517566	18.4706341985602	14.3079900424386	-0.973006817125411	17.7272323023683	13.2217671684242	-1.26655807646762	18.2983165248871	13.8865730177985	-1.20894806962937	18.2711656606708	13.9526668074212
PDGFRA TNFSF11	-11.1541159788561	21.0816237597354	16.7413328696063	-7.90566841221379	21.1169816373208	16.0338124064302	-25.7678969531143	21.4780823951303	17.0303204946898	-16.2720403067671	21.274931405698	16.6677991639504
PDGFRA TNFSF12	-2.81595053136262	19.8171535619456	14.7577122787957	-12.013016966622	21.0793888788783	16.2067642661101	-5.04072943689163	20.7210260075	15.8104418562913	-5.79958062325707	20.6099970262552	15.629842590902
PDGFRA TNFSF13B	-6.50062054250378	21.3141693680957	16.1843033361247	-16.3790693016982	21.2903446036529	16.2374488103946	-15.7974196311284	21.7574091429483	16.9167054328599	-11.5765759991621	21.3979382180025	16.4472615928145
PDGFRA TNFSF14	-3.15825949066357	19.510460986593	15.1743368405565	-15.3881853552049	20.7462390677143	15.8195485290248	-5.90872250637887	20.5909914640872	16.0140947095565	-6.46643526296477	20.3216579293445	15.6883910929623
PDGFRA TNFSF15	-3.89920756220998	20.0156924652522	15.0557767817254	-4.61759857352275	20.5980116929008	15.5352193153849	-3.42869313692471	20.4030797486608	15.4372561706155	-4.32876482835556	20.5990048529431	15.5276409093804
PDGFRA TNFSF18	-5.44671448802539	20.5592708148583	15.6362206956169	-10.2912038754527	21.13477776987	15.5908446545155	-9.93049162063605	21.6254004056895	16.3667655244937	-9.93661967822836	21.4379685496142	16.1755871967879
PDGFRA TNFSF4	-11.2471423069717	21.127214960602	16.4807950982454	-16.4146190104507	21.0615049598399	15.9660933505292	-17.7538236679108	21.460536171227	16.6705569859516	-18.6388179953622	21.3552874022175	16.5671806194427
PDGFRA TNFSF8	-6.05688532077731	20.579276459508	15.9803449151345	-21.7344036056413	21.3507519956445	16.1925858013913	-15.2142435594427	21.5381525082737	16.7792418916858	-9.90100783691283	21.2253946991818	16.4104463885311
PDGFRA TNFSF9	-4.5994220592485	20.6791428041516	15.5624140673931	-3.46990586787917	19.9518854342064	14.2382721107465	-5.06509333770139	20.666866591354	15.3820817578872	-6.36215619929966	20.6509236341554	15.6327690531253
PDGFRA TNNI2	-6.62911753205931	20.6900826946941	16.0284017397959	-20.8444321378224	21.6836593383817	16.383424441295	-21.3358898715802	21.5488623191365	16.8796047782834	-18.2108079426653	21.5038994019007	16.7806813422248
PDGFRA TNNI3	-0.8920235719015	18.5336302857108	13.9706929982006	-3.95896479069913	19.9949936683307	15.1617731683125	-2.160451297934	19.6556464400934	15.0674596002423	-2.13937753244852	19.1899841412051	14.8393564175695
PDGFRA TNNT2	-0.199807347938616	17.0182069974249	12.1560090293497	-0.209789660560622	16.1940347350849	11.0923890625973	-0.450286243401712	17.3991110042036	12.223103365652	-0.338150174129576	16.8044407543066	11.9523480080032
PDGFRA TOP1	-2.40600972701952	19.5339141693597	14.4342298047944	-19.7411427588277	21.3864011667214	16.2232286569391	-7.15042444796868	20.9627707390956	16.3248916363711	-5.74531689389762	20.7273947721711	15.5317886874346
PDGFRA TP53	-3.36228196783759	19.8461069105822	15.2820301985675	-14.4138782732013	21.5620886777604	16.2917527436303	-16.7704755542696	21.3614943244538	16.6986902527822	-7.14519364773894	20.8137769134653	16.0125640671834
PDGFRA TPI1	-4.59780263934002	20.8200416229861	15.4293250773149	-4.09299630828873	20.0166762832137	14.8423669058359	-4.85853957297676	21.0733386324018	15.7125241437354	-5.19907216163055	20.8094200318428	15.6651823732432
PDGFRA TPM1	-6.88439688777499	21.0097631786605	16.3895049810693	-14.6985142133878	21.3793565409023	16.1041255663194	-11.6924170866775	21.3604254936581	16.572485067009	-10.5470986100589	21.3167899250252	16.4123073967957
PDGFRA TPM2	-8.215145058922	21.2325538956969	16.6498349137856	-21.0557506758577	21.6065356696391	16.3079719298084	-26.3341000894654	21.8534377225268	17.0980096358465	-16.1873263279962	21.7421589999469	16.8521111320493
PDGFRA TPM4	-4.89048934153473	20.9965863969508	15.9976689131492	-12.0630593586059	20.8196130179876	16.0144324253452	-9.04128576310595	21.2471429671079	16.4419315633583	-8.21520331649259	21.0751833829184	16.3917244941638
PDGFRA TPO	-9.38838849338206	20.7774641261279	16.4234438514751	-16.4121391223635	21.0450919321316	16.215580941935	-11.2531861888202	21.339886728074	16.6574703932165	-12.1730868609303	21.2740541242271	16.6127740125784
PDGFRA TPSB2	-5.0978125344902	20.0088437228531	15.8942547406688	-4.97410679394165	21.1690262106973	15.2483633038746	-6.09513321624847	21.1152743177098	16.1534053692794	-5.72254047653265	20.686189773414	15.7489074542705
PDGFRA TPSG1	-5.65742076841299	20.3995163553156	15.8780989507233	-10.6969403718796	21.6299438068276	15.5346766219204	-7.51578477656269	21.1685863713984	16.2497560447077	-9.88197852546814	21.1835980945525	16.2776844614277
PDGFRA TPT1	-8.89743875664193	21.8243298438518	16.7335690057374	-4.83382295447501	20.1931477130454	15.0332774569678	-6.62989251996031	21.2451132782713	16.0293783334775	-7.12798187749917	21.234200554498	16.1830353975555
PDGFRA TSLP	-2.9228653202967	20.0640535686936	14.8490140181914	-1.32703086897229	18.2491868019732	13.5458160528209	-2.28420826370307	19.693999592681	14.7504731526941	-2.43843820194899	19.4749410287724	14.6150503640951
PDGFRA TXNDC12	-7.2217309525278	20.8497475336462	15.981561228721	-6.8950832718015	19.9196735584853	15.3027270237912	-7.29829919983286	20.993890602162	16.1002286312654	-8.68500748200633	20.6281991143499	15.949048226758
PDGFRA TYK2	-4.85382622557289	20.1341077406439	15.831906775041	-8.39535663570082	20.3649946577904	15.5680035536861	-5.90240788213775	20.4275238046995	15.8915560824558	-6.48677259731245	20.5662713132012	15.9848388915951
PDGFRA TYMS	-5.96472496041649	20.3541775151502	15.5699040599498	-13.9166448076389	21.5919358953359	16.0861964441032	-19.6260045385684	21.7632981078272	16.8010567350221	-12.0548110160765	21.1859047366281	16.1913287498326
PDGFRA TYRO3	-1.95360948687464	18.9222601760293	14.3552979273273	-3.63369505371314	19.4384924539455	14.7739998398398	-2.27543025629243	19.7750307089047	14.8137849400222	-2.83133915363622	19.3992552340372	14.8422887531642
PDGFRA UBB	-6.75976221337805	20.1907329502546	15.9892208279806	-26.6971760074738	21.59633930631	16.5280157883555	-14.3143715432203	21.2509047245661	16.5805736943906	-15.8143862246862	21.1193213069663	16.5971594901604
PDGFRA UBC	-1.48143231391525	18.6599377741134	14.0750558039426	-1.96863563722309	19.5561602933835	13.6420181669387	-2.15859663583756	19.5954816074181	14.5206091365832	-1.88434582568712	19.4217788771744	14.2968474853777
PDGFRA UBE2G2	-3.41308820692955	20.2316828151406	15.5769839141434	-9.78611826580658	20.7024989500922	15.6940720674753	-6.40227233445311	20.8912155232332	16.3952483396661	-6.77182132680737	20.5677900935799	16.0604384876654
PDGFRA UBE2I	-4.50197483224689	21.2644178624045	15.7135864097057	-2.84607289859005	19.4158969651803	14.1195894924473	-3.53112786187644	20.63640166465	15.2737628661524	-3.62235140138692	20.4697851447953	15.1779309256568
PDGFRA UBE2L3	-4.57918729777319	21.3691306024288	15.8508307247848	-2.50647100464608	19.1714430642237	14.1322420917114	-3.99274443602707	20.6804416575066	15.6220869495281	-3.57857915793265	20.4516774475943	15.3139294835289
PDGFRA UBE2N	-3.99741398523893	20.664335159455	14.9934509178526	-3.20437217169869	19.7901246168517	14.4358306551729	-3.43849332500401	20.9241702464308	15.3381489109039	-3.90566716618525	20.5621620935625	15.2004936145317
PDGFRA UCHL1	-11.2661634196165	21.6541400364866	16.8599578596397	-15.846178711299	21.19665655184	16.1757282865813	-16.9712852043741	21.7122537148112	16.8669729607171	-20.8033605522545	21.6177259621373	16.8614634522354
PDGFRA UFC1	-6.22904197083724	20.6888632800167	16.5806935179143	-6.19696651615714	21.1587013589271	15.7103589751119	-14.580982059756	21.5981741926994	16.8626671574206	-8.2117806031768	21.1533133067009	16.427961590262
PDGFRA UFM1	-4.01523841390442	19.7601819817244	15.840114258133	-9.00146215012673	21.2821328707354	16.0792002285434	-16.511027962372	21.4516404993299	16.9582070580985	-6.58226089427875	20.7467397625032	16.1664721111414
PDGFRA ULBP1	-3.21736784005141	20.0300034611615	15.3787055551774	-19.2361524866422	21.2970404354386	16.3420322457416	-7.74142422756654	20.8691706427494	16.1531026109878	-7.91989644553202	20.9182385287773	16.1570051106044
PDGFRA ULBP2	-7.6560558926687	21.2364112108641	16.6922946007679	-14.883017136808	21.0567450137073	16.0125794983398	-12.8446879728673	21.4447548714845	16.7687352386097	-12.4773761855046	21.4194245720894	16.7866940430123
PDGFRA ULBP3	-3.11110888119844	20.4561862171528	14.8228680596316	-1.21115521332396	17.9057721987878	13.0360286042472	-1.9622562037008	19.4365020429749	14.4387552667832	-2.44547994669919	19.5552336000176	14.4214806944616
PDGFRA UNC5C	-0.127132673458295	16.1523895610949	12.1053415971655	-0.60367218429294	17.0288826694049	12.0198579451909	-0.45060174776313	17.104061908904	12.6484369269676	-0.345993048891397	16.7305723743651	12.3558350103974
PDGFRA UNC5D	-3.04919061483074	19.4765206498753	15.1439714602463	-9.22778550548238	21.4030400880608	15.8871145015844	-6.05343487326022	21.0873836537859	16.0621897751615	-6.49560740123227	20.879992147267	15.9676622574506
PDGFRA USP25	-3.38834174949011	20.3075772372725	15.5563679729554	-22.7179840066951	22.0371159708303	16.4702775413637	-20.0896193320496	21.7249460950614	16.8941305190258	-10.2291876354771	21.3390556412601	16.3595147453571
PDGFRA VAV1	-6.10593627101541	20.3914199410809	16.425904899507	-5.26760561458116	20.5476521134999	15.4503041055531	-12.2746696163865	21.514454549701	16.7077724483239	-6.51086704618394	20.7819470317455	16.2149384654387
PDGFRA VCAM1	-1.57597441399064	19.0787135594056	14.4769099840417	-2.69501669708803	19.4281329418447	14.4989980101991	-2.0327448508105	19.4207239055408	14.7822025301223	-1.99937777947032	19.5252717834654	14.8320147552983
PDGFRA VEGFA	-0.123940658275784	16.3433231115548	12.4526249467548	-0.369727934059437	16.45400935507	12.1881471740609	-0.34674074055822	16.6070551508157	12.6409903995728	-0.380462408375886	16.5144247024736	12.6486288618997
PDGFRA VEGFA.1	-8.81632228949125	20.9508799662559	16.4662684014221	-3.65125882046197	19.7224582653771	14.8686389998512	-5.83146365241753	20.5169341439908	16.1702499128128	-5.90211296438214	20.4509721009483	15.9492827052318
PDGFRA VEGFC	-1.45912337851482	19.3417404408844	13.8621161644656	-0.79702382675145	17.5658410804075	12.0439485458457	-1.12661432522291	19.0194131827617	13.622782270937	-1.1362788441236	18.8006192972332	13.3023503998161
PDGFRA VIP	-4.83697141715834	20.8275867830881	15.7145384184087	-1.63793075241132	18.309328207099	12.9047179002653	-2.4241212116525	20.4825332132196	15.1167420844767	-2.93909506970175	19.8478452899111	14.8007410310252
PDGFRA VTA1	-7.07799459816908	21.3852905662203	16.3325304216332	-5.30420983329554	20.3682438313301	15.190790991487	-10.1367733922794	21.3981964786468	16.521722029775	-8.47476051210146	21.2472950512029	16.1916797753747
PDGFRA VTN	-2.29570354889532	20.7602356078516	13.913990593231	-5.40548075237843	19.608673157532	15.0266017965452	-2.7922518128036	19.9861529919029	14.6601504664951	-3.39353400661902	20.4314452350879	14.6422357806424
PDGFRA VWF	-10.1175603610728	21.2274290529429	16.2825680157813	-29.1172873184124	22.0420677676795	16.6749215747973	-16.765263318062	21.8410485723183	16.77724552989	-19.8331086157857	21.7879505252527	16.7894322365451
PDGFRA WFIKKN1	-3.32370945007754	19.9161212876339	14.6890595269314	-3.9687642667911	20.4745852937992	15.3822233786712	-3.93157446516	20.9185459670316	15.6319428403183	-3.70789943396507	20.6933623155143	15.3644436072733
PDGFRA WFIKKN2	-6.04237020280404	20.9677843894097	15.7262352541765	-36.2638449041315	21.6189458765862	16.767294675335	-14.5052477439245	21.7280807752514	16.7676218607035	-15.0002543897307	21.5121035127371	16.5360271761581
PDGFRA WIF1	-4.94717044720007	20.4514564017447	15.8237981082863	-29.9193436857088	21.6428434192263	16.5567236730902	-13.790805100802	21.4356301731913	16.7036037681248	-9.64551163700859	21.3214879222113	16.4975243311738
PDGFRA WISP1	-4.3586385174633	20.481257650126	15.2453021627301	-4.09886089722242	20.0893078684787	15.1053050521385	-4.08358522433589	20.4482179975687	15.5724731055074	-4.82228381235328	20.4509802885055	15.422858529403
PDGFRA WISP3	-2.58125184297709	18.3615726661324	14.5612193480744	-13.9160452412935	21.0275379883768	16.1132890658402	-6.96154220235833	20.6975893321999	16.2681642957832	-6.47738647564664	20.1217084577309	15.6741127717767
PDGFRA WNK3	-9.61991088075244	20.7172566655221	16.3685509769512	-6.14276021865946	20.0744084292697	15.4877612934763	-5.78927760621669	21.0821919903396	16.3187563484319	-8.55013180353984	20.698165655499	16.2523924924484
PDGFRA WNT7A	-15.8641942236544	20.8304624649042	16.7876243768328	-22.2749305535401	21.6669164341375	16.4518227839793	-25.1291948911662	21.79011031836	16.938920612409	-24.7253121842618	21.5603723359452	16.936350848523
PDGFRA XCL1	-1.39946009218526	18.2625645355012	14.0785022256822	-7.05945983478561	20.4053098637133	15.8306778789774	-2.59119497849848	19.7915537627743	15.4579483796282	-3.38609572438037	19.5756870787005	15.2162868423253
PDGFRA XPNPEP1	-1.96157492153785	18.9922030799353	15.1435299255101	-8.7245688688443	20.435109661545	15.3705696318657	-5.71014635424712	20.6774831352241	15.9527625836825	-4.62100000290277	20.134335973168	15.6375568349317
PDGFRA XRCC6	-9.44749622684794	21.4819617394494	16.3234410818746	-6.88362363873991	20.763706267641	15.3669893370798	-11.8589243870005	21.8009876630806	16.768168483923	-9.43612734710028	21.4652097286989	16.2456268645918
PDGFRA YES1	-4.63083460680495	21.0768076688579	15.3558847934097	-1.10199839322767	18.1180035832661	12.9578792175483	-2.30371256581713	19.9756428865603	14.7010889274854	-2.38380569003912	19.8129264768675	14.5146028155694
PDGFRA YWHAB	-7.49027254910995	22.3365141341099	16.7864135834964	-6.96353080192475	20.9236869709152	15.8005141880805	-10.8666016880261	21.6732122325241	16.6657993956854	-8.34911772184039	21.7330677040915	16.5554427190128
PDGFRA YWHAB.YWHAE.YWHAG.YWHAH.YWHAQ.YWHAZ.SFN	-7.94036553985297	22.0638223353565	16.5524771365827	-6.25034568071195	20.6120603640367	15.4982852440617	-7.64022841324745	21.4505549961667	16.2485748355101	-7.88831110720633	21.500101069747	16.2507954451497
PDGFRA YWHAE	-4.7173169633358	20.2281676616002	15.4092519153211	-5.80552750471464	19.7889415591582	15.3742152864917	-3.81070337921049	19.9587404564893	15.4254176323376	-6.16651211210193	20.1990858161098	15.6765303099221
PDGFRA YWHAQ	-5.17138882192151	21.3218483545443	15.9998997146579	-8.10281882914063	21.0869897684561	16.0818881979934	-5.86181199978848	21.6299179934422	16.1870208293745	-6.54529135195008	21.2946644773024	16.2267116291607
PDGFRA YWHAZ	-8.45220727332759	21.2207685621185	16.9706398511663	-20.6504811756644	21.3429660317078	16.4954188281442	-16.9842139976567	21.5656658894749	16.9054562252279	-19.8552190438697	21.458346374513	16.9698003165001
PDGFRA ZAP70	-8.00914523820532	20.7202809835355	16.1584805350602	-33.7441317614418	21.6053678290957	16.3704112471001	-21.208449011961	21.6307130160609	16.8938186563779	-15.8411677858932	21.4442649144794	16.5769906978314
PDGFRA ZNRF3	-1.93367057840865	19.6663311125096	15.3184874040762	-9.12028696863783	20.5559419867216	15.3330415841194	-12.7232535870911	20.9308760380282	16.3386344964771	-5.60522657174222	20.4536970893019	15.8039142431251
