protein_name	r2_male	rmse_male	mae_male	r2_female	rmse_female	mae_female	r2_all	rmse_all	mae_all	r2_all_sex_adjust	rmse_all_sex_adjust	mae_all_sex_adjust
PEBP1 PECAM1	-2.7259623298567	19.2482099128831	15.0714673298992	-1.56090974549058	18.0505307330514	14.2070764015355	-2.49678534566485	19.0801569585187	15.0723835525777	-2.32285119553041	18.8782955377185	15.0346957026016
PEBP1 PES1	-2.30369242709568	19.4125565616561	15.5364583484234	-1.37162870350603	18.100260679459	14.3359623056409	-2.83012207596245	19.1636099134092	15.6637779334018	-2.27512200415143	19.1474488900795	15.3885659857567
PEBP1 PEX5	-2.67885773233427	19.4889607933321	15.1564450923077	-2.26802677062934	19.3008257640594	15.0304914151824	-4.18238662378711	20.0492343930197	15.8448385276097	-2.41274438758385	19.6402042808198	15.3664813366603
PEBP1 PF4	-2.56511750995217	19.5215675581284	15.5540980453556	-2.84281482229873	19.9517218560506	14.955873177259	-3.78498154713113	19.9928241866448	15.9731690594321	-2.83486022601888	19.9341242803979	15.5750195944004
PEBP1 PFDN5	-2.85969193813105	20.2136149935411	15.3551893503132	-1.70344139842401	18.2956639708937	13.7216539948129	-2.90577494694836	19.9784902343127	15.485906182443	-2.64133318688142	19.5588648830968	14.9839330894089
PEBP1 PGAM1	-1.45759758410824	19.1305551445273	15.3211717300457	-1.61412759622709	19.1690182289501	14.861265786097	-1.87238069573745	19.6278348662335	15.7113639890578	-1.91136293253743	19.4040239954823	15.4433209509896
PEBP1 PGD	-0.432295791111915	16.6839563553606	13.0896337982612	-1.29273879369478	18.0096044612733	13.4767720379044	-1.08983187336044	18.1705306583337	14.094233631119	-0.983609128020719	17.5984068500189	13.6422182819388
PEBP1 PGF	-0.838027381096514	17.6775289093677	14.5704655038552	-0.971693486753313	18.2176305601407	14.2806862150543	-1.14953787304354	18.6094651313461	15.2348662456099	-1.07009017611893	18.2244030260814	14.8004153896793
PEBP1 PGK1	-2.19994416109888	18.8734337334745	15.2448857468793	-1.0645570032305	18.0919025954553	13.4906881549656	-1.52582660276166	18.9831051414095	14.9102344983811	-1.81541878246413	18.6743105032727	14.7034304393434
PEBP1 PGLYRP1	-2.16483617777274	18.2183669812661	15.0676064222337	-3.4445786955338	18.77800193766	14.125034505183	-4.16756016065696	19.869970669655	15.8825416159177	-2.88501057214474	18.8187862886364	15.1157550879059
PEBP1 PGM1	-0.80724496357671	17.897031208389	14.1383252327642	-1.95412577572749	18.6785089826921	14.3181997275925	-1.76208095446383	19.080002353137	15.3863469412494	-1.45892678134939	18.3530619336071	14.630189873833
PEBP1 PI3	-0.165560417506399	15.4260577083485	11.6973350529599	-0.65457098061285	16.6930723382604	11.6957866853551	-0.603620809568465	17.4983960207361	12.5900873479134	-0.506850624637011	16.7999686877655	12.1958189256423
PEBP1 PIANP	-0.385722389775104	17.1528335856231	12.3179596796693	-1.53861378618169	18.8210115576579	14.0262410298948	-1.19037823993717	18.6670641198407	13.9938911318382	-1.17823010691349	18.2187873420162	13.6078312939392
PEBP1 PIAS4	-0.905312373066641	17.9553939239741	13.9200810045166	-1.1924669501385	17.824402023849	14.1056958342578	-1.10974220809965	18.5628949013259	14.7937480028858	-1.12964812335163	18.219347864756	14.3033197384511
PEBP1 PIGR	-1.66394222384086	18.2228899732084	14.120082070457	-1.33461809902451	18.3590561754718	13.7612494479619	-2.61780346230739	19.218223145356	14.8314074781059	-1.70897966529339	18.6966843021326	14.3151348919785
PEBP1 PIK3CA.PIK3R1	-1.0718456793495	17.3942897812248	13.8125917126206	-1.60806222254577	18.8650537137158	13.8692895632311	-1.68896112248021	18.6983789441307	14.5241828865115	-1.87912462003138	18.5245661030812	14.3986033989191
PEBP1 PIK3CG	-2.43501165164463	19.6691562731946	15.0760302184086	-1.68852496790343	18.6403673808612	14.1459459610971	-2.48819002517613	19.6611181657591	15.3397535442666	-2.23183083128216	19.3385875296509	14.8326832744108
PEBP1 PIM1	-2.77266083333006	19.4495267182415	15.6639666392624	-2.04177086447906	19.1531872615836	14.5847724386568	-3.01974395711614	20.0330059955227	15.9945621705395	-2.74606778636298	19.4693766634112	15.5220692382011
PEBP1 PKM2	-0.55612685070045	17.1321716607153	13.5566389467382	-1.70261308724621	18.4316955737513	13.876477324145	-1.1734785600225	18.3530329567942	14.2132178083462	-1.0594940679756	17.9493717897432	13.9369286304597
PEBP1 PLA2G10	-2.68187336946553	18.9778239966353	14.9354282559506	-0.927643708545527	17.7486457721699	13.9848899117285	-2.53697967904183	18.8253544083904	15.3499358284475	-2.03793943763673	18.5745236811583	14.9242636966045
PEBP1 PLA2G1B	-1.46031373476065	18.5696692843307	14.4602741984272	-2.16804474536422	18.8268408358035	14.5000701194854	-3.31873560043307	19.5546683240661	15.3638834675411	-2.02048545357742	19.0468491043299	14.8524917218066
PEBP1 PLA2G2A	-0.114869502819368	16.5509305640753	12.4998174862051	-0.360247496805536	15.891323214002	11.8174948886928	-0.344882808618723	16.8902898020968	12.8067180134722	-0.372133155636822	16.5688686407906	12.6981097551713
PEBP1 PLA2G2E	-1.95064633312464	18.6956535161812	15.0892159797117	-0.569284186340115	17.0971654627123	13.1291088994162	-1.81111734365937	18.3280797349781	14.9389240574213	-1.60335109782147	18.2327179724767	14.6115467058389
PEBP1 PLA2G5	-1.35413821669726	19.3999357483678	14.6872167723981	-1.81248933726845	19.4569384689985	15.176954830016	-2.82258345454559	20.000111026913	15.9312632165324	-2.813963335545	19.6776953462199	15.6086060983345
PEBP1 PLA2G7	-2.26568204741365	18.9561933976001	14.4595374973579	-1.86193387222434	18.8577549790427	14.3516371821224	-2.87819818901691	19.6673421847949	15.4494827690647	-2.46236778932998	19.3280475004158	14.9384481761469
PEBP1 PLAT	-0.108681614010689	15.9060514260318	12.5079487312708	-1.13298595459605	17.790792159892	13.9139925821043	-0.735549882327039	17.1290669202795	13.8749738746795	-0.620036999825438	17.1332483164657	13.5986165569639
PEBP1 PLAU	-1.81290190306918	18.8988169421112	15.0205609091702	-2.62001517148219	19.1889115144306	14.5461454656517	-2.6640756759487	19.702454246522	15.3025898708001	-3.25686254767996	19.4421750355056	15.4538650109851
PEBP1 PLAUR	0.371198742504809	13.3217014648842	10.6422393091217	-0.271747601883804	15.8943786677316	11.6601303052169	0.106378494579744	15.0662674816576	11.4398838140449	0.0862727974668888	14.7818403871612	11.3379743379696
PEBP1 PLCG1	-1.9830052559615	19.1313002297966	14.3587786793886	-1.71827797704441	19.0246405220398	14.4647855757034	-2.12960404831332	19.9942185220196	14.9011451925838	-2.19153067677962	19.5527613819261	14.7929376703026
PEBP1 PLG	-1.73087589500697	19.3272381663115	14.5447793517367	-0.746239504838867	17.3631381776795	12.2591913172729	-1.56857053822186	19.4839414255619	14.3289250458242	-1.31886653820268	18.9198502605896	13.8992754119312
PEBP1 PLG.1	-3.12890692725258	19.254988943403	15.5880571982352	-1.05511813062303	17.3798745252424	13.3587579600409	-1.82684985944692	18.9829537116775	15.2017397924115	-2.12582195043851	18.6143801958809	14.8806664040651
PEBP1 PLG.2	-1.11718328645477	18.2303473983234	13.9467986747805	-0.426805725077945	16.8080377814497	12.1048982184017	-0.894065554183978	18.088049192559	13.7914105656956	-0.781317550574068	17.7735975570924	13.3280141496974
PEBP1 PLK1	-2.40483190142295	18.8189217765354	14.4924395085095	-2.05821579286737	18.7028809522942	13.6610117818203	-2.36624637334684	19.5696064435696	14.9626194009089	-2.88358616328007	19.1771383219774	14.6127363273311
PEBP1 PLXNB2	-1.09287082497126	18.2785385622635	13.8232717677118	-0.497824075399147	17.2670895420739	13.282255195742	-0.841037844194899	18.1392724122308	14.1157044070133	-0.943736476735602	18.0765227045674	14.1129097893166
PEBP1 PLXNC1	-3.66282956931509	19.1353147340064	15.0696839271255	-1.52448905876802	18.6949184621747	14.1978911481772	-3.22360177695532	19.8431467619054	15.7020176583263	-3.21071124266942	19.1943490455009	15.1841703852177
PEBP1 POMC	-2.07491192258012	19.4712614685769	15.020419055391	-1.81073032259671	18.2993570708392	14.0927688652008	-1.90558616767812	19.5373160458671	15.2763066216619	-2.02382413185799	19.1231752225993	15.0121465611845
PEBP1 POMC.1	-1.5849628286368	18.365389770555	14.8560177157929	-1.96976506778612	18.4559692157084	14.3838462911276	-1.92926430251705	19.130947973114	15.2624844172873	-2.3555774711806	18.9588425266901	15.2829666176413
PEBP1 POMC.2	-1.00030286812379	17.4117995537883	13.8071039665104	-0.998365314054827	18.0725288241387	12.8083152216336	-1.50011300869397	18.4874717475174	14.3165646299479	-0.936289171355523	17.8954438074922	13.5294926175877
PEBP1 PON1	-2.06499559836526	19.4731623885359	15.5185053745038	-1.69586887605545	18.1401300812896	14.0696397216615	-2.53610481587656	19.5702341820865	15.5965206055725	-2.08117627308089	19.2061612279285	15.3039679636649
PEBP1 POR	-0.718337066198859	17.7327290708866	13.1134850435402	-1.49952369237854	17.7911361845255	13.5982547090546	-1.20096196541014	17.9455100680567	13.6493985707344	-1.26265110358438	18.0447784359895	13.7237529943135
PEBP1 POSTN	0.0158674967316256	15.7969224148366	11.8180144765278	-0.124043609376942	15.7497002666118	11.9331259578517	-0.298551121749568	16.3388235221956	12.5180487088232	-0.0748059748499248	15.9549521730351	12.0857070544386
PEBP1 PPA1	-0.74397504435757	16.6012082271019	12.9353391873909	-1.69331722883358	17.9060977413224	13.7260053376543	-1.36148222624237	18.3613762714099	14.3073784936459	-1.47754050480375	17.70646242797	13.7374442500037
PEBP1 PPBP	-2.08233454412648	19.258510016979	15.1292656763068	-2.3578988581639	19.665374104543	14.4980801088805	-2.65354900280429	19.9324278801605	15.6393907602012	-3.04025016998502	19.6426938331032	15.2461282821197
PEBP1 PPBP.1	-2.23275843068171	19.3388137147637	15.2506074613482	-2.54043168564831	19.6526704017352	14.6247318031655	-2.76356826403334	19.9725774352894	15.7568963906748	-3.23953163798394	19.7139652386785	15.3741908530514
PEBP1 PPIA	-1.10524842524506	17.5605008518305	14.2987742108638	-1.59212169013938	18.43111433959	14.0698169449214	-1.64007652479873	18.3865067442721	14.6102858250528	-1.72635285877664	18.2285993177319	14.561964005807
PEBP1 PPIB	-1.16880130022871	18.7594642794575	15.160756644148	-1.85845138942392	18.9476007990948	14.8423605841292	-2.97311403388851	19.1310715134008	15.4851397309754	-1.80882053954562	18.9413871764995	15.246385712215
PEBP1 PPID	-0.99441433105493	17.7119658599582	14.2719622506288	-1.45882362447222	18.2518679783192	13.7452970745502	-1.1120725891127	18.3854238169479	14.4720290586887	-1.5524299211954	18.2166674496718	14.3201378817201
PEBP1 PPIE	-2.01009696245741	18.0533862403694	14.2463167242857	-1.84004596573936	18.7845529015775	14.1230101766485	-2.72536810400491	19.1995957386111	15.0460971523169	-2.25353774263287	18.7672090034186	14.563354942453
PEBP1 PPIF	-0.093085567426308	15.3836858568743	12.1936954619494	-1.02585655333297	17.5804678703385	13.5506980912263	-0.460952378598693	17.0779105154752	13.5876735855924	-0.623604387075053	16.9215865452374	13.3326674448592
PEBP1 PPP3CA.PPP3R1	-0.73183230778069	17.1414648842038	13.3298152447793	-1.7429613859008	18.1943858086069	13.6822053422103	-1.2627582188331	18.1649978280895	13.9028601362001	-1.39007985661228	17.9621776638393	13.9262531984669
PEBP1 PPP3R1	-2.02031880477669	19.5607784501309	15.2296623357631	-1.22958018954394	18.005874107268	13.2502051938558	-1.95223250862329	19.3913591714747	14.7672157865047	-1.90883653731644	19.2497590396225	14.744988080256
PEBP1 PPY	0.0244050818190152	14.8825399794202	11.6383098099453	-0.389596695773071	16.7802167783645	12.8316917307825	-0.195276567290477	16.262332462093	12.6717140422251	-0.270613044236699	16.264867620216	12.7786004088168
PEBP1 PRDX1	-2.56362885407846	19.491876143607	15.4876830394922	-2.45136058072829	19.4012727928701	15.4052610583584	-3.3330575067817	19.9432906842519	16.0374195116886	-3.09505805337195	19.5316595521978	15.6296659092821
PEBP1 PRDX5	-1.11768052851146	18.2425763223503	14.1072699038318	-2.60366236096578	19.0693939248299	14.4981496947546	-2.25019315895473	19.8978222210598	15.4503897120389	-2.22128418696625	19.0359537189199	14.8846643711103
PEBP1 PRDX6	-1.44396483857676	18.5048729168476	14.7328784912224	-1.42071838312734	17.9657816756875	14.2225119419373	-1.52129828305619	18.6915090957849	15.0039001591439	-1.46417607519097	18.3866946247305	14.7101648457693
PEBP1 PRKAA1.PRKAB1..PRKAG1	-0.607468567316165	18.1895099481608	14.4184315338471	-2.00245696036372	19.2982214577419	15.055587523539	-1.84646161772175	19.4214227726012	15.6336792880316	-1.87401436579963	19.2018249549892	15.4624693328586
PEBP1 PRKAA2.PRKAB2.PRKAG1	-0.949689768535307	17.2236841131991	13.4128407377195	-1.36662742726703	18.5616665636621	14.0220213682289	-1.60745067968729	18.4375545644283	14.8473754183476	-1.24290757242835	18.2140526520376	14.1735673909404
PEBP1 PRKACA	-0.88295467120756	16.5863989866195	13.2570227272055	-1.07251926600998	17.7772996715516	13.5178098606596	-0.836917826120351	17.4283917461336	13.7907769786224	-1.00951638968909	17.3767846002532	13.6433414337209
PEBP1 PRKCA	-0.430369256149571	16.6864909947634	12.7626564586707	-1.1416696127577	17.8917144037926	13.8180292493224	-0.676912256408231	17.5297214510639	13.806386509814	-0.860470249008528	17.6059973149848	13.7693984874965
PEBP1 PRKCB	-0.430744614325893	16.7380907418043	12.6435117831418	-1.19039037328299	18.2359852344779	13.8985692030893	-0.95001895930224	18.0257194510296	13.9122315219708	-0.913618677189571	17.6754593533436	13.6452098102392
PEBP1 PRKCD	-1.73383370140807	18.589652568307	14.5973567453861	-1.71033478459694	18.8953413914644	13.9302032111083	-2.29699300495445	19.5681678505777	15.2247895660397	-2.14528867173176	19.0982990838205	14.7720838934871
PEBP1 PRKCG	-1.93412399101801	18.6759204110824	14.8029551201191	-1.39184387408299	18.6604124655165	14.1675639258088	-2.68945101989997	19.4065113491347	15.5276056017953	-2.09533631575067	19.0755439340674	15.0306454381176
PEBP1 PRKCI	-1.18111654603535	17.5682842933106	14.2089671665859	-1.12859175392742	18.5528753269881	13.966879831709	-1.50914653110715	18.5918077955142	14.7591805661086	-1.24512775369583	18.3786317024922	14.4981651190503
PEBP1 PRKCQ	-1.26981968297341	18.2161588422883	14.2327444666896	-1.54265785530288	18.608736081551	13.9035911529656	-1.55981534472741	18.7236829910121	14.6154605012594	-1.73333835046251	18.7980791985876	14.5724008810741
PEBP1 PRKCZ	-1.04088532126241	18.7882103561215	13.8172233235646	-1.74827282692904	18.4244136287005	14.4455160047297	-2.27373970112955	19.4511437998179	15.1536408368248	-1.57499423595087	18.9990515600919	14.5574241520471
PEBP1 PRL	-2.03420007248152	18.5500912876743	14.8768398971546	-1.77831982191503	18.8183526976514	14.3458317175934	-2.5871721745125	19.8318541763593	15.6207176765419	-2.57087530962047	19.1676821689218	15.2225099744522
PEBP1 PRLR	-2.54802555589385	18.4261433606963	14.8055185098819	-2.11357958754909	19.0482115422254	14.8403473271627	-3.06803761514748	19.4452600461313	15.5860796067501	-2.25208808666318	18.8635708628803	15.2116082396714
PEBP1 PROC	-0.745210072797583	17.6675854983575	13.2001158034189	-1.83263646559636	18.9672377800568	14.2145864482238	-1.74620101458915	19.1192154771446	14.4638517656653	-1.44268208555095	18.6788570698813	14.1227193487284
PEBP1 PROC.1	-2.40924598567176	19.8673675089932	15.3147285575095	-1.59434798025576	18.4287551420027	13.5171371513279	-2.81846957593001	20.0930893015621	15.4429085145428	-2.65640956747334	19.4175379758524	14.8778070276339
PEBP1 PROK1	-1.00693091703719	18.2998631995484	14.3002469749217	-1.00614590815332	17.9745478438732	13.5744041880653	-1.86866109585404	19.0103700964476	15.2024022927009	-1.21909165813962	18.2806823181315	14.4169218739846
PEBP1 PROS1	-0.695026413377428	17.6711663024472	12.6564910198643	-1.90984308083514	17.5015819758917	13.4496233390475	-1.55459830371786	18.7933584856207	14.5612529997054	-1.32896428120675	18.3034769947332	13.9544901693426
PEBP1 PRSS1	-2.51763549496868	19.2188310061755	15.0335599575671	-1.19544480034598	17.9477445352778	13.4928245528359	-1.90376462690931	19.1678893104849	14.7168516808783	-1.97261827971271	18.9362463813421	14.6051148267793
PEBP1 PRSS2	-1.01205505297495	18.7672748356333	14.2929714504566	-1.13946102767951	17.5843694754504	13.6802499307491	-1.35090067890437	18.7123579597382	14.5831922580299	-1.02734090646905	18.5103955602626	14.2988335736716
PEBP1 PRSS22	-0.952636660620566	17.1707526299509	13.0367660074309	-1.00231276228909	18.4638595502429	13.6324136284269	-1.86863786930081	19.1273485523035	14.8211855894619	-1.24490313463748	18.0297822601426	13.7884182035424
PEBP1 PRSS27	-1.89239866820298	19.1725739093833	14.837949907729	-1.95625893862858	18.2106465312155	13.7126701693085	-1.9035031571774	19.5642884869996	15.1031191679919	-1.80276166168554	19.1800024913653	14.7752150172133
PEBP1 PRSS3	-3.02789702329536	19.7115161020917	15.803533846334	-2.16306403854009	18.5755918638223	14.3111549655196	-3.82047958784541	19.7462464463227	15.9060671593918	-3.02949301690381	19.4635829822815	15.3191267219723
PEBP1 PRTN3	-2.61021500843278	18.8978464546269	14.8306555341969	-1.38322321140459	18.1688658614133	14.0143838480992	-2.85553650892032	19.2337769528113	15.4179465060128	-2.39551101577861	18.7114249213623	15.0406361020507
PEBP1 PSMA1	-1.6029464187082	18.3214481006496	14.4574917240718	-1.87832979167744	18.9095339515758	14.3005729352442	-2.78141871813936	19.7063868420497	15.4761815605639	-2.41805076363181	18.8217061313393	14.6773443243347
PEBP1 PSMA2	-3.3066826268414	19.6554637139279	15.4102744083228	-2.20388180358014	19.2560617028926	14.4391357304635	-3.39823730610759	20.1120416171974	15.660087479987	-3.27704013126019	19.7382828380205	15.3929037102433
PEBP1 PSMA6	-1.43558351928015	17.5016554614887	14.3482952686839	-2.15912959114076	19.0291422651073	14.5325858816434	-2.05507162022884	18.7448725396536	14.9044047037917	-2.03478871969744	18.5104525307356	14.7033070004434
PEBP1 PSMD7	-2.29840777728497	18.9313147879231	14.8604354194627	-2.60415064034554	19.7019796590251	14.6178582791609	-2.55759948363956	19.8849134042931	15.5189839535822	-3.14099951010436	19.8402736299991	15.5735276538316
PEBP1 PSME1	-2.9820608743732	20.0495539023522	16.1673363586811	-1.87300753797413	19.2654421781602	14.8327095220967	-3.35376769018835	20.0929931916939	15.9740558116534	-3.44868617218329	19.7685228499986	15.86912643689
PEBP1 PSME3	-1.37268492081971	17.7400613984262	14.116001203015	-1.08802243507656	17.4717812365346	13.5271612157586	-1.73870135792456	18.6697423147731	15.0698287549237	-1.29765918598379	17.995371822732	14.3014638670958
PEBP1 PSPN	-1.64586911671578	18.9936491228784	14.4000582730804	-1.14563806587807	17.8012975957798	14.1575532847131	-1.81110715208653	18.9960537901082	14.8670832438715	-1.62725702438874	18.5961806916624	14.6926750556311
PEBP1 PTEN	-3.25017102505277	19.1920167725843	15.7401966147951	-1.11615162158515	17.7418563736081	12.9452672105679	-2.05579045567979	19.3576146511818	15.066813959472	-2.3704703720171	18.9833861111865	14.7500733611301
PEBP1 PTGS2	-1.60180307386524	18.9844813399143	15.0002466679218	-1.38523140564989	18.450791752605	13.8473923911962	-1.64828760455727	19.2375524170944	15.0709637526273	-1.54116336553881	19.0204994631926	14.9884074830601
PEBP1 PTH	-1.42095158606541	17.8837633478267	13.5629227575875	-1.36221631988498	18.4373904388364	13.5910984577904	-1.43651102377801	18.3185666913932	13.8147060124299	-1.56813349517201	18.4815928936455	14.002517358239
PEBP1 PTHLH	-0.304685161451308	16.3036514716497	12.0277007297085	-0.0395207739109773	15.3450852492526	11.281171560813	-0.28746101353672	16.3576563574185	12.2364105789222	-0.290659599222983	16.3623889930807	12.0142623519767
PEBP1 PTK2	-1.49977638361706	19.6746990040906	15.7294044642495	-1.54144741409187	17.854146604361	13.9212772853625	-2.8189956973355	19.5386845814363	15.7625643820369	-1.85232850161003	19.372335078802	15.5044174930288
PEBP1 PTK6	-1.11245973270708	18.5032594175332	15.0916085963993	-1.4588561804588	18.1188426686607	13.432616709168	-2.08107244688284	19.2148657302235	15.2733435843384	-1.48531002162191	18.5860495781571	14.7650565400857
PEBP1 PTN	0.724302347509684	9.7779752942189	7.25947780569226	0.634540063233796	10.7929651474227	8.25344610228612	0.645460540773078	10.7197427889361	8.11275530048588	0.661338152032285	10.483935779058	7.91772051430288
PEBP1 PTPN1	-1.18931595423986	18.230305373672	14.1430406412979	-1.77290416054093	18.4119221585107	13.9212908043878	-1.9443696744906	18.9840241196867	14.7580813530332	-1.46367603778883	18.7271359103151	14.495859016099
PEBP1 PTPN11	-1.82772913079843	18.7487377863735	14.5559638243198	-1.4597212925751	17.6520101658297	13.2423730837189	-1.90785634701008	18.934966822285	14.6593149695955	-2.43207041870268	18.7833833628376	14.6023422742579
PEBP1 PTPN2	-2.06564773209181	19.3307504393832	15.151282058172	-1.87973876258281	18.9869226454105	14.9465769201794	-2.52704878941106	19.6490074849487	15.6179759645787	-2.20279147587623	19.4599875197451	15.3322499056377
PEBP1 PTPN6	-2.0440164476241	17.9453747816088	14.5857750630526	-1.27555505882764	18.0451138404646	13.3093626431124	-1.51322129572019	18.5152083791718	14.5627681111732	-1.87335982812355	18.3521889137532	14.3348448389755
PEBP1 PYY	-2.76463853397166	19.0696069116431	15.2760391757258	-2.42721636535934	19.286749865937	14.9622379156595	-2.97844158832673	19.9037804418962	15.9549741114241	-2.79737148557163	19.4629206508398	15.5314850664432
PEBP1 RAC1	-0.43791673234639	16.6305311124287	13.0955395772045	-1.1513572217131	17.7150499469014	13.7010810196665	-0.696865046072694	17.4643418627641	13.719806858932	-0.96605621590897	17.2460316513732	13.7749351793785
PEBP1 RAC3	-0.468633670553027	16.5907731300658	13.2322963778343	-1.12853963697984	17.8836792910651	13.3451053427113	-1.03462650907983	18.3814401049511	14.2108152935556	-0.971213025322261	17.7733435425335	13.8564777197852
PEBP1 RAD51	-2.34806839171998	19.2333503436679	15.2341283447561	-0.536655912715569	17.8710652379502	13.264129366051	-2.35554277990568	19.7969174065293	15.6242185505355	-1.74040455320124	19.245010276244	14.8499329377875
PEBP1 RAN	-0.883833917953239	17.5162234262771	14.3226373092025	-1.28856118285094	17.9260958864536	14.0039932666922	-1.60798320774989	18.5506343268035	14.9909997268408	-1.4281482042646	17.9757697135948	14.5680797962786
PEBP1 RARRES2	-0.469500934513933	17.0063300885123	13.1532317483426	-0.914561265661374	17.0649104621229	13.1764764445435	-0.851803014634934	17.4466238216289	13.5895406750289	-0.843898791586536	17.3303356337474	13.5552449224636
PEBP1 RASA1	-2.11129986233665	19.0021472288894	14.5986553655101	-1.75891350322098	17.9542662913699	13.9851872853807	-2.0264996555434	19.16869372432	14.8606365837772	-1.74319456930021	18.7426642541756	14.510478260045
PEBP1 RB1	-2.10772733088143	18.5844481806784	14.9891434938937	-2.09239599998673	19.285820025971	14.7114007972194	-2.93831049901673	20.1500862924683	15.6735794241444	-3.02889079169403	19.3478885667444	15.1469341539923
PEBP1 RBM39	-1.3619159771398	19.184604932744	14.1889185564762	-0.756441342382954	17.6585708735717	13.6870811329206	-1.18713644646908	18.7180513738376	14.6927072457703	-1.20865061105856	18.6703560380964	14.437837951627
PEBP1 RBP4	-2.70136980711543	19.2781655793796	15.5215530651768	-2.07220508329262	18.5916118373966	14.7591936870991	-2.57616187283102	19.7557905390331	15.7592548909658	-3.28772628425133	19.3833954384345	15.562491892765
PEBP1 REG1A	-0.729743796336043	17.9644944808261	13.7739240391225	-0.703812751875416	17.4497464205567	12.9462133592488	-0.877643718009679	18.0954299614896	14.0792880481289	-0.732022844568895	17.9543730945606	13.7282643453902
PEBP1 REG4	-0.015295504806554	15.5794361950803	12.333875370215	-0.103093963594326	15.9890974102509	11.8731476167624	-0.102893485199253	16.2608370119693	12.6637048681669	-0.0077168955846687	16.1797983558733	12.4509131643143
PEBP1 RELT	0.152811007017076	15.0708070247654	11.1048173812215	-0.108027365965061	15.676671171832	10.427760442151	-0.263980128272144	16.4579489349548	11.655840566416	-0.0339750080067278	15.718245526025	11.0692352774753
PEBP1 REN	-0.152950967472919	16.8814510183441	13.5649335038134	-1.70850830137151	18.7578832260014	14.3145956289959	-1.15846156872401	18.7050969487968	14.7587748723477	-0.961230921422971	18.0781286202033	14.2607155030611
PEBP1 RET	0.422810141055404	13.3290165811082	10.1500830756733	-0.873780454551037	16.9442136408144	12.2585542571179	-0.109309559552674	15.8142143916566	11.6477860358606	-0.000418296757555892	15.4971317058013	11.4886281469448
PEBP1 RETN	-0.769992285793623	18.0356617970604	14.1726338755976	-1.85565623526126	18.6778736891599	14.127848709508	-1.86059456982415	19.1855273638322	14.9042321340815	-1.52432784793051	18.5590564256795	14.4883896935486
PEBP1 RGMA	-0.634098905204855	16.3614049460088	12.9192174754877	-2.17913207601564	19.5590849210867	14.5422451397588	-2.10380167213945	19.0175357795551	14.7675999521572	-1.38245302931083	18.235655288905	14.1311945367482
PEBP1 RGMB	-1.00188763508087	17.9659794281878	13.8483562053375	-1.27513865588582	18.0021413614467	13.8692816348925	-1.9692415469058	18.8880226286652	14.9440111904232	-1.37412039260145	18.2337170797342	14.3177622483967
PEBP1 RNASEH1	-1.04272701935928	18.0484696727835	14.0474558966876	-1.44848557142104	17.7955817031911	13.6981278597423	-2.33422801203026	19.5962547020122	15.3973777736411	-1.80234447569037	18.5183275715205	14.5031587693209
PEBP1 RNF43	-1.99731871178762	19.1479493799055	15.7146325781844	-2.5434975444189	19.1387533808481	15.2338891511493	-4.05105254218002	20.0740796276693	16.2634774598107	-2.72217668361035	19.4693219437487	15.8773955794441
PEBP1 ROBO2	-3.18555514300202	18.9168446868741	15.3329665207756	-1.12812913305624	18.3588789331357	13.3945550896262	-2.48339970845214	19.6703868162429	15.2490249335738	-2.36501015157841	19.0311237195019	14.8171741302193
PEBP1 ROBO3	-2.43078142037193	19.53231362418	15.7867961384905	-2.25886361492969	19.0060313574203	15.1681097492469	-3.31936631340331	19.6470787379191	15.9274300473506	-3.01269026580204	19.7112069766573	15.8145408963563
PEBP1 ROR1	0.0322992089634738	15.5543742158611	12.1001944235803	-0.782617359535525	16.8478694009434	12.6833357731175	-0.367412082332357	16.7707479237891	12.6690327724485	-0.311438780405862	16.4741817954645	12.6502452842437
PEBP1 RPS27A	-1.50071861430197	19.0771270590022	15.4777467754075	-2.57472326314114	19.1707328778256	15.5053568126708	-3.31646926447911	19.6397255598103	16.2094020144224	-1.96390222963893	19.2047640181596	15.6621552745499
PEBP1 RPS27A.1	-1.45267958997464	18.3842107912633	14.7974063805847	-1.30087930130288	18.3945579525081	14.4234490312753	-1.88000411239512	18.7843465060234	15.1899650365848	-1.83242983542531	18.6607950381792	14.8910652302054
PEBP1 RPS3	-3.81932677015897	19.5971191700214	15.2112910872856	-1.70803655999291	18.4902276644423	13.4633477810942	-2.79133650047904	19.9960053134904	15.5172991335795	-2.87723649475554	19.3694360325369	14.8976671327857
PEBP1 RPS3A	-1.47717342120998	19.2712476921977	14.6824831970863	-1.7487232673768	18.5082225902054	14.1536428821809	-2.9218906186917	19.6447650345117	15.6324475115923	-2.52425155935365	19.2761720540508	15.2853415343596
PEBP1 RPS6KA3	-0.468436005587741	16.1968510884852	12.5585454650559	-1.61524741468075	17.9654392569559	13.3774645401374	-1.07199938178226	17.7798567234654	13.8517725935661	-0.986289938514133	17.3531134109071	13.4351610228614
PEBP1 RPS6KA5	-2.92571569459071	19.4541619730789	15.9011948882266	-2.9603738909493	19.3488915229489	15.0363428624489	-4.23273177003466	19.8693150877366	16.2951794150124	-2.92177816831561	19.6821340482826	15.7903553859001
PEBP1 RPS7	-1.9454318534972	19.1427594103732	15.2864801719764	-2.37613892743965	18.8100111161519	14.8394391751547	-2.41428280884319	19.5301459964782	15.5819975271437	-2.87419842730365	19.2729595256471	15.4672843696083
PEBP1 RPSA	-2.32380664933642	18.9571454868949	14.5356521054324	-2.33436955923381	19.4298092912582	15.110410808968	-4.55740333476632	20.1143235435185	15.8834059340141	-3.1025717801382	19.5088083824571	15.2268069617246
PEBP1 RSPO2	-1.90062369849543	18.7348830644734	15.0458522222266	-0.899900163865976	17.6092299176812	13.639055088756	-1.79314870665396	18.8872342298502	15.1944513748845	-1.49304698844535	18.4134343342382	14.7786609020832
PEBP1 RSPO3	0.530618706874133	12.5032769576191	8.97566846706464	0.293646544990546	13.0689530598488	9.59593438648252	0.472160800981933	12.9580287128312	9.54442439995595	0.436557888064207	12.9187296660127	9.53801831289805
PEBP1 RSPO4	0.451701476105072	13.3391598017912	9.97161911907284	0.321768802627555	14.4729688773868	11.2924748088678	0.34761404693629	14.4978477330658	10.8625483131365	0.35240307813552	14.0861862247199	10.9613829471684
PEBP1 RTN4R	-1.63150932516796	18.9481321792141	14.8320156082879	-1.34920725199845	18.4721569504551	13.4292202200827	-2.62433750711232	19.2454427699917	15.2334110220827	-2.07908364787782	18.898279869028	14.8434937877693
PEBP1 RXFP1	-1.23242259827318	17.9217091765638	14.1075861621042	-1.37581041761641	18.8079872439487	14.431510154987	-1.58244085831503	18.8837374829286	14.7156509428895	-1.60807803403963	18.69287550722	14.7651532469962
PEBP1 S100A12	-1.83946756207201	19.2083387267502	15.2642158213012	-1.43710603681525	18.3790160159941	14.4764921178959	-2.72931755106599	19.2379078570642	15.4314645511689	-2.36474120295445	19.1996772444949	15.3691155917785
PEBP1 S100A4	-2.68132156389454	19.756997944739	15.4397623090218	-1.44392959498235	17.997912781499	13.9785045153773	-2.07978317471112	19.3626491903104	15.1189849003837	-2.0157228484166	19.2660264889526	15.1667648999783
PEBP1 S100A6	-1.78798098010315	18.3109749878111	14.6786379481343	-1.93098182564461	18.8019012924999	14.4446592154253	-2.01422325467496	19.5489723371154	15.4600577400957	-2.06420449071089	18.9371746955008	15.0920075083411
PEBP1 S100A7	-2.27274961386288	19.7208065410185	15.4038191554433	-1.64997924119237	18.5782113123228	14.1701798872744	-3.81761170126234	20.1242094325193	15.8816098411094	-2.42317692043894	19.6129393636146	15.4409921677986
PEBP1 S100A9	-0.806793258624997	17.1149631671946	13.4501265509003	-1.43697328814565	17.9997386903687	13.7766599722649	-1.20920136178963	18.2660527947072	14.4496010233835	-1.42342140463466	17.8260579666036	13.986615756564
PEBP1 SAA1	-0.483231682974824	16.8297585269298	13.0809515577413	-1.54930484439433	17.8557011569662	14.2861021383529	-1.5484331905288	18.4761958830648	14.6650430924046	-1.32727166514575	17.8769709576651	14.4144899823384
PEBP1 SBDS	-0.464390188711437	16.6017659686585	12.6225575067482	-1.37859045142425	18.1882886901418	13.8121619448009	-0.825291274172033	17.7350080645456	13.6966431810988	-1.01876817940973	17.5560936211806	13.5765611467489
PEBP1 SCARB2	-2.78237024109841	19.1389241251874	15.5886256599417	-1.35976975388507	17.8060190284999	13.5617717388824	-3.86746073083331	19.8053339952719	15.9718446253267	-2.39384542713248	19.1468172348608	15.4362492791378
PEBP1 SCARF1	-0.113635700936619	15.7115161212093	11.9263853141431	-0.864455411843533	17.5284599898191	13.0554403929459	-0.613339037113751	17.0792449268245	13.0942938010334	-0.498597369049345	17.0363171272202	12.9262362007855
PEBP1 SCARF2	-1.12419173799175	17.8506757727252	14.801220198759	-1.18320210425084	17.8272773106359	14.136640907574	-1.33074531125338	19.0925398270751	15.4376589166794	-1.68809236704372	18.4363154647418	15.0743380806596
PEBP1 SCGB2A1	-2.25468763784274	19.008960915642	14.9526694118632	-3.24390293616462	19.4372071551639	14.9244028343824	-3.03304408435094	19.7403624985965	15.6135591272146	-2.6060465830654	19.8651583047488	15.3733672086536
PEBP1 SCT	-1.21685250226397	19.1848887366126	15.0966713908024	-1.66849723611609	18.5524029683812	14.4269961418765	-1.66526792760532	19.4278882917918	15.4308546876121	-1.59109591014631	19.02645408434	15.1831322314468
PEBP1 SECTM1	-1.19498868363047	17.6708204324093	14.0989965190723	-0.310064468078127	16.5817326311114	12.1025051675694	-0.886114597639521	17.8266843782793	13.6919504846662	-0.681265022019956	17.6322741661852	13.5595893304968
PEBP1 SELE	-2.2436676405548	19.422220044836	14.8708813317592	-2.114705884375	18.599136388327	13.5281493489745	-3.05233216847309	19.5406395233383	15.3645642871072	-2.28422374004691	19.4689738057336	14.7190178313477
PEBP1 SELL	-1.04162127011517	18.1250184625214	14.5086835827649	-0.669966187414792	17.866881570695	13.5086589326336	-2.67101528982676	19.3091732828125	15.4967138912593	-1.2649209229078	18.4322635503403	14.6075583544686
PEBP1 SELP	-1.63339336150232	19.1309415912872	14.9592635240358	-1.76624789210397	18.1478713712161	13.9543822498094	-2.36027734158957	18.7803045186441	15.0094972296788	-2.42944391292622	19.0447026195616	15.0687858124225
PEBP1 SEMA3A	-5.10534911611408	19.825497698192	15.8449953037159	-3.2206940078106	19.4332781372294	15.1770090155247	-3.90670324880299	20.1197589120875	16.0990935595282	-3.38484914938596	19.7586360489435	15.7839338393167
PEBP1 SEMA3E	-0.603988364499926	17.4431378132044	13.1485568336399	-1.15140703793603	17.7648830463896	13.4374761286223	-0.918585620494309	17.8467800940187	13.7640250818025	-0.833072433160139	17.7304550832842	13.4939928098128
PEBP1 SEMA5A	-2.25327793453191	19.9401635906901	15.311243583093	-1.56856713770138	18.0829477504899	14.3694498359577	-2.64852101596145	19.6255402514582	15.4472035684711	-2.32768286302145	19.517018678366	15.3230847381069
PEBP1 SEMA6A	-1.32793211816294	18.570124246912	14.9175242420943	-2.22779785987361	18.6716351205942	14.8414295050431	-2.7727225941411	19.3454791914938	15.6463218392601	-2.10124924785822	19.1157531311504	15.3911680147233
PEBP1 SEMA6B	-3.16131103134149	20.0469064311072	15.7744814699881	-1.17893633706978	18.4051788624049	13.5026082801184	-2.39797631646262	19.6147747733878	15.4329804764605	-2.28622676391646	19.5989094947069	15.0910521181692
PEBP1 SERPINA1	-0.505680553156332	17.7411342812862	14.4715991757776	-0.565650403857087	17.0836145161477	12.6517931448272	-0.798278889868056	17.7272760451607	14.0920421399919	-0.495117744082098	17.6291516714523	13.8432862893068
PEBP1 SERPINA10	-2.59614439459489	19.620375135889	14.683147304905	-1.49720888558994	18.927392682026	13.985264562282	-2.29140663885925	19.707567420157	15.1411800946475	-2.02375267570488	19.3976819643995	14.5798849346569
PEBP1 SERPINA3	-1.77158713225199	19.0250184438216	15.0360407936422	-2.9396045709588	18.9540743158396	14.7629945021041	-2.11906784084578	19.4424384982069	15.5804860056183	-2.07859871622558	19.3524574994811	15.3602516433655
PEBP1 SERPINA3.1	-0.334988253369886	17.4647418924756	12.5974169282503	-0.78486667496477	17.8931411538301	13.1034572245951	-0.902316332910849	18.2890488713156	13.7355458996758	-0.680561429183118	17.964609923135	13.1842453479284
PEBP1 SERPINA4	-1.44520878654427	18.4477312443699	14.1440828110587	-1.63929483575837	19.2622142203039	14.6081596489836	-1.44700638062821	19.6028939436496	14.8209025580868	-1.76435291199887	19.289288828464	14.8129040134324
PEBP1 SERPINA5	-3.29133836652283	19.6305308937284	15.3270920761846	-2.40528929363009	19.2837614044921	15.1474625691475	-3.03734644904892	20.0467730317827	15.8859242670117	-3.52120144472174	19.6644955766908	15.7312960477909
PEBP1 SERPINA6	-2.27047764283848	19.095260942752	15.5990572279726	-1.67650143338686	18.7937153661935	14.482074353229	-2.70274928623436	19.5222406725716	15.635540431879	-2.69627959308015	19.3353960822858	15.4583413995656
PEBP1 SERPINA7	-2.43837068681486	18.9738734917344	14.5960553585036	-2.69113611075047	18.6532264305353	14.4430447267276	-3.01963928486474	19.566848007377	15.206923328724	-3.59891098812591	19.3019319756391	14.9729322819297
PEBP1 SERPINC1	-0.369532488831025	16.5753806012931	12.4897550938694	-0.949717260382014	17.3800997721026	13.4897030842061	-0.900645519121882	18.0592036090726	14.0070888439755	-0.795430792747924	17.503514800163	13.5215516093129
PEBP1 SERPIND1	-2.4657155152776	19.7325816654081	15.1279215012824	-1.31445969466835	18.4031008383115	13.3751460960248	-1.82248438714026	19.6491071503084	14.7921744390829	-1.8624534838019	19.3390511138369	14.6455110325408
PEBP1 SERPINE1	-1.08951814767153	18.3897599761819	13.9708455374358	-1.42066700783723	18.5268952822974	14.1841199975004	-1.93353351056448	19.7283879974015	15.388498529004	-1.65441903817024	19.0923058127331	14.8172398235245
PEBP1 SERPINE2	-2.41233120424361	19.7348667509655	15.6319869222678	-1.51593095269729	18.7230657032536	14.0709220182233	-1.99338876457613	19.5847723518113	15.3110259483372	-2.3032722076715	19.4686412753658	15.4156343364148
PEBP1 SERPINF1	-2.12810723408357	19.7068877941745	15.3233697972845	-1.84784772820376	18.6045129893892	14.0355240510082	-2.66243869171482	19.7297133742348	15.3328921820663	-2.55879552389047	19.399994317249	15.0609148447424
PEBP1 SERPINF2	0.489864681138896	12.31663865146	9.67263989739122	0.0375388358991712	15.1921568410867	10.9251802347143	0.171348073425427	14.7222624873915	10.9523130092522	0.193836716741653	14.224241077456	10.5796118048692
PEBP1 SERPING1	-2.03233839758872	19.4333578418884	15.4387366358681	-0.585555584427565	17.2545560280733	13.4891704123428	-1.01050406780212	19.1378583603022	15.0331044878955	-1.33614783277103	18.7543145836396	14.9246190433404
PEBP1 SET	-0.889982787773421	17.8462866725239	14.0954885175175	-1.23310864830673	17.8389687967451	13.5685943131814	-1.46219372118474	18.3422146734064	14.5859936938647	-1.20338372870863	18.2732326764042	14.2182222116322
PEBP1 SEZ6L2	-1.47518526350741	18.0726922477196	13.909645360819	-2.34938929933056	19.1480678862067	14.3261820592453	-2.77074606358691	19.5157050508712	15.2259462828903	-2.42450487156221	19.1364987852617	14.6549610250128
PEBP1 SFN	-0.934381686626809	17.2650053367245	13.7041080405159	-0.718435310133659	18.3226074478487	13.5875911808153	-1.4679837524683	18.6277094221351	14.5229388029791	-0.828291339057055	18.2378359602156	14.000031995489
PEBP1 SFRP1	-0.715354415979367	18.2791807160695	13.4518079922392	-0.0812367240102998	16.552862718985	12.0428680373909	-0.394978282987027	17.851093048867	13.2944959255652	-0.390825918463095	17.6037300549991	12.9743859627369
PEBP1 SFTPD	-3.07028858032663	19.8982967142869	15.9461213668122	-1.41269543921605	18.4950585988765	14.5964959973741	-2.50214073564964	19.6061072306798	15.6809062900788	-2.32848267791559	19.3629750152089	15.5865882037168
PEBP1 SGTA	-0.424593699392795	16.4754930788719	12.3310359437711	-1.14840948742231	17.5974840568123	13.2879132877618	-0.899973452828332	17.9700082794962	14.0934391194464	-1.08854408021857	17.3925821219257	13.4456404064881
PEBP1 SH2D1A	-2.13962392139266	19.2282379454391	15.2414137649423	-1.86212160762988	18.4219731835295	14.4284711430342	-2.19194222645593	19.0743696539821	15.1802032479371	-1.98652979884715	18.988502075769	15.059916250329
PEBP1 SHBG	-0.477100253862505	16.625166840158	12.9830062247061	-1.5144632592714	18.5216677532078	13.6196531432435	-1.44793326995477	18.3944986636515	14.075554960744	-0.959455893456893	17.8682837138985	13.7018320308388
PEBP1 SHC1	-1.27535665436594	18.2418897182763	13.3716287044539	-1.70712174589551	18.7677338123232	13.8191575372908	-1.37377562266297	19.015278420997	14.6157661472772	-1.6107963112463	18.7841454061008	14.0231053656389
PEBP1 SHH	-0.753900995097861	17.1663290742862	14.0940914624962	-1.28077906187137	17.9771291788143	14.3827409215161	-0.878580655057422	17.7361231318199	14.4111583470754	-1.13264826728529	17.8397891990119	14.6665279649509
PEBP1 SIGLEC1	-1.15732581610454	18.7060066144559	14.7089626884251	-1.5613967521021	18.6016598158908	14.4082388817739	-2.8161579531212	19.6216920342589	15.6141036591259	-1.71426607903593	19.1785310728974	15.0803617084216
PEBP1 SIGLEC14	-1.62782370669669	18.7281170449226	15.0988402431324	-0.396326737311426	16.9640943633155	12.2286910900675	-1.09026566751638	18.6571299542504	14.2860746734579	-1.05197246002855	18.1876206686787	13.9746564750331
PEBP1 SIGLEC6	-2.33432015175537	18.8416840545205	15.2617016311162	-1.04036512612351	17.6215438544905	13.712254075308	-2.39551965311609	19.3069059771011	15.6022462443468	-1.91852397911615	18.833374969187	15.2074620974122
PEBP1 SIGLEC7	-1.60089576498588	18.7127199630406	14.512267460269	-0.692018214930693	17.1406325583527	12.8309300833363	-1.17046138493428	18.6844031071009	14.4760922754491	-1.1735958129706	18.3775155749804	14.1293742733918
PEBP1 SIGLEC9	-1.36242092239503	19.7947969688031	15.303639415751	-1.93743208828289	18.9930127567193	15.0914349226148	-3.54761503700521	20.0963689490227	16.1075875093926	-2.50068273944118	19.5522860037288	15.6878966234768
PEBP1 SIRPA	-1.25232040965731	18.3233771530447	14.0928125965243	-1.56627282022545	18.9630392886673	14.3449406373965	-1.91602982972275	19.2883553666426	14.9479561206034	-1.72840221259836	18.9373505296642	14.651100553537
PEBP1 SIRT2	-1.6268557239952	19.2508955388608	14.4554350090899	-1.78686758899616	19.0508996963435	14.7371772575662	-2.5735107083818	19.7490181045455	15.2310669150513	-2.86960425484262	19.4082471100797	15.2397534898797
PEBP1 SKP1	-3.03247828443389	20.0429007035857	15.5070303066805	-1.53198529198155	18.3206743626048	14.5223918333677	-3.22978530804557	19.7559178395307	15.8418249539568	-2.53834757172042	19.4130836616638	15.4781995581067
PEBP1 SLAMF6	-1.00508239957087	17.8958942521688	13.9429860042879	-1.49654234394802	19.0682382259981	13.964297076774	-1.27211383878978	19.1437926369737	14.6443630989956	-1.22661754050847	18.8615751921022	14.4015415518917
PEBP1 SLAMF7	-1.87596270724075	18.104069948208	14.5104276104115	-2.18546188576606	19.2963106822476	14.6826107063174	-2.4126626965457	19.3578025526628	15.0757323129483	-2.15562693226908	18.9543918491442	14.8462813642727
PEBP1 SLC25A18	-1.39964997754083	18.2237186704375	13.9288921390159	-1.81995540722277	18.4110639089729	13.979122775229	-1.72515213672879	18.8611785740983	14.5281621619991	-2.01324446268405	18.6820582928078	14.4088316917033
PEBP1 SLITRK1	-1.78634729383888	18.0671842446939	14.4222272816915	-1.43710810070665	18.477436685714	14.278098606015	-2.1129689744909	19.1125656532995	15.129688055624	-2.03463948471431	18.7511261918405	14.7975901029086
PEBP1 SLITRK5	-0.856019035717349	18.0851945885686	13.7367825100213	-1.25135445268082	18.2170100379501	13.8296968950045	-1.48301863989753	19.1678265688529	14.896435098532	-1.18674969983319	18.306266214084	14.0445282513774
PEBP1 SLPI	0.257967675875645	14.4638161725189	10.9618943411224	-0.757462190849885	17.0390683006755	12.6673410539988	-0.373739660877191	16.4194381499447	12.6473883760744	-0.141922590055958	15.922010539273	11.9753331707642
PEBP1 SMAD2	-0.731264023681829	17.4827911973944	13.0760863488389	-1.18269447085909	18.3801217874925	13.5834122092657	-1.16347068985307	18.4995261266261	14.1802310168307	-1.21179343957452	18.1024802201018	13.7318748347771
PEBP1 SMAD3	-0.923236904352698	17.5562463477098	13.6575719885666	-1.32623937656007	18.1317879597661	13.3250524030125	-1.18225440952471	18.1746637926979	14.0918307164679	-1.38040268485633	18.070569634196	13.8894796613182
PEBP1 SMOC1	0.422534601204617	12.9858609632188	9.24981631437226	0.322924279556597	13.4722518849767	8.93213539952236	0.322778391277091	13.7304248868496	9.38194448645258	0.341666242816403	13.3819910992412	9.29012550311628
PEBP1 SMPDL3A	-1.30105952465108	18.5250370833071	14.8458080503331	-1.8902266424749	18.8333835708322	14.718266583473	-2.20342602242408	19.1657022021172	15.3524869408033	-2.10814178735121	19.0470623516496	15.2425849481045
PEBP1 SNAP25	-2.50692633175347	19.2819400027163	15.5715024038205	-2.04047673281764	18.798013069923	14.6360651192848	-2.43221004656618	19.3685980063696	15.5928357082148	-2.55499944063988	19.3590825587104	15.3011676222288
PEBP1 SNCA	-3.18836878149835	19.9547057397864	15.8433243785339	-2.68091174882245	18.9067323761673	14.8070830754064	-4.24886658534002	20.1033581250587	15.8467690607657	-3.08269999666052	19.6694404322239	15.5622384554645
PEBP1 SNRPF	-1.16332763320743	18.4334867674226	14.650886281756	-1.03520212908033	17.8196389238821	13.7810164498991	-2.01731405013586	18.7974489933316	14.8795898966717	-1.46260528539895	18.4383596755226	14.6134022369677
PEBP1 SNX4	-0.548130107461677	17.0044476539025	13.4836457791743	-1.63818606263077	18.5687390025186	14.260717713556	-1.14696781156575	18.2105660737312	14.3885250107978	-1.17548126790803	17.98457509903	14.1591489604119
PEBP1 SOD1	-2.28628547058447	19.3125478744433	15.4056470615746	-1.49990444460841	18.4450692868962	14.4631980055339	-2.16417263587163	19.3856882181964	15.3429933257116	-1.87749994612638	19.0165046107188	15.1571945957507
PEBP1 SOD2	-1.46583955155571	18.1216237711517	13.8438190753589	-0.675729709266363	17.1832386165313	13.1996374031719	-0.980775377198651	18.1755059894424	13.9951154125763	-1.07764274300789	18.0544508733359	13.9506091007996
PEBP1 SOD3	-0.43141303899487	16.8379799449809	13.3021431080039	-0.666896760355149	17.4710932206656	12.9657148954092	-0.816097085568213	17.6919388562301	13.8875102831833	-0.701877789471695	17.3906706750669	13.5348540358151
PEBP1 SORCS2	-2.09875944253732	19.0517988110846	14.9083597202631	-1.54506511507886	18.5973917708175	13.9518778699667	-2.52650636231795	19.9025085103573	15.3357234285107	-2.38444774888975	19.1587660255616	14.8269062577027
PEBP1 SOST	0.399148956533382	13.6780442620598	9.99009893620427	0.114145945774876	14.9557370455038	11.655879837108	-0.00688209459399114	16.0614120233143	12.6310867432859	0.245630081194469	14.6933639995236	11.2020059263262
PEBP1 SPARC	-1.27822059904881	19.1385074765424	14.5599617600163	-2.0624228727613	19.2222201418158	14.5424578735162	-2.59237503269376	19.5207028706299	15.7025736341446	-2.06727994902488	19.4856734585735	14.8953023892063
PEBP1 SPARCL1	-0.696565358369677	18.4496546662433	14.0338694475545	-1.46984503201734	17.8445506667572	13.7541461642499	-1.37367799265092	18.4015668044169	14.6894826951862	-1.28787257303615	18.4559362115403	14.450018343542
PEBP1 SPHK1	-0.412726725935033	17.1011729722841	13.3969114795589	-1.164387729869	18.1450505159412	13.7393423801935	-0.921554195567818	17.894232190783	14.2163506864777	-0.855664965227959	17.7131925249666	13.7703019456241
PEBP1 SPHK2	-2.74648997517586	19.3606399359542	15.0784413922361	-2.19756216572408	18.8889710990553	14.5807425832205	-3.89392788650439	19.7171398643734	15.6144144721129	-2.79477891083927	19.5227652347232	15.2693458084939
PEBP1 SPINT1	-1.45961717657198	17.6536733252956	13.8009073461311	-1.20913305939858	17.4739242443924	14.0077509260426	-1.65920390349495	18.3141859269648	14.7324380854059	-1.47059805271284	17.974588804754	14.3540296616409
PEBP1 SPINT2	-3.22405228492287	20.0208991235198	15.5223150960659	-1.94925588913578	18.695769814359	14.401515135949	-2.80639080425903	19.6620400050823	15.6289585962099	-3.26804695040383	19.8274553179851	15.3827173375526
PEBP1 SPOCK1	-0.418613853010813	17.1092013536589	13.195418507511	-2.19443916880061	19.0737374170556	14.4729050732681	-2.13377831032785	18.7062668647261	14.8600488176026	-1.44898477948945	18.3302445109463	14.2363241327244
PEBP1 SPOCK2	-1.30437082186982	19.3951823250203	14.281878581904	-1.250852145028	18.556320305372	13.3342047742088	-1.38119814327168	19.4915819019115	14.2975386231371	-1.33457406188952	19.318264020506	14.1720970955707
PEBP1 SPON1	0.350979504607895	13.9703975591415	10.6488945869056	-0.0931524454249855	14.9357738127921	11.5247026528063	0.194709000674415	14.9022497796155	11.438885589808	0.17763982640264	14.6567615362423	11.3685236899831
PEBP1 SPP1	-0.725724342466634	18.3318924147338	13.1842380593834	-0.658884728162854	17.1308767467372	11.8809566186809	-0.772666457477488	18.1123409556506	13.0722097601281	-0.958970362811858	18.1306556029865	12.9214244317984
PEBP1 SPTAN1	-1.6535076455232	19.7800637872836	15.6690049470988	-1.39679779021631	19.2686283104925	13.9067430401902	-2.4586838400726	19.8386823653481	15.7513457996944	-1.81918105287858	19.6805571196045	15.1461615958058
PEBP1 SRC	-0.553722372566481	16.8755035533943	13.1236558082241	-1.05120314575344	17.5582784114151	13.1154400794389	-0.561073753818361	17.6231194799672	13.6249631878501	-0.925862430430888	17.4721537686755	13.5752208533082
PEBP1 SSRP1	-0.578966007711514	17.9362550733126	14.1747735539497	-1.41347501819279	18.3193917857287	14.2077897133411	-1.1520497715917	18.7095509874329	14.8367366751433	-1.19282263827093	18.464072509034	14.6248815464765
PEBP1 SST	-0.434063219126353	17.2323103520514	13.2717806216921	-1.23902064308204	18.5988747475558	13.9340821195044	-1.09703288307524	18.6896651358562	14.6335311475271	-0.784378900692524	18.0796420966892	13.8223408961579
PEBP1 STAB2	-3.69309888977435	19.869447351564	15.5916702217995	-1.6862228635155	18.0360597119839	14.2328670461982	-2.2637153661759	19.1840503159453	15.2646122558287	-3.24548022036852	19.3121368734717	15.3520035901736
PEBP1 STAT1	-0.80933576531869	18.1705006913212	13.3557231880121	-1.08479476688027	18.4068460699601	13.3983638938943	-1.53745647684892	19.0918957355129	14.2372040617516	-1.46028132150456	18.7352901136815	13.9211235268956
PEBP1 STAT3	-0.809140683703611	17.6817684980063	12.9457728619122	-1.32958617950539	18.2838583249727	13.5801618507788	-0.914133545411294	18.1799617991034	13.9441971536084	-1.27861998567209	18.1468695009887	13.7468136415495
PEBP1 STAT6	-0.637790446344199	17.8325089188708	14.1573201302993	-1.34721729263165	18.1487627946969	13.7960862444803	-1.13473486678227	18.2349132913084	14.599559560167	-0.992193679703108	18.109292650398	14.1542519665024
PEBP1 STC1	0.0423332068611392	15.1507362902469	11.7771883413463	-1.31191127842447	17.6586654765777	13.6873086973274	-0.775661314061116	17.3287846705246	13.747956143064	-0.704441202005473	16.8935434445419	13.2099700540193
PEBP1 STIP1	-1.34587104989156	17.5346933287212	13.9774164644326	-2.1767818970702	18.099401653964	14.013205167535	-1.84994118473832	18.4321177762228	14.7831591248768	-2.27105906283285	18.1987781278898	14.5573932684643
PEBP1 STK16	-2.74025997367282	18.9706962100928	15.0601316040658	-1.53090702420578	18.719691643393	14.5958573652699	-4.14189269958641	19.7531044258575	15.9033954779305	-2.53880108224265	19.2449843716443	15.3688090582047
PEBP1 STK17B	-1.83869924165698	19.3760936608379	14.6303331045402	-2.23729330182041	18.838771667651	14.691531211029	-2.08960099012563	19.3992433106998	15.1450122952054	-2.14166675167757	19.437777633837	15.0452141131552
PEBP1 STUB1	-0.77541973515324	16.789259091811	13.2582742248345	-0.835431790861335	17.7263026963856	13.2920907789742	-0.806724138652779	17.5152586677914	13.7696823699486	-1.17367444735276	17.5581455888171	13.9273103809305
PEBP1 STX1A	-1.6797565505515	19.4378011680337	15.3731071484855	-1.25368613664528	18.2295567392499	14.0003849850217	-2.00013842924985	19.1552513265049	15.0763133849673	-1.80650800665948	19.0824803839402	15.0078116895287
PEBP1 SUMO3	-1.62620496504522	18.5952114173952	14.3760504210835	-1.42016121360783	19.1518692189357	13.9952480018055	-2.12953985386602	19.5372665396495	14.9675493271581	-2.09876087781162	19.3016583684265	14.700060371531
PEBP1 SYNCRIP	-2.06757421163845	19.6398156040459	15.6626734038223	-1.91620873588707	18.6906482914298	14.2822169259426	-2.65733804300239	19.6420540873626	15.6411948983068	-2.36811164341067	19.3605720037854	15.3227925545299
PEBP1 TACSTD2	-2.96917731171131	19.3707387388824	15.5440557647451	-2.90313502183313	19.538266261767	15.3196489242306	-2.96812627138924	19.636934457639	15.771588208818	-2.97861773071454	19.6597881404781	15.7099876567929
PEBP1 TAGLN2	-0.961063217009694	17.8515825104673	13.8167726808748	-2.17400474270826	18.7761400114989	14.1994314751282	-1.56659527065	18.9178950981757	14.7354599803011	-1.78717382599633	18.5390345171759	14.337126950221
PEBP1 TBK1	-2.61132215377978	19.7364712146074	15.3848643901337	-1.92604789210736	18.7521558070267	14.7351016326558	-2.96272663171681	19.537133858991	15.5236485143709	-2.52059133514856	19.4353524771415	15.309851482387
PEBP1 TBP	-1.87284386821547	19.2857860885069	15.6634195519649	-2.00439426581512	18.6368888200883	14.4351107779912	-2.10587671870162	19.2673563408773	15.381837064367	-2.17554005928057	19.1951978647413	15.3921417661155
PEBP1 TDGF1	-3.38448346822938	19.4845544474675	15.7122371816462	-2.471693836416	18.9718863248408	14.6810474997089	-3.04224628827723	19.6872431937204	15.5087371142701	-3.02033116616713	19.6179582104437	15.57247933917
PEBP1 TEC	-0.83874957394987	17.4204569579762	12.9677300429054	-1.2523412639434	18.2888764106554	13.7986835785328	-1.02354605291444	18.1008381139176	13.9992535848167	-1.23003826721728	17.9779026921962	13.9521055140869
PEBP1 TEK	-1.48112579185317	18.3474245364618	14.2509411885362	-1.10708907506338	18.4108890646333	13.8016814061477	-1.48087867893813	19.0005742074227	14.7122194725474	-1.54134610237996	18.8393291591088	14.482357515161
PEBP1 TF	-0.976457687425469	17.6862434987256	13.7238633344088	-1.59019282576817	17.7595698217619	14.2030618473514	-1.60865406101936	18.776849304671	14.9996046779392	-1.39079769071854	18.0388370858094	14.4218114102848
PEBP1 TFF1	-0.934495990365563	17.644288831512	14.001218306284	-1.4097276604931	18.4269709092643	13.1348999124267	-1.28449624183508	18.482026250049	14.334159655897	-1.36811118431894	18.3642242186465	14.0302174743687
PEBP1 TFF2	-0.516001602750529	17.7024764624875	13.1612806590495	-0.536252900405898	17.0126135601157	12.2893476650099	-0.680228824723745	17.933317526173	13.2795595333169	-0.65038909900509	17.5209714165074	13.0747103922791
PEBP1 TFF3	0.334520246377496	13.7005930938568	9.70184004143377	0.0297591977870635	15.5022950746229	11.4044844612492	0.214053048975	14.8429393059488	10.7578949245277	0.181436362605139	14.8191159060479	10.7784185047366
PEBP1 TFPI	-1.1393249870513	18.6322803460575	14.9211431331094	-0.333604616587643	16.134214599441	12.9929277074491	-0.840562939738746	18.001292427513	14.6034180294448	-0.947428176332063	17.6319631909549	14.4013343481438
PEBP1 TG	-1.63308540652532	19.0099761505929	14.9711808220663	-1.29478711912141	19.0972681963547	14.180546311144	-1.9894522623953	19.5968767101863	15.2679991267165	-1.66396454383186	19.3980949824795	14.8901262057522
PEBP1 TGFB1	-1.71604630601761	19.2897083779345	15.2911994227535	-1.40846678697573	18.3075511530912	14.0831095995944	-1.87433355816903	19.1401252565056	15.2725310343858	-1.64070665026394	19.0956918781517	15.1596281611024
PEBP1 TGFB2	-2.65810052587681	18.9194999991324	15.4607454245973	-2.00353507190415	19.0688856948128	14.9215849379349	-3.15645402540223	19.5089527614032	15.6393765774602	-2.39962172719577	19.3535957631201	15.5808213783965
PEBP1 TGFB3	-1.16177584188466	17.7328070821751	14.2671375015225	-0.617664133242216	16.8306555070633	13.3085388595256	-0.948760399679275	17.7777564284769	14.4747291428019	-0.881361597548004	17.4035659197154	14.1351717269876
PEBP1 TGFBI	-2.2504269281044	19.3937372425249	15.4150936677027	-1.9892987023156	18.7033892825912	14.4737401372134	-2.97687216573054	19.7797864576902	15.7068588790468	-2.84605108716049	19.492019287921	15.3813560768707
PEBP1 TGFBR2	-1.47952385352887	18.8026275328401	15.0172908466357	-1.69327506787994	18.9164771470696	14.8474116984648	-4.1699743751895	20.068282441767	16.0995277891329	-1.76943545406179	19.1097391232231	15.2409356532497
PEBP1 TGFBR3	-1.36724097456966	18.6453773856744	14.8015073116527	-1.75376430284103	18.1696084302134	13.9191220201329	-2.09079285913671	18.9062743641281	14.8098991280305	-1.90070088338589	18.859681737757	14.8024489969651
PEBP1 TGM3	-0.97832264663133	18.477923485362	14.4262339233432	-2.31938894054365	18.9564131309779	14.3789436612401	-2.48088842621295	19.4949038396874	15.3640946307283	-1.7381518638545	18.8242533297506	14.6751387470607
PEBP1 THBS1	-2.70368090024802	19.5112245381528	15.5694136925448	-1.65558227853875	18.9843594455784	14.3775165755433	-2.4247367629316	19.7726628874719	15.7072669097154	-2.60247763310297	19.6236430183771	15.2850190335168
PEBP1 THBS2	-0.406286797989722	16.2834555980417	12.7370619739375	-0.444387485879667	16.7604713049587	12.0412379254008	-0.724724233506081	17.582937857418	13.356839440715	-0.444322595908699	16.8141748855979	12.7213983103925
PEBP1 THBS4	0.121862558070704	14.8057589698036	11.3789392406239	-0.466987518863234	16.4157231158291	12.6377404874811	-0.149509818952419	16.0093502181	12.379708923725	-0.232173326654087	16.0043219881486	12.4071527835716
PEBP1 THPO	-0.770137172624963	17.7509876342735	14.1289060105511	-2.4061323903631	18.9475638268133	14.1045329416832	-1.66429339348861	18.7447464457594	14.6477418657927	-1.78606687763013	18.7448538741629	14.7059056156955
PEBP1 TIE1	-2.98825011402539	19.2589525282731	15.2447627528426	-2.28952909245433	19.4777408599192	14.3643750535091	-2.8342741810591	19.7151824515874	15.744452541571	-2.73947422333596	19.7346652312538	15.253089673611
PEBP1 TIMP1	0.294078854138438	14.7852237499727	11.5167823182949	-0.511746612016697	16.9145490616252	12.0966134782448	-0.158556753212215	16.453679631883	12.5106828824757	-0.0864706872530265	16.2125333965222	12.1772309487396
PEBP1 TIMP2	-0.806113834844308	17.0785329704057	13.6031798479174	-0.936703007992453	17.4826000290457	13.1002451114546	-1.01487859518695	18.0164556859849	13.9811164643228	-1.11061394688322	17.56558698682	13.6754809219102
PEBP1 TIMP3	-2.38673302736028	19.6851660348026	15.7849666797067	-1.21883746106107	18.495535364723	13.9019878172275	-2.43449589335865	19.3292996276538	15.586580142733	-2.04471956627799	19.4552954387755	15.2018969322404
PEBP1 TK1	-3.40222256931859	19.4146463857753	15.5975566391471	-1.19295874087956	17.8403224683565	13.8182783803933	-2.9135007980919	19.2916014527492	15.3650693203999	-2.55731441184771	18.9746161251059	15.0512676380103
PEBP1 TKT	-0.394886955969794	16.5915767861091	13.3306951372058	-1.75942353058227	18.2302362486345	14.1581816635691	-1.49185645637831	17.8725844572891	14.3105776750736	-1.17108196139878	17.6122917115858	14.0306840733264
PEBP1 TLR2	-2.38775008648664	19.4162288310722	15.4057487900313	-1.80646232704528	19.6327490389125	14.6887464837105	-3.01174379707222	20.0710384140342	15.8202850883945	-2.41032190575747	19.8210752476727	15.3998508456943
PEBP1 TLR4	-2.9102199721491	20.0686833743628	15.7324881988176	-3.02696484609513	19.3996518029031	14.7837421384217	-3.12740447581455	20.1365673896273	15.8768506919635	-3.43744192267585	19.9952473355064	15.8046195317164
PEBP1 TLR4.LY96	-2.6718785320897	19.6308495214233	15.1414006261649	-1.6159510381487	18.5935248275503	14.0327076009128	-2.25078199450973	19.7632424249712	15.1502929049964	-2.29244993220699	19.405734437789	14.9625726544154
PEBP1 TMPRSS15	-1.87856424660414	18.367310094492	15.2466278517178	-0.848529201518442	17.0935084490443	13.1692760146798	-1.72464298014937	18.7225622512013	14.8943273754365	-1.64007499497262	18.2125861542875	14.6151287514227
PEBP1 TNC	-1.74362300256689	19.7832542500288	14.6985789497245	-2.60342356994629	19.4501225263971	14.9089141099276	-3.48847618135842	20.1746837777953	15.8500109912919	-2.48375044601091	19.8402339466482	15.1995404858538
PEBP1 TNF	-0.120343306991223	14.9387311063259	12.218961443625	-1.44815910915192	17.852173617629	13.8535714462816	-0.704272521086879	17.248340121767	13.8631496399489	-0.557914376391193	16.8714532384004	13.4981684260664
PEBP1 TNFAIP6	-0.170849602888285	16.4463019786838	12.898095390147	-1.69869632552	18.8185398536318	14.4496868905925	-1.00891558142024	18.9396164807026	14.712706507119	-0.755626828507044	18.0550653160567	14.025658427848
PEBP1 TNFRSF10A	-1.80153266062483	19.5691940826013	15.2196732515762	-2.0396186507647	19.3954901178552	14.4277872001905	-2.7931837689104	19.7932052883022	15.5771237633391	-2.37328359628605	19.5995327069637	15.338739390231
PEBP1 TNFRSF10B	-0.99489257795879	18.3731710162477	14.5224870161337	-1.55448560713116	18.1445457196957	14.4289124017631	-1.56248585934207	18.4939728640811	15.1470767580333	-1.41371545458073	18.5601730600458	14.8616885756809
PEBP1 TNFRSF10D	-0.393370235666897	18.0659396121689	14.4014740942885	-0.909357792994895	16.8975556436684	13.1415696681198	-0.933317856196549	18.2232937278507	14.587225121466	-0.629449923674126	17.9341537460261	14.5369545845411
PEBP1 TNFRSF11A	-1.04181603138941	19.0268353283388	15.2441155928677	-1.27597021875111	18.4986691967193	14.4331224751102	-1.95481728492793	19.1973168781651	15.6541743081962	-1.3384455389661	18.9414693662585	15.0797607689576
PEBP1 TNFRSF11B	-3.02270012230998	19.624277271922	15.548598345889	-1.22799999475841	17.8587473295196	13.8088865368856	-2.77270213908124	19.5658026594869	15.5126262901789	-2.5669905220304	19.2350047475034	15.1693064075763
PEBP1 TNFRSF12A	-1.14111115647827	18.0283262784891	13.8898976041723	-1.95435879084596	19.8446563759842	14.2180858183613	-2.56736140785988	20.0556502395836	15.2375470857788	-2.19021144719208	19.2425251720096	14.709318931004
PEBP1 TNFRSF13B	-0.556710282535105	17.2173970269455	13.7733688816957	-0.54959447945389	17.0644878346505	13.2941326535319	-1.13121847661953	17.8602214068992	14.6577687826259	-0.581398004810792	17.3117152909591	13.8723744024006
PEBP1 TNFRSF13C	-0.304234355946487	16.3370836156208	12.9974900531323	-0.801812937794356	17.2420697699827	12.856898794025	-0.659271806899418	17.4905686552789	13.6040801264733	-0.682024942735844	17.2439286977536	13.4586200838036
PEBP1 TNFRSF14	-1.02293706026697	18.2240102787153	14.774130749221	-1.13703428131115	17.9993100569303	13.8446273426614	-1.71244140452379	18.9790856983843	15.3820572533447	-1.08811512520791	18.3191601642306	14.6222757671652
PEBP1 TNFRSF17	-0.898626454584106	16.903185844654	13.468111221625	-1.27366473483655	18.4021324534094	14.1181711010298	-1.2009931166756	18.1203626617804	14.3558293405849	-1.37780316920884	17.9747820154479	14.3662675610078
PEBP1 TNFRSF18	-0.844165471402212	17.4377044003272	13.8397774692516	-1.88348021464352	19.3422034123036	14.9997743839024	-2.99531027967803	19.5828901803073	15.6537051864824	-1.81077550228331	18.9734249428312	15.0775178842229
PEBP1 TNFRSF19	0.243004322658159	14.1033100785736	10.5349496657012	-0.140471340680537	15.7573098018672	11.2558342597968	-0.00965373880310816	15.7061494659511	11.4555836662874	0.0649488593902079	15.3133793512913	11.1844738907837
PEBP1 TNFRSF1A	0.413665037664198	13.005667716509	9.75234518100147	0.111252914439105	14.5796440218939	10.0478177378616	0.201083095853601	14.2792049918705	10.452926351594	0.26996006653923	14.0397628117897	10.1627520958807
PEBP1 TNFRSF1B	0.216872512315082	14.2210281535326	10.3840397015469	0.0797653557263003	14.4718856839372	10.0533702275764	0.0609377156099776	15.2530510035539	11.0624681910456	0.119728927487085	14.657859365752	10.6269707344456
PEBP1 TNFRSF21	-0.6408000883651	16.9914502437013	13.4057627564678	-0.943844372396724	18.3219922442711	13.6445963169656	-1.04714474541231	18.3388595347329	14.0156395491313	-0.876483561119055	17.91560405983	13.9379151859623
PEBP1 TNFRSF4	0.101088809668583	15.6540729339049	11.807877009784	-0.0543452171993828	15.9933768073545	12.2161834654198	-0.0365753044505701	16.1424974390527	12.4114613160156	-0.0265199685141468	15.8736328190527	12.2636642085994
PEBP1 TNFRSF6B	-0.621033159386841	17.6679015515002	14.3143265106778	-1.47438780177564	18.4876267003702	14.157540113974	-1.2962962169367	18.8856905517871	14.9946333905053	-1.01421389679495	18.4337569412841	14.6493702057019
PEBP1 TNFRSF8	-0.895990538797474	17.8968514688756	13.2400578904045	0.0900424763698036	14.7305322038421	10.6395835448836	-0.401571341981556	17.2314298047972	12.6296668042914	-0.396994080201311	16.8350661841434	12.3524774968224
PEBP1 TNFRSF9	-0.872488545233602	17.0977976578038	13.7578160554655	-0.274302968580713	15.9359987070167	11.604011911075	-0.626283506835595	17.171522702729	13.1358945123137	-0.638072606948876	16.9074391393287	12.9449462460504
PEBP1 TNFSF11	-2.22424140392492	18.7613865238664	14.6310994652435	-0.905679853141272	17.579533650635	13.5737151036221	-1.7613865210212	19.0888059845424	14.9067866194907	-1.87767703363464	18.6931884855693	14.5814336597059
PEBP1 TNFSF12	-1.95480617230512	18.5523781634929	14.7045407429217	-2.29511632451003	18.687051305284	14.3465768396436	-2.51614212885817	19.1360289510955	15.209270468361	-2.79599569680552	19.0455751063237	14.9918534061789
PEBP1 TNFSF13B	-3.2791250957884	19.8558874450385	15.1407728412985	-1.32166299784036	18.3556648022265	13.7470807075322	-2.26003868061607	19.688951193791	15.163105336689	-2.29797786737706	19.4676280783151	14.9782580656422
PEBP1 TNFSF14	-2.25986251431031	19.0260059191343	15.5757255485404	-1.96923532597021	18.7515566381801	14.1270800278935	-2.69847053985254	19.5941738292945	15.4890928585266	-2.73798296477604	19.2669667652918	15.3361979068209
PEBP1 TNFSF15	-0.326762618157407	17.614621518483	12.7622101771665	-0.660072516597617	17.6662207734928	12.2049344066006	-0.758935084019823	18.3660065873791	13.029327669882	-0.737801113103984	17.8433131240258	12.8645962473093
PEBP1 TNFSF18	-3.2036644175224	19.5004839925643	14.886787417659	-2.76840095262958	19.4304638323884	14.8029301903554	-3.1163002051712	19.7977019067543	15.3995639487272	-3.17174768641268	19.709495159324	15.2313977969553
PEBP1 TNFSF4	-3.24908952656858	19.2351362195918	15.3325408075414	-2.07914259562711	18.9407901702876	14.2981030342683	-3.93416283544146	19.8101887226637	15.915477687726	-3.45368584935787	19.5588763486979	15.5174967505823
PEBP1 TNFSF8	-1.37477684565996	18.1981237858414	14.472301025523	-1.9498594120471	18.6236049394114	14.2432276765169	-1.53776765349019	18.8996877583403	14.7132513762195	-1.68876754171861	18.7430021753011	14.7603978808318
PEBP1 TNFSF9	-2.31577605710309	19.6877982545613	15.3076494612464	-1.77217161994156	18.9691251748	14.0318962881337	-2.77555624492327	19.7431057712374	15.4061082239678	-2.68217806212779	19.6621127549282	15.2419039261918
PEBP1 TNNI2	-1.29647053761611	19.4725924843363	14.8286695642594	-1.41462794944615	18.5940244048142	14.2577148916766	-1.70370692004503	19.9793575565995	15.4495422039988	-1.88476594312181	19.2759869238349	14.9607560601121
PEBP1 TNNI3	-0.633988955796586	17.0940199339201	13.6858714718006	-0.938464639810954	17.6714405624964	13.5511502146161	-1.13479037606215	18.094858085394	14.0867151830474	-0.744242819697509	17.5814546113571	13.7206362114136
PEBP1 TNNT2	-0.0633349021117648	16.5678624688525	11.7349195884304	0.0572378227967234	15.3908201678013	11.2608192336936	-0.388787677782933	17.0900083871131	12.5637446611894	-0.0663821589528371	16.1782891115132	11.7801225945882
PEBP1 TOP1	-1.09756715393235	18.5425119828684	14.2141690332569	-2.04289463971425	18.7259686216407	13.7870983211722	-2.18034063472021	19.0733066191458	14.7211158629867	-1.77909495320812	18.867303974154	14.4184366694095
PEBP1 TP53	-1.62822317286936	18.16492742494	14.9982574528445	-1.70198695697966	18.5329789047779	13.9736378870872	-3.03448504796637	19.6935250803694	15.7319834038591	-2.26273190992226	18.5735426957664	14.8455889594778
PEBP1 TPI1	-0.675070366372024	16.6065613344198	13.4955107318774	-1.7347519030809	18.2107948694624	14.1831818924372	-1.25595867755876	17.7156721675926	14.3357892260942	-1.24532811635302	17.5436938809333	14.0050352331369
PEBP1 TPM1	-1.23321586628348	18.8742580111555	14.755052719511	-2.10606380209204	18.4580529980777	14.0021501289907	-2.25974212213116	19.2388579910157	14.9237383302256	-2.45323848529476	18.9481600917638	14.8193372518834
PEBP1 TPM2	-2.71524832703477	18.9564160048165	15.15166907038	-1.58411045385215	18.2617954344529	13.8892880854016	-2.51676900640958	19.0797306220627	15.2410686153226	-2.58054986996248	18.8987350743083	14.9521595045441
PEBP1 TPM4	-0.538292210225829	17.1846362523399	13.677356658288	-1.44731518950102	18.1747716779768	14.0269868877944	-1.24391993031061	18.10089461347	14.4580807998551	-1.1584345778889	17.8207510693673	14.1975696818044
PEBP1 TPO	-2.35153148723144	20.2460006655767	15.88549478078	-1.25340148496316	18.3515021241417	14.4123762539452	-3.6623975238831	20.1867592809838	16.2778868938801	-2.12115592978736	19.5220081785974	15.4301013524505
PEBP1 TPSB2	-1.29431966598956	18.6326039260278	14.7488711960025	-1.26280020358899	18.2170546165889	13.8554525089102	-2.46594023915293	19.6533056623193	15.4471825708328	-1.6467582142669	18.7512344824596	14.7443805633993
PEBP1 TPSG1	-1.35117647942739	18.366663689108	14.3331281837836	-1.93064652271586	18.6311705250183	14.550706618452	-1.81352023655746	19.4453030986933	15.2298297750486	-1.91410866787351	19.1695071387217	15.2364955570239
PEBP1 TPT1	-1.27053470395736	18.1246117475771	14.2399268029324	-1.62672727317778	19.0987414078094	14.5237193213064	-1.88872153445205	19.2478862027255	14.8963802561211	-1.79368683024356	18.9384310460833	14.7357107230356
PEBP1 TSLP	-2.86920324024465	19.6959988735728	15.9048175636551	-1.91584254200045	18.8436953856447	14.7213498069407	-3.36035780227915	19.8118193043395	15.9369400762093	-2.83604389353326	19.5418383649671	15.4923105924144
PEBP1 TXNDC12	-3.32834857725484	19.6598540706366	15.264198673968	-1.37622044177402	17.8756983394832	13.7926236241078	-3.60630141395525	19.722073554983	15.7792217202654	-2.36465399645913	19.0103408915833	14.9030386823289
PEBP1 TYK2	-1.65054817871737	18.7499730948422	14.2869095763039	-1.40473449987794	18.3125115190566	13.7683724205144	-2.37993828379151	19.1091864998448	15.0720293884814	-2.04854425608981	18.7848716332222	14.564152681763
PEBP1 TYMS	-2.35477460359137	18.5953557090985	14.9480309978908	-2.72856124083322	19.2332392666406	14.7641453914443	-4.06223834043934	19.9941694064651	15.790195108313	-2.8054281712101	19.2114425835898	15.1678589115834
PEBP1 TYRO3	-1.94608328766053	19.2058402643876	15.1560243761497	-2.17174065673855	19.0536504502933	15.1497170440089	-3.80375258267903	20.1883531211151	15.9512965380213	-2.64033015335345	19.5726305530028	15.6254340236129
PEBP1 UBB	-1.37553832287344	19.345412357786	14.8359694669387	-0.903031213460981	17.8009040577533	12.7351269997754	-1.84877746419314	19.489643208357	14.732030089154	-1.38607496085606	18.9279879352367	14.2486983813843
PEBP1 UBC	-0.602742277536728	17.2012550879538	13.3395303915056	-0.974579456114749	17.7107002075179	13.1590342884801	-1.46859361810629	18.3625573765713	14.4697619889546	-1.06046696606175	17.7749950444782	13.8118688306583
PEBP1 UBE2G2	-0.933017709065571	18.4951275563231	13.8022973076416	-1.43012148141892	18.4332055304797	13.8548377037525	-1.51643536355401	19.1174758003847	14.9722941283824	-1.37059708437557	18.8351166314254	14.3086595410225
PEBP1 UBE2I	-2.33729883950657	19.1896471669646	15.4176380612421	-1.97192866889514	18.7049396556274	14.303838806289	-2.65891515006535	19.0457080433552	15.1341630077402	-3.20806946460255	19.1536384449299	15.1480149708069
PEBP1 UBE2L3	-1.50531417575791	18.0444596809052	14.8622389319051	-1.46336331315169	18.153884276494	14.0530405690636	-2.29420004313843	18.5164920374902	14.9304253858545	-1.78062465640939	18.4967578197909	14.7682031547366
PEBP1 UBE2N	-0.838636593105199	16.8281894202294	13.8192248005081	-2.01474993751212	18.8885109411859	14.895315774065	-1.75825130103581	18.25307917916	14.7433488505642	-1.5688792991066	18.0180805554873	14.5433300557438
PEBP1 UCHL1	-2.13851763464186	18.0831560530873	14.9421677094445	-2.18129875636916	18.3553707340262	14.0561032693823	-2.20129607066903	18.6315716957011	14.9981642442217	-2.44689533553136	18.4656701472355	14.9161620266267
PEBP1 UFC1	-0.57789037040736	16.5508582614134	12.8736277717549	-1.84087389802435	18.1342355491432	13.6667759436776	-1.10853237514516	18.0316994814174	13.8238889710382	-1.32481959837168	17.8469604938566	13.677231428388
PEBP1 UFM1	-0.314182613721523	15.6397830908347	12.0248451996115	-1.71514883119684	17.8377378362892	13.4559568138594	-1.02321374134297	18.0520599180114	13.9314243982384	-0.951866020600047	16.9980678855025	13.2140036786683
PEBP1 ULBP1	-2.893559356381	18.9916121783168	15.2468007720505	-1.35638568579142	19.1135291436358	14.4515188244664	-3.314531161495	19.9355596124011	15.7337021654295	-2.04694005646834	19.3286457713947	15.2423811191447
PEBP1 ULBP2	-2.94267876136447	19.3970488740446	15.5533745861913	-2.33598067674198	18.462356264368	14.5305177953254	-3.07763559215195	19.6980639360339	15.9670713306873	-2.60298413135063	19.4184139940235	15.5786688135039
PEBP1 ULBP3	-2.95254041702463	20.087264531064	15.926698435674	-1.71813164876186	18.5594838860788	14.190957886011	-2.79991782058532	19.7473716873871	15.5122483129656	-2.91294679167358	19.5241897048151	15.4157651956359
PEBP1 UNC5C	-0.158658399228353	15.4806980951418	12.4513049487477	0.123767773757115	13.9156078707088	9.75922007806104	-0.0354370262482333	15.4387356989151	11.6452676020821	-0.0398327730985473	15.0256851129581	11.4032259895364
PEBP1 UNC5D	-1.12254436652382	17.4540496862031	13.7494658272623	-2.25212454184322	19.0058124763297	14.5750516387964	-2.29949824485581	19.4563063046564	15.1179563635681	-1.99225126120974	18.7525280955118	14.7911940810746
PEBP1 USP25	-1.40338389119427	18.2115149241888	14.684808458104	-2.32125045412062	19.1930332199255	14.0524820356752	-3.45749891354873	20.1166069815666	15.7487890288996	-2.61276429415329	19.1328297013271	14.9525027230761
PEBP1 VAV1	-0.380018733505408	16.4946402289277	12.3642790781432	-1.38062727287407	18.5148178684457	13.7386183075272	-0.842043172772855	17.8923935072998	13.8504065732613	-1.02661094854512	17.8144768783453	13.4339235911506
PEBP1 VCAM1	-0.38830157256794	16.4011121370457	13.1796464888887	-0.579638640026128	17.0175593422098	12.5843257421105	-0.684745311910382	17.4601538141561	13.4683466060704	-0.637622868637202	16.9909066474977	13.3545409555125
PEBP1 VEGFA	-0.231559334475063	15.7622899315192	12.3803816990742	0.0692075773160279	14.5593798889973	10.581484052245	-0.00537472750866286	15.4231398061717	11.7929430245105	-0.0896595803832634	15.2991603437677	11.6543256224606
PEBP1 VEGFA.1	-4.47888176795709	19.973997872439	15.9583673324973	-1.7443390655633	18.463024660417	13.8402323851235	-3.57155011865285	19.3711948516051	15.2905617735269	-3.21339257133639	19.377018247276	15.1027908047148
PEBP1 VEGFC	-2.0047629566209	19.1596271606488	15.1972334326851	-0.815910968011169	18.1948449731939	13.4136299389228	-1.3780034015907	19.1891603763081	14.7776643875382	-1.45872948935734	18.8664098301004	14.6471238450147
PEBP1 VIP	-3.92351562814049	19.6922898682687	15.9296018881034	-2.0125850373152	18.9816936681563	14.455012823861	-3.86321816495003	19.9876500353761	15.9944470032237	-3.29499861845799	19.4925452570635	15.4010378782939
PEBP1 VTA1	-0.962604821066135	17.482034502864	13.719611855383	-1.76587382983541	18.5941976125289	14.375867316333	-1.55410312138842	18.1618405590332	14.7652694090457	-1.79884673531028	18.1798675774686	14.5368646904883
PEBP1 VTN	-1.86434741614308	18.8226845606229	13.6424575513836	-1.37449564582946	17.5322366451722	13.2752733422282	-1.43696926489424	18.5197262957009	14.0996469434203	-1.88837362345437	18.6056867161515	13.9348347246127
PEBP1 VWF	-2.34701087595664	19.2392404154159	14.6433274541338	-2.01720769719312	18.9919061739187	14.2068917243447	-2.54572222970933	19.7897810689076	15.1507350077073	-2.54150050866259	19.6041606821346	14.9346041964295
PEBP1 WFIKKN1	-0.98394588155604	17.7532176337874	13.6346234973484	-1.34269062096924	18.1308608322169	13.5646558247003	-1.1734764660959	18.7946629290768	14.106209196464	-1.28974308381893	18.5326354716926	14.1101362348969
PEBP1 WFIKKN2	-1.27647104676325	18.9281295733667	15.1247182888235	-1.97966375044596	19.070663195902	14.7297974191995	-2.7745901006276	19.6430774614067	15.702804254311	-2.02898314307057	19.3814902341384	15.476514596752
PEBP1 WIF1	-2.23956573208433	19.5209499748525	15.5043002467964	-2.17068544515749	19.0672049994747	14.5674489558366	-3.11958286937513	19.7575142665648	15.586910174212	-2.75856915713874	19.5128290111984	15.454532374867
PEBP1 WISP1	-2.06023956023481	18.7137931187735	14.181020631913	-0.982338646977628	17.5679630187944	13.1585291532751	-1.36291669237161	18.6638100687994	14.106597220827	-1.50601828874132	18.5791680848983	14.0995250568531
PEBP1 WISP3	-2.31508386663579	18.3277277601814	15.1423478056826	-2.53083028546136	18.9028575307852	14.7141734212415	-2.8918811765486	19.4432078860373	15.5228629834369	-2.70784157592149	18.9523416234812	15.3518087045156
PEBP1 WNK3	-0.312055141336248	15.5705482773613	12.1146569673792	-2.04406254069868	18.3525748103031	14.4031794797578	-0.642613780326807	17.778528239578	13.8982223178494	-1.36984360418557	17.5250639749655	13.8266531870914
PEBP1 WNT7A	-1.38198198459632	18.8499608574395	15.0834103816936	-1.80348023585511	19.5222987652273	14.6502411546485	-2.93095819360413	19.8344178460748	15.863135650231	-2.1035171744106	19.3528952361897	15.3861388010255
PEBP1 XCL1	-2.08640391075192	19.0697248095143	15.2621995774951	-1.4554505922488	18.49205496402	14.5847831179605	-2.1489522635147	18.9644487931112	15.2386543573313	-2.0138498039752	19.0181865941121	15.2788633290391
PEBP1 XPNPEP1	-0.200938031846933	15.3029005345757	12.241743612115	-1.29502553016176	17.6067872754289	13.5719982538265	-0.539651795591084	16.9195700140783	13.2966089449015	-0.941505246169748	17.082570550199	13.4593426672085
PEBP1 XRCC6	-3.92640293608963	20.1406417076842	15.4387795442109	-1.86753493341121	19.031050807619	14.0040711647576	-3.65647510376258	19.954120957081	15.6661738089327	-3.24750614093404	19.830275661104	15.179100060302
PEBP1 YES1	-3.45479088696402	20.273721680115	15.8788597290446	-0.903903450531136	18.1240451462406	13.0320154539133	-1.76020993062955	19.696112331914	15.0193233753355	-1.78784340751185	19.417660862205	14.741747280916
PEBP1 YWHAB	-1.15452681174154	17.6206093483181	13.7056805309022	-1.4843189670071	18.5850297321477	14.2223019151516	-1.52862998715144	18.5135739272513	14.5940394948185	-1.80752081509257	18.3759852493233	14.4784884893309
PEBP1 YWHAB.YWHAE.YWHAG.YWHAH.YWHAQ.YWHAZ.SFN	-2.23974035467837	19.3299261148191	14.9573926536709	-1.60172217220872	18.7394902168084	14.3579620935285	-1.91411859746028	19.3469404343389	15.0590063623987	-2.0410176685011	19.2332186536077	14.9521314605527
PEBP1 YWHAE	-1.32712650929771	19.534516281301	14.9802529866794	-1.34107686087402	18.0815746619083	14.0556860675053	-1.6796974445726	19.1202926461902	15.0678351281649	-1.62023490094198	19.0678673319298	14.9312660953599
PEBP1 YWHAQ	-1.93484534805278	18.9841275604658	14.4899635425916	-2.56163001211553	19.3203708088311	14.7902059270167	-2.96441769764484	19.6106696456339	15.2689350258708	-2.32002737305166	19.3421043696817	14.9973416348047
PEBP1 YWHAZ	-0.726329279052188	17.3683844799598	13.7174599704941	-1.6829967034161	18.0276138580783	13.8352888512044	-1.24373948013164	17.8962116317087	14.2514423855786	-1.39378866529067	17.8554658127028	14.1738896603266
PEBP1 ZAP70	-1.56933679774953	17.8914244107207	14.3594097888605	-1.22955032147882	17.6901310930355	13.3300976809227	-1.69698431558476	18.4410681000419	14.696420550498	-1.58916502159961	18.0678221324286	14.1489518788387
PEBP1 ZNRF3	-1.45317787291639	18.3899408100692	14.7842012794341	-1.98909310556441	18.3977222644088	14.054746909292	-1.56086569546256	19.07013223304	15.1453796356644	-2.16467264793107	18.822881668207	15.0878338271095
