protein_name	r2_male	rmse_male	mae_male	r2_female	rmse_female	mae_female	r2_all	rmse_all	mae_all	r2_all_sex_adjust	rmse_all_sex_adjust	mae_all_sex_adjust
PGAM1 PGD	-1.86843650432881	19.6423052825591	15.1759001239245	-2.8990799969722	19.2228908538268	14.7640476219966	-2.71519561510872	19.5356798679935	15.5147665361944	-3.43225841024561	19.5121510685592	15.3996498642059
PGAM1 PGF	-1.24870231625375	19.0826220279247	15.3568284935308	-3.48963204604517	19.7306833627498	16.0153052567081	-2.30519893561526	19.5735657990525	16.0661212084332	-2.36804004413523	19.4932637589907	16.0123929692458
PGAM1 PGK1	-4.45723110958428	20.2990006998461	16.4690655525729	-1.77857950316603	18.3535311691925	13.2557738951567	-3.47280558027105	20.224602216464	15.8138514575654	-3.53480674746482	19.5564492087786	15.1405857168793
PGAM1 PGLYRP1	-3.02675858217859	19.3602255836967	15.739320361351	-4.16432241885406	19.6268309267465	14.7437577244608	-3.51219098091681	19.804111913797	15.7409083741252	-4.13887100265534	19.7587575612418	15.6688194646401
PGAM1 PGM1	-1.12258817321381	18.40762871923	14.420346169065	-3.8435388312088	19.0707876248372	15.0197402866375	-2.47076040355813	19.3407967624936	15.6072292843056	-2.69892866612391	19.1443182586221	15.1726798136601
PGAM1 PI3	0.201233174527951	14.4433074046887	10.7481085679964	-0.988147736556337	17.265349576362	12.399080218237	-0.508129660073561	17.3549322625108	12.7093715688686	-0.42794051645233	16.6405062897368	12.0619880289156
PGAM1 PIANP	-0.424745498003875	17.443232208176	12.9802289288475	-1.88029914862156	19.1127267052574	14.3327626376797	-1.45447648633778	18.9548798541529	14.6298504620741	-1.43425600988363	18.4962943562428	14.0978316672268
PGAM1 PIAS4	-1.44543496562281	18.5877325934846	14.0644215471331	-3.39455719834324	19.1324222200836	15.0376760189906	-2.4301610785766	19.3075626336575	15.3728793216246	-2.82721457753101	19.2177524559731	14.9720400219054
PGAM1 PIGR	-2.49475974520602	18.9765090941127	14.7102117177683	-3.07534846826937	19.4553160968418	14.7980198057764	-3.48706389525449	19.778126405129	15.3128486284274	-3.15174702657627	19.6642078514479	15.2532724865285
PGAM1 PIK3CA.PIK3R1	-3.84437373026985	19.4904486005697	15.629686281086	-2.12715289617343	18.7935719040582	13.6327339663995	-3.06463206836051	19.8589020525186	15.0997725066919	-3.40837477772662	19.39863358425	14.9619133000241
PGAM1 PIK3CG	-3.89362600539399	20.196322613801	16.1242629756155	-3.46572454118783	19.635665905878	15.2928305323848	-3.85245736584239	20.313276986422	15.8980473436766	-4.10517319407917	20.1052158508182	15.9033836380844
PGAM1 PIM1	-4.39706899678155	20.244013951796	16.5572509881431	-6.05316511717938	20.3278300160683	16.2245858159997	-5.95566033565278	20.4934068411112	16.5755456786575	-6.67490372469601	20.4202270389851	16.5787729286783
PGAM1 PKM2	-1.97367242708516	19.445456461215	14.9780808497718	-2.472837708659	19.4230518023504	14.2673565961102	-3.16361009340311	20.0430417409781	15.3679266691625	-2.73066246238929	19.6014050575583	14.9998404452059
PGAM1 PLA2G10	-4.27096072745016	19.8957221056216	15.8983663237587	-1.56980702785867	18.4766435541203	14.2048857802274	-2.2344440723762	19.3848883720726	15.2894937313306	-2.76592713687755	19.3871770840057	15.3944383728858
PGAM1 PLA2G1B	-2.00309188216182	19.623924610873	15.659368751718	-2.04547818044373	19.0494731392249	14.4889801334419	-3.66138495701106	20.0029936016969	15.8220080607646	-2.85653628318551	19.4757408694063	15.6115613596223
PGAM1 PLA2G2A	-0.174704364581768	17.3937681750805	12.5818416403801	-1.06993044156757	18.0267796581355	13.0768344888722	-0.731161580821061	18.2351238888056	13.5715857140183	-0.545827370890061	18.1941038725705	13.2887918394643
PGAM1 PLA2G2E	-2.53352605477893	19.5837549687381	14.9654756185003	-1.68032940376371	18.1336028450043	14.3615350859138	-2.61121078351551	19.4303542579901	15.6138676043597	-2.81848370963338	19.3358077282145	15.3721006546654
PGAM1 PLA2G5	-2.30372062111129	19.0462301591465	15.09200113482	-4.476340513967	20.1136133320762	15.8846490968496	-6.18171264540481	20.5307180737939	16.6455173870036	-6.61751639872579	20.4350189888505	16.441114863393
PGAM1 PLA2G7	-6.77361057977471	20.5814492029186	16.3085118520256	-7.93310528435856	20.1463308350446	15.9122021777244	-7.73167842982946	20.6804786070147	16.393834161724	-7.2770325844135	20.4544704196271	16.4029020980248
PGAM1 PLAT	-0.141006229620803	16.5422142701059	13.1461127762338	-3.00425248902439	19.1538752195639	14.2801564422169	-1.1580248291524	17.7532917429124	14.4057126290774	-1.06758702971497	18.0894308503853	13.9954787200072
PGAM1 PLAU	-4.71371642657604	19.6132425375805	15.6397619999863	-3.50655972058271	19.6635963223651	15.0389274372559	-4.72847491438712	19.9387346092001	15.5861166978196	-5.89226975063372	20.1244468996306	15.9514317333944
PGAM1 PLAUR	0.428994619771944	13.5336187461569	10.7574419675733	-0.139289982430751	16.3768582562298	12.0773193248531	0.194193398101095	15.3368801379775	11.5597105170117	0.189410930033294	15.3116066103955	11.707571671189
PGAM1 PLCG1	-2.26567416455189	19.4166613201389	15.1107906983369	-3.11752533430654	19.4332161546126	15.2443500268738	-2.73123496872582	20.0943764770744	15.301887486797	-3.27387760614186	19.986002865566	15.6114887398432
PGAM1 PLG	-1.1100185037051	18.5308523020437	13.6591386317098	-0.632381161654869	17.3879601179934	12.2996728753873	-1.33625590890775	19.2315800688589	14.3121296740928	-1.03362652339975	18.5138427980252	13.631872107701
PGAM1 PLG.1	-4.25850458670244	20.2496590553389	16.3804793522211	-1.70572759492353	18.5898811555221	14.2993981885012	-3.31853143173968	19.8479010884149	15.6027920002682	-3.50288352986933	19.6373267832609	15.616946049082
PGAM1 PLG.2	-1.34443466345008	18.1380035936275	14.1246529123016	-0.344257508927641	16.7578938402377	12.4970471427968	-0.759422160846138	18.03418194816	13.7296600164899	-0.894998413721353	17.6797366180924	13.5392514510395
PGAM1 PLK1	-3.15058966604593	19.6328555204548	15.1573673182081	-2.82992301841079	19.5142276426135	15.0888488034899	-2.90442262761404	19.8675950697283	15.5282627487317	-3.9435032479498	19.8558123591546	15.6600141851882
PGAM1 PLXNB2	-1.72458864668007	19.0823277572824	14.8571286732901	-6.07046624603616	19.6880310659004	15.3082997182723	-2.8040159678924	19.4384656044354	15.711291847687	-3.41018499991036	19.504609369437	15.3843031144558
PGAM1 PLXNC1	-4.34044900928879	19.8118382262187	15.6988153992193	-2.40081939015004	19.7194655556767	14.8732301144107	-6.60650656500836	20.9977446839975	16.4039070955603	-4.80007241924225	20.1778904003141	15.806928340143
PGAM1 POMC	-4.65216598546915	19.9159670781513	15.8523143489748	-2.16539861648745	18.6873983250434	14.6725602210436	-4.36296544672699	20.0969030020405	16.0016164969457	-4.29793130403434	19.7444021719378	15.8792488454728
PGAM1 POMC.1	-3.09231261511666	19.4612120186859	15.902302532898	-4.58428640884138	19.5685739123127	15.5136849148153	-3.1331434580447	19.8545672147399	15.9775462670159	-4.43784991434227	19.8806230676614	16.1693154986402
PGAM1 POMC.2	-0.821418280253179	17.8910065961758	13.4780230860592	-1.87033660761012	19.3691659070667	14.585188424351	-1.83267434083369	19.4275484868068	14.9676035882133	-1.44545358185004	19.0225922528962	14.5731963395293
PGAM1 PON1	-4.06790791175574	20.3354252689163	15.8276499013742	-3.78468056176272	19.8305690058438	15.3753023813666	-4.91079088572835	20.0748841840989	15.9167129659897	-4.4177382436441	20.2310526511526	15.9016363067304
PGAM1 POR	-0.725965788005946	18.5455261799227	13.3852467886212	-1.532049985547	18.1163005688386	13.4211428640538	-0.899290871102571	18.36639578623	13.9803761620822	-1.3115626435161	18.4848676873142	13.8967733554266
PGAM1 POSTN	0.125716537187281	15.6224239555421	11.6902792697569	-0.285590889341516	17.054986621036	12.777947198142	-0.250744389630938	16.9147371608298	12.9913509848994	-0.0550664909611589	16.6151190927039	12.569708799926
PGAM1 PPA1	-2.85053642134587	19.2808577351567	15.2679963154112	-4.70883324398468	20.231820360026	15.6260193802359	-3.63708053837362	19.8605571668463	15.7263875069816	-4.12664517089098	20.0063380028007	15.8048334226038
PGAM1 PPBP	-5.34400928881312	20.8078578353578	16.7106344638487	-2.6957414167495	20.3717949379234	15.3914759987343	-5.02362464869207	20.800079052184	16.7144101895972	-4.1849065705545	20.6382804525944	16.2716184745407
PGAM1 PPBP.1	-5.0508965940533	20.8452610535986	16.7240074084053	-2.96651657659351	20.4806863548949	15.4660853695304	-5.64023803670686	20.8104461513221	16.7811992728554	-4.26843595463375	20.679644030317	16.3469853740862
PGAM1 PPIA	-1.95901108075411	19.5798969575738	15.4328102227878	-3.60630745011737	20.1338789606049	15.3769376799624	-4.38537259094032	20.5291835808879	16.0539294699211	-3.56619943128801	20.055408616927	15.7530262501658
PGAM1 PPIB	-2.31093229371814	19.1654681492907	15.9698119484561	-2.99756969100565	19.2762372830595	14.7471046155328	-3.50790686628067	19.4495552087041	15.8291108357339	-3.09864727917021	19.5819278695816	15.6762835892905
PGAM1 PPID	-2.84466060183154	19.5287546879865	15.523054069275	-2.63611307831439	19.3616614959404	14.0814417733109	-2.7206081341955	19.6101581456853	15.4259596182189	-2.86926340788636	19.5603018385431	15.0254945806987
PGAM1 PPIE	-2.58617193470074	19.8133684587538	15.2489524161481	-4.03437023300861	20.2499842678865	15.3944831747144	-4.60077731505657	20.3017094283918	15.8147347860928	-3.848690752846	20.1496210528771	15.6066462656967
PGAM1 PPIF	-0.573338329567018	17.6624163877113	13.9421587915075	-1.66328426359508	18.2805441859485	14.5780408602388	-1.10841086508158	18.4826539704249	14.8531233539538	-1.36591535510119	18.2143369314747	14.6614445813652
PGAM1 PPP3CA.PPP3R1	-1.99240876242431	19.4926047091514	15.0126644319107	-3.12370246883178	19.4240635075624	14.496107385023	-3.43401819682196	19.9931542610329	15.4416936334934	-3.17756735768823	19.7550798265289	15.2432713392238
PGAM1 PPP3R1	-3.47612586471936	20.3806754215009	15.7355579125914	-2.53968289715812	18.6203067619629	14.1972948424114	-2.48569094553011	19.6521568638695	14.9988950032931	-4.02178758316295	19.8404486219853	15.3140205088867
PGAM1 PPY	-0.19887503040622	15.9092690077366	12.5855918820143	-0.511791496737289	17.0074628347265	13.4126894891071	-0.290804363363262	16.7996449585282	13.2722845033672	-0.37073923355128	16.8901550555656	13.4681983642037
PGAM1 PRDX1	-3.40626644832151	19.0705798975432	15.6065195704847	-2.09001636377164	19.5346002242055	15.4584669208264	-2.96083897762802	19.7114821160451	15.953855270125	-3.07899324951562	19.7368476380488	15.9292201606375
PGAM1 PRDX5	-3.4963258899674	19.6218589527468	15.4299464493355	-2.14746243470197	19.0082005867369	14.8226182959628	-3.74718064232849	19.9786095402501	15.9166336721794	-2.99753472786564	19.5061133007871	15.6308612490396
PGAM1 PRDX6	-5.0215353082112	20.5523457144879	16.4795493919176	-5.7943968265934	20.0954947015946	15.7809804296605	-4.7641172967189	20.5127060504583	16.4548613575199	-6.15224443903046	20.5773344919872	16.4426605377914
PGAM1 PRKAA1.PRKAB1..PRKAG1	-1.8275276028879	19.5373559557054	15.8316840266758	-5.3619679470069	20.1344841676873	16.4228061344332	-3.40450180252035	20.1534812365047	16.5557947014946	-5.24235390254345	20.3391269329502	16.7450249960072
PGAM1 PRKAA2.PRKAB2.PRKAG1	-2.08991228207224	19.0769610105106	15.4410770711411	-3.04258627236448	19.4063965403491	14.7567761661908	-4.63684766364732	20.3901190053438	16.257938696708	-3.1583129536027	19.6286384540047	15.5352771395507
PGAM1 PRKACA	-0.849789567921444	17.6545775392435	14.1588760575857	-1.30519955583317	18.341209859233	14.2010932365396	-1.16798414871112	18.0659054999239	14.4228676080006	-1.32960280786042	18.3111044579856	14.6474599195699
PGAM1 PRKCA	-1.61017569250733	19.1165339324559	14.9068578736403	-2.44376308154034	19.1131007891701	14.6108935145601	-2.20583629960427	19.4746416595376	15.4064481464352	-2.33304751367197	19.1519924900901	15.0900759346803
PGAM1 PRKCB	-1.81289537398343	19.501216565493	14.854047416848	-3.08204968677328	19.5772820166559	14.3971508285503	-2.65061653796662	19.7333725168256	15.3694743652346	-2.61001300939197	19.4969142444568	14.9170429499259
PGAM1 PRKCD	-3.96492979175189	20.2710262663861	15.8217025653791	-1.90494544351544	19.14884048718	13.7457601386406	-3.49259815391593	20.2830172953927	15.6703879062686	-3.1858749413175	19.9678557783954	15.0829849382699
PGAM1 PRKCG	-3.70396108499994	19.9039189002503	15.5924581711976	-5.45346989444059	19.7669694463022	15.1932464278621	-3.87654867149944	20.0805436718491	15.7518481730597	-4.72039086676568	19.9612317098397	15.7421464231805
PGAM1 PRKCI	-3.19593165848166	19.7020171619246	15.7025024415271	-2.82265737557584	19.6362588575638	14.5786061631968	-3.53148393025807	20.0388851784537	15.934709681452	-3.50823389727204	20.0454826510641	15.6353977830394
PGAM1 PRKCQ	-3.37032950019535	20.4237302003761	16.1873814833546	-3.58171594934768	19.785100084077	14.8188985729527	-4.29511864669602	20.2826953480306	15.8058764875511	-4.13546199823024	20.2349557981835	15.7773115939052
PGAM1 PRKCZ	-2.39727961025764	18.9727937620224	14.781480615074	-1.8481191516679	18.7187785904501	14.8419990349414	-1.44519457357207	19.5622920247511	15.2229461748823	-1.89813745450816	19.2850886294837	15.1376059988381
PGAM1 PRL	-4.00000495534563	20.0369580363931	15.7278689019055	-1.98930024633297	19.0681356370937	14.5219088034336	-2.8797166348217	20.0745416448582	15.47567014889	-2.87798662484854	19.698065524177	15.4812417401187
PGAM1 PRLR	-2.45273645403596	19.0031992879106	15.4036342108765	-5.10533130003738	20.393008345383	15.9748521964615	-3.33309570283931	19.9044533881146	15.8360651576631	-3.69876576751243	19.8481152666394	15.9620660421894
PGAM1 PROC	-0.946716717976703	18.1790606331531	13.307683511594	-3.70837428425034	19.3264289125121	14.8040137150957	-2.08195303365431	19.3371499325671	14.7637785466936	-1.97949675063886	18.9866938684468	14.4594393030529
PGAM1 PROC.1	-7.3807777281891	20.6832315786647	16.2877307693641	-2.93074302934496	19.6340128210546	15.3460821573445	-8.44740187696295	20.6721960226104	16.8252062934174	-5.3844809801496	20.5129337019552	16.2021684238726
PGAM1 PROK1	-2.39023763424181	19.2398513781969	15.2747001496129	-3.26026571288932	19.6950514967533	15.5462392907371	-3.92460642666929	19.9255356875365	16.3139879638357	-4.17785422496939	19.932102972352	16.0716742146149
PGAM1 PROS1	-1.01027642800145	18.5048835632772	13.5713073213986	-6.13086317786634	19.7172532351908	15.6602986521854	-2.36168339135835	19.2348058789264	15.010826771325	-2.24455038587427	19.4077549060241	14.8833334442603
PGAM1 PRSS1	-2.74397275839621	19.4145680628158	14.5795831523277	-1.5561427576236	18.0385339139579	14.2882869255032	-1.77726151403398	19.2721749190241	14.6480015922151	-2.15285235907559	18.8205061912627	14.6851046032877
PGAM1 PRSS2	-1.5774629081638	18.9612485122643	14.8393556449655	-1.31510494573046	18.3672219361659	13.6631906111223	-1.28459495534123	18.8470395522815	14.6867259617914	-1.68291582144194	18.9584063088055	14.7286095357258
PGAM1 PRSS22	-2.35649995478839	18.4403572113381	14.5219411844218	-1.49314719850086	18.4251543016617	14.51332504948	-1.81441738611772	19.3809147285246	15.2974796461277	-2.05715109563512	18.7793721121636	14.8238283752209
PGAM1 PRSS27	-3.07914109461987	19.9284225220373	15.2701536715097	-3.27404302637858	19.4989214653207	14.77086747865	-3.81754251707064	19.8818218979817	15.4156813419352	-3.00010856937894	19.8570326266005	15.2521030587666
PGAM1 PRSS3	-3.14855981909462	20.9498052814306	15.8932625204698	-2.81090906138516	18.7063780148153	14.8097628655755	-5.47840047937311	19.9844727363652	16.320149906103	-4.7761364419246	20.2125587499437	15.8980192703835
PGAM1 PRTN3	-4.20506777275235	19.7794707154203	15.9654584466154	-3.15501004576484	19.3235873665359	14.7904618667231	-3.91258804900465	19.8138592798714	15.8383409968332	-3.95042463810384	19.6470427191909	15.8152339044144
PGAM1 PSMA1	-2.28145877091514	19.3657912785882	15.1258100931435	-2.33489814702726	19.099883617691	14.6581110731146	-3.37180660972355	19.6422255514172	15.732389582627	-2.64792684451467	19.384890640586	15.2125627140058
PGAM1 PSMA2	-7.28638093452511	20.7921880505303	16.2302917702478	-4.25962468088081	19.505888808079	15.0558822171533	-7.1647234360053	20.4989488905554	16.0647729915907	-7.59096597792887	20.4540990899899	16.076608084018
PGAM1 PSMA6	-3.94799570700782	20.3812453849151	16.2642687622041	-1.84548331397845	19.5024256446854	14.7443934147218	-2.67999267224028	20.3713997212937	15.9193912896342	-3.49239483975252	20.1538313831761	15.8483964274402
PGAM1 PSMD7	-8.64050716919436	20.6559219465325	16.7184415760938	-5.59378569633451	20.6464435075694	15.6443628010502	-7.04472181635429	20.8574352719903	16.7281106392698	-7.69832496764414	20.8848085852245	16.5577793677423
PGAM1 PSME1	-3.2801107801205	19.5111399015303	16.0122388177806	-2.11166873906642	19.5299777037836	15.094109962509	-2.84046091338861	19.719716285211	15.9208190231784	-3.99764486471026	19.8987792535362	16.0670978030298
PGAM1 PSME3	-1.73895055518887	18.9187720352132	14.9445969082109	-1.60084479632603	19.006987936022	14.7957094867572	-1.59446570742016	19.2067043595992	15.3060599775477	-1.71604849872251	19.0128404647103	15.2220112247772
PGAM1 PSPN	-2.4826240464583	20.0484458993779	15.4901162867457	-2.01868805548774	18.9270557911769	15.132850220366	-2.33454962837906	19.8140812793052	15.6269655691134	-3.11971608512533	19.6640828002956	15.5882579313254
PGAM1 PTEN	-6.07970044495412	20.3257499948317	16.3195535017179	-2.6747028308537	19.2809684316008	14.8875944935977	-3.32865654046571	20.1209434839519	15.8157182963528	-4.20366156144642	20.0253816417831	15.8454982983121
PGAM1 PTGS2	-2.46005280308574	20.0603731883403	16.5009119329605	-1.7542853877909	18.9655373814056	14.7168219198005	-2.86207273964379	19.7769687772801	16.0426155031506	-2.75183210753749	19.6099060320658	15.9931251607346
PGAM1 PTH	-2.02511836396581	18.4459537766436	14.1234938801329	-1.52517318313307	18.8864469898157	14.1337833756096	-1.99842244998112	18.8079557053381	14.5356208830445	-1.94078975603174	19.0038165520744	14.5184621656616
PGAM1 PTHLH	-0.272533848890509	16.248379571328	11.8260280836951	-0.504859305625793	16.5182046359146	12.3433569878246	-0.338399622684638	16.9617634420567	12.72774180183	-0.334710175379022	16.8753247459694	12.4127050659254
PGAM1 PTK2	-5.07623976280547	20.3424630099724	16.6618495663517	-1.84156207227931	18.6428944738075	14.7956452095526	-4.16456456676291	20.0463331124201	16.024976594586	-5.10937262818213	19.9534642025846	16.202447214782
PGAM1 PTK6	-1.81199865554858	19.4460800365457	15.9991438214908	-2.13978039196314	18.498468218141	13.7668412420351	-2.46082460447176	19.5098204353672	15.5574437791581	-2.73338792341139	19.1843071114573	15.3122198580885
PGAM1 PTN	0.742392233437674	9.57308323892071	6.8829975781738	0.62749448854293	10.7377048234024	7.86440311038745	0.668663958515833	10.6472862952998	7.87896311154012	0.669300964467111	10.3924937353393	7.62853977035124
PGAM1 PTPN1	-0.860295324093885	17.5666797728091	13.7975906942542	-9.16219859861108	20.1176680114873	15.8803670751518	-3.18248859182166	19.2506045611867	15.256829114712	-3.00610472165558	19.3756565197283	15.4429380257956
PGAM1 PTPN11	-3.46900160671512	20.0073030651255	16.2989906154939	-3.05284131700742	18.8353039845128	14.2466586419799	-2.89941442820322	19.7383603164317	15.5204895460784	-3.63955250682217	19.6612050345196	15.532412623898
PGAM1 PTPN2	-6.5591718010185	20.4487708220197	16.3557960838374	-1.7174730465617	19.4884382020754	14.6572877909468	-4.34449366821488	20.1002224362815	15.7337605191807	-4.24512267839932	20.105577182467	15.8653596442262
PGAM1 PTPN6	-6.35793876009629	20.3894069664761	16.5079695847192	-1.90604972955467	18.4095778312668	13.6309058163365	-3.27758055448778	19.9161057447216	15.4620518082685	-3.90491047316823	19.6050973381659	15.3636207890406
PGAM1 PYY	-3.41495834554012	20.1417770869565	15.6194620023739	-5.68520255901463	19.6892758201779	15.1458247960709	-6.74634125544725	20.453298178603	16.2051208624553	-5.80424391600036	20.1066114431318	15.9127771236704
PGAM1 RAC1	-1.63145682172546	19.1446711275822	14.9936724425556	-3.0517586743367	19.7424869601741	15.3260952734399	-2.49660693125744	19.7871396541155	15.6131438079427	-2.63485801619018	19.5581957173427	15.4159592396321
PGAM1 RAC3	-1.74670297071108	19.0881762328653	15.3855450359611	-2.59713828074024	18.9761231890196	14.5559889009587	-3.0472912021145	20.0165906039425	15.8370389034584	-2.5731235967885	19.49102751063	15.4811407714045
PGAM1 RAD51	-2.81656917187326	20.0096435837617	15.4721973956334	-1.89902488488931	18.3416219533011	14.6041507641572	-2.76992716278191	19.6779628333475	15.4991820300101	-3.17884077518641	19.5480685636272	15.536560847892
PGAM1 RAN	-2.56712969998307	19.6433117539573	15.4204645737573	-2.38977075540668	18.9483213518613	14.325462557079	-3.43230557111688	19.8484976941415	15.6981191614686	-2.90364497365455	19.4365999181371	15.1973776943407
PGAM1 RARRES2	-0.848624467117225	18.4052261840409	14.5590967586572	-0.836082804252337	17.5474254179049	13.4859977285124	-0.954774153603939	18.0760771247632	14.3768010168636	-0.786702809041579	18.2895089264236	14.2656120076454
PGAM1 RASA1	-2.35411248046751	19.7555342109538	15.2629601214063	-4.766505418808	19.3719197102595	15.7245540929396	-2.51578470263905	19.7571326538098	15.7337255104402	-3.26197214262174	19.7452051024053	15.5774592470189
PGAM1 RB1	-3.82478021022748	19.9796537438433	15.2041555629235	-3.30252231305355	19.9896298000937	15.6501834956461	-4.96198628197978	20.3614968724332	15.8943652547428	-3.89530553070176	20.1516135544309	15.7903664473752
PGAM1 RBM39	-1.92494427971357	19.391324871019	15.0522211337406	-1.89945317002316	18.1659678108301	14.2962595988201	-2.11976718139763	18.8138685862315	15.0551276394306	-2.45291467041769	19.3372038298497	15.3396577964319
PGAM1 RBP4	-6.00497067846759	20.4371350709615	16.5722919131346	-7.29207360475105	19.8625119766116	16.1698684124745	-10.694351340682	20.8018114151951	16.9654090317942	-8.96408820444701	20.5014528929639	16.7577632230085
PGAM1 REG1A	-0.685217807270468	17.9284863949643	13.7963336050617	-0.839035758773526	17.719782467266	13.8734437758647	-0.862551013860295	17.9114803478537	14.1003320132214	-0.710236250715475	17.9453972535867	14.0514982706969
PGAM1 REG4	-0.250456151417866	15.8605801276584	12.9542348670198	-0.820819226464527	16.9104595775499	13.3776222045448	-0.526050310681651	16.9452265004106	13.7697252146069	-0.511158325199329	16.6102695997555	13.4872739027467
PGAM1 RELT	0.0461801576516162	15.0549849740442	11.5502319502906	-0.355148834838806	16.457359683354	11.5169787496306	-0.185103483248943	16.1320936965895	11.9206598297106	-0.166401574465787	15.9329019005084	11.701826686919
PGAM1 REN	-0.847345471148161	18.1415345614921	14.7604203523315	-3.54355306103902	19.5784793647309	15.341809686632	-2.21661350161358	19.3823343657667	15.4947942284102	-1.77758636246107	19.1651094529496	15.5325924561258
PGAM1 RET	0.447772158939568	13.0913804099791	10.0982550869336	-0.475812303608848	16.526680970058	12.1813434402902	0.116150123617128	15.3232822060998	11.3732830115607	0.0900317657414237	15.161943030269	11.4408988306668
PGAM1 RETN	-1.13228202026686	19.1885520469364	14.6179008613088	-3.40217318193436	19.7620251327378	15.5305824936548	-3.70521630873711	20.2394881967975	15.9434723039795	-2.34145377796471	19.6621183488073	15.4557848518053
PGAM1 RGMA	-0.696943648508191	17.1436372053959	13.2971359444322	-1.82707744427944	19.2726136979662	14.0144804421328	-1.36571327598589	18.5990929430145	14.0603917815108	-1.30761020349593	18.3186086254848	13.9487105042717
PGAM1 RGMB	-2.56496112102796	19.9009720658108	15.3210194445267	-2.04545780517042	19.4771944827831	14.3776218442344	-2.33702829746872	19.738915895945	15.6016966124748	-2.41153164065952	19.6983791987265	15.2212084598353
PGAM1 RNASEH1	-2.32405562658863	19.5428086605572	15.6018263476678	-3.12615790744214	18.7674374349698	15.1401041919075	-6.72574114419646	20.4228855637526	16.4362240567183	-3.19778604085354	19.3653049375684	15.6781376264901
PGAM1 RNF43	-3.44979465421578	20.1248786982433	16.3420831068147	-6.11181307243295	20.3064683506959	15.8686341106473	-8.62751354068203	20.8490665973059	16.5883913250389	-7.07235939498206	20.4418188715677	16.422446018489
PGAM1 ROBO2	-2.72072542883811	19.2963821085942	15.5210031068131	-2.42232889018349	19.5197999583841	14.3463560441785	-3.17910394903636	20.1503573060901	15.7414990319352	-3.36614390613689	19.7067728025218	15.2997372728888
PGAM1 ROBO3	-4.5490201499478	20.2770717545195	16.4207057529172	-4.40069641392774	19.5175820488374	15.4026046814012	-4.36392330269835	19.9441029759038	16.1381278718893	-6.48970634707672	20.1842940944649	16.2156126223987
PGAM1 ROR1	-0.276354268481025	16.2890414201746	12.4948653590906	-1.25972366286673	18.4989193477599	13.9301279755603	-0.863538199263369	18.0728082704699	13.7735521532905	-0.937939707182865	17.6832071317525	13.6087450376437
PGAM1 RPS27A	-0.877655419193787	18.6070711687871	14.7503805500913	-1.41616335288489	18.5725679229729	14.6446781728974	-1.37610316359428	18.9373243884938	15.2387815574462	-1.32706279357336	18.7904371574552	14.992711960559
PGAM1 RPS27A.1	-0.936211073695612	18.5358763935833	14.588701404101	-0.883731448662518	17.4005721392769	13.7670757120844	-1.02577721005503	18.406880394745	14.8884690203105	-0.962837643428774	18.3680382340433	14.5429233796785
PGAM1 RPS3	-9.96260337475955	20.7598232843666	16.496811565966	-3.9592475783305	19.8469487057086	14.7747545195954	-5.80004665200652	20.6127688943675	16.0801026749458	-6.10630648139044	20.4312356585412	15.9486173245737
PGAM1 RPS3A	-1.24002297118846	18.38954747633	13.813537219468	-6.02852257694662	20.6226105623182	15.9874232927411	-7.53729376879705	20.8226580775317	16.2587163820715	-4.85515993367318	20.2678941923279	16.043050596743
PGAM1 RPS6KA3	-0.902997239933644	17.3615419035662	13.9779466537567	-1.59539522236458	18.7280177111164	13.9904231508333	-1.78186697086554	18.8189856510355	14.6804567479368	-1.65202058556701	18.4260555299675	14.4610090711699
PGAM1 RPS6KA5	-2.60208566961326	20.3300821478184	16.1695341327602	-2.16380852803211	19.4884383299415	14.878608470577	-2.52018893554193	20.1042718807466	15.9105795541231	-2.58549636037744	20.0697312290853	15.8100289117773
PGAM1 RPS7	-5.8528173718542	20.1510226693724	15.7597108607797	-4.29443800821768	19.5505051621839	15.2836728767039	-3.6568133993292	20.0793591531208	16.3115993473036	-5.59966653421577	20.0704016578628	16.0727492605584
PGAM1 RPSA	-3.83857974853069	19.6868381176493	15.0926890566822	-6.38685682233618	20.0223314447216	15.8391912175976	-5.78951109200148	20.337805496063	16.0419530761324	-6.03866678720517	20.1393639371519	15.8002417094645
PGAM1 RSPO2	-2.24820464668144	19.5458303328605	15.2321936722228	-1.66449684249178	18.5807450134031	14.4868273034396	-3.5952914834795	19.6530544162137	15.776498788526	-2.51649077113239	19.3273542443514	15.4035201382467
PGAM1 RSPO3	0.505639162301983	12.6673391059766	9.3080722116716	0.420017511533131	12.8280926719844	9.62125017542338	0.489805522857428	12.8763605159669	9.5328219366409	0.425455906282171	13.0213634559635	9.72391986196965
PGAM1 RSPO4	0.282986031800927	14.6974352783241	10.402115056908	0.207244922052846	15.0469208544338	11.5335766998829	0.301004247199964	15.1454556855586	11.0748710647599	0.250472989540009	15.0728925950489	11.1941577857577
PGAM1 RTN4R	-3.39612584312624	20.5038040339711	16.2456890679013	-3.04727970605647	19.1983811136673	14.8900917458074	-4.96962314534931	19.672178576263	16.2350414368613	-5.17172088376859	20.0619191325745	16.1171724878812
PGAM1 RXFP1	-1.72923458724264	19.1077610167305	15.2878581179147	-3.14860372272066	19.1996526023739	15.2874485057143	-2.42775630870734	19.4028593991417	15.4570124901028	-3.33673416839855	19.4051833978392	15.607968556293
PGAM1 S100A12	-3.28818788994131	19.6018196861085	15.7968354241446	-3.20287519235055	19.3066656562508	15.4261962162773	-3.30313309098482	19.7635139204155	16.1894846296802	-4.472071649961	19.8439563831965	16.208680294315
PGAM1 S100A4	-4.42113759602354	20.7755703921615	16.3922489984044	-3.18169204329981	18.9081667702902	15.2065951010865	-4.14780792492295	20.0072511942489	16.0616507554072	-5.22270208921298	20.0794702074961	16.1162427181544
PGAM1 S100A6	-3.71604496861782	19.2802349583734	15.4188231625211	-4.08049154584526	20.1216100625949	15.3686185827727	-5.23624473188176	20.4170898758881	16.2712199617605	-5.50614969911484	20.1173959074512	15.9422930956347
PGAM1 S100A7	-5.22352727975122	20.39025141128	16.1338669693814	-3.92551734669562	19.6074241999038	15.2526826639165	-6.01312469892856	20.514125390628	16.1297361465813	-6.40093174309634	20.2337009088992	16.1036389437212
PGAM1 S100A9	-0.73703879092226	17.1267950912183	13.2846492128932	-1.49046564931277	18.5713237793542	14.2693245367873	-1.13999790646092	18.7318690564673	14.4260780565746	-1.19212109327723	18.2360090199872	14.2115226040158
PGAM1 SAA1	-3.25445501250749	19.5110971226353	15.5565172443068	-3.70817371457367	19.4952064938646	15.5497844538291	-2.16129334849954	19.7127712933578	15.7194073982744	-3.16508588490106	19.6365235505575	15.818584815074
PGAM1 SBDS	-1.58103476245917	19.4640073064078	14.9140122817074	-3.33390691393067	19.6443680733378	14.5407800116554	-2.81921584403064	19.9557700461098	15.4414323031536	-2.22015407189576	19.7265797895304	15.0202596763018
PGAM1 SCARB2	-6.38482023916139	20.2486879368171	16.6934183171764	-1.8777879123925	18.4121944134173	14.3643296044903	-4.6751499691762	20.3784455753063	16.4723247462572	-4.64802204536287	19.8169742156473	16.14265629751
PGAM1 SCARF1	-0.764320763280586	17.2865769085131	13.0877887983254	-1.27844504963913	18.1290762999127	13.4982035695933	-0.951470144088669	17.8598107261605	13.5476316608813	-0.979165118177739	17.8919867278995	13.5701334209187
PGAM1 SCARF2	-3.27390216179615	19.7547767323924	16.4326157625714	-5.406482997744	19.7025910255932	15.8564119593416	-3.87042272986468	20.0481980281737	16.4601596313483	-4.8883230934545	19.8570437000322	16.5046778283209
PGAM1 SCGB2A1	-3.55979871312034	20.2026262784529	16.2339662477528	-7.96926931155531	20.1171186448187	15.6322542507369	-8.58823429551271	20.5367828753968	16.4804931954018	-7.16606879168521	20.575106104219	16.4235345283586
PGAM1 SCT	-2.58926480837172	20.1821470684683	15.5287210819117	-3.8788899968821	19.8375127992102	16.0241503387763	-3.51956397131558	20.1118494626239	15.9834232881499	-3.61410003479921	20.1264544326412	16.1116718209716
PGAM1 SECTM1	-1.16956688121404	18.0422432723934	14.2779472576938	-0.396295792806688	17.3948677014589	13.4254456334757	-0.866170227166394	18.0136935072437	14.3868488056651	-0.928658556554098	18.0404733596341	14.2936083868403
PGAM1 SELE	-3.92669166653412	20.3758794589042	15.8167391505435	-2.78851634756664	19.2254428141609	14.3968582022449	-3.76596055627871	20.1787112599506	15.9179240102443	-3.74658192807198	19.8769095037345	15.4320673697198
PGAM1 SELL	-1.45885728900844	19.4212665475495	15.0672234962474	-1.17775053580185	18.3241851639951	13.9278167682857	-2.12075175796012	18.9653279759817	15.078845799157	-1.66790763116427	19.0670676584373	14.8989841061883
PGAM1 SELP	-3.97916035804512	20.9736798004726	16.4522243986679	-3.01004458308927	20.0540829281449	15.4181918124086	-6.41267237484222	20.5370281820669	16.4165034923989	-4.59877910074653	20.6995028848501	16.3037768311441
PGAM1 SEMA3A	-0.995210527954659	18.7807062065382	14.6081306257755	-6.17823279266652	20.326575103356	16.0158580393204	-3.46118896507582	20.2231533459472	16.278282881063	-3.34946945194547	19.913653249387	15.8414740968612
PGAM1 SEMA3E	-0.415610753086775	17.7684971315484	13.4924368451188	-1.8069372104852	18.3912258290266	14.1810500828286	-0.879774054302621	18.5214790229298	14.4195761685705	-0.780131376401221	18.1746532355643	14.0209197057367
PGAM1 SEMA5A	-3.73899782446674	20.5985152202036	15.9028220094712	-2.08733722546637	19.370533811129	14.7127725164382	-2.85061494914891	20.1188009904454	15.4327907424488	-3.41539421890784	20.1567525364104	15.6478976315987
PGAM1 SEMA6A	-2.72108290724449	19.8523180440189	15.5386857639971	-4.52488737959997	19.7492255667708	15.6243860651075	-3.54370815460489	19.8232951187225	15.828893956839	-3.72316876081416	19.9783304396676	15.9339673412429
PGAM1 SEMA6B	-4.28434286082238	20.3174717830663	16.0335083043912	-6.48866659273049	19.9665065757261	15.9956747559892	-5.61326803737131	20.4743832413494	16.3694486564311	-6.9066125052162	20.4667410391646	16.4822293973891
PGAM1 SERPINA1	-0.941873621501384	18.0024254336368	14.5617872603906	-0.453854861317204	17.3456969800599	13.2398874287997	-0.651687714822817	18.1132365756069	14.5142812775343	-0.80252433100867	17.9144880155726	14.2493925839418
PGAM1 SERPINA10	-2.75908109873881	19.5600728675785	14.9457793089349	-1.77833236883858	18.4816816892919	13.9255399415164	-2.87254977000216	19.4372996917993	14.8563691326748	-3.41943697103425	19.3993270613717	14.8581882883749
PGAM1 SERPINA3	-2.84340844653934	19.8236609079541	15.4214469833826	-5.12970032005952	19.8124715001855	15.7224195476163	-3.75249325531527	20.1438362877735	16.1532644253302	-3.68184931683258	20.2853833495015	16.0350328086085
PGAM1 SERPINA3.1	-0.86016296516235	17.5935773567853	13.1765746105259	-0.929243634963016	17.9090675393992	13.4833277489706	-0.992560847937356	18.4658837868034	13.981963362389	-1.20168229815532	18.4121396864932	13.8147196379353
PGAM1 SERPINA4	-3.05306986841267	19.5930477647821	15.1598318444683	-2.34457822815046	19.9745105481443	15.3744550585741	-2.93444435683737	20.3570661734673	15.6925988738337	-2.61891861446252	20.0387076255183	15.5469275598598
PGAM1 SERPINA5	-8.20405160589157	20.3424705935971	16.2097214598847	-7.70719867237492	20.4379769356109	16.2329020525084	-6.56831401408412	20.4490275704799	16.4350020616168	-9.61343309234132	20.5661390224105	16.474912539722
PGAM1 SERPINA6	-2.57269717439122	18.6379054331575	15.8182411449727	-3.27315034352552	19.8458983724803	15.7284602884121	-3.86915570174024	19.6035120088064	16.0865553112736	-3.05656771540518	19.6211100544423	16.1513980259333
PGAM1 SERPINA7	-3.65527830761898	20.0896803128807	15.5775602552485	-3.54604380140722	19.4732926719032	15.1620056135129	-5.14164077566239	20.4145886868973	16.1695132511308	-4.98441319164461	20.1873003614625	15.9790500511487
PGAM1 SERPINC1	-0.789134087038659	17.5751133141427	13.2356531377689	-1.19132500843271	18.0163418551622	14.0550848891109	-1.09524287205377	18.2809583653526	14.2450234769046	-1.02506421652571	18.0904653314882	13.9572966699743
PGAM1 SERPIND1	-3.39440206299727	19.8661284298086	15.3948640737699	-3.33118903296003	19.6117336043946	15.0782589316878	-2.31260659286925	19.8336167569432	15.3884387228784	-3.11365587854701	19.8256221519483	15.4617931524229
PGAM1 SERPINE1	-1.39153321206119	19.8760779002784	14.5240583358351	-4.79536070411328	20.4086769361257	15.5698097703922	-3.59022575978004	20.6091200953839	16.2704798293774	-3.02133512568437	20.3743867828875	15.4908316948409
PGAM1 SERPINE2	-3.21624102967577	20.1524463977935	16.3623718484715	-1.78227470079539	18.8227392782698	15.203587988162	-3.00720719125688	19.6319310496776	15.9778049595766	-3.60955275944862	19.6627532131277	16.1215155502747
PGAM1 SERPINF1	-7.32513748356295	20.8617941300372	16.6597902215929	-3.55259348538859	19.5919954983245	14.8338814214411	-4.97299037133568	20.5632310140978	16.4240462689282	-6.24033748012009	20.3786546726859	16.0885862967046
PGAM1 SERPINF2	0.636173068467362	11.3620274235087	8.29758342820988	-0.0119841898563873	15.6097183830601	11.6963234008821	0.452636587534952	13.7839055083542	10.2261882584759	0.341167067196002	13.9988696198261	10.3786875472641
PGAM1 SERPING1	-1.75329773074091	19.9803799337866	15.3085933587057	-1.33462523702247	17.9758500677903	14.3318022692462	-1.52352403363416	19.2833034425271	15.1095204099707	-1.76391547433596	19.1360245827505	15.0995662996801
PGAM1 SET	-2.11620038085535	19.2908988890798	15.206341947022	-5.8726106609531	19.6058760555879	15.5417806170337	-4.36437235343953	19.5646070839104	15.7525697573755	-4.21044118324092	19.6757801272129	15.7751875746085
PGAM1 SEZ6L2	-3.59017846490915	20.0330559545194	15.4188033804212	-2.4417554995436	19.6418024712743	14.6701241113606	-3.68485589904584	20.3405930721467	15.9609157849184	-3.14943802107415	20.2367963569821	15.6119803332493
PGAM1 SFN	-1.07709007615407	17.687284612687	14.2872617002143	-0.632662416766453	19.2083539909614	14.148622164921	-1.07289883386016	18.9775416510013	14.8464017646895	-0.914697341368795	18.9378955617265	14.6660551561777
PGAM1 SFRP1	-0.738580062686005	18.2597009756257	13.8729148785779	-0.830563404018655	17.5401650364975	13.5973954364971	-0.88580825372334	18.2834107853784	14.0990980049776	-0.941425416423529	18.1025620687122	14.0625662772966
PGAM1 SFTPD	-2.64983745057602	19.8343071540295	15.8092327719193	-1.27754223835227	18.2426615539814	14.128623311547	-1.80767289396597	19.2260287903973	15.1742878525892	-2.15427283702373	19.2213909991931	15.333413854076
PGAM1 SGTA	-2.42766398507326	19.5970732760605	15.1027411638481	-2.8070811554317	19.3869162946729	14.3284800115945	-3.02197530967361	19.9056994801602	15.5043847926387	-3.25191687151332	19.6521966733844	15.1487215689079
PGAM1 SH2D1A	-3.27594265890769	19.7087154578908	16.1701437312726	-3.25530872450481	18.8689589650498	14.965140582661	-2.51658136987244	19.4117950692952	15.8539383485336	-3.78492856240832	19.6309656223471	15.9110008033904
PGAM1 SHBG	-0.0266382915248478	16.1714317189771	12.5176509412966	-3.83784023803614	19.5582172150613	14.1929952198727	-2.23043558212089	18.6004508980348	14.5191279848242	-1.16279491160903	18.0794844956749	13.8376793722078
PGAM1 SHC1	-4.71322852080903	20.6996194752238	16.333000938846	-2.57051521565643	19.3435865939008	14.3347620494706	-3.96542792968786	20.371597354234	15.8148112513715	-3.94525798319684	20.2155139381514	15.5956922604735
PGAM1 SHH	-0.924788264171131	18.4750071303257	14.7525980798801	-1.0062154782008	18.9713956211164	14.866409734773	-0.903511710604171	18.7331508745686	14.9132480371862	-1.19824223214829	18.7719699694814	15.1761030030745
PGAM1 SIGLEC1	-2.75877005174303	20.1527451848774	16.012195014005	-4.3836299294654	19.5168933228802	15.4030116612175	-4.35203888563957	20.2374731072502	16.2063807667763	-4.48880910550537	20.1824087741771	16.0695824440104
PGAM1 SIGLEC14	-1.87949953853922	19.7876495984404	15.4988891509052	-0.545515163126314	17.6320512751934	13.2175654312055	-1.05731907417623	18.8649282012544	14.6056243841958	-1.40185647259109	18.8297502385192	14.7464564162272
PGAM1 SIGLEC6	-3.69369410820772	19.3429134638137	15.7890528794336	-3.14407187253807	19.7813087102008	15.2075396604427	-4.53446386742524	20.2465371383401	16.1007126073156	-4.98600699938186	20.0350270522878	16.0252927928326
PGAM1 SIGLEC7	-2.98934468562502	18.9077475566742	14.9911244328832	-1.88932350017477	18.507036553918	14.3046604613595	-2.45627129307015	19.1348004776803	15.2217670850025	-2.88851600940476	19.1755373203173	15.2823755274827
PGAM1 SIGLEC9	-3.97821287396202	20.4709523436587	16.4506162675598	-5.78891707667904	19.6169712946677	16.0334979744337	-7.75544371991336	20.5270467147554	16.6091596299604	-7.21035512116157	20.1603091281195	16.5261050575971
PGAM1 SIRPA	-3.3617950691281	19.7026832859676	15.7583305793001	-3.51996035267544	19.6697142429346	15.5689805247184	-3.40817863163601	19.9825707804955	16.0528555535615	-3.62239238728044	19.8326898659409	15.8960295297382
PGAM1 SIRT2	-2.2531145906781	19.5893685875773	15.5096311650535	-3.91494539721877	19.8876488638263	15.3888388994553	-4.62125779087644	19.9087414634285	16.0186919207242	-4.54373465359166	20.0156434706503	15.9532855620631
PGAM1 SKP1	-2.61156555240947	19.7367277951919	16.1477117602879	-1.1064642589939	18.1082358679609	14.1331739436273	-1.74872851418541	19.57235894945	15.679649819912	-2.26279598930113	19.2400633264731	15.5052942873901
PGAM1 SLAMF6	-3.70224505400305	20.3224395155107	16.0701350206809	-1.76226706126903	19.5306478974726	15.0550004674609	-2.38192115635625	19.7914943839876	15.9188954755524	-2.831467150093	20.0971667371476	15.9305118942062
PGAM1 SLAMF7	-2.85316733973089	18.933136437433	14.9458443267634	-5.43800730673218	20.4778129358604	15.9757122876372	-3.21159695003119	19.9768970759858	15.6107700584174	-4.29374517175158	19.949963970014	15.7544505578402
PGAM1 SLC25A18	-2.71630243372991	19.223302411751	15.1229226105845	-1.87310835441297	19.4258082159273	14.6161801426136	-3.10606704927287	19.7433701917501	15.4128834438609	-2.53054202426282	19.5733752081176	15.185929319164
PGAM1 SLITRK1	-2.66802589592867	19.2173413914892	15.2069792640272	-2.80830615387677	19.704511408625	15.4922309364476	-3.98501563330668	19.9067444371234	16.0765962020505	-3.57980147245994	19.8079923994506	15.7832811852406
PGAM1 SLITRK5	-1.12885860226008	18.0617544618991	14.2663853370812	-2.59268537249547	19.1202050521466	14.9219117353953	-2.743913395556	19.5147507344512	15.5806483323841	-2.54576851394108	18.9512864475846	15.3187283105445
PGAM1 SLPI	0.275902876803212	14.7164340347855	10.4762165645165	-1.1748549738358	18.3382881564812	13.2190951182414	-0.408803861375534	17.0076255748806	12.9205872733709	-0.248739084419983	16.7660644658914	12.0807332801169
PGAM1 SMAD2	-1.95766396256597	19.8705531086443	15.2273581761568	-2.97903455075866	19.7748468107183	14.4739370486192	-3.42518692287144	20.1332758345157	15.6629970884004	-2.62936444510384	19.9420194837472	15.1093910463666
PGAM1 SMAD3	-2.85298093824593	19.7869891392118	15.514089981523	-3.28754669656292	19.4413767300696	14.1289953064315	-3.67905660418539	20.243130543707	15.4295838369632	-3.45790927413883	19.7514690777822	15.0975016222853
PGAM1 SMOC1	0.277407004475885	13.833533100916	9.68133575302429	0.227289330429593	14.233906659123	9.58295806916026	0.279756942391834	14.2499858349313	9.88947889862818	0.262502855516748	14.1827562823193	9.85192825773722
PGAM1 SMPDL3A	-2.69027124813723	19.5521350119131	16.1222847385918	-2.5212060355214	18.806876502244	14.8718073001824	-2.67905752050111	19.0536483381238	15.7818921588525	-3.61264731344466	19.448031100108	15.8463767881025
PGAM1 SNAP25	-4.58474623855945	20.3556439427328	16.3517588290252	-3.08848458110746	19.1288370062254	15.1671143559411	-3.58991744457518	19.8278163814857	16.1665249685318	-5.03878101846753	19.9357270506183	16.1808202578902
PGAM1 SNCA	-3.33032774381357	19.9846182166301	15.9028441129477	-3.70328018392676	20.261080897035	15.7036846557483	-3.86090106947422	20.6108065074512	16.1021221448788	-3.93954627041414	20.4301256946024	16.0980757544872
PGAM1 SNRPF	-1.6374330956352	18.9312940788028	15.0514028135502	-2.32526064816594	18.6624773423493	14.7490242791749	-2.56741916924599	19.1139297806651	15.5549342784178	-2.67927238183455	18.9994375204947	15.2396852079239
PGAM1 SNX4	-2.49630137555948	19.4854882210921	15.5134238492931	-2.528568067316	20.0095965105501	15.1167083924353	-3.55640697121754	20.3229374411587	15.9629956606567	-3.21835015544196	19.9415195299107	15.6182757553971
PGAM1 SOD1	-1.87718514853627	19.7779323833671	15.5064164857262	-1.00707403608648	18.1388186082233	14.3891468772573	-1.60735833710901	19.3450290293879	15.1739627504852	-1.40890637813198	19.2086049813287	15.1162971758135
PGAM1 SOD2	-1.33573778960756	18.5716077286418	14.2730772449571	-0.435604727124039	16.7772660438918	12.7883747426829	-0.695425244470145	18.1152583430942	13.9941913292302	-0.875921439732087	18.0096513618969	13.9056682860924
PGAM1 SOD3	-0.293699407591807	16.6102185278238	12.8397753227149	-0.972914815937785	18.0564193814509	13.4485828677104	-0.388161902422981	17.4801143482111	13.7575256456951	-0.636729048571384	17.4850170906979	13.3746054937086
PGAM1 SORCS2	-2.15358560229837	19.4892758571289	15.1838835837066	-3.21516413569253	19.1382205497602	14.6820436382666	-2.46882210957487	20.2116306709532	15.599501017116	-3.66905341330656	19.5967501551077	15.2871290765862
PGAM1 SOST	0.438448602828217	13.6160118996179	9.80173978267536	-0.270823351066336	16.1004664392973	12.2972324712215	-0.148543075676374	16.5079390542932	12.7966223028958	0.146306603563271	15.1803022525965	11.4592176588625
PGAM1 SPARC	-3.1110923100436	19.923318348428	15.6470018072322	-2.67330506184545	19.4092534712966	14.9704830828253	-4.74668316295533	20.4123558095868	16.2341057030187	-4.06631578520302	20.0687043666116	15.7965784429619
PGAM1 SPARCL1	-1.24822754084838	19.0205330856169	14.4666205405243	-3.68938370017458	19.0953146697732	15.2719948750905	-3.22230271642542	19.5252527474494	15.8531977448894	-2.20709760651049	19.2937882436746	15.2681699953093
PGAM1 SPHK1	-2.01378773073495	19.5197728372425	15.146064313778	-2.26386957384884	19.054841728546	14.0557928681337	-3.33484346425875	19.7173308596352	15.5847462959869	-2.33906525564647	19.4356200347998	14.8253263857733
PGAM1 SPHK2	-5.76672576155868	20.5270680311476	16.1873015039357	-6.77376624174852	20.3578499732531	15.9186643119202	-5.94520627316238	20.6983700047603	16.1597295099127	-8.42787382045336	20.6125821083661	16.3132227983899
PGAM1 SPINT1	-2.00702665719875	18.8347016776927	15.0088684991282	-1.09150623400262	17.4492803579534	13.8385014944201	-1.29270162472237	18.1498738334833	14.5139110631996	-1.38017680224273	18.30409978643	14.6102019215218
PGAM1 SPINT2	-14.070975300843	20.8653192278691	16.9089021376926	-2.91394569213464	19.6153445482018	15.523266022695	-7.47354356464481	20.4173188851217	16.5469344694991	-5.52364128040638	20.4323002689867	16.5030153902485
PGAM1 SPOCK1	-2.4914375458917	19.7069416661198	15.417457405749	-8.77238514676097	20.469698975053	16.1730547685951	-5.40660990583484	20.3712849280152	16.4140907734095	-4.65696665230781	20.2665903821498	16.0724522745619
PGAM1 SPOCK2	-2.39947139311302	20.1454586854196	15.1378012985955	-2.63629843626443	19.2562085456699	14.4806721408582	-2.97166683564526	19.8557623912657	15.3004699379414	-2.73240543906041	20.167192462213	15.2176990990248
PGAM1 SPON1	0.208021136942473	14.9366399803423	11.1933107042466	-0.306013261790322	16.0929551986839	12.4884574039518	-0.171662103972604	16.19885948457	12.1857732923908	-0.0568438230099364	15.8850953438189	12.2165897835298
PGAM1 SPP1	-0.625410585691427	18.7691105743748	13.6354266711157	-1.1004542669086	17.9568226855373	13.2409276569699	-0.814935510791136	18.612999775222	13.8816400047776	-1.19860305668279	18.6112491276422	13.9290833518574
PGAM1 SPTAN1	-4.1540059347002	20.5747368244136	16.3772118338248	-2.7635763916441	19.4399395253334	15.0573378783442	-7.30041215325973	20.59002086276	16.2836671280784	-4.00049642205087	20.1305008014961	16.0592579964062
PGAM1 SRC	-1.73182192123573	19.3299887632196	14.945102420855	-1.77038924544811	18.6884061363937	13.9037626473416	-1.91453683899175	19.2950597889729	15.0646733509861	-2.015687293134	19.0654904950422	14.7003667172944
PGAM1 SSRP1	-1.32282746041699	18.8107094353132	15.1464961894314	-2.32401043137641	18.6760967243654	14.743739294306	-1.54303451800225	18.7566582115718	15.1402752469122	-2.31302101893854	19.1241443757609	15.3931060098388
PGAM1 SST	-0.0665199861382646	15.9987624849313	12.1268019543978	-2.64824774767489	19.3606666698875	15.6093215881962	-1.36577276355561	18.9837195838792	15.0514725550193	-0.987428432973922	17.9114471252111	14.2049442342008
PGAM1 STAB2	-3.69033235185561	19.9144335251986	15.2934849708169	-2.63134165406879	18.8466048116526	14.483344645702	-3.70552463288944	19.5564626307052	15.0497344617545	-3.93125504796501	19.6548110403657	15.3560890404274
PGAM1 STAT1	-2.61240620789518	19.8211634769388	15.4828389123707	-1.82214474510923	18.9344045411473	13.7894169484577	-2.73636602336414	19.7731491956546	15.069745036217	-2.65615083269003	19.5914510737787	14.8270916220136
PGAM1 STAT3	-2.69878948670419	19.826043890574	15.5605378727894	-2.72085040043575	19.4167954455751	14.3290877908616	-3.05869897632982	20.0351391398058	15.511222309894	-3.25089369055696	19.9174915029871	15.300167961407
PGAM1 STAT6	-1.47914617889219	19.1546318520519	15.0396871640554	-4.66982326903642	19.7667719056723	15.7773065251179	-3.78721188189727	19.8686920427302	16.1021649265093	-2.96053940823711	19.5907851830434	15.7183804398926
PGAM1 STC1	-0.156225476293421	15.4964990299669	12.05951123831	-1.80799690367706	18.6811557499961	14.4681948551966	-0.954201593612207	17.7507696113665	14.0047101441324	-0.857151740255832	17.3772921764194	13.7095073921182
PGAM1 STIP1	-3.2724896675461	20.3926065160372	15.6273197405584	-5.34426650325461	20.7764406013132	15.6964236977675	-4.47020973906664	20.8409579003359	16.1705106873713	-4.79498559630829	20.690794933488	16.0489191944272
PGAM1 STK16	-5.05923570076568	20.3128572814793	15.8660569285645	-3.90933476665165	19.0018175966389	14.5089407184049	-4.89423939397192	20.144582044849	15.5122294385834	-6.48304885565775	20.0587669610832	15.7487098984967
PGAM1 STK17B	-4.50410655287643	20.8489495001446	16.4269946059416	-6.27006802474152	20.104089574611	15.5799964979778	-5.86099744193901	20.5639944003713	16.5025659240834	-6.90696501349584	20.5510348708863	16.2825535322624
PGAM1 STUB1	-3.73271434975175	19.5511930668164	15.6009637242482	-1.20105929722685	18.3921999458304	14.1656844187857	-1.99586254285326	19.2063860196238	15.0839627809405	-2.32151686820964	19.0862687332754	15.2552910953832
PGAM1 STX1A	-7.57146056424336	20.9271702778122	16.3971502305796	-2.18988174142511	18.9431886649257	14.4919459587132	-3.79491556437304	20.0836615987537	15.9479118773156	-3.80425842297105	20.0059493608209	15.8112613587619
PGAM1 SUMO3	-4.20882233381814	20.7494517735393	16.3687120531798	-1.89821857225826	19.9585686105818	14.713773609765	-3.28940768624713	20.6593140862001	15.9484354506346	-3.43762147757953	20.4864019031809	15.8134935857985
PGAM1 SYNCRIP	-5.60984435807307	20.5567802823383	16.2905807138906	-2.67855061367355	19.7500591782346	14.626005116424	-4.15306727158623	20.1071446699854	15.936504736991	-4.56620061443874	20.1499266605632	15.6897015987398
PGAM1 TACSTD2	-5.12070386934918	19.8498190473766	16.0650021290942	-4.95481143396371	19.7522917706126	15.5312923212955	-5.16635929521709	20.0145697960039	16.1015599308789	-5.75915378697582	20.0622444586306	16.084145826784
PGAM1 TAGLN2	-2.98036645031159	20.1746130982102	16.0235277667827	-4.6178948124393	20.0514142101614	15.4421863288255	-5.13654755476936	20.4073101600417	16.2978734058884	-5.11651782312344	20.2834185958797	16.1007482592996
PGAM1 TBK1	-4.04237153714826	20.4997749728134	16.1891865274333	-2.48567354449141	19.7718601166626	15.3854070758323	-4.08590439602844	20.3410153989346	16.1691061116488	-3.56821076922138	20.2213094770089	16.1070131426344
PGAM1 TBP	-4.00207573419552	19.7880065995556	16.2176463197311	-4.63189048863007	19.7339268788499	15.7261722484775	-4.23788205106515	19.8947031281641	16.1631446819906	-5.21902498019554	20.0696937291693	16.247704191539
PGAM1 TDGF1	-8.49516146176545	20.5925167190952	16.3420830277572	-3.70664300215477	19.8142897535214	15.2192012285258	-6.25995842806575	20.6070773201666	16.4394904533847	-6.08598558293604	20.5490935560545	16.3627448885765
PGAM1 TEC	-2.20955347045548	19.2870954085158	15.2930616524899	-2.74866046745389	19.2773991427805	14.2024235500624	-3.67738989164167	20.0482391604767	15.4798216805389	-3.34784624070083	19.6257928777129	15.1620732723255
PGAM1 TEK	-4.87423793690686	20.3970614579216	16.1036282754915	-2.44506493312796	19.3668436620925	14.825524458509	-3.42152170528859	20.2892875777831	15.7858940475053	-3.63123801561316	20.177632098547	15.7234272015173
PGAM1 TF	-1.63122076945086	19.0222484531131	14.5344991822749	-2.24047931613293	18.6461084214169	14.9688392231203	-2.60958527972542	19.3572618907441	15.4538217059812	-2.28549789046271	19.1982996146342	15.089931109529
PGAM1 TFF1	-3.14277976162517	19.4346904669633	15.3968477926491	-3.41237459057258	19.306795827288	14.9061243386072	-3.90108114969112	19.7708871179891	15.6793405583217	-3.95214069610564	19.7246950068903	15.5970148647686
PGAM1 TFF2	-2.24357583491254	19.1028111107743	14.8543844906081	-0.900838006216432	17.2422520140659	13.5391937316661	-1.2674479139597	18.7071786844938	14.6671643789966	-1.27803998450235	18.3871128541254	14.4673241631593
PGAM1 TFF3	0.322656780060211	14.4952160007125	10.0264896823303	-0.049618070820679	16.1480530847755	12.3121155531867	0.188814283557209	15.519196886487	11.424247155331	0.18438915902986	15.4137603643434	11.2892648027812
PGAM1 TFPI	-5.55360059355699	20.4168611860995	16.5146074970032	-1.09302417124312	17.5412202574697	14.1313216708697	-2.94457587720231	19.5134058194616	15.7513238374173	-3.66555252313168	19.3685028245001	15.751149300819
PGAM1 TG	-1.78291530545992	18.9355948510403	15.1605239019579	-4.52057282191279	19.7405154481471	15.6501278642399	-4.08806476019936	20.0543031696285	16.1309577401153	-3.67618667327256	19.7421390251368	15.943123971203
PGAM1 TGFB1	-1.82851331296721	20.3715524463941	16.0379698362553	-2.32855162654236	19.373163759287	15.4824187004136	-2.48430116384281	19.8386794997152	16.1921624852468	-2.75281445569631	19.8694846101005	16.1024030662875
PGAM1 TGFB2	-2.43591973820693	19.2645555677672	15.7146880187193	-11.7900005640423	20.8391278040314	16.5747866735079	-5.23410877495484	20.4975554193064	16.6366716723527	-4.66041440163985	20.2399454760139	16.2842081289104
PGAM1 TGFB3	-1.55845551938665	18.4243869745401	15.0063938688506	-0.676699899502997	17.2977340164401	13.9319067248902	-1.25127698055583	18.2041970798521	14.7853544110387	-1.63308464267706	18.2165061565359	14.8664318471585
PGAM1 TGFBI	-4.19881372323773	20.7048712830928	16.4105440150681	-4.89783266287312	19.8302356486072	15.2848048759835	-4.5462852177161	20.3854840770887	15.9946074079215	-4.85191042561744	20.3841373774375	16.1783903385829
PGAM1 TGFBR2	-0.934994221362605	18.4338183074294	14.7063243242442	-2.18494065634463	19.3912892600489	15.1932945298734	-4.13343879382928	20.4293196655439	16.2400983470492	-1.74412520855956	19.1697765979091	15.1433818341097
PGAM1 TGFBR3	-4.23898783273161	19.6145073597235	15.2309851329769	-2.81940252880406	19.9708238159371	15.3509529257547	-3.70125153973692	20.167941712146	15.951631983283	-3.66005856571617	20.1226783674949	15.8000942648219
PGAM1 TGM3	-2.5211862818383	19.8059685906736	15.4470557933864	-3.67106442685552	19.1738793117023	14.7887710924175	-3.68018740876505	20.1048541799282	16.071082017988	-3.1663000573551	19.7842359911486	15.5129910807254
PGAM1 THBS1	-4.66824521813188	20.4618520468034	16.6318894748145	-1.57450784075518	19.9625685461227	14.6151984191946	-3.84306598822241	20.1692477570277	16.1427356613633	-3.32186603760973	20.2780112202101	15.9122917823156
PGAM1 THBS2	-0.185304988259261	16.7139460687111	13.3389081554725	-1.15141674059797	17.9620070060643	13.535748915448	-0.713795583199355	18.0293629857258	14.206370298023	-0.61047806576169	17.639326487482	13.7577240682559
PGAM1 THBS4	0.0120419179373566	15.1787569760727	11.5803456463447	-0.84687737246321	17.1997148183402	13.2407525920164	-0.352510992572738	16.4673570900325	12.5990190303704	-0.443689743484277	16.5345289634119	12.7579199986259
PGAM1 THPO	-1.6068461524847	19.2043983519273	15.7633416156333	-4.24024808002038	19.5503608085308	15.3622944191196	-3.17395898660195	19.4157027758136	15.8784224445389	-3.34450599433698	19.6895893450955	15.9303043150642
PGAM1 TIE1	-6.25230668126304	20.5161736155885	16.239806542048	-2.56261182244066	19.9543397104293	14.5932867746836	-3.961830051371	20.5053212698368	16.201974018002	-4.84303472975441	20.6033938267323	15.9345952712843
PGAM1 TIMP1	0.192493833076029	15.1391579134902	12.1131347119035	-0.510563297223568	18.4168677600823	12.7984210164719	-0.119585330814584	17.1003920510827	12.7534145300593	-0.166658694318887	17.1380717073812	12.7352121317905
PGAM1 TIMP2	-0.248582646782595	17.3394385937324	13.2687819503167	-1.62986443632368	18.861217518313	14.3746530376228	-1.10249910193429	18.3167568085	14.1817018241869	-0.902084357296397	18.3130014239296	14.1498251387017
PGAM1 TIMP3	-7.13822719845565	20.3523539493335	16.3249296828441	-2.10752631581452	18.6443537620129	14.707904254256	-4.49765660900061	20.0322892840603	16.0972727331252	-4.96108753935646	19.9213125603783	15.9565331909392
PGAM1 TK1	-6.51587856251546	20.3167798446043	16.0919877986772	-1.57483235870082	19.3064334264384	14.6382802575327	-4.6066837940934	20.1623024317704	15.8236060893637	-3.47003385796076	20.090018557613	15.649422492458
PGAM1 TKT	-2.29675477397508	19.1439994293522	14.9679448834329	-3.01270901251037	20.2217838033552	15.2795735944288	-4.18088796752706	20.3661877186931	15.9364490295824	-3.18837953549471	20.0748397827476	15.6517556060923
PGAM1 TLR2	-2.091508226113	19.679084675927	15.7893415606956	-10.9802395079004	20.4696927252839	16.1137484309752	-4.27242038381922	20.2953954690634	16.3611834486812	-4.45823567336022	20.1527748723491	16.1648647110752
PGAM1 TLR4	-4.29267943288142	20.6663331624456	16.170681743259	-4.07654206393022	19.5745713784665	15.2679025560434	-4.42936673573546	20.5047253088265	16.2831798783967	-5.8526303426071	20.4345674246382	16.1232387831808
PGAM1 TLR4.LY96	-4.17917667230248	20.7830636460699	16.4366453033447	-2.91420693786749	19.456026078671	14.6031823681928	-3.31852735454492	20.2009828411608	15.7861550051299	-3.58626580417665	20.3003425371733	15.7404927333042
PGAM1 TMPRSS15	-3.21182046822786	19.2997138595088	16.4862711280883	-1.22888539686399	18.2420671014843	13.7762944917972	-2.02259838994303	19.3785153481423	15.5838581706401	-1.98543962832804	18.803723256486	15.3406607439868
PGAM1 TNC	-3.36094824914886	20.9753409366297	15.9240995456756	-3.89803892880273	20.0361143158355	14.7345462096449	-6.16493526675312	20.5434125392102	16.3547750752668	-4.57265605608486	20.72234717802	15.7603475694623
PGAM1 TNF	0.0492988095073809	15.7585773582551	12.1210728613555	-2.34165373364032	18.5996322726426	14.7782077617208	-0.794281536513722	17.8676288106437	13.9070719959467	-0.682338019380015	17.4845845341949	13.810100295541
PGAM1 TNFAIP6	-0.166648647248644	16.9265212586817	13.0703388122817	-2.01447201744853	18.7381601627376	14.5495991226567	-1.94982479866988	19.4480653229275	15.2359447487422	-0.933008747252972	18.1198027509588	14.0068783991533
PGAM1 TNFRSF10A	-3.16665968419814	19.6485486378458	15.3300729225662	-4.17988811494188	19.9232889177819	15.3989495605077	-4.10835355084604	20.0151286071153	15.8810146525723	-4.98891175557529	20.1423248284657	15.870661436138
PGAM1 TNFRSF10B	-1.17558042427565	19.3846659266577	15.1792562720338	-2.74042420080936	19.5996965678922	15.3077376411932	-2.34878446981776	19.4226199423909	15.4152016747902	-2.41180204785737	19.42866217604	15.5850600563246
PGAM1 TNFRSF10D	-0.44635699865956	18.1188710650018	14.0166542656243	-2.26064690725285	18.0638758292367	14.9230276288836	-0.770635001253537	18.4534138030725	14.9622149084472	-1.1975459304709	18.4802020643002	14.8484766896787
PGAM1 TNFRSF11A	-1.68542631562787	19.581283179539	15.9536229142127	-2.01480297934312	18.6916877393965	15.2302964229305	-2.06877746695601	19.1141144889146	15.7576186602085	-1.70319731862065	19.2942970058003	15.7341211344292
PGAM1 TNFRSF11B	-5.40043617741283	20.9085855491433	16.6200341573791	-3.96251634851187	19.1831803602811	14.8679412217355	-4.73363865487647	20.4068951364655	15.8528417567872	-5.29881745927663	20.1510309328529	15.8861445935176
PGAM1 TNFRSF12A	-2.64499001911279	19.6209170356209	15.576983816205	-2.87807945757594	20.0982378211407	14.9322091644137	-4.21542417707497	20.3071775485062	16.094469107508	-3.46671300760943	20.0239801685794	15.8332953524423
PGAM1 TNFRSF13B	-0.410679705575152	17.7447427403343	13.5472996625024	-1.21918238927967	17.8750321920211	14.0198752550946	-1.27220752613438	18.1227066298882	14.6306284074942	-1.03817703392094	17.9837467029222	14.3109581672366
PGAM1 TNFRSF13C	-1.74291545641594	18.3170468509101	14.048711396828	-1.89712799632041	18.8741274330273	14.567804335406	-2.07026557371286	18.8731202714293	14.6528308371652	-2.0888840320933	18.7772867433745	14.624194242546
PGAM1 TNFRSF14	-2.96629236081808	19.1890579208436	15.6494985142348	-2.56252339103304	19.2719269532752	15.4170351074059	-3.71584877027553	19.7124124127536	16.0444739647629	-2.78259586941327	19.3206328020553	15.7713794828297
PGAM1 TNFRSF17	-2.03792370787692	19.0032623929068	14.7726791544155	-2.56611736326565	19.5886779644777	15.0938697382541	-2.39040190544848	19.5003120325032	15.3179313467566	-2.42425341101266	19.2733485406117	15.293374211611
PGAM1 TNFRSF18	-1.78388945665593	18.6623056879479	14.9248887079555	-7.10433873623198	19.9426596168839	15.7902617193482	-3.18364055902118	19.5407093564512	15.7647285523621	-4.59749348188361	19.5606764942711	15.7079668498599
PGAM1 TNFRSF19	0.235477883589094	14.4881619292395	10.4230990493245	-0.160593876714557	16.145371855902	11.9690765117318	-0.00333997722325541	15.6334030592251	11.7329934482887	0.0428398732009485	15.5437466448602	11.4101461315037
PGAM1 TNFRSF1A	0.497182592546067	13.0413339833097	9.62574984871487	-0.0156241137330626	15.4464239435358	10.9076793141952	0.2387497494825	14.7487960591258	10.5897969117376	0.26281403148654	14.4684032109221	10.515035410941
PGAM1 TNFRSF1B	0.156168619296475	14.8296793644553	11.2062158455195	-0.143336631019992	16.1199085442589	11.7317013730368	-0.0929637776896761	15.8194629906268	11.7622090097231	-0.0417950445473145	15.7952513046211	11.7715251744053
PGAM1 TNFRSF21	-0.460686004678423	17.426679183217	13.4492291582981	-2.92139503758873	19.2938632758266	15.7006369257028	-1.4299481435298	18.7342779622237	14.9806521825685	-1.5215495427296	18.8065898629681	14.987761215709
PGAM1 TNFRSF4	0.167269122874091	16.4246458671238	12.2149209258332	-0.394146628398584	16.4953181199155	12.933464842721	-0.0697728863523821	16.4948341441385	12.8113881564149	-0.077226441372046	16.6372810136132	12.8344603643185
PGAM1 TNFRSF6B	-1.11113508965402	18.746049787146	14.8685896698722	-5.0165169296846	19.7775717118919	15.5594935109599	-2.4406383934327	19.3318826097941	15.5653061999308	-2.38181354548616	19.4573300603262	15.5491022708835
PGAM1 TNFRSF8	-2.10497174378371	19.247332204022	14.6656978592373	-0.172941904818161	16.0081066072712	12.4846357825666	-0.834782143072884	18.5675118874986	13.787950622128	-0.88494681212503	18.074851417589	13.7774263029493
PGAM1 TNFRSF9	-1.20664999691158	18.226463931536	14.6812252571957	-0.405373899017984	16.2797564686289	12.7603783792035	-0.757652486727606	17.5682952608073	13.890851759458	-0.823212706332212	17.6219339398845	14.0001056314064
PGAM1 TNFSF11	-6.65814524061325	20.2102931848495	15.6666155961252	-3.31750854714456	19.3273672988472	15.1318335892353	-4.32656077828134	20.0019553891582	15.761152353346	-6.74584863622101	20.1279361187667	15.8872434375946
PGAM1 TNFSF12	-2.80653908201558	19.4250436963161	15.0403944560827	-2.73488269392347	19.2088071900505	15.2798064223016	-3.48720970084194	19.6752897996203	15.456286570298	-3.05935096105319	19.6005688020732	15.4160411237684
PGAM1 TNFSF13B	-5.30640417110782	20.8535272837443	16.6235045432508	-3.8742485822189	19.7538107170564	15.4681721084504	-6.03296199328131	20.5041377175459	16.3909990794491	-6.47132324342115	20.4861024655506	16.3303329897256
PGAM1 TNFSF14	-4.87540136306913	20.0533301530647	16.5640393473909	-7.18090497403413	20.2510298271992	15.9491620435608	-9.68160547151525	20.8150637740012	16.7884196143841	-8.49996541495972	20.5874022934806	16.6054862926444
PGAM1 TNFSF15	-0.640666546549765	17.6899619987365	12.9205249292494	-0.823788260004026	17.9880262193609	13.3878112422225	-0.913433889211965	18.2997020470177	13.6183492137122	-0.918352460138918	18.0991775977942	13.5678165229921
PGAM1 TNFSF18	-4.52481276212251	20.4064963102182	15.6907004891059	-4.23224535103641	20.4015582191751	15.4498760410494	-4.77466502988096	20.5695839144347	16.0418192671725	-5.23731714463957	20.7192016726674	15.9193862270932
PGAM1 TNFSF4	-4.03818075854697	20.3649012849898	15.8892242196727	-2.14335883125134	18.9341418698492	14.6635732028924	-4.31906790171907	19.955323949228	15.9198454240873	-5.24417848082737	20.1292074042331	15.9401076305585
PGAM1 TNFSF8	-1.0366888213571	18.2477379439685	14.7000581581308	-4.59878023406076	19.8327652096098	15.5642833763054	-2.78258861614039	19.7305050558257	15.9597501679225	-2.2494024349244	19.4556041110452	15.5468355988683
PGAM1 TNFSF9	-2.45685319920853	19.9986116145113	15.9494923012338	-2.65559861972352	19.219763548237	14.7640497162562	-5.53949227867487	20.2401628439708	16.0642627950049	-4.37622535325237	20.0763413557673	16.0838330266496
PGAM1 TNNI2	-3.97473906453884	20.7870468489897	15.8335908521534	-3.71932108755221	19.0112482766032	14.6588034307972	-4.55869444578067	20.2095253302213	15.7894661695977	-4.91822553846326	20.0177183328478	15.7601123154984
PGAM1 TNNI3	-0.386125167151876	17.6829592882525	13.3250156441771	-2.9732536048529	19.0802478241134	15.117429255092	-1.22383135402099	18.4997649244877	14.4964999968253	-1.21241133934298	18.3710462572504	14.438359364999
PGAM1 TNNT2	-0.0698524271335934	16.0795285441274	11.8456977781861	-0.25552561756614	15.3768918537617	11.3100153719451	-0.31103671304349	16.5120736273007	12.2706065917675	-0.135463660091409	15.9127622871226	11.8567687374021
PGAM1 TOP1	-3.48656609250902	19.858741794205	15.6644200938425	-1.54461132846085	17.9189592770261	13.8887462620518	-1.99531625033222	19.4458925245666	15.437507642739	-3.25183111266432	19.2905824958069	15.2471857172346
PGAM1 TP53	-2.73736935487807	19.7059065613934	15.646842882473	-2.35467197787322	19.4007576442274	14.4458146491874	-5.19471655461471	20.4152976489891	16.1456117876896	-3.81172380502453	19.7052269664355	15.3760927035156
PGAM1 TPI1	-3.03570833627633	19.339960868723	15.2835688715376	-2.61792477440478	20.059851458739	15.3185046143515	-3.66022868672435	20.3947996434981	15.7839320964764	-3.22874201939924	20.0915587082888	15.6995659676749
PGAM1 TPM1	-4.46036104768995	20.447535482947	15.8843601573819	-4.89345956216385	19.5492828566457	15.0934712046643	-4.09216477089038	20.1748102048514	15.6715808074428	-5.54873469534399	20.2985300951787	15.912627245321
PGAM1 TPM2	-3.93274535588453	20.3056014813026	16.2355798747035	-4.05218947117454	19.3562922772951	15.0747792600351	-3.3528474589704	19.8144178637522	15.6887667686115	-5.19408922718708	20.019619433883	15.957230319424
PGAM1 TPM4	-2.29305743697128	19.3701273779888	15.4045134030356	-5.07602425454409	19.8668101115653	15.4712516778389	-3.72028364705078	19.9622254373267	16.0068668118591	-3.79406627220198	19.6882495961661	15.6704932445566
PGAM1 TPO	-3.92976778989117	20.8224552031978	16.8041229867568	-1.97096373047976	18.823399399175	15.1795382180478	-5.13087936753952	20.3285235470844	16.5341266343751	-3.95555754196624	20.0353132483431	16.198733192556
PGAM1 TPSB2	-2.28326665756271	18.9161673234224	15.5060499849387	-2.53862321736031	18.9754206801099	14.435278685487	-3.43038926535873	19.6883613573882	15.5231018474282	-3.65840458427488	19.4888257543059	15.3924026761396
PGAM1 TPSG1	-2.16558011834297	19.558247533672	15.6704876203017	-3.60417996978146	20.0406411376361	15.485757655409	-3.56064581531099	20.1557529136297	16.2157649944514	-4.39050250710031	20.1294728850495	16.1551652506527
PGAM1 TPT1	-2.9633372079532	20.0044980214994	15.6980477819552	-3.18465384637927	20.0004667655695	15.1270187394895	-3.97533881383539	20.5530764570364	15.9297920385357	-3.04307972075745	20.2050415300707	15.646913980495
PGAM1 TSLP	-3.62861584224833	20.6001516750444	16.6338064938571	-1.30618907874587	18.997885423235	14.5628086215918	-2.95995454293866	20.0245041743579	16.0828291504962	-2.71870279425934	19.9250157803986	15.8538952933139
PGAM1 TXNDC12	-3.67699714714484	20.426129689204	16.1782195899211	-2.33390045774586	18.3368316238464	14.4419520031014	-3.97140631797617	19.7364550931847	15.7864211709555	-3.77683571006054	19.6476629659317	15.6697732417876
PGAM1 TYK2	-1.75771787600009	19.1383187176891	14.8751995877553	-2.30321876711632	18.2046932458598	14.5790458942623	-2.98154190323708	19.28595171705	15.3198985852092	-3.25323056610971	19.0637232666248	15.2782617578598
PGAM1 TYMS	-4.06412948614017	20.2596142748044	16.0261229790747	-4.98046905214038	19.8465409827137	15.589158020077	-8.9278530717781	20.8504967808038	16.6537101787479	-5.86656001219069	20.329048437032	16.1517252040717
PGAM1 TYRO3	-3.1117502357372	19.4344633153996	15.4752646755688	-2.25724963784682	18.5136972340298	14.6505765174383	-3.00789693429801	19.4564266914928	15.5553677698803	-2.752946249678	19.332923852446	15.4239372679835
PGAM1 UBB	-2.33772994977827	18.4798947061392	14.8030470868675	-2.79873697669363	19.7029137439013	14.7900882474887	-2.9232084176557	19.7690620883161	15.4413257266789	-3.04732423773103	19.6426122047564	15.483728076185
PGAM1 UBC	-1.58135257024332	18.8070135620195	14.6051932483306	-1.5098924821058	18.2999889460004	13.6278204045435	-1.59189100386407	18.8796409625731	14.5649355132757	-1.71438812580301	18.7682810554165	14.4416216220015
PGAM1 UBE2G2	-2.16858016385793	18.8993084580361	14.6230878334759	-2.86307639199677	19.3649939609557	14.7169974648217	-2.85018732897053	19.4952178867388	15.7001673070682	-2.96062120835776	19.2943460483488	15.0985521877511
PGAM1 UBE2I	-3.77473075605673	20.0797332674168	16.0155234702743	-2.00635385285578	19.3445960920768	14.6369711584064	-3.02966407703134	20.2197731299047	15.7619115302415	-3.12702391548231	20.0045841042455	15.6201255819529
PGAM1 UBE2L3	-3.5240884106585	20.4236413819731	16.1263868830921	-2.34605571220989	19.71653146203	15.1498026105695	-3.69686215534712	20.4057677324087	16.1312234606767	-4.11315096877507	20.3272152135301	16.0524075750967
PGAM1 UBE2N	-2.86592477769307	19.2705969830544	15.2203679318583	-2.37841100276077	20.0020635444947	15.3696924941159	-3.04409621807357	20.2302996990202	15.7518280882453	-2.95341504550926	19.9745007003135	15.6723990035455
PGAM1 UCHL1	-5.23091240212001	20.4374971766432	16.4714019365927	-5.02892860936944	19.9810729323082	15.656192500469	-4.83704775077186	20.3328975421596	16.2672913917014	-5.53016168797698	20.2746777856698	16.2813454152068
PGAM1 UFC1	-3.00966874791693	19.5038083890255	15.5799069447214	-2.13413404515616	19.0018192161305	13.7605702481266	-2.49526683244337	19.7241334060954	15.2505395479015	-2.9062452260175	19.6133416951565	14.9959447589655
PGAM1 UFM1	-1.44721230868503	18.4261133218538	14.7692598402096	-1.40056672270167	17.9359057133746	13.501170181924	-1.82520029692397	18.9881046294012	14.8099568359271	-1.99898790376522	18.6350257617428	14.4937643183301
PGAM1 ULBP1	-3.34011710551994	19.651130119777	15.6705692089977	-3.03431429910211	19.8429192631449	15.7070200796987	-5.9058610465708	20.3838587925926	16.319169045925	-4.81003137326123	20.023816584494	16.003642655643
PGAM1 ULBP2	-6.98124365334744	20.7134645659022	16.9966371816111	-4.0784077612791	19.3747060153245	15.1095952787213	-8.90181765317499	20.6736906948516	16.6963950570646	-7.95862436648756	20.6653677235552	16.7295535438944
PGAM1 ULBP3	-2.8544682573983	20.197450691018	16.2625827458253	-1.13249746136538	18.0994942277595	14.059648994849	-2.0895527616277	19.439665351407	15.6107337830549	-2.2355351612462	19.405873038333	15.47773543961
PGAM1 UNC5C	-0.227740304501315	16.4992310339	12.4805165750167	-0.121138944111174	15.6337837604311	11.6745987671465	-0.134752671081746	16.2268543459729	12.7236395832034	-0.189910861567941	16.3162811923225	12.5374791362806
PGAM1 UNC5D	-0.562780226231421	17.638051461669	13.1251544235078	-2.21793927787303	19.0223450673107	14.6270272836427	-1.85504774837525	19.5236798836462	15.1167486288142	-1.83965833624851	18.711843810524	14.5669540876248
PGAM1 USP25	-3.8958988828354	19.6608460467547	15.7477073363955	-3.68573624982499	19.1385271004944	14.6729626048637	-5.54259426783854	20.5116698754219	16.0690767853654	-6.00439816461618	19.8814811361394	15.6292067421617
PGAM1 VAV1	-1.95581740487396	19.6463290505706	15.002297998455	-1.8184065913551	19.3594695675608	14.1703505401375	-3.01507815690749	19.7085848169766	15.505689094329	-2.1444112068343	19.4797394071584	14.8781815926583
PGAM1 VCAM1	-0.82130291537132	17.9808743929723	14.1578134512721	-1.54278043558951	18.1910268434737	13.6605137436563	-1.19421687500967	18.5184685731404	14.432168519667	-1.1783994034259	18.3844315045797	14.2844736621188
PGAM1 VEGFA	-0.161458413170508	15.9100744688068	12.4355507548306	0.069608657209925	14.9469152602776	11.4663709247324	0.0236305250019709	15.6086041908081	12.1031029898969	-0.0109086829199556	15.676418357852	12.3072784478599
PGAM1 VEGFA.1	-2.4592886568582	20.2679116685257	15.7261714440565	-2.03374493092883	19.2029624514471	14.1539598799178	-4.73849694395908	20.1608026502026	16.3237954055661	-3.18871724387332	20.0497251061865	15.5208853196749
PGAM1 VEGFC	-1.66638588143425	19.2736985422105	15.4362707371395	-0.647355230406655	17.9075724818036	13.3735174312702	-1.33314813498786	18.8629190800388	14.9037039862413	-1.37690475835243	18.7949879951876	14.7052772942529
PGAM1 VIP	-7.77675709680934	20.6752063689611	16.8989933172827	-1.56440241015052	19.306142514009	14.3575857821754	-3.36154485434832	20.4471528747428	16.187198622207	-3.2328219965741	20.0489598009168	15.7502706804905
PGAM1 VTA1	-2.50959218172338	19.5435435062183	15.6105559512212	-4.08051157264987	20.3745122121145	15.6311893029041	-4.54799269657407	20.580500467395	16.394284339445	-4.42980532360598	20.2730869399374	16.045567163406
PGAM1 VTN	-1.60634206780395	18.7273689600046	13.8846976030771	-1.94119054140762	18.0196926915388	14.0287178104323	-1.4343861126077	18.495316158867	13.9212083723294	-2.14372327744537	18.7463578132617	14.413124372335
PGAM1 VWF	-4.63906257804267	20.8681813146603	15.6765585719151	-3.72768741488649	19.8899607855001	15.3155147283632	-3.90518199420941	20.6164538720659	15.9090777396819	-4.19204784961836	20.5171192254546	15.8130645130482
PGAM1 WFIKKN1	-1.0503634245166	18.3591898885559	14.2017382716794	-2.63129662400971	19.4053683875175	14.6529376112998	-1.61876452580225	19.250575951869	14.8578444708209	-2.12739356771884	19.0912451677461	14.939411580282
PGAM1 WFIKKN2	-2.70859118792744	19.7700018564843	16.0731116562691	-5.59942010505506	20.4255241319833	15.8797710707591	-5.29252188129566	20.31201796371	16.2773885592119	-5.13070490321336	20.1981184840267	16.3068559449785
PGAM1 WIF1	-2.66940342801499	18.6923287332522	14.6704794343915	-5.86221861379375	19.9236222820264	15.6843139099678	-4.52832620733759	20.1729959743396	16.1769966259049	-5.69172927353524	19.8904578770743	15.9307726094049
PGAM1 WISP1	-2.15154169175492	19.6297123605069	14.9763819280581	-2.12501835055138	18.855653663758	14.7164355908189	-2.2400554151152	19.6540658723173	15.2230972686149	-2.25093985883212	19.6588602159119	15.1961933474419
PGAM1 WISP3	-1.26790226801644	18.6474787597181	15.0280530365638	-4.04716437226695	19.8662867282244	15.3311090253431	-2.76117714018802	19.6238155405536	15.8477350086476	-2.70125674407929	19.3863222313539	15.5540257520179
PGAM1 WNK3	-2.7990129056384	19.5350152761325	15.5243588631475	-4.66768194962251	19.9407815633756	15.5986854482088	-5.80410819089429	20.2482122739542	16.3654494184045	-5.14384570983464	19.9829014443851	15.9352550236774
PGAM1 WNT7A	-1.88763740887552	20.0238071169254	15.8079628938307	-3.83803745170364	19.6258716831707	15.0484049674175	-4.88589483807775	20.3363634864616	16.3121036338914	-3.03732378510583	20.1430207889283	15.8587494440243
PGAM1 XCL1	-2.21739195136668	19.5573349139493	15.9121241300581	-7.47276881403318	20.0257497815509	15.6511601709796	-3.96176282933927	19.7879630535324	15.9370927042382	-3.90899137445358	20.0533321057186	15.9359029410268
PGAM1 XPNPEP1	-0.959284396588076	18.1181642885649	14.3312887878709	-2.41208745010611	18.982578813113	14.3567146746914	-2.27784076377754	19.3004746812092	15.1211094393597	-1.72330489341349	18.7251696187116	14.6122616959123
PGAM1 XRCC6	-9.55629598209542	20.9072797700158	16.6109329134256	-2.49443734218168	19.6266306651242	14.6637203300523	-5.61020739196729	20.3657830621148	16.1635431860767	-5.6994713964114	20.437233636614	15.9537661519271
PGAM1 YES1	-3.9525543428376	20.6668184131265	16.4286633156637	-1.11446112064957	18.0140541191201	13.1699002852803	-2.15432741562333	19.9806274419498	15.3655264071411	-2.19773024063028	19.562404267572	14.888924685341
PGAM1 YWHAB	-3.88906846176663	20.2675134554068	16.1431334984893	-3.66389186884647	20.5392764994204	15.8280816011207	-4.74423690385154	20.9116188064177	16.4119035568697	-4.05346721985738	20.5825958157326	16.256333909841
PGAM1 YWHAB.YWHAE.YWHAG.YWHAH.YWHAQ.YWHAZ.SFN	-3.73092931185132	20.5200410009379	15.960537941905	-3.37664903041644	20.0942304740412	15.2111027544427	-4.24711937419227	20.6699201212633	15.8154892894355	-4.04129272684621	20.5702503136289	15.9502410161492
PGAM1 YWHAE	-3.87771989451475	20.4340635095978	16.2189346788261	-2.74137538636492	18.9215852403561	14.5868368381808	-3.79111994089249	20.0221264119104	15.783496495837	-4.54940227523709	19.958703391075	15.7640759927918
PGAM1 YWHAQ	-4.98300218293595	20.6758229588469	16.5583906928702	-7.73590074001464	20.4260974678126	16.2825426236668	-6.70558150615698	20.565521075656	16.6489374835511	-7.08938190217868	20.6033437550528	16.571342030951
PGAM1 YWHAZ	-2.01479398445483	19.4983077482456	15.5452669007243	-4.39497611364384	19.8342408216526	15.3614333088877	-4.01371244056717	20.0159866802368	15.9156335543127	-3.76915075901034	19.8967292263099	15.7742087020061
PGAM1 ZAP70	-3.5357887686384	19.9640948700675	16.1648490835104	-2.08838783178445	18.4293677376225	14.2999014674481	-2.85586128634639	19.3424424367321	15.3514759360264	-3.35418850606389	19.3268024371627	15.4281220973802
PGAM1 ZNRF3	-2.2365700427311	19.4428905013124	15.6122790053625	-3.02260093719773	19.1035534982242	14.7625168277443	-2.72322577866413	19.5629742728368	15.6481268979357	-3.7230670077499	19.5307394507332	15.6143885646027
