protein_name	r2_male	rmse_male	mae_male	r2_female	rmse_female	mae_female	r2_all	rmse_all	mae_all	r2_all_sex_adjust	rmse_all_sex_adjust	mae_all_sex_adjust
PGM1 PI3	0.0764109491280787	14.6228434855779	10.7620581647749	-1.03804443772624	16.887248993492	12.3727769409051	-0.644093749627434	17.4065286206609	12.6922131532014	-0.577786352469295	16.7872140031886	11.9743141934319
PGM1 PIANP	-0.709669976403943	17.2829455148068	12.6832341921841	-4.13775504921332	19.2905215901289	14.777559858332	-2.1705996972317	19.385451078657	14.8496010898766	-2.28343488542273	19.1190377360331	14.394092599738
PGM1 PIAS4	-1.13127207529038	17.575331693363	13.7044672108333	-2.1926635435907	18.9466651479631	14.3283141357315	-2.48690476206805	19.6904327704541	15.5334338036642	-2.0942939340586	18.8143846432724	14.6768373357236
PGM1 PIGR	-1.60215934637219	18.1326215746594	14.1226046584987	-5.21965538951109	19.6548946046067	14.7803903488855	-3.33607315881902	19.4014813104335	15.0707761722114	-2.91764596070122	19.10004848197	14.7485310057634
PGM1 PIK3CA.PIK3R1	-2.27004134376295	18.3027306638607	14.5658908760813	-3.69481744807853	18.8712522776451	13.9843714652357	-8.76322095915375	20.2616455000837	16.2986242620621	-4.90415631780149	19.3442529875394	15.2423338931459
PGM1 PIK3CG	-1.47720499226064	18.9109225857788	14.5462069946955	-2.00377181318582	19.1919469464404	14.1434303712451	-3.68002680789975	19.5608187182723	15.5535500449429	-2.2875599947471	19.48150921569	14.9057087607993
PGM1 PIM1	-3.14488590127825	19.3005911515949	15.3765389834298	-6.370696352298	20.0452284368672	15.4090430730774	-6.29360247271913	20.3722408383138	16.2595789337322	-5.88456264756796	20.1008293351165	15.7215011176476
PGM1 PKM2	-1.21798550779709	18.5759523810812	13.9736808620131	-2.07872116583256	18.3958069104401	13.5475661370358	-2.52359090187255	19.671701796781	15.1705638990244	-1.98624738003959	19.0818581429629	14.2791105411304
PGM1 PLA2G10	-1.69908014414153	18.9344944005968	15.0691001442455	-2.84765872757108	18.4936135849522	14.5359839566493	-2.47915972416462	19.1154543288967	15.3939154734799	-2.34978736677462	18.940767828694	15.0979930114884
PGM1 PLA2G1B	-1.35477669717341	18.2420602430948	14.4090173847158	-9.43784414680839	20.1151191652746	15.6023094189783	-5.60221894937254	20.0193019750041	16.0355210739503	-3.47957414731806	19.5775053257375	15.2861182541323
PGM1 PLA2G2A	-0.112895953466336	16.925427753076	12.4197257383746	-0.897597540473097	17.1426061064436	13.0370862786982	-0.571849147857837	17.9815234323311	13.503519488245	-0.540665590030569	17.7508418372489	13.1387037583578
PGM1 PLA2G2E	-1.88235965834835	19.1244022173694	15.0181305670099	-2.63950441766849	18.8810376826628	15.0177041588504	-3.15222413626458	19.8355492717394	16.0351390473993	-2.73677284911914	19.2292277224781	15.4145411827558
PGM1 PLA2G5	-1.22692630151314	18.1745106209643	14.3383025995296	-3.69877826381465	19.8061495229166	15.2983962339647	-5.83144770964235	20.1910238847273	16.553919091476	-3.62100624175767	19.6317883187366	15.5982182480935
PGM1 PLA2G7	-2.64324441341101	18.9581761376344	15.2978417600403	-4.61294495098611	19.7890631656559	15.0013001469819	-6.49749044323603	20.2634968505663	16.2506426098379	-4.02939269805704	19.8891603732402	15.4678439915905
PGM1 PLAT	-0.00523339776143361	15.2684606128613	12.1420837026883	-2.4742854911847	18.5850663241005	14.1391333706327	-1.07620333334816	17.7765092100345	14.0353555854838	-0.895880359378642	17.3145037059345	13.4668754039579
PGM1 PLAU	-1.9762615836925	18.4218113052396	14.7418681595358	-5.42948185545678	19.3867109635045	15.317601989983	-3.77530904978938	19.2837188213218	15.4233072159884	-4.38079925797211	19.3984255667598	15.5385294702836
PGM1 PLAUR	0.467422125155021	13.0876508552194	10.2236351794247	-1.30588489955448	17.7873653244542	13.576640246334	-0.152259090142614	16.5840502361832	12.7110872065121	-0.215253549675597	16.2639456183221	12.390683855534
PGM1 PLCG1	-0.697124325008699	17.4397004752038	12.4988231032409	-4.54361206057373	19.6560872796157	15.2460077357474	-2.75821102211575	19.5860229348898	15.1894285437509	-2.97510122238643	19.4258461701909	14.5846361766466
PGM1 PLG	-1.07566798477827	17.2133167184149	13.3634244275746	-0.567366579855114	17.0081199842956	11.8940264114495	-1.13010676258011	18.6205607820172	13.5543498262873	-0.839442734649085	17.710516377138	12.9926223306946
PGM1 PLG.1	-1.66735063680922	18.917094196444	14.858115229458	-2.35502043716648	18.6350165434746	14.3371124247545	-3.47049126186221	19.4430153730095	15.4746562256286	-3.0092696169593	19.105758313612	15.070400547669
PGM1 PLG.2	-0.557713006343486	16.6963419794975	12.9913428972312	-0.124166258917493	15.7192895826682	11.3156183623088	-0.67877921844879	17.2351097564757	13.1742756379976	-0.517034739299745	16.6468495536203	12.6287327922827
PGM1 PLK1	-2.36643268598145	18.8236654023259	15.105217507553	-7.51668154980683	19.7972079380112	15.4926236009478	-5.22431580405259	19.6935062853533	15.8560672355612	-4.83970300415985	19.8657595511736	15.735884586069
PGM1 PLXNB2	-1.86406361773008	18.5728087831185	14.7266799840198	-5.68212699839829	19.8032987371541	15.5406049958482	-6.17483494901786	20.1262328605692	16.3627397147809	-4.31406343354846	19.8315942371005	15.6703784443652
PGM1 PLXNC1	-2.81512233326691	18.9584909947567	14.9963899652241	-6.94349900719545	20.6322825682144	15.3012302753802	-7.37496990779036	20.6529480337102	16.2320164137502	-5.91625465395169	20.2010204988814	15.6347526967733
PGM1 POMC	-1.12670744346627	17.1920252039984	13.7698239944726	-4.05418735884632	19.670896384182	14.9604128857647	-3.65373558227177	19.7356618069761	15.8848262951508	-2.8284951383265	19.0666304821236	14.820852028936
PGM1 POMC.1	-1.60365226771176	18.8626169316735	15.1699017999639	-2.37750085106749	19.18367920318	14.1697906429538	-2.25154155791184	19.2803607627364	15.2777620955025	-2.4922730125796	19.5616074074006	15.0103105107141
PGM1 POMC.2	-0.643402900957995	17.539584575929	13.4731650341797	-2.66142073242681	19.1581105326946	14.1715153428085	-1.55282761998676	19.3426304299126	14.6220936344841	-1.58263439778869	18.9421144491131	14.3145192108141
PGM1 PON1	-1.42777161760018	18.9778860934529	14.6546360253588	-8.47817023536862	20.1450555677863	15.6608398530836	-9.02397904332754	20.2838575414376	16.4479670405523	-4.32372906684824	20.0129062344092	15.6519750535617
PGM1 POR	-0.155896346351008	16.52209183717	12.027629536638	-1.45613383666394	17.5425102484179	12.8851267961124	-1.09061996835762	18.284283833965	13.8046614413944	-0.793488949412551	17.5764177326316	12.8626321204777
PGM1 POSTN	-0.0355324205999425	15.8888907217124	11.8030444208725	-1.42412626868232	18.6242269194413	13.5746663955548	-0.658464169328259	17.8610689631768	13.3428863908879	-0.774538484791494	17.7606646076107	13.0126761969716
PGM1 PPA1	-0.869199370151917	17.9210173137926	13.3599058637886	-3.91902081339757	19.5121084311657	15.0634585631361	-1.88779271437577	19.5862593907513	15.2950173335365	-2.23226051786901	19.2498904760044	14.7872049873261
PGM1 PPBP	-1.71304089832896	18.7127364135335	14.5664719715669	-1.88242058128453	19.1701232958982	13.9088504279436	-2.32135862669955	19.7863041331156	15.5543521532041	-1.85139971474497	19.1960023344554	14.5767603998052
PGM1 PPBP.1	-1.74332594558111	18.6438406180128	14.5443828848087	-1.79920031593973	19.1753319512304	14.0013663029666	-2.12806335688749	19.8289269626594	15.5531381070705	-1.87033480202415	19.1472343321454	14.5494652204497
PGM1 PPIA	-1.62687771020757	18.4767933879502	14.1044638225953	-3.941017057841	19.5521141383612	14.7165408980001	-3.97887617445868	20.0796747462165	15.6054353649468	-2.85980244280342	19.677895609182	14.9793972548949
PGM1 PPIB	-1.16296301998582	18.2089132974122	14.8680931657312	-3.34308275251797	19.0356549091743	14.7135732600294	-2.04868697359186	19.1077553573591	15.5584577106824	-2.61164214646223	19.0809913951719	15.1603949462253
PGM1 PPID	-1.24914137080134	18.9184209470265	14.1659337448745	-3.39512044710928	19.2235352983247	14.1353114303858	-3.15373000567271	19.9699706543351	15.5486453287139	-2.41575401194798	19.5460134842519	14.6639240207787
PGM1 PPIE	-1.36357268206762	18.3111398078165	13.4522175475052	-3.03854617760592	19.3628645856801	14.5002895306583	-2.77940975319247	19.7516966986637	15.3323145779865	-2.20632291329799	19.1695831431718	14.4259942880055
PGM1 PPIF	-1.08462285373924	18.1871965373973	14.1672337359671	-7.60799499367049	20.195140205141	15.6316423158713	-4.18948327742572	19.8782923311159	16.0631572009152	-3.57394141261168	19.7866351237458	15.4329209476559
PGM1 PPP3CA.PPP3R1	-1.40525701671326	18.5370555008008	14.1770498288772	-3.71192478950222	19.0585759961216	14.3791718778157	-3.91272920943702	19.9076207638667	15.6200964560116	-2.77695395058229	19.4578323435771	14.9314703892474
PGM1 PPP3R1	-1.52554683666922	18.745976992369	13.9456396030952	-6.10434139359396	20.1511619636128	15.6276885793196	-2.71116403283698	20.1174356187337	15.4100481947671	-4.36026836008848	19.9753601090411	15.3888523430976
PGM1 PPY	-0.310918741500287	16.2980193485924	12.9216521199154	-1.36365760549028	17.5507561629631	13.1152564210574	-0.852065336380205	17.4612739507013	13.6498444730141	-0.808600066074799	17.2788702569288	13.3115627339672
PGM1 PRDX1	-0.696508293979405	18.1006743611946	13.9522831003889	-2.05837987903633	18.9116907543052	14.6160091393816	-1.70008587916648	19.5294458226879	15.5394786428166	-1.8813796597168	18.9201340297442	14.9662899361044
PGM1 PRDX5	-1.11600810472753	17.7886131787393	14.273684024191	-8.46473217279178	20.4444424568413	15.492142624733	-6.32293440877052	20.0034687103199	16.1481178034452	-4.13308619375703	19.624191090597	15.4707653025161
PGM1 PRDX6	-2.45033991435168	18.6597829176026	14.6861308249724	-3.40094114394104	19.4343333744244	14.6485475634511	-7.56860539881744	20.2156420086846	16.3842348737793	-3.70811763494597	19.4864358359836	15.1870820416152
PGM1 PRKAA1.PRKAB1..PRKAG1	-1.13363702115783	18.736905699625	14.6346936318005	-2.7915894293362	20.2784203214907	15.1337687375357	-4.77793238805127	19.9141224032508	16.3614038865177	-3.45132285768875	19.8396308098919	15.4673381329925
PGM1 PRKAA2.PRKAB2.PRKAG1	-1.16092846739882	18.22651810594	14.2880560803092	-5.25206233588968	19.7366834837384	15.259005310572	-7.2538139642761	20.5311461595772	16.4915495014783	-3.60399660573339	19.8448326337481	15.4102337436025
PGM1 PRKACA	-0.693115768450987	17.3687445679004	13.4918001917964	-3.39285976601992	18.6088952346139	14.2625056029394	-2.83173486769292	19.1617275660188	14.9786629908957	-2.24843047987382	19.0084576990622	14.5644886682342
PGM1 PRKCA	-1.28042249259284	18.5738105557124	14.1104484745612	-3.94957579555217	19.8462421687267	14.9467005398367	-3.71834247665093	20.6388706470457	16.2252875300532	-3.17267503100521	19.7619882801554	15.1450283336479
PGM1 PRKCB	-0.900341163541659	18.1765247245074	13.5151991564132	-2.96609627107007	19.0341056071802	14.1861968905297	-2.96539611973565	20.0313573675503	15.5317432748626	-1.96364020226168	19.2926240449854	14.3850260479924
PGM1 PRKCD	-3.18735478739409	18.9166022400613	15.1764050916138	-2.01419696244821	18.8950095398253	14.1708847295559	-3.50777846960238	19.7673705065924	15.870734906415	-2.71941304901134	19.3985210577232	14.9943001686778
PGM1 PRKCG	-1.29146573821002	18.1343078323073	14.2112322292805	-3.98783419386717	19.7935270579026	15.6578170258786	-2.79036672223167	19.9205775779204	15.5992220360425	-3.10401556441886	19.4144798193587	15.2787851598187
PGM1 PRKCI	-0.765676164160859	17.7379877209047	13.9036334472422	-2.54791472819244	19.0676367519213	14.8740700616401	-2.04976716426743	19.1668711265031	15.1616959841206	-1.74507874209087	18.9345700874192	14.8132237659103
PGM1 PRKCQ	-2.2575860846765	19.1392138741569	14.7181741343564	-4.5143229207606	19.1994107823401	14.6474812735756	-6.13759684745249	20.6248062025311	16.2448413145309	-4.24108289366416	19.7603970232381	15.2724307022197
PGM1 PRKCZ	-0.805457419189286	16.7882154936873	13.7407842506294	-1.63082696651067	18.2294413869374	13.7248192672422	-0.927688607710731	18.3742223877004	14.3256392366139	-1.41988718897969	18.4269323029965	14.3516721377359
PGM1 PRL	-0.881363309657809	18.6999177043784	14.3575570011727	-5.5801548499252	19.5399761253648	14.8033241385882	-6.83662421928445	20.514769665909	16.1493142631574	-3.30779384245683	19.6132370656445	15.1876184719001
PGM1 PRLR	-1.61794286808797	18.5460798954954	14.6340735329237	-4.93678951234682	20.004231249291	15.2394161690834	-4.60729213651606	19.9661103973161	16.0143209170703	-3.9113374815721	19.8401451499924	15.3509904548727
PGM1 PROC	-0.7495811545584	16.6880221572503	12.2517206999786	-2.96886639512392	19.8858764276475	14.8991117494486	-1.72236140486097	18.8422733433254	14.1898631997833	-2.03296887025275	18.6403908203184	14.0243193496187
PGM1 PROC.1	-1.45223296553831	18.0841617564632	14.1354043948375	-2.86653222739892	20.2130777286968	14.8718224294087	-5.8848398946429	19.909842103107	16.1871152038959	-2.54666993627154	19.4650166651042	15.0611696124658
PGM1 PROK1	-1.1938396339697	18.2231681511688	14.3744081694735	-5.13551384801311	20.2273661985353	15.6478343746101	-5.98627116456623	20.1415303613801	16.4217455841279	-3.3554996966559	19.7906260244989	15.5343528493934
PGM1 PROS1	-1.10923997129668	17.7112709176298	13.4507797457291	-4.88118679625956	19.7737902451842	14.8389645275364	-3.33832169512606	19.5058280124004	15.22039321233	-2.81940742530952	19.3773799745897	14.6182226551562
PGM1 PRSS1	-1.57989944205833	18.0270556203777	13.7993703697555	-2.13973695987992	18.5900089659219	14.0597323260494	-3.34459044549044	19.9430036872156	15.5230319229639	-2.28930168207851	18.7588283131415	14.3672493333923
PGM1 PRSS2	-0.7408263467512	17.9659622839506	13.6589182586585	-2.65156215365811	19.1434446899931	14.4394005224008	-2.15537632950776	19.5460890275376	15.0586836997103	-1.54332515508274	19.0631479503411	14.3686755559089
PGM1 PRSS22	-0.811916966432974	17.1555741745339	13.3487825118877	-3.28736106719691	19.7901408522163	14.6003448652201	-1.83138614521215	18.8231359365468	14.2891945587476	-2.22021898730485	19.1370808269029	14.4383200902437
PGM1 PRSS27	-0.332983355551494	16.9462416562019	12.76867090731	-3.65574002166738	19.5087163043378	15.2928544442975	-1.10305273745118	19.0097238200042	14.6466628416516	-1.4663594292107	18.6358151938292	14.4078930040959
PGM1 PRSS3	-1.97761154822789	19.1637352645384	14.9745394759808	-6.21709985944365	19.9492998879204	15.7939881363361	-6.7945120276905	20.5447290523076	16.4776806666666	-3.98513346519746	19.9274547950178	15.6630360965684
PGM1 PRTN3	-1.57805850939	17.9740405850456	14.4703067346335	-3.62857135337144	19.2452442642273	14.216990875558	-3.81359105582674	19.4296782590815	15.2259691259576	-3.12805133518767	19.0167250213123	14.8149629332227
PGM1 PSMA1	-2.56499728192687	18.7959909770469	14.7361114709807	-2.18000834907881	19.1402693220576	14.6141094551988	-3.38463121045768	19.5695373551391	15.6835338693004	-2.71164852927897	19.1406471429956	14.9554856719897
PGM1 PSMA2	-1.89194060892966	18.9641930950622	14.5269634674381	-7.62495008931358	19.7455630303161	15.3429679830857	-5.9476924891366	20.0402178929798	15.9586984606261	-4.42648770321329	19.8782069090265	15.366975216061
PGM1 PSMA6	-1.99874921959921	18.7724238576113	14.8017537140926	-1.90367443215606	18.5894079151169	14.1770158440436	-1.83177989672274	19.313917611186	15.132468563159	-2.03910175032544	18.8409184573302	14.6696728828977
PGM1 PSMD7	-1.84489042402279	18.6276714073538	14.5374265313477	-5.21799600187288	20.8752822063246	15.576524868483	-15.7683362837734	20.8154575067874	16.7912520067112	-3.83094641183942	20.0435870060351	15.6171313930704
PGM1 PSME1	-1.17318757833069	17.5667004435011	14.0634151314479	-3.37668079306866	18.9333614267482	14.5809195575823	-2.24803129133103	19.0177224158565	15.4856798640292	-2.52153667717644	18.7153195085335	14.9044796967854
PGM1 PSME3	-1.07122575030209	17.9915829514662	14.299746245676	-0.694420883210477	17.771985238404	13.7098213845829	-0.759304751439891	18.7160206074727	15.094239571778	-0.967496937615054	18.1196500045802	14.5210547103606
PGM1 PSPN	-1.56442916100727	18.1618375093812	14.2251992578771	-7.25601801520813	19.6869779999748	15.1595293463498	-6.30313796977891	19.7318776360913	15.8159830397945	-4.41970995677873	19.5801796197135	15.2402732888323
PGM1 PTEN	-0.918019723416254	18.6068714249303	14.4568505769063	-2.40749440834348	18.8755855241495	14.3541950556049	-2.81533464603001	19.532631570304	15.4334987134495	-1.71039107444013	19.1892533254643	14.7954963782087
PGM1 PTGS2	-1.56081809950732	18.5361744365379	14.8357411268576	-1.39135328223324	18.7842245909254	13.9174374348319	-2.40321092799052	19.7323332638242	15.5293570008777	-1.80684204381096	19.085581406965	14.802147720007
PGM1 PTH	-1.64204869627726	18.9923525031446	14.2565433136556	-2.60927419365849	18.8605392644636	14.0904550228148	-2.42879094673349	19.5686423483281	14.9639987153242	-2.45529593639467	19.4868838258508	14.5875171920503
PGM1 PTHLH	-0.269680632250854	15.8483909943873	11.8747766987376	-0.939984025878844	17.1584857754921	12.3283990876755	-0.442719641679583	16.8878901673265	12.8484518490515	-0.756739401355515	17.0217046810557	12.4622748907887
PGM1 PTK2	-2.90784722336311	19.2996443026004	15.2739733798619	-5.88642546721746	19.9102825823091	15.3680662265762	-5.6512293153353	19.9754317317625	16.4346808968676	-5.29548935348383	20.0807651702379	15.8242095447695
PGM1 PTK6	-1.06790798006795	18.1468968291562	14.3777373791719	-3.81167239776294	19.2933297917062	14.8846233012921	-3.53543456432344	19.3057384756207	15.6443572179302	-2.7176443420885	19.1014224117366	15.0497671458584
PGM1 PTN	0.714926187370422	10.1860202608687	7.46237938343872	0.500806231319447	11.7206656596481	8.21226471199272	0.614877479874735	11.2637671807919	8.48692049312427	0.610263404222226	11.2176203227753	8.05708673035776
PGM1 PTPN1	-0.514178719785246	18.2760433285981	13.0029819219263	-5.38089393333012	19.148969160706	14.8570910268401	-2.01196834746151	19.295720593123	15.0927167657946	-2.08933754314936	19.3300010564918	14.6944898872823
PGM1 PTPN11	-1.51968447453241	18.5649184917606	14.5929841871932	-7.90817570278867	20.3101872207859	15.6761082286168	-7.18775530838439	20.3160379252796	16.3255258513024	-3.81233906276068	19.9608412236755	15.632356815005
PGM1 PTPN2	-1.39452311169548	18.2050290987008	14.082061992717	-6.59509053344273	19.7691080795244	15.1878415762416	-4.79761713926206	20.0371913253865	16.0314914266816	-4.51696433352787	19.6732589153159	15.3471401011277
PGM1 PTPN6	-1.51341531914402	18.8263082306538	14.4663825748294	-5.12033141218743	19.9419327528814	15.4050760453075	-9.79674760240676	20.3742218201606	16.6793399599919	-3.94490608163335	19.8306412742145	15.5065863560037
PGM1 PYY	-1.78094428858269	18.830971631981	15.0592239066849	-6.55076171958119	19.7145335449495	15.1405552469431	-7.44139992492584	20.2001352542459	16.2378649456837	-4.79475479509708	19.7651519246069	15.6005560249223
PGM1 RAC1	-1.11293254091721	18.2471688409518	13.8240164902428	-3.60461804701191	19.0584335722661	14.6007574819341	-4.51574765023734	19.8988983197263	15.9829547090921	-2.42220915885462	19.2858421611364	14.7945591059621
PGM1 RAC3	-1.93693215963063	18.7971528839484	14.7493607204478	-2.71790591013788	18.4758567494488	13.8974648370034	-13.7458117531269	20.6307764151945	16.8085560798105	-3.23998982652492	19.5077742138662	15.1201784714958
PGM1 RAD51	-2.07864150966603	18.8055713387787	14.8321218482152	-5.69900918786782	20.1591129112839	15.3387923220953	-7.48066723410458	20.1445033503357	16.2106549191839	-4.8642197848277	20.2585187636255	15.6886420385889
PGM1 RAN	-1.35111060766811	18.6088059972555	14.0756996505152	-5.19588091645622	20.1246546787554	15.222106001835	-8.80104315410567	20.3539659486236	16.4801800459313	-3.74285229594002	19.8085015204765	15.3683160146197
PGM1 RARRES2	-0.909685067458621	17.9158229680409	14.038924430859	-1.12732788308749	17.688567266382	13.2988874337333	-1.41810831251867	18.4600224586353	14.4220155069103	-1.14531990127837	17.9696359007265	13.8609243386025
PGM1 RASA1	-1.75336226000908	18.4129820212086	14.3557319595825	-8.75348201251579	20.0761327412394	15.5288033448284	-3.28277545685266	19.7390556163087	15.749833416107	-4.25917956050139	19.6969315481855	15.3022016482158
PGM1 RB1	-1.4322424254893	18.1959781885109	13.9405257972611	-7.2276329753879	20.073504283961	15.7319663944628	-9.43670560512399	20.6124428826354	16.5391608894138	-4.26901162277052	19.6412456101722	15.4277166385731
PGM1 RBM39	-0.432141052885289	16.7332397361316	13.5124993257016	-1.17457945045415	18.2877517070615	13.4289716228697	-1.07245794423499	19.1926873197951	14.4820986178991	-0.903538679192636	18.3500807867775	14.1004079552519
PGM1 RBP4	-3.24907142950876	18.8358391215199	15.4304900192403	-8.36959650566223	19.9196271947454	15.6519901108715	-8.22976171199869	20.1143329626995	16.372882222628	-7.06457339766678	19.9243507628324	16.0572452787167
PGM1 REG1A	-0.202622297964711	16.3738457713915	12.6760926333907	-0.891742719501182	17.438237364755	12.2949131116957	-0.702246079698573	17.3072485322805	13.2142188479601	-0.538272735390372	17.0977435549214	12.7165305736599
PGM1 REG4	-0.413794348827659	16.4306681663536	12.921466689391	-1.15207775956299	18.0690242794354	13.4626760835452	-0.583050814211332	17.3231883303284	13.6670986626058	-0.84799302829951	17.5895632456527	13.5560713191253
PGM1 RELT	0.0026324610923153	15.2305090713236	11.2465007220244	-1.18642199033087	17.3993773807669	12.416816800075	-0.545661517503589	16.9074753637261	12.3594247474929	-0.406384249423699	16.6544354303001	11.9340684650981
PGM1 REN	-0.66976090467958	17.2487653302936	13.9273051982736	-1.95293269860669	18.8070004191549	14.2890883905061	-2.16436714509334	19.053410969303	15.1225288858446	-1.5400116116369	18.4537420403011	14.4606666500465
PGM1 RET	0.520775377496788	12.97477793222	9.38859595407056	-0.448952356553643	16.2268305542216	11.5660018469212	0.0212266319265471	15.2602592332568	11.0568921473048	0.0819272593978653	15.1853828834484	10.7805011580272
PGM1 RETN	-1.46643417892828	18.0941958396847	14.3345550514208	-3.80433670463075	19.7094140489272	14.7171693217245	-3.76596248199391	20.3175783027925	15.7921254946087	-3.42858438326102	19.6217500407573	15.3868671608026
PGM1 RGMA	-0.182381907943685	15.6396552140973	12.1329802458488	-1.32151202707132	18.2256798549568	13.2277334379154	-1.00720552126152	17.9326226127757	13.5781068940513	-0.835243737247811	17.4990214493223	13.1335698586427
PGM1 RGMB	-1.05756129598177	18.4671457144512	14.014810206516	-2.78143555463564	18.8600689670325	14.3181934270027	-2.76819478819054	19.3352603857313	15.2135723824975	-2.11564241192257	19.3531312298451	14.8238345104261
PGM1 RNASEH1	-1.22125956098898	18.4700280260538	14.2390984018086	-4.15789369712924	18.9894909702123	14.4359430103611	-3.53674010444497	19.2074354174011	15.2832889514727	-3.16398688276156	19.1712013157205	14.8851676869952
PGM1 RNF43	-1.99605094738319	19.1876617100152	15.2362082799153	-10.6578870509365	20.24545322219	15.9740825238898	-11.3602148331317	20.6402301813677	16.6608477484859	-5.50125787745974	20.3290733771718	15.9910191295834
PGM1 ROBO2	-2.74223840015349	18.2708701934365	14.895500558108	-1.52829505995693	19.2234670500923	13.6114937100647	-2.98597344391294	19.6596741895051	15.6323568713132	-2.30051796404642	18.9266389660423	14.4591318480315
PGM1 ROBO3	-2.28382200351613	19.2156724295898	15.3536750590021	-7.68989317350616	19.8748843798465	15.5345091483714	-7.79604689183441	20.0739384492142	16.5309565192313	-5.47901268336016	19.9222696873186	15.8949281257443
PGM1 ROR1	-0.353517055264481	16.4979973479692	12.5301995724487	-2.19512900602905	18.4196922806086	14.155210762424	-1.2818966262198	18.18781584827	14.1340481279898	-1.2744411776055	18.0256102637879	13.7408611303909
PGM1 RPS27A	-0.369174725270424	17.0192515270856	13.3584879429301	-1.4280738859869	17.9083142878544	14.3218202450706	-1.18250513213535	18.4026141343043	15.0809510842655	-0.839279786212025	17.7218796069817	14.2204174685429
PGM1 RPS27A.1	-0.417642215126539	17.0639092042111	13.2684705332085	-0.647961301789625	17.3012808198653	13.6340276532331	-0.495846235413576	17.8537555522518	14.4139788722788	-0.600532793307094	17.5009920097308	13.9657575341726
PGM1 RPS3	-2.32478350534913	19.1821573676776	14.8956919748601	-2.63987084883911	19.4486520620178	14.3605271098609	-5.68575806952417	20.130080595473	16.0046328384057	-3.06924337426758	19.6412804834256	15.078349593002
PGM1 RPS3A	-0.626190641069376	17.9230203271313	12.9319609490176	-6.55007787681619	20.0115142219686	15.1834567427397	-3.07325849015861	19.78161037094	15.6242034483359	-3.48719418811026	19.6978277143083	15.0299560990018
PGM1 RPS6KA3	-1.08271197938998	17.734083304078	13.9783170997991	-3.71796851290371	19.5857113969066	14.62251932439	-7.05153417735314	20.3543934079979	16.5950370074447	-3.00906316480584	19.3926374301511	15.1671515773785
PGM1 RPS6KA5	-1.15570106715207	18.0226940870975	14.2052551173819	-1.78810231268295	18.5204126440529	14.294456893068	-1.41265479100424	18.7450130085744	14.9282521633844	-1.53196053118862	18.6241408021841	14.6805811711473
PGM1 RPS7	-1.94540832037668	18.5104111050688	14.5658241076088	-3.05313862491293	18.9406754393045	14.4487213328263	-4.61811158351552	19.6283265771144	15.9527721885697	-2.95263321473663	18.924703177056	15.06515359653
PGM1 RPSA	-1.41990948117259	17.3234502868542	13.7502062797592	-6.19250947538259	20.2508405650872	15.6271687478451	-4.4492899945647	19.7855059797952	15.7595243627375	-4.06648707687604	19.3570215262081	15.1567767674251
PGM1 RSPO2	-0.893572426725288	17.7763389414416	14.3785256381564	-1.49172112798672	18.2735930387578	14.0473322491381	-1.00457377602147	18.496639958697	14.981392274546	-1.23588157247064	18.2669582422022	14.4449859797475
PGM1 RSPO3	0.497438262580197	12.9001779471064	9.67690228736536	-0.137011025674403	14.8279712339039	10.749616758059	0.347062430654958	14.0781092830718	10.4200042071327	0.232878416907045	14.1401505171001	10.4160401311075
PGM1 RSPO4	0.382824560728374	14.5916850744318	10.4005622570307	0.17144915810139	14.9635625431421	11.4406841290872	0.19726683925416	15.2860005348456	11.2558147908091	0.274620584843984	15.0417456075651	11.0576840730715
PGM1 RTN4R	-1.77127206960039	19.2966990635916	15.1583507450656	-6.22164670471395	19.423265503907	15.3733950716407	-8.86827344575052	20.0599419011898	16.3108038838677	-3.8902401259978	19.9352598296139	15.7198602182927
PGM1 RXFP1	-1.51217061926504	19.0957550476201	14.5984787337471	-4.04690829141891	18.9346441522875	15.2514481439432	-2.33160006118767	19.4716964084475	15.590427729612	-3.42607446725472	19.2861810912622	15.2824332895627
PGM1 S100A12	-1.27338420683704	18.3000258319605	14.6995951165774	-2.0056291548587	19.7691451808397	14.5198509365106	-2.32869900273583	19.644938854259	15.709088148328	-1.43191609472014	19.2745375491987	14.9212184591503
PGM1 S100A4	-1.60393627729227	18.6931053817208	14.3614413006172	-5.68389871453086	19.4668032256397	15.3955349742538	-6.979937486374	19.9281753315041	16.2271901235865	-3.71164810915398	19.5440949678652	15.3527573340395
PGM1 S100A6	-2.16134027103715	18.7454603707306	14.7706369901442	-3.63194146360687	19.5732958142578	14.8869069852744	-2.89844477323855	19.7500749564024	15.7420111389665	-3.54268622543253	19.4890274365937	15.2760068623672
PGM1 S100A7	-2.60355880981259	18.9193586609298	15.0377025620915	-6.36647955951722	20.0910274391583	15.3398916117185	-10.3075505784539	20.4540061686387	16.5573678167156	-6.00985603526305	19.9299735820079	15.7613123447113
PGM1 S100A9	-0.310391879994974	16.9238892447606	13.6785758025594	-1.22661726721727	18.614969145288	13.6193749373676	-0.879668842155644	18.261162187245	14.178673123697	-0.704328267867081	18.0878110555524	13.8745351405022
PGM1 SAA1	-1.10780797738563	18.140031569131	14.240598078574	-3.9040873817529	19.5710379771597	15.30419795268	-2.8832005244163	19.307357767063	15.5101894538608	-2.45693568441171	19.2467350954653	15.1288812685938
PGM1 SBDS	-0.980023247917794	18.4163369365116	13.8496303582749	-2.59365906187856	18.467665477725	13.878388288396	-2.85571784334069	19.8246032079326	15.4681582396565	-2.17914612264543	19.152401578753	14.5440577304721
PGM1 SCARB2	-2.26519489169931	18.5211930587912	15.0503827554729	-5.81858151122666	19.9165665263203	14.7554211086753	-6.496830965755	20.2568426460459	16.5552187330763	-4.56158871270722	19.8024342861481	15.5988498451854
PGM1 SCARF1	-0.198045619170424	15.6614867213772	12.3343624565764	-0.857147087453183	17.0081989888966	12.6751612987088	-0.635951139180402	17.1495898389625	13.3899895404957	-0.5207937486862	16.7841959876662	12.8037008925785
PGM1 SCARF2	-0.688602300209748	18.2897322876609	14.470718449937	-2.77640406199578	18.5591398035651	14.4017828508049	-3.01017022817145	19.4412655865656	15.9848554469327	-2.00655509745052	19.1045569041112	15.1517754013987
PGM1 SCGB2A1	-1.21567755978814	17.8908228121327	14.1891366417237	-6.31788374116031	19.919450081818	15.5002424604897	-2.98664131541524	19.3360753599337	15.5606445100869	-3.64628534665242	19.0837146118932	15.2052102064622
PGM1 SCT	-2.20860701603528	19.1516935247308	15.0129251980651	-2.9525221939895	19.5772517199113	15.1728819892997	-3.5148458884398	19.7557635781412	16.0190222121544	-2.89936974954309	19.4404221123703	15.4871370073586
PGM1 SECTM1	-0.626986360070222	17.1956827411883	13.5351736057437	-0.871832529465648	17.0632870866852	12.7585244621185	-1.14852729501444	18.3872871679453	14.4324606640137	-0.825113654387852	17.6580696499536	13.6947401241636
PGM1 SELE	-1.14404638559257	17.5158692533317	13.8521204326125	-4.47163179928041	19.6099586956996	14.9143562836416	-4.72710551556659	19.783003510433	15.9773783243059	-2.8113995204371	19.0341404421748	14.7712831823371
PGM1 SELL	-0.679670149624848	18.5291517499976	13.9767269105494	-2.12518936196496	18.2945548356747	13.786938550311	-2.07028345018031	18.8538872911437	15.0734085975501	-1.56291088734761	18.7334262741591	14.2643769252707
PGM1 SELP	-1.66902188322622	19.1422027512036	14.4977773277674	-2.34218497365408	18.9078788675445	14.1899699683312	-4.52714248967482	19.7375707869385	15.6393067717993	-2.38993045642541	19.414948788296	14.7545195142864
PGM1 SEMA3A	-1.31001836529324	17.6577396102487	13.886818011482	-6.25438784191151	19.5085190407994	15.4734670477488	-3.20754941462206	19.520988923097	15.7628989947403	-3.36008473462705	19.1981351434149	15.1182068343456
PGM1 SEMA3E	-0.228822951581341	16.7991858370215	12.5940693575273	-2.10530759761139	18.8819672034375	14.7062773569902	-1.25654222228649	18.3684093776113	14.6131843735708	-1.18865949101762	18.3800803957289	14.2170094697417
PGM1 SEMA5A	-1.55881016180518	18.0440367180423	14.0319963236225	-5.44472123978907	19.7894997798878	15.3983500335507	-4.21524419957018	20.105695185699	15.9689030426153	-3.87607678212821	19.5500681240542	15.3188988348884
PGM1 SEMA6A	-0.771528709115824	18.0068718353796	14.4568331275368	-2.51750655914576	18.8153636686243	14.9172816545499	-2.05720159839458	18.892152245086	15.4387377226596	-1.97832822340726	18.7057643389194	15.0699780419142
PGM1 SEMA6B	-2.67789628031747	19.2104166543518	15.0396057414817	-7.53424343236511	20.3046727816852	15.8843050745275	-7.62924920707478	20.3893795511808	16.346064122755	-6.03653350746553	20.312423476558	15.9030247617249
PGM1 SERPINA1	-0.120897592897513	16.9122102362053	13.59813437097	-0.576464919624839	17.5056998119159	12.6499562674228	-0.537438837299303	17.564927811485	13.693184747566	-0.397442088851943	17.4025049677769	13.497884931576
PGM1 SERPINA10	-1.47604890078696	18.7879570752214	13.5595511717119	-2.27985902766728	19.1054537900586	13.9466366612124	-2.57983006782037	19.4973925383678	14.9031220649536	-2.10198844006091	19.2466297166265	14.2650857627903
PGM1 SERPINA3	-1.1820913176931	18.4811041210109	14.0554519766611	-4.53567740904253	19.8097839663696	14.8124244647476	-2.49107548942068	19.7735997065144	15.7024889325695	-2.7292021975135	19.739742747565	15.0109770332218
PGM1 SERPINA3.1	-0.378265253671296	16.0961782734387	12.1673959684809	-1.24117369119839	17.5873259665311	12.8504959949413	-0.962035607432224	18.1042622139654	13.6468045208147	-0.901194853103341	17.4425222381903	12.9492459695002
PGM1 SERPINA4	-0.648449584629376	17.1186943794279	13.0274977258857	-3.08619517573104	20.1355260011574	14.8187696121327	-2.52565083149579	19.8010584346673	15.209536865235	-2.1818854951472	19.0380750006221	14.4016361809679
PGM1 SERPINA5	-1.55934450865277	18.4281056724709	14.267713497643	-8.5917100562325	20.1991224388716	15.793950320086	-6.53337788901312	19.9240181520656	16.2111359725495	-4.5154732311775	19.7791503089366	15.5504275633315
PGM1 SERPINA6	-1.40736880264983	18.0708471212296	14.6162856314812	-3.92784298026446	19.1833652587223	14.979262919951	-2.79709209878098	18.6801756869486	15.3331378306641	-3.59707046614152	19.1677001430293	15.4327650093236
PGM1 SERPINA7	-1.35948299637655	18.4919038057431	14.1912798021123	-3.70227679461336	20.0770944671643	14.7563608764354	-4.79968425036825	20.3262471168115	16.0484294372335	-2.64112837245461	19.7179724997023	14.9177948241837
PGM1 SERPINC1	-0.0214882006061339	15.3616503581117	12.0138528431447	-2.42179861444872	18.7421354093359	14.3843240328727	-0.959035532623275	18.1345262377256	14.0048567791691	-0.739148473876293	17.6207403695228	13.5549422529256
PGM1 SERPIND1	-2.11882173894494	19.0830111064279	14.7701514290002	-1.82601595323321	18.5157935593538	13.7214280931399	-3.18889669773898	20.2524351432364	15.8013615040068	-2.18866962188556	19.3270397837653	14.5855832277753
PGM1 SERPINE1	-0.66331316572238	17.4149016811207	13.0719609855753	-4.39858913309047	19.5216832904955	15.0712814477837	-4.46440396763604	20.0697876165789	15.911556817288	-2.24288018774955	18.7304125743362	14.4543099246845
PGM1 SERPINE2	-0.655701916066351	17.452758872221	13.2908264525318	-1.44342496555301	18.5711754851849	13.7122654819473	-2.22797609452856	19.380267584556	15.6698841074259	-1.31158640080335	18.325558523622	14.0083557134049
PGM1 SERPINF1	-2.99552400382683	19.4923782139508	15.3169523721891	-2.43836328047479	18.9555773599783	14.0664493252362	-6.39951057069875	20.5483105130183	16.4177031976511	-3.44485152683492	19.7510188204807	15.1744803328718
PGM1 SERPINF2	0.509404637407218	12.2223121182927	9.76374546175115	-0.45990566718345	16.5682878957212	11.3725920469412	-0.0320364260894559	15.3579762794544	11.3276211097161	0.0988888572204472	14.8351241761177	10.8798178826773
PGM1 SERPING1	-2.75129684290633	18.7285990086995	14.8543189126728	-7.72901730678702	19.7031856466306	15.5524127652108	-5.59504711048085	19.824702804186	15.9536288522434	-5.9248961225876	19.7979614886681	15.8093500081645
PGM1 SET	-1.00557544811162	17.5858154801714	14.2475715271981	-4.97886994860195	19.5472410190468	15.3627480263228	-3.74599415316427	19.6020128128607	15.7408793836051	-3.22139307057642	19.1115391537766	15.348776485405
PGM1 SEZ6L2	-1.22957819642525	18.0515195779605	13.6946045376063	-2.19516141519968	18.8460540228471	14.2989822917461	-2.22463524402051	19.4522366581012	15.1568931191176	-1.928117872193	18.952767595056	14.4729908843986
PGM1 SFN	-0.855304213233748	17.1930297708187	13.6514506731938	-1.36577057114256	19.0867538979266	13.8826592741275	-1.18604125425564	18.6659649513664	14.4302680851525	-1.27910571037423	18.5440362727197	14.1572197631809
PGM1 SFRP1	-0.379363605516804	16.2424289753791	12.2862698147021	-1.76255859092718	18.7949382877633	14.4852128418448	-0.925480205704857	18.5500782526561	14.0972714067421	-0.955283606049433	17.9096907340823	13.5936733642835
PGM1 SFTPD	-0.837525929494288	17.4357092533063	14.0008153646475	-0.589356119972288	17.1735650046227	13.0088105246673	-0.727143011197732	17.8395850426122	14.4570444222872	-0.863055130714971	17.6606086554732	14.103310134334
PGM1 SGTA	-1.25509416818187	18.1968800437623	13.388090447836	-3.18692709359781	18.9382385132833	14.1970162565417	-4.55909144042529	20.3065657959599	15.7021924618572	-3.0428669082107	19.3296977618382	14.4972287584591
PGM1 SH2D1A	-1.59162993511223	18.7638426275385	15.1557499950736	-2.1837913879813	18.9658236916841	14.5997444843736	-2.2992981273048	19.5943781151243	15.9182332675029	-2.64162057194391	19.3250755652617	15.4100773673826
PGM1 SHBG	0.0831686707771766	15.4740583264414	12.4138604720389	-3.06399462677854	20.0639587601303	14.414509073281	-1.26413407979024	18.8901557668169	14.2890409160758	-1.06588742555392	18.4321798782535	13.9805668362547
PGM1 SHC1	-1.79640085983472	18.5307750041605	14.2668241237456	-2.51350765035134	18.7289254073562	14.1663986709839	-4.38043289734427	20.1977584916608	16.0665375556217	-2.45973688246974	19.1981489595574	14.6968529175195
PGM1 SHH	-0.120923246625878	17.1617643724282	13.2779039950043	-1.34263874702585	18.6107492258232	14.1171179837277	-0.755807737917355	18.4127519420009	14.7871769353402	-0.721876673202368	18.2725098405731	14.0561790327536
PGM1 SIGLEC1	-1.16944236572934	18.4139350313927	14.5844346169873	-6.03335567943581	20.1705811525932	15.6041216659735	-5.29137262166139	20.074437862596	16.2547709761596	-2.84396192075212	19.5178308614352	15.3526521701824
PGM1 SIGLEC14	-2.6699131044228	18.9864426935927	15.1123856554153	-2.24842076319005	18.8212814580202	14.221910503409	-2.34967486707939	19.6716544656721	15.3625529507669	-2.58008562633457	19.1408841983323	14.9070530822894
PGM1 SIGLEC6	-1.78310787643873	18.7957682292182	14.9263171824829	-6.00864256277336	19.7260042992891	15.5183655066727	-5.33245481770049	19.9689663229243	16.1920815046586	-4.10703070442276	19.6999951393174	15.5318069655079
PGM1 SIGLEC7	-2.4885509586102	19.0057326267022	15.1778271866283	-6.57358483877718	19.7477939319065	15.5194569662534	-9.00489989767866	20.607408535973	16.5342923876064	-5.54418105666027	20.0197207944897	15.8666824735447
PGM1 SIGLEC9	-2.40797599246371	19.1114097209745	14.8711936622896	-5.01961566307708	19.4117436900781	15.378116823146	-8.51363597104058	20.1091871361786	16.3796764372445	-4.84497382683469	19.7344470147045	15.5839367636398
PGM1 SIRPA	-1.57708985467468	18.6034017417594	14.3747188191922	-3.11327717118981	19.1681129594561	14.483982630073	-2.41077727236874	19.5721462273824	15.2497172836721	-3.14315913197747	19.4498284598298	14.9987018708486
PGM1 SIRT2	-1.29155499550864	18.2499041189852	14.2002086282218	-1.80896708102718	19.1576695693264	14.0856801869467	-2.871470858674	19.7347875386684	15.4603812488697	-2.20616715850321	18.9246249105149	14.7360310779485
PGM1 SKP1	-0.867714549691518	18.6407399788225	14.2154876979516	-0.975507471431384	18.611847569748	13.8872340833954	-1.56296750993605	19.1511893247167	15.2423631811522	-1.25441777135003	18.631955900913	14.4157125614595
PGM1 SLAMF6	-2.10506973601693	18.241573945049	14.5348348948594	-4.43390467888613	19.9731949709862	15.2289393069145	-4.56470075994132	19.9399795640848	15.6017618327888	-3.32479418919611	19.441096792429	15.1999561010451
PGM1 SLAMF7	-1.55244899506372	18.5184918805346	14.6087843697863	-7.88622316018103	20.1523235344125	15.7118108128443	-5.32479500094083	20.114269403747	16.0539052219378	-4.01221224516016	19.7398526400774	15.5560295705145
PGM1 SLC25A18	-2.0264126782394	19.1188007993108	14.7564620788989	-6.05526715369485	20.1917480580291	15.3519064503446	-5.70515248194944	19.9489104834405	16.1256393991199	-4.34756814505008	19.9883513416208	15.4714260137166
PGM1 SLITRK1	-1.45564669180671	18.4172159165969	14.6176028851586	-2.76749624752037	19.7769389923357	14.821468251536	-3.87043620122401	19.8935558117995	15.793744629731	-2.8085901787151	19.5548679540298	15.1825868440539
PGM1 SLITRK5	-1.10490299011532	18.4436859141165	14.2192459982669	-5.90668057304013	19.6728914839532	15.0162794695463	-9.27226331702935	20.3138287788328	16.1697999956638	-3.06288225166265	19.4851838155327	15.0745239250255
PGM1 SLPI	0.344486417387058	14.1069064849425	10.2732856996982	-2.40255441653102	18.2885820930725	13.3670601256773	-0.547756708630131	17.0806647570558	13.0488578730885	-0.555821291829843	17.0202156524801	12.2631481672326
PGM1 SMAD2	-1.30981451578955	18.4638048471172	13.9521565609245	-2.54590270331642	18.4956264677991	13.9281406248824	-3.89715747227073	19.9905192915036	15.7575258156193	-2.20151442600858	19.1921133104355	14.5044697846328
PGM1 SMAD3	-1.28098268348032	18.5259653766534	13.9901746843807	-2.2882692181533	18.5762196327175	13.7987265837282	-3.79686043556824	19.8943618544443	15.6064793782222	-2.36672662483499	19.1563234297408	14.4813123195037
PGM1 SMOC1	0.394579412932244	12.9917563521211	9.45142800894489	0.0432314888304436	14.5367011526428	10.1390098189447	0.221302475640671	14.2417893062633	10.3453005975087	0.239206122496918	13.9624318678333	9.97890014560796
PGM1 SMPDL3A	-0.641779758706867	18.5041588340089	14.30060783226	-2.78787464001818	19.0665749086687	14.9245130414125	-2.75736429841575	18.9957338378486	15.7292155230124	-2.04671176255515	19.0708465549642	15.048597338674
PGM1 SNAP25	-2.07059660675158	18.9144300876031	14.9454824362313	-5.68586893543312	19.9864757453249	15.4744667514897	-6.46621980052992	20.0453686177005	16.3716825737222	-4.80144838648728	19.8571264957029	15.7263083095851
PGM1 SNCA	-0.956302190751606	18.7893456096525	14.0937270743611	-3.27429047524024	19.529822523039	14.6796880612486	-2.4947593526726	19.900153385403	15.3123766867316	-1.9761903353322	19.4172643617117	14.6975596857356
PGM1 SNRPF	-0.99135205290205	18.3024145714941	13.8613640243857	-1.67762762974758	17.8386637885795	13.9302288534216	-3.40023701540749	19.1072201395222	15.3173652540375	-1.61083636011466	18.4907253910915	14.3080368338803
PGM1 SNX4	-1.20501015267948	18.5262543462626	14.0060114229305	-3.18039728993588	19.2547601990819	14.4515768801522	-5.87052604730607	20.1713455053838	16.2688910881389	-2.47781736075404	19.6152188654277	14.8642674071267
PGM1 SOD1	-0.796211259140689	18.2064720489613	14.2115390474943	-0.836310315464715	17.2363689551995	13.3989630873072	-0.743675131752129	18.0750169407595	14.5040183292889	-0.82868411890894	17.8883433179104	14.0207959817721
PGM1 SOD2	-0.334150190019388	17.0020545730505	12.8983287150261	-0.287444035741246	16.7062485105539	12.1928967779944	-0.638421632373441	17.7121018893017	13.5357176462893	-0.414789662850426	17.1531148563652	12.7193654712773
PGM1 SOD3	0.0759129161864963	16.2132948778827	12.6546573738546	-1.03220842157466	18.0363773516498	12.9608983197861	-0.670209270934474	17.7132594304593	13.8238790368961	-0.477123161342824	17.5861118443231	13.2930411717964
PGM1 SORCS2	-2.32516574961105	18.7619617714371	14.9845837315555	-2.67314285287799	18.6974268543653	14.3748634417302	-3.90322600045111	20.0415149295642	15.8170676891487	-3.3290974689147	19.1501571892396	15.048139567538
PGM1 SOST	0.447281974349191	13.5516458591462	10.0488159364919	-0.484065844299226	17.4519583751238	13.181967328961	-0.261553848217899	17.2117114083218	13.1315331594826	-0.0258565849905092	16.1058722336953	12.0788168623175
PGM1 SPARC	-2.71310740002676	18.6999200835791	14.8932900960775	-2.23403262347116	19.1281353049549	14.3702823006176	-6.89627168116024	19.966238342991	16.261317314561	-2.68674699120884	19.0877298579959	14.8973467493981
PGM1 SPARCL1	-1.14109885818459	17.7686905935715	13.7527060653468	-8.19047156515453	19.9163495093981	15.6491207361074	-2.62199593896985	20.015032130853	15.8165582300944	-3.19173133022551	19.3887608795897	15.1890925984555
PGM1 SPHK1	-0.979387024621685	18.2901427060358	13.7328515019274	-3.06941357927299	18.9343930913747	14.1941704993857	-3.37586832772834	19.9812443239143	15.7168087575303	-2.28358177009786	19.3082079889896	14.544315133507
PGM1 SPHK2	-2.00109930314583	18.7320705365848	14.8710604240775	-10.0256075848282	20.5603358718939	15.8766807040059	-7.83840933048597	20.2287170740755	16.446136714868	-4.78397188861572	19.9849858833651	15.7842101861634
PGM1 SPINT1	-0.708619964014113	17.1489601575116	13.4543273384806	-0.830111290396681	17.0800695926636	13.254317858744	-1.12256709556891	17.7452591132865	14.2300533705724	-0.909972601732308	17.5474530183694	13.8820001488302
PGM1 SPINT2	-1.42972439940804	18.4747974312051	13.965621470818	-4.21355291450739	19.9299133300252	15.0457031307414	-3.5228713977323	19.6991880559035	15.6360825281795	-3.06148509693967	19.3985295677476	14.9686339252043
PGM1 SPOCK1	-1.92155604467024	18.6456857935817	14.5162165611438	-5.23055619094666	19.2536545400289	14.9857052029019	-4.4936324034154	19.4768805128374	15.741772606604	-3.92081697631462	19.3700834273976	15.3687301157544
PGM1 SPOCK2	-1.66528282399043	18.3128882551656	13.2304555827979	-2.55936634240501	18.8419923680797	14.1435282779821	-2.18691433060701	19.447567196495	14.6454889236568	-2.45494714919504	18.9742748106174	13.9957238737583
PGM1 SPON1	0.318185899861067	14.080703076363	10.8964504584951	-1.16441789755431	18.1632598710528	13.6627314463061	-0.247062275931964	16.7795737916064	12.7573782716244	-0.23682962006121	16.4759711428483	12.5021412405527
PGM1 SPP1	-0.775689989999371	17.3945914168616	12.9112010539124	-3.34769022026419	19.9727499576277	15.0003952719065	-2.57985489100074	19.8894905938135	15.3343648759094	-2.67301027735952	19.0935601769897	14.5294533196177
PGM1 SPTAN1	-1.60541731278411	19.5259038867428	15.3092720439409	-5.21086158107451	19.4488899024597	15.3897924847828	-6.52807119289935	20.1879319731493	16.2703739002881	-3.47298335146318	20.0049697727919	15.8145437499303
PGM1 SRC	-1.15357389912357	18.5514623193919	13.8131780836568	-3.83704447013812	19.2464564001746	14.4075663527473	-3.01990862120254	20.4722639048476	15.8610742513621	-2.7817041298485	19.5279462671053	14.8078075251277
PGM1 SSRP1	-0.599733773037507	17.5833788283094	13.7554226568848	-2.46662516821984	18.4774812401142	14.2924868409304	-1.51288633458564	18.7675011730328	15.0142652776266	-2.09542142416179	18.4471577386938	14.6530226448194
PGM1 SST	-0.0246701170095338	16.3794106224447	12.1760032568368	-2.51316473541602	18.6164998066556	13.9902421031744	-0.833184924940948	18.3083089327404	14.1461721407292	-0.917674304249549	18.0246751715418	13.5589103760196
PGM1 STAB2	-1.52132040118111	17.8768815319437	14.1205336875434	-3.98526414870476	19.5611515603913	14.6518365523296	-4.66787389489134	19.3528816828334	15.5508393574548	-2.77749549404789	19.0730653345373	14.8677650511437
PGM1 STAT1	-0.925400874577684	17.6692600467292	13.5553940901467	-1.52019661366153	17.6528992994786	13.1651535734773	-1.41416483153289	18.5283002099071	14.2313008364662	-1.56516972503884	18.178164671496	13.8453906789873
PGM1 STAT3	-1.33635774536469	18.209396815644	13.7252022805961	-2.84268316539075	18.8695106352428	14.3206943328988	-3.60491038156538	20.0009278565124	15.5123409204422	-2.56110924592158	19.3828810424262	14.6886487987315
PGM1 STAT6	-1.56839856104998	19.1113715130962	14.7897579296082	-5.51373497695856	19.849345653622	15.1421025400626	-5.99585793036788	19.8828690929264	16.179265833076	-4.42280118036677	19.8648962441029	15.5518311215471
PGM1 STC1	-0.123732161970818	15.3504584941938	12.3520640256975	-1.58059491499619	17.9948959706976	13.866813767788	-0.845085273252339	17.8453928154261	13.89189665762	-0.612677092997879	17.3332767505971	13.4508164208611
PGM1 STIP1	-2.30637054662977	19.0000587654356	14.72095463368	-3.11804303441948	19.2821175217659	14.8346492245519	-4.73741618630154	20.2294705369803	16.0367203380779	-3.6676285414095	19.5338316923103	15.2964693844339
PGM1 STK16	-2.08227025573239	18.8760572121365	14.9835633203044	-8.04139798684025	20.673062617718	16.0689657760951	-7.01908005266207	20.7541036351846	16.3877206519113	-4.73805402048469	20.1634095557828	15.8241288463379
PGM1 STK17B	-1.71083034120098	18.6410782114778	14.3197866513712	-5.08067723928126	19.8149098116093	15.4851362803976	-4.44931429161855	19.871652490074	15.9629978328559	-3.90218691233744	19.5368318656206	15.1812722455557
PGM1 STUB1	-0.986335030697398	18.4743126085892	14.2364201158519	-4.04053375309862	19.3322956675794	14.631801008574	-4.01597926687201	19.4346052789208	15.5546794038664	-2.50409750834616	19.3960894211006	15.0734149692859
PGM1 STX1A	-2.45495049212315	19.0077959091457	15.1092799841292	-5.92349636608473	19.5559277441777	14.9841245080108	-6.1764781788455	19.9595228459731	16.0202735787474	-5.04293951296125	19.841329925359	15.6099879935729
PGM1 SUMO3	-1.67020844538637	18.619126235177	14.4336545061261	-1.69683291791525	18.0125400230419	13.4408506907017	-2.04668269740498	19.2725740898855	15.0194431127668	-1.97589535752972	18.8198101957941	14.4019461102972
PGM1 SYNCRIP	-2.29650781324658	18.8957487604856	14.8561727541213	-3.22548881789324	18.8569106716564	14.6539908645188	-6.8355940017119	19.8012807113906	16.1566426671764	-3.4077427387012	19.4467717969562	15.2441306355317
PGM1 TACSTD2	-1.95246703802397	18.315139409945	14.3268701104352	-4.8204813355615	19.4939364959121	15.3797524062186	-4.58240948542666	19.5898135385245	16.0791312903998	-3.89368581925636	19.4449689317162	15.3378877536087
PGM1 TAGLN2	-1.98035890390594	18.6257919793516	14.4489499406208	-4.63694868675931	19.639913458824	14.9264719045701	-6.26227348647759	19.9653873764721	16.0594169475599	-3.61283422301151	19.4563000985459	15.1274479508133
PGM1 TBK1	-1.5165734520192	18.4240298053294	14.8727162229893	-2.00018743334914	19.6470141886796	14.5383205249714	-1.79305160596525	19.4598956862475	15.5080612527042	-1.84840216022745	19.1885749139002	14.894536927099
PGM1 TBP	-2.76830086778067	19.1609886107937	15.2289984286917	-6.94001115365691	19.5235803813358	15.49594811468	-8.31345505460691	20.2209397804305	16.4164457862433	-5.94475670373635	20.0552035561031	15.8669737855008
PGM1 TDGF1	-1.62228907271231	18.5162246127517	14.1250092063698	-9.07870299552036	20.4892776617105	15.6035038184261	-7.73886429439247	20.7444922089105	16.4550414048311	-5.04511685631235	20.0008730538585	15.5173182243821
PGM1 TEC	-1.30429206168082	18.5491199814334	14.1345240954948	-1.96347853898047	18.5364545121059	13.8834158546148	-3.64878185952483	20.0461719789154	15.7891115382311	-2.4401772173494	19.2800111964318	14.700939009798
PGM1 TEK	-1.96988566179637	18.8236823638645	14.6388657130699	-3.40096391347408	20.1275489605139	14.9112519905637	-3.63492802823628	20.1622207761781	15.7276715984086	-3.7500456031195	19.8392257830475	15.2460096756804
PGM1 TF	-0.560946528366053	17.2456805509054	13.2100516499343	-3.24317921948906	19.0959921805028	14.8776150511053	-1.92929832392129	18.8932581817287	15.2461646710974	-1.65759094414163	18.3781109681869	14.3352868637875
PGM1 TFF1	-1.26698424445639	18.6276376444717	14.5024126682353	-2.70870514125022	18.8544681103792	14.3889075406483	-2.72679320473404	19.3964765728089	15.3041091344159	-2.25640397449966	19.1196604468038	14.8534602769865
PGM1 TFF2	-0.706094121627622	17.3131123724412	13.4335517679493	-2.20388339428616	18.5653813872246	14.0088161440064	-1.8704305968538	18.6089416599385	14.6919053742362	-1.73991491100222	18.4700605690707	14.2889510810001
PGM1 TFF3	0.289260530879385	14.1376033510308	10.287337403778	-1.10405977388018	17.9635323462361	13.2647444483708	-0.117336771476178	16.128798338676	12.0114539238572	-0.220625949462127	16.492687673785	11.9805495284491
PGM1 TFPI	-3.18256891713061	19.3822015600394	15.4304736581836	-3.85623638529589	18.8618107836336	14.8698598100661	-4.18940862504371	19.5848542240207	15.9110755594599	-4.2671362616377	19.2797663607966	15.3967887874945
PGM1 TG	-1.10272096877414	18.4709175850011	14.6952070510031	-7.96509014858296	19.977670103733	15.3501773586187	-4.9232223543315	19.8470341491982	15.9252398901998	-3.80601183857951	19.8946974770871	15.6690609991393
PGM1 TGFB1	-0.678083478177967	18.1399883145064	14.2103186999932	-2.32384256542224	19.0346874796266	14.811431718276	-1.0215864580996	18.5104490347405	14.8485187713403	-1.61548712050321	18.7146922611452	14.9246222605012
PGM1 TGFB2	-0.647682456859567	17.1678218807752	13.8882355338861	-4.16032414541217	19.3879270285946	14.9427810530767	-2.90274225375939	19.2922069771608	15.6178515116157	-2.51022444789878	19.0192909658365	15.1017809669915
PGM1 TGFB3	-1.06762665987117	17.7775343749193	14.3494782410263	-2.89759887031123	18.5695492386231	14.7639503818582	-1.86273058184148	18.9643838804738	15.5708145354164	-2.61651135199418	18.7635724746076	15.0443267706584
PGM1 TGFBI	-1.6335083548374	17.9576074623475	14.1677376367675	-4.61362838289638	19.7525472761311	15.0046051251889	-3.42366790189449	19.4187423880082	15.2973136083262	-3.51266099919436	19.3336111381301	15.0973044912359
PGM1 TGFBR2	-0.77765092851102	17.6295236019529	14.3820588168787	-7.86217394655664	20.0088366133134	15.8240457258865	-6.6980489718934	20.2386483463318	16.2973095170962	-3.334245630248	19.4553750303531	15.5087665579761
PGM1 TGFBR3	-1.79908060060008	18.7078080263906	14.8414731391328	-4.89814214427255	19.1457652810897	14.8212602935431	-4.83072167714626	19.8411515789365	15.9289372956796	-3.68550680786942	19.4755134892575	15.2740947811644
PGM1 TGM3	-1.01763603182003	18.136708264191	14.1235114393772	-7.88003371574074	19.8385950273234	15.2710166047439	-3.85510181547825	19.9230696941582	15.9206498505386	-2.76717029994183	19.5033655171626	15.1313312782611
PGM1 THBS1	-0.885563626452943	18.0061915391164	14.1833945760168	-1.71930548399047	19.0620692136837	14.1421826252847	-2.10099930634003	19.1909172754977	15.6628401074315	-1.28722562356916	18.6883558618034	14.3849915110695
PGM1 THBS2	-0.123505167618517	16.598894402725	12.8073928561176	-1.73302835707253	18.9198337136291	13.7818787411878	-1.29487761353592	18.6296047522955	14.3541354606802	-0.915520538015545	18.2291146711612	13.6548697426592
PGM1 THBS4	0.210988244433866	14.305482240252	11.0800631872484	-0.814095539856263	16.8291830698737	12.2640160242859	-0.232187410661257	15.980672053222	12.4869429100827	-0.229862949656611	16.104096231524	12.0547676355475
PGM1 THPO	-2.27158369728163	18.7378786083964	14.9335039792304	-5.60783677677025	19.8798068929915	15.3604723922172	-5.04087660363163	19.6079073627791	16.0474168313537	-4.49585152471983	19.603454717064	15.5586928217166
PGM1 TIE1	-3.74175443859347	19.5611002854292	15.505021812217	-1.97821023305682	18.9947888116038	13.8746764362394	-3.97210614303715	19.9445864220843	15.7631590852084	-3.70723765124261	19.7866133766192	15.286138048463
PGM1 TIMP1	0.319465700826613	13.7535063643337	10.6889139681792	-0.656108858548277	17.8671862101433	11.8728446296618	-0.223417278208359	16.433540069441	12.0547638058724	-0.158134665404849	16.3634421670072	11.6364125479726
PGM1 TIMP2	-0.296788097438004	16.0199006937125	12.6880864806921	-1.13220964526194	18.4917177927081	12.8537048383216	-1.01720082571539	17.9788544030981	13.8211473125106	-0.797399896338498	17.6084753576845	13.2315564790784
PGM1 TIMP3	-1.41334313330938	18.3968987859974	14.4258315444277	-2.07155867157646	18.5470917829213	13.9661666157341	-2.77649763308843	19.4536677723865	15.4043130443124	-2.27721400359299	18.8096668469326	14.6762587216947
PGM1 TK1	-2.27615950329349	18.8906549044879	14.4851898208221	-3.63099266824438	19.4661226488909	14.8588574655384	-5.85298814106315	20.1498804259303	16.019647917071	-3.88904109889011	19.6595961750901	15.2933384459026
PGM1 TKT	-1.48757867472772	18.2954760906821	13.9648961226216	-2.46167377033342	18.6696017116807	14.2120341390915	-2.95172501031939	19.6896932788735	15.4256819551401	-2.21246785150201	18.9029385430916	14.6290630027717
PGM1 TLR2	-1.16548593594844	18.1831660123295	14.4598746593092	-6.63267885240058	20.2432130714226	15.5275536838403	-4.13069247303924	19.4733909396801	15.5322112904984	-3.26131898691057	19.6146734335972	15.3896394411797
PGM1 TLR4	-1.81879119045995	18.5292766387114	14.7348325588262	-4.23072154982007	19.3346870594115	14.9914480486063	-7.01571573028693	19.9561466067551	16.0501170659494	-4.49984052841583	19.6019769232867	15.4487031941156
PGM1 TLR4.LY96	-2.10863273033157	18.6545200870812	14.6751372381864	-3.39372577028804	18.9095543196498	14.5748013951605	-4.17343386098358	19.7058365470563	15.8757103693817	-3.45924288623322	19.2904007241002	15.1457555919042
PGM1 TMPRSS15	-1.32558658786158	18.6051761545294	15.1127348759136	-0.860807572770875	17.3227036863704	13.031832974237	-1.26689072619764	19.0547389074137	14.8565655491808	-1.09878184574006	18.3484651455816	14.5700864293847
PGM1 TNC	-1.98859656339036	18.2575329677793	14.2993451022268	-3.29204095766307	19.6919840701553	15.0133232530716	-6.96571285354428	20.4222817207622	16.1285044899704	-3.05825873901231	19.1991910542344	14.9543120865573
PGM1 TNF	-0.0141627537117346	15.0643028711862	12.0301271892086	-0.79547757060935	16.9964259126942	13.0209792459038	-0.803780027800508	17.5634024012318	13.7006729491567	-0.458493857356905	16.5037836537926	12.9468036037675
PGM1 TNFAIP6	0.0326297526171555	16.0114455738361	12.3172630698424	-3.80190992789292	19.5259526036348	14.5802026145823	-1.74950144268717	18.853848346273	14.6689610921198	-1.10859377018398	18.3679547260281	13.8430744117198
PGM1 TNFRSF10A	-2.19179235756293	19.4629314465069	14.9013046939964	-8.43074942058272	20.242007610951	15.6773940383547	-7.51881432913527	20.3109902245858	16.3939808362674	-5.90794229137422	20.2076802128889	15.6913332771463
PGM1 TNFRSF10B	-0.927691173870102	18.8314123133902	14.6108390466532	-1.94137313402903	18.7946080559918	14.326537813961	-1.5158422633188	19.0657342210115	15.3109659670078	-1.56529023650606	19.0894346838771	15.0606869205012
PGM1 TNFRSF10D	-0.439266311213014	17.6942693772735	13.8851292930726	-2.53197734643721	18.2373123727071	14.154115313038	-1.82859711726714	18.9358126205189	15.4550242880049	-1.43647817544407	18.6206453432351	14.7123635526291
PGM1 TNFRSF11A	-0.902274661128598	18.9325533702831	15.0136573988872	-2.12676894338385	18.638058104585	15.0689303921872	-1.74104923332904	18.9348762366802	15.6216708317992	-1.95095506482725	19.1075991090001	15.4106715977356
PGM1 TNFRSF11B	-2.69109525246148	19.2528354747074	15.2860424354165	-4.85697770992344	19.99089060916	15.0856354694653	-5.42197152807689	20.1778966714679	15.9699447350234	-4.84663453476196	19.9734231314357	15.5445001493062
PGM1 TNFRSF12A	-1.20631461714403	18.5735154446152	14.4701640767216	-9.87109443984324	20.3607178365461	15.6816323764454	-4.88058913457463	20.1449051634121	16.0802613554881	-3.37322009125889	19.9543240646946	15.4345623344584
PGM1 TNFRSF13B	-0.562388839050131	17.1180120367199	13.5433413495868	-2.13139400715955	17.8465907651065	14.0441774746074	-1.28204725234602	18.049176212139	14.6745066628578	-1.25807679050467	17.9945628320241	14.2023772736153
PGM1 TNFRSF13C	-0.560796811390737	16.7424810143581	12.7833302098126	-3.54552285466909	19.4445422478877	14.294504966722	-3.01090854011486	19.2657677335176	15.0203283164959	-2.01461745124897	18.5401386668236	14.1254095484716
PGM1 TNFRSF14	-1.39455995120362	18.2401148277687	14.5262940704841	-6.13034185606997	19.5841857863292	15.1329544631404	-4.32609873884487	19.4848904663983	15.6903219845046	-3.16710922915956	19.336840683404	15.2054181148692
PGM1 TNFRSF17	-1.2177317127647	18.1909969276401	15.0760457452631	-4.12885792505933	19.1248315519458	14.910754730689	-3.04161541903087	19.4960915504197	15.7106102388161	-2.45792346758705	18.9854610102707	15.1726877572189
PGM1 TNFRSF18	-0.483828665318258	17.518702190545	13.5105103650664	-4.62019797438213	19.5248858005902	15.2374592658377	-2.04390607184098	18.7461579364137	15.0603743424118	-2.46247123461943	19.0488655263756	14.9307636247007
PGM1 TNFRSF19	0.156028222008241	14.5374733161717	10.8588940101726	-0.784254390943159	16.4824322835069	12.4086859105841	-0.236592937370334	16.0433860308784	12.0573652830097	-0.246169792892551	15.8765781391128	11.8661783093692
PGM1 TNFRSF1A	0.540298959777775	12.25837389635	9.06477658446511	-0.0170421373888014	15.3937400802195	10.9991936168212	0.298486162350141	14.3207454518158	10.4785348838862	0.280458567437368	14.1381924152647	10.3403037993582
PGM1 TNFRSF1B	0.302681347996391	13.9524738928114	10.6529173436442	-0.568641875160025	16.7656866606149	11.9662377298806	-0.0835209173921101	16.1267082867065	11.8624266668378	-0.0916426126501744	15.8924368049226	11.6588761884738
PGM1 TNFRSF21	-0.586696659266681	18.239334274645	13.6304526415805	-6.83618902133967	19.7311234340165	15.4896983764313	-2.04732127225104	19.3378229161614	15.48782899024	-2.0698324893114	19.4130262278107	14.908048867469
PGM1 TNFRSF4	-0.0427484811296921	16.2669982961672	12.4948673573362	-0.454893249267285	16.2520545771921	12.2915958529476	-0.185813564567634	16.6600392090164	12.8766175833224	-0.223404697131477	16.5847748817811	12.7874190761194
PGM1 TNFRSF6B	-0.744087584122558	17.7882018009395	14.2336046090985	-2.27816077215749	18.8266550439912	14.8602466436651	-1.6667315375765	19.1872446795568	15.2590301674928	-1.79865537233341	18.8233886861357	15.0232253246573
PGM1 TNFRSF8	-1.04248269898752	17.8760724885078	13.2248169567745	-1.50469931772492	17.7643214814797	13.4959970309296	-1.28894382726366	18.6377453897066	14.0924488724649	-1.40915158759439	18.3474314206676	13.7060591061017
PGM1 TNFRSF9	-1.0882070244412	18.0028797079468	14.1854749898016	-0.728255875608313	16.8090316313249	12.9690378006184	-0.772647458023215	17.7183840150076	13.9241192023315	-0.955667381164717	17.6714427839605	13.8137870801133
PGM1 TNFSF11	-2.73821468715441	18.9369192909206	14.9619637390372	-3.49200532518683	19.2885837991479	14.7883090671095	-5.91077870092685	19.7956616492551	16.0822734759249	-5.39529377996971	19.7676551652188	15.6937341892167
PGM1 TNFSF12	-1.67051417285615	18.5059291997757	13.9907790558254	-7.68293262525746	20.1805705404529	15.6472265677603	-4.81597546837079	19.6263721454779	15.919549215036	-4.35665691105201	19.7692948089882	15.2098619977021
PGM1 TNFSF13B	-1.63938740804506	18.8607854214159	13.9941578404203	-7.03427980291124	19.6082824871411	15.4425309818958	-6.8214201130504	20.3780618280963	16.315627656164	-4.33864827223513	19.837132951119	15.2462856828502
PGM1 TNFSF14	-2.92615188617312	19.2978004122421	15.586789281247	-8.90748219232619	20.3289910394918	15.7922900732679	-9.40659632907158	20.158487876203	16.3934424763345	-6.58747744614476	20.2687912597307	15.9866954749123
PGM1 TNFSF15	-0.177716777855691	16.2271285675555	12.0701395703754	-2.51778820089351	19.3225559923826	14.92471233115	-1.45598430305245	19.0265717237953	14.7371199944107	-1.46578127768842	18.4864590829503	14.0536993939028
PGM1 TNFSF18	-2.23733572690457	18.1361478100017	14.1608078394566	-3.28706940067623	19.536618121456	14.9058479726243	-4.19747101409291	19.8898481750434	15.5442024528948	-3.80192654870187	19.4213248121111	15.1073016593234
PGM1 TNFSF4	-2.05549059134832	18.9711222139254	15.0585865353826	-12.5161051343653	20.4582220328642	15.8710486823075	-6.09126479713698	20.1389383948098	16.2626618980823	-4.91692794782204	20.1261712870717	15.8645975065966
PGM1 TNFSF8	-0.717169454762731	18.6188095358502	14.0814275542629	-7.22937459416651	20.0373232800264	15.7092863655477	-3.93646900553867	19.7747748410239	16.0105043689982	-2.49584701053994	19.593781817058	15.2021182173999
PGM1 TNFSF9	-2.18443546556969	18.5972824778327	15.0039217116239	-2.48966822505729	18.8852643202426	13.6612237544858	-3.35820872325062	19.1665911143703	14.9628319082034	-3.64198808555942	19.2158830096318	15.0912674456132
PGM1 TNNI2	-2.3921742177052	19.0776413873283	15.0414709169375	-4.9393243486369	19.8206061023885	15.32442926493	-4.9969591342111	19.9557292282198	15.8509071122474	-3.55809005660396	19.7015143888193	15.5095957860442
PGM1 TNNI3	-0.621943641647672	17.651642674971	14.0009346619735	-2.40624021673004	18.726337394628	14.4680848305854	-1.67944116653532	18.9291236422872	14.9578239206197	-1.40571778842678	18.5399639102056	14.5521775666887
PGM1 TNNT2	0.0474103617723982	15.7971387087991	11.6108879995588	-0.220576398220954	15.9092713727391	11.326694810207	-0.533505349526033	17.0112274193043	12.6843701801991	-0.160178722011478	16.1045743043663	11.827262749795
PGM1 TOP1	-1.46541897855865	18.5300109642668	13.4020979902586	-5.78892777471687	19.7087160517388	15.1406451418812	-3.46002795742027	19.8369084567288	15.2844050846243	-4.29511696399588	19.7299809320228	14.8337936303849
PGM1 TP53	-2.11595792503552	18.2930930141929	14.5710904789784	-8.00880296124311	20.1510845959792	15.4442516363306	-5.92849627116298	20.5374456567276	16.1476443349253	-5.21723946262054	19.744718172656	15.5176473065224
PGM1 TPI1	-1.64837674711107	18.3773013737919	14.0536673812477	-2.90608754215855	18.7996886547194	14.3946539463184	-2.7226096497929	19.6464972271123	15.4012577164271	-2.3428602429166	18.9977953236679	14.6775704138838
PGM1 TPM1	-2.05628623101991	18.6592322539877	14.7235674689287	-9.89824840730571	20.2700832725525	15.5328299645318	-6.33624605148261	20.1602645738047	15.902950536818	-4.99222534578856	20.0355942297312	15.4970026607986
PGM1 TPM2	-2.48702270605786	19.3104604428335	15.0080260008331	-4.68226793271014	20.3638749210208	15.2871361760383	-8.77462774689425	20.3755779987744	16.4898935912681	-3.95797430646871	20.1062791479312	15.4853466566808
PGM1 TPM4	-1.08492742153566	18.3942606622914	13.8081372915489	-3.38589408269682	19.8878141334472	14.9586383375333	-4.48476222675926	20.1428157736483	16.0706715771702	-3.12433748237017	19.6525779625641	15.0331858755413
PGM1 TPO	-2.46584491978498	19.6017409725564	15.3513788243894	-8.63244871043834	20.190809076021	15.8509303584391	-8.75351611040331	20.460403409065	16.6920190045926	-6.30591934464251	20.1861910023317	16.0083189377609
PGM1 TPSB2	-0.84689041808348	17.1889984002246	13.3042473606585	-4.48541149587799	19.1299307573123	14.8439189200814	-3.99504408414259	20.0308115036129	15.7101792666081	-2.91737531194419	19.173503032853	14.7836102502197
PGM1 TPSG1	-0.757459849544747	17.8336085342285	13.5746955914425	-5.44497562555531	20.2484968448522	15.4093190623853	-3.18978295282652	19.9020721644773	15.9091814430427	-2.5776430002618	19.4813982781667	14.9392975473056
PGM1 TPT1	-1.6229906036957	18.5237963297654	14.124788135115	-2.712083982678	18.8932948758937	14.1757390241956	-3.01091141846556	19.6603468110823	15.3112775571399	-2.84385515306132	19.2578590234912	14.8218988703857
PGM1 TSLP	-1.93928690063388	18.5717134901301	14.8972819564024	-1.50229436556847	18.6496105963865	14.2167232266032	-1.74837096055187	19.2460130270726	15.362250875403	-1.66278684274622	18.8114245319987	14.838800892993
PGM1 TXNDC12	-1.80975710184265	19.3158964667294	14.9772212018923	-3.17806471870196	18.1363879124528	14.3575678894367	-5.69491514064267	19.6885027071679	15.6401076067395	-3.17292240290116	19.146022902283	15.0534075490414
PGM1 TYK2	-1.56249807130637	18.3471937437552	14.3237845928458	-5.45934163872971	19.6006944859596	14.7906239699741	-4.80269594010627	19.684914642282	15.6146520455348	-3.33888082539363	19.3605532064316	14.8398170806689
PGM1 TYMS	-2.43092017527329	19.2088495236771	14.9484780851954	-5.74991302716159	19.8749172350795	15.2648660707132	-9.97626525511078	20.5684783663617	16.3782428971455	-4.37491659708383	20.0508111390953	15.5365550308816
PGM1 TYRO3	-2.3574605520024	18.4744045471576	14.8021790039194	-2.4517550673273	18.5747414636412	14.3614227351344	-3.06948210816034	19.2604609353839	15.8005761559485	-2.76204094959808	18.9198666612393	15.2023085200959
PGM1 UBB	-1.17259572835164	17.5693515616878	13.6226519604341	-5.18424895130265	19.6255200072686	15.3050262609212	-7.12944058078943	20.0900858104651	16.2202865872482	-3.29571615009622	19.1081205969636	15.007860730574
PGM1 UBC	-0.525760561479975	16.8247250839571	13.5321947975784	-1.88895591140911	18.6804438049501	13.4878704967155	-1.48063611586442	18.7346940133404	14.3943624418031	-1.29934224308866	18.2819013953848	14.0281958745174
PGM1 UBE2G2	-0.750637113976314	17.7093829701654	13.8996128878009	-5.06806819738624	19.4194611142059	15.1346361767923	-4.536079067754	19.8355520520886	16.0798825803212	-2.34058762823457	19.0231162018872	14.9104308529827
PGM1 UBE2I	-1.49113888538389	18.4694446180568	14.4444860238662	-1.93542468717405	18.395465227103	13.9075174532313	-2.22435659467674	19.1692239026617	15.2792406618236	-1.81689661973315	18.8148604785852	14.5945957724011
PGM1 UBE2L3	-1.67821027941708	18.6984946407649	14.5122072976749	-2.01270840874692	18.3326358628838	14.0367383949021	-2.47484232162101	19.5521985010559	15.6208555540854	-2.27418595760033	18.8466771290266	14.7863632883195
PGM1 UBE2N	-1.56361608820514	18.4730222894979	14.3585726385591	-2.8213412728094	19.0445684981686	14.5739327699188	-2.53970765034081	19.6663101302835	15.4504326906696	-2.34984156469283	19.1336155153273	14.8650467867146
PGM1 UCHL1	-2.38119577635028	18.5124786002748	14.7174386055103	-4.34830749524011	20.0075490285024	15.2611244601268	-8.00275707615275	20.0880037353931	16.4225433249171	-4.61394659346184	19.6800617399497	15.549759653489
PGM1 UFC1	-2.01422244269479	18.9039951019027	14.7150090265679	-3.2810769267456	19.408147982357	14.1810994292622	-8.06531161901031	20.338138213792	16.4127379949706	-3.3545195469427	19.8265406393308	15.0728661125268
PGM1 UFM1	-1.81802937526469	18.5709840473345	14.5984064289854	-3.75722375240989	19.9847231935559	14.8133050404874	-10.7989467161666	20.5130706570611	16.6938405727947	-4.09534067008014	19.6029580146577	15.2831342380659
PGM1 ULBP1	-1.8534274199775	18.628056618921	14.9258588793062	-3.32530896199912	19.6176300181392	15.0025005326839	-4.4260197247158	19.5866982932546	15.6726761653344	-4.1569299591585	19.5232643229402	15.4457787465974
PGM1 ULBP2	-3.50662067653731	19.4581438350308	15.7612417545707	-6.11511722697255	19.4619986331906	15.2116500640946	-9.90377254182046	20.4310574133372	16.6026832121801	-7.39000897484693	20.3037575437359	16.1973355545658
PGM1 ULBP3	-1.27396105170582	18.2607020771559	14.2023719386204	-1.4215020568628	17.5889061339949	13.52694069404	-1.47838277155476	18.3002848052507	14.5682506064691	-1.31373346830999	18.1204447177141	14.0537971328431
PGM1 UNC5C	-0.0786621706147155	15.7775271769362	12.1023957142222	-0.947501112269586	17.0792291771031	12.3489526629927	-0.326774078145829	16.5650661571379	12.6059780642258	-0.411917781557736	16.6787614754947	12.5086912900445
PGM1 UNC5D	-0.583919630446907	17.9324174108589	13.2046094032672	-3.82023281729989	18.7876577058236	14.7229736922645	-1.61313956692358	19.4006710154202	15.1639015317405	-2.21126269598407	19.1468258137097	14.7019011365981
PGM1 USP25	-1.59982526925889	17.7970445085788	14.054684141081	-5.79566241108333	20.3036158337056	15.2586108519739	-5.141071950499	20.1119845007273	15.8862000860143	-3.70503806567475	19.4361429219268	15.0497268610212
PGM1 VAV1	-1.24801006472128	18.0604521922558	13.6261011142593	-2.76795827179704	19.169656184425	14.34581439933	-4.63516893806417	20.3734051974669	15.9530924286759	-2.63355313535241	19.4472336940232	14.7478674242744
PGM1 VCAM1	-0.453380298298915	16.9987211121709	13.1587698167763	-2.11068841303443	19.2407400815635	14.4021637657841	-1.41702964304082	18.96033982821	14.6850447128976	-1.24291672330308	18.6890313235483	14.2420482793708
PGM1 VEGFA	-0.0609727810011704	16.2016680664594	12.4427695870903	-0.831869113837876	16.5136962894664	12.4872591566768	-0.38620175880946	16.6433118208738	13.044838816745	-0.440898419488121	16.5997232540639	12.7243020641457
PGM1 VEGFA.1	-1.54909234521669	18.1850272945883	13.9837798037502	-2.13019354842769	19.0889555495225	14.3563339672018	-3.18520547756571	19.4524522978902	15.5680531253746	-1.90261440842987	18.7210598003159	14.4117974167148
PGM1 VEGFC	-0.864677071319622	17.6292172982599	13.6940123238914	-0.553761571532523	16.7874975878712	12.2260528132334	-0.863670364811486	17.7971950078587	13.6639699759899	-0.679621067180175	17.2376548059093	13.2277931425076
PGM1 VIP	-1.85635395361631	18.5386472403001	14.8315771106023	-2.23578483758434	18.65723522284	14.2284643665947	-2.18228424206105	19.4598893323965	15.3904061690764	-2.03301929142768	18.8021656970264	14.7726144563254
PGM1 VTA1	-1.43339557320455	18.5253064852597	14.2946683943647	-3.48715609579781	19.1724124870404	14.6775652338911	-4.22757992299042	19.9271799251016	15.9613824778137	-2.89832977952118	19.2601927714378	14.9946779673458
PGM1 VTN	-1.42326632459183	17.6148901888048	13.33164065198	-1.26381930547784	17.663745246002	13.0857230871417	-1.64447768177061	18.7087201271334	14.0943263837908	-2.13397429985079	18.0892244456229	13.9443175257695
PGM1 VWF	-1.11371279383987	18.4461358149494	13.5671580123811	-7.00863781961229	20.2473008915884	15.5051686386597	-6.12716499454611	20.4299349076355	16.1424025781045	-3.55371251853455	19.8700738426193	15.1032452846464
PGM1 WFIKKN1	-0.323181719103612	16.702811463239	12.7069975751378	-1.63966279892999	19.2022838098352	13.6069948896908	-0.942225885058753	19.2622569346581	14.3979707715302	-1.03561856499938	18.6414860091639	13.8213582024353
PGM1 WFIKKN2	-2.03430168525291	19.0370860392524	14.656531478045	-8.1892217327014	20.0876410755518	15.7680614817766	-7.2877964026117	20.139692734751	16.1554566364693	-4.62421156207341	20.0227924932921	15.6420653072472
PGM1 WIF1	-1.29213502862124	18.349999281303	14.0698695030385	-7.79467893385863	19.6779379438767	15.7536507611063	-4.77206988458275	19.9162753638148	15.8447742270412	-3.67477967963989	19.5976232157739	15.3883974906334
PGM1 WISP1	-1.17776820503084	18.2135290906332	13.374260342021	-3.46613317554939	19.2834884651928	15.2335098795436	-2.23644825663047	19.7095659275411	15.2673600981792	-2.47981492320566	19.1659255965957	14.7198627084873
PGM1 WISP3	-2.96966261746355	18.4313490605155	15.1367241658862	-3.02768133676027	19.0665775278696	14.6327021256462	-2.97230426998887	19.4045299815528	15.5572592890644	-4.3775263395856	19.3140637379437	15.4130304079309
PGM1 WNK3	-1.48380343833521	18.4742000062316	14.2774560257241	-6.27058152939568	19.8592663337693	15.4548143239974	-5.50315887253126	19.9762201128121	16.025290116017	-3.61920160888434	19.6281235600865	15.2913800016148
PGM1 WNT7A	-2.27622451733738	19.2157520658341	15.2800265133108	-5.72880521241749	20.4945527652599	15.4268134642207	-8.51922194150341	20.6865696414554	16.4368409527859	-5.32770352640334	20.4220544849912	15.924058813381
PGM1 XCL1	-1.24837408803405	18.1708922378417	14.7138773900338	-3.87755059742903	19.0236653377645	14.9040059405003	-2.31642541532205	18.8226654122483	15.2117250407985	-3.009294047867	19.1471533127426	15.297938470652
PGM1 XPNPEP1	-0.587615435740984	17.859262687693	13.4808205571252	-4.10289489730482	19.7337848686055	14.9254235497146	-3.5099429402796	19.6950773607661	15.6750569135035	-2.35581101689242	19.5677503390079	14.915772637396
PGM1 XRCC6	-1.14835592089485	17.7833388920759	13.964883181665	-4.37140665566163	19.6667632515567	14.6078239573147	-5.03644286848845	19.674387400359	15.7340654436668	-3.63155153048107	19.2618425513406	14.9780104347209
PGM1 YES1	-1.26973768790058	18.2348280787349	14.1172202706783	-1.15211981284195	17.552043225291	13.0465157022186	-1.66429930668244	18.761412445206	14.6391556092833	-1.27200386048991	18.0807828512216	13.8427745853255
PGM1 YWHAB	-2.23114095796064	19.0098332536892	14.6673255627702	-3.39570374084007	18.801896458877	14.2810534038648	-4.14132122422549	20.206905572786	15.8970853397795	-3.54914690455128	19.5342903537825	15.1419837001924
PGM1 YWHAB.YWHAE.YWHAG.YWHAH.YWHAQ.YWHAZ.SFN	-1.69576358662445	18.8513705511032	14.4693970397148	-3.03790187839862	18.9982906839614	14.2024504636745	-3.76092018501939	20.0682836733354	15.8166274614721	-2.89639697828409	19.4955991873274	14.9956269457578
PGM1 YWHAE	-1.73226481159353	18.4989126348727	14.403973461208	-3.525996239457	19.0847303562013	14.5994842732473	-4.6429327124583	19.5968388705007	15.7309405379204	-3.31618168903863	19.141192150854	14.9166277716755
PGM1 YWHAQ	-1.39647262861743	18.6022831064531	14.4242353537263	-3.13074015129554	19.2868755543007	15.0215888585777	-5.05077579118108	19.4671169070072	15.8670644537494	-3.43468498614829	19.3789319505769	15.2556535691127
PGM1 YWHAZ	-1.15595488319224	18.7026740080147	14.0673188335373	-3.95705775907228	20.0199864420183	15.0493818538861	-6.76142856726408	20.0891233137196	16.1218768615259	-2.87436869698341	19.8216461578683	15.090719214332
PGM1 ZAP70	-2.19087147313556	18.9373439280158	14.754309025884	-7.58417860066835	20.4141248563806	15.7534436651187	-7.11796770723422	20.3463028215204	16.2056914002358	-4.84819317230523	19.9702580465114	15.5408900669938
PGM1 ZNRF3	-2.08610463464854	18.65379829094	14.8970944889159	-3.47524253738946	19.102865250918	14.5401518353966	-4.32923138754941	19.7165210659862	15.8450291912886	-3.79291422263544	19.2577958570712	15.1029632237272
