protein_name	r2_male	rmse_male	mae_male	r2_female	rmse_female	mae_female	r2_all	rmse_all	mae_all	r2_all_sex_adjust	rmse_all_sex_adjust	mae_all_sex_adjust
PIGR PIK3CA.PIK3R1	-1.27205423784614	18.9232036051635	13.9531413748298	-3.33628769054764	19.2982168701254	14.3773504525797	-4.76047321077663	20.2982954001317	15.3437569541954	-2.75709776966699	19.5173875267592	14.7260175720273
PIGR PIK3CG	-3.10460511446857	20.2856178548145	15.4136026602273	-2.09278992607039	19.3234379704885	14.0734597663421	-3.46163232364232	20.2028639352148	15.0901897960133	-2.70697368359001	20.0998808059292	15.081240786389
PIGR PIM1	-2.69960436626249	19.7847308261474	15.0017154109172	-5.18248021146898	20.2489143415609	14.8762858337911	-4.8349013317529	20.1740534742059	15.4818744255963	-4.12695875900443	20.1819160537495	15.3695427577368
PIGR PKM2	-2.5121915411821	19.8548009754141	14.9084951430189	-2.37963872213585	19.4385613134103	13.916499500045	-3.6363062557228	20.0672103386313	15.2348050384347	-2.74738308242139	19.7953539918325	14.7496030809367
PIGR PLA2G10	-1.94704057602191	19.3138833622686	15.1621614296352	-1.38350063637259	17.8326433843393	13.2837028714269	-2.31818315370551	18.8341683650652	14.5895036279992	-1.81808174810977	18.8211681300163	14.5179142944489
PIGR PLA2G1B	-1.73403426151913	19.8360358822475	14.5284638460877	-4.43789036523951	19.7438652428338	14.2310398097031	-4.93632780167787	20.1573868274235	15.2374482596385	-3.22061749509588	19.9638618120363	14.8497999825002
PIGR PLA2G2A	-0.337396649253403	17.6945766220354	12.7525665644742	-0.45564378889422	17.3006819292126	11.9034756676809	-0.329744598353846	17.923528030452	12.5250399817025	-0.461601612950186	17.9231203518903	12.785045595889
PIGR PLA2G2E	-2.38911364847326	19.3908964001678	14.6514364351389	-1.47445642933794	17.8472336211697	13.6746183026012	-2.85865185595314	19.3018373717221	15.1316242780662	-2.02510782730342	18.9091677549043	14.655407288437
PIGR PLA2G5	-1.98981906093496	19.0330610794579	14.4054409513238	-1.83358748952294	19.4108655360647	14.1478229645589	-3.77836574621887	20.2141029799929	15.4668331545791	-2.52913532120862	19.8453482992788	15.0485049271616
PIGR PLA2G7	-3.39054589880769	20.2687628746048	15.2685285277627	-5.06855780398094	20.4067252553857	14.9407271931495	-4.9973201402096	20.6374962613935	15.7151982724705	-4.11495163716247	20.6375573754814	15.4383352062441
PIGR PLAT	-0.017940103569875	15.1514095443729	11.6226736086121	-1.46338186509814	18.2568708106197	13.1874341600704	-0.70764236239632	17.2584834839786	13.2197363560063	-0.659264821287072	17.0445710263768	12.804708485324
PIGR PLAU	-3.20456951054009	19.4857417831985	14.9253338292871	-6.45586235331479	20.0007169631374	14.8514996417391	-4.91073937707067	20.1358634140016	15.3529211903909	-5.38209734279687	20.1407564325883	15.459022974321
PIGR PLAUR	0.316175409533979	14.2350357349242	10.5767837468767	-1.43343858544204	18.093916621979	13.0810602939971	-0.299687865311169	16.330518620697	12.4314960077664	-0.133788339660991	16.4137046430937	12.104354415344
PIGR PLCG1	-1.42634388335667	19.9975841651125	14.6900659218804	-7.38028431370379	20.2105056925511	15.0236281636349	-3.91994276305992	20.3306739626068	15.4110401268537	-3.62325436713532	20.2641403084099	15.2270241232642
PIGR PLG	-1.85022891199345	19.05309112892	14.2148500684231	-0.870939753805908	18.2665608268015	12.3060401291919	-1.41968857212389	19.7868034824176	14.0649839820353	-1.36714515144308	19.2098534287802	13.681394414166
PIGR PLG.1	-1.94520914499748	19.6235498088292	14.3735234475505	-2.91169990159737	18.5631516807015	13.7222992551551	-1.89368787086986	19.1225431966923	14.235701809421	-2.66631546386897	19.3002614630449	14.3778058439216
PIGR PLG.2	-1.92607210180201	19.1572859574399	14.029824655924	-1.16773830247181	17.9103992011146	12.8698854727015	-1.45279396962581	18.6899655425446	13.7501525026932	-1.33361898249511	18.6415626717508	13.5914354939382
PIGR PLK1	-1.82207136672192	18.6823249249011	14.1352960936825	-5.08386828124255	20.4000270968482	14.7389725958224	-3.22716557996212	19.7490260031288	14.5664585489932	-3.02836064693688	19.9269588823357	14.7912348825517
PIGR PLXNB2	-1.64935195044069	17.8953465093334	14.047589454272	-5.82608979177474	19.9876301648287	14.8678351256938	-2.65640683650309	19.238473398769	14.8059801491822	-2.88918839138072	19.2629935679404	14.8509656557103
PIGR PLXNC1	-3.09152643764347	19.9587134428473	14.9857727073017	-6.12197353726124	19.9837468021187	14.5526933171107	-5.64080771990915	20.5467582716107	15.4627145930573	-5.37842376036936	20.2809437031064	15.106879862729
PIGR POMC	-2.25629241972087	19.0380394581002	14.7378968646579	-2.63279506312178	19.0341868721627	13.7375476863921	-2.911486408472	20.0560683967075	15.1427519737003	-2.68503274342185	19.5040547190244	14.7234451568567
PIGR POMC.1	-1.862539967372	18.608188893439	14.6151653588783	-2.25322320730652	20.6459201247526	13.9793118600707	-3.17550739186733	19.9470896409422	14.881356875649	-2.51644472414042	19.9437829873008	14.7141709191235
PIGR POMC.2	-0.378333315143888	16.53742073559	11.9014627686339	-3.21179468636429	19.8682723830436	14.0971443643759	-1.67262250434036	19.1064688406831	13.9581907650575	-1.64557825747857	18.8394660091394	13.6209947012807
PIGR PON1	-3.66060832655887	20.3837035130942	15.2817498343709	-3.42561704975841	19.2252473448173	14.0459412738544	-4.76466298093416	20.2985910122869	15.393893351222	-3.70402855953686	20.2083375108574	15.0515155483379
PIGR POR	-0.819118297785697	17.6868485251979	13.4638711114015	-2.29914851189073	20.0223249219677	13.6596150551425	-1.49605640515382	19.34953371291	13.9834821929025	-1.70181714435372	19.2108987755997	13.8484222283183
PIGR POSTN	0.111789263646341	15.3341438167338	11.8022129909696	-0.935728698697905	17.4446548357471	12.6020156449626	-0.482294605820105	17.2097754649861	12.8564760218464	-0.339035097637446	16.8420215775417	12.6058761943577
PIGR PPA1	-3.07426104649632	19.4958367430434	15.0779329372855	-3.07637783911036	19.8832590309759	14.5906273204095	-3.53016397125444	20.2002424001482	15.1204266222076	-3.55434068571318	20.0849982930997	15.174767988477
PIGR PPBP	-3.94134886783892	20.1169581828866	15.1679448291568	-1.77713543708101	18.9539415165012	13.2697956722541	-5.45879895448902	20.4796254353265	15.7208080686608	-2.64401038888148	20.0375235911327	14.7856278921836
PIGR PPBP.1	-4.14610296625977	20.1244879687323	15.2047773589405	-1.78893957518519	19.0199671968922	13.3252664547345	-4.80622505489459	20.5254499301129	15.7532762484533	-2.59725857939406	20.0617281055429	14.8081294282122
PIGR PPIA	-3.20649087925091	20.4352357142126	15.3763516258345	-2.52105504300903	19.7592744916267	14.5114267215328	-5.82582847147216	20.4797730262214	15.7113033553046	-3.50601210634608	20.3226278728659	15.3585421383814
PIGR PPIB	-1.14959888036774	18.3617163974008	13.456856076181	-2.33391844258192	18.7714354748801	13.7373213681378	-1.64651199711646	19.1586394752242	14.3339156690421	-1.91620638574037	18.8998909445483	14.0612033521148
PIGR PPID	-2.84327777718755	19.5813202075643	14.8702535316767	-2.91495494672957	19.4790014280859	14.2478876012959	-2.82232572962373	19.5736928287467	14.8768485887086	-3.56985940422318	19.9757854692583	15.0172262434077
PIGR PPIE	-5.64809937736305	20.4637958323268	15.7252290898424	-2.93563493825289	19.3057744236538	14.0663293930963	-3.80287136275528	20.329396910705	15.2415873726892	-4.04063466832874	20.1756774072469	15.2314491298734
PIGR PPIF	-1.133806065346	17.8968226371496	13.1208019035395	-3.8856729318683	18.6917645805131	14.0202790262702	-2.18434157308529	18.825927912325	14.262705194698	-2.36686466063454	18.6460170018441	13.9742561279112
PIGR PPP3CA.PPP3R1	-1.71108671298332	19.447300380203	14.4578708566052	-2.89652648592831	19.5717775631208	14.5221133441469	-4.81172565658631	20.2615510300106	15.3752136236451	-2.93113953095462	19.847712823117	15.030819569766
PIGR PPP3R1	-4.5942492053026	20.8230632340935	15.4636016107896	-8.29814335051584	20.1950360846967	14.9483527141296	-6.73694067547187	20.7787985078322	15.6100954629113	-6.65724582672052	20.8173007420116	15.7168826377807
PIGR PPY	-0.210788638355619	16.1206768036415	12.315980512371	-1.78169244584977	18.3047700014394	13.6462083718737	-0.644952068252214	17.2136852262886	13.1961929053286	-0.812918759974329	17.4784442752979	13.2048276357532
PIGR PRDX1	-1.92643811223753	18.4721399633129	14.219558870131	-2.19536554783322	19.4120108065704	14.3385291491945	-3.49802638223835	19.7296966137538	15.1595418529941	-2.24653338821646	19.390645259619	14.7502046786679
PIGR PRDX5	-3.00107272539291	19.6232675342557	15.2512635914987	-7.54855949743818	20.5083763889203	15.2441851772576	-4.63949104326975	20.388203101237	15.6103627542681	-4.93282407817927	20.3124365833858	15.5367999596592
PIGR PRDX6	-3.1609903232127	20.6786240795916	15.6381671648541	-2.61945794019341	19.7180524588303	14.3937404676645	-6.06048248435879	20.8343114262968	15.7393506198502	-3.75068615165402	20.5224022513169	15.4036443117349
PIGR PRKAA1.PRKAB1..PRKAG1	-1.57162568379902	19.7634960855535	15.1744260987515	-6.48761938183365	20.0604861021191	15.2044540716123	-2.94367637101612	20.0447502346829	15.5522505456463	-3.64065176740555	20.2160518007748	15.5790839620356
PIGR PRKAA2.PRKAB2.PRKAG1	-1.80185977183394	19.0716483717717	14.0787884477749	-4.73616123501001	19.9160052129192	14.9204977701478	-4.73812184204501	20.1515414831476	15.4547732008105	-3.10302658131631	19.927373794606	15.1000180437924
PIGR PRKACA	-0.945985795716081	17.7689852852668	13.5531088861833	-3.7934399053659	18.6843141440427	13.5479033068633	-2.33479075941935	18.6849295709985	14.2959537692684	-1.99169634892753	18.5852082794476	13.9917084967803
PIGR PRKCA	-2.0014525840002	19.0483221347382	14.3411004696317	-4.45037594334137	19.3152292265619	14.5336708216614	-3.50839672802097	19.5981642511924	14.9792831356352	-3.65099488221514	19.4535833220321	14.7688999792172
PIGR PRKCB	-2.95048649695055	19.606765335941	14.6024965149401	-2.75994461569306	19.2513265829485	13.8575115013507	-2.78824940272855	19.6417721651815	14.6768939415285	-3.3213026596449	19.732510684339	14.5712968398119
PIGR PRKCD	-4.16077149091925	19.987436463655	15.1267107644782	-2.10618309118872	18.8895714880123	13.5089466584748	-4.37565374036676	20.2176685355154	15.2190230732862	-2.94228814212028	19.8343868468873	14.7302244303601
PIGR PRKCG	-1.44832465146317	18.9512645179158	14.1794236805247	-4.37245584543252	19.399293844002	14.5045650514375	-3.00108967500634	20.0544911385571	15.1405728949126	-2.74136035182027	19.4713633967711	14.6733355603886
PIGR PRKCI	-2.76479225114119	19.7828880327928	14.7904541485225	-2.06315908510763	19.8469130404249	14.1932183434422	-3.13785829296412	20.0153732942532	14.9558625796066	-2.65389676353426	20.0175389588763	14.805891306482
PIGR PRKCQ	-3.67206833302461	19.8323990236353	15.0565037452627	-5.85562308425454	20.0249486248349	14.96372571034	-6.2470397289645	20.4208039654729	15.3874642462239	-5.19007828811116	20.2679214581889	15.4411023559783
PIGR PRKCZ	-1.77538780321683	18.8160904402607	13.9987021029927	-1.94589425639456	19.2373570051907	13.794772791283	-2.01215732050186	19.7257499643123	14.5612826666837	-2.0709478900505	19.4541708654401	14.2906617018191
PIGR PRL	-0.964159760866972	19.3427747162711	14.2294130857244	-7.23893979241604	20.803736439498	15.0934409774716	-3.81011549963112	20.3757836711623	15.2389751987577	-2.815548895214	20.3111855398169	15.0135822542358
PIGR PRLR	-1.05058457703779	18.5370325209289	14.1527043574116	-4.01753732991986	20.3339968417245	14.8563012931534	-3.15442060260411	19.7213551728431	15.0845761976204	-2.72810461678438	19.6222870160474	14.8702754832742
PIGR PROC	-1.19372174425784	17.983427808516	12.6311122798806	-3.49932678841707	20.4743676528704	14.6485751359194	-2.21917012477989	19.3307524827625	13.9006796041315	-2.36455935306686	19.5640041935762	14.0002737191193
PIGR PROC.1	-2.69461176487854	20.3310833903858	14.7543855642121	-3.81849195728113	19.9556081623153	14.7949814544082	-4.32510735637942	20.6636490954184	15.5043886071457	-3.92847237657942	20.3445317144979	15.1153572970782
PIGR PROK1	-1.18410592694944	18.6198377176899	13.9431343325962	-2.09085663115868	18.939529545956	13.9257557705977	-2.15880320589717	19.5686736220959	14.7787907688064	-1.85418103467123	19.145737762161	14.3205420045077
PIGR PROS1	-1.30762910310082	17.855417749614	13.7155218564698	-6.07664584383557	19.9480521828472	14.6005868608792	-2.68723619130942	19.4533458369733	14.7038809396574	-3.16655334178174	19.3128723619413	14.6301265932393
PIGR PRSS1	-2.87558428162882	19.9622289333638	14.9969792621182	-2.8570124939951	19.4146231739411	14.1460830987995	-3.01760656009731	19.7391044489748	14.7583727867109	-2.72507420285853	19.6883942456507	14.6950228927155
PIGR PRSS2	-1.27063735622663	18.2449302417638	13.9648934801872	-3.67077419094185	19.3774729205608	14.3306938943783	-2.33364742547316	19.2379380563885	14.6010860405766	-1.91302353292065	19.0247972255981	14.4248794114806
PIGR PRSS22	-0.50359013568023	17.0162824304142	12.9722342456926	-3.06662719114258	20.1269332189019	14.3367558836632	-1.69536634554349	19.1537884375623	14.2808930709477	-1.55214958671544	18.9572679356513	13.9447906958324
PIGR PRSS27	-2.45865936709494	19.9351380398065	14.920933364305	-4.14841639327026	19.7955083648635	14.2963797766538	-3.6453348290678	20.3749862639071	15.2682115934667	-3.81229222643669	20.1662348404476	14.9787119527223
PIGR PRSS3	-3.04083802247206	19.7236324535134	14.7090407552903	-3.95489556396929	18.9438714625422	14.3502321058507	-4.33975352711171	19.7315184891507	14.8206299016829	-4.4475087194181	19.7225225307589	15.062352878757
PIGR PRTN3	-1.74455657616829	19.512733261891	14.3789558977013	-3.08905390675328	19.2235967289517	13.6049967398829	-2.40786905771283	19.5028310618445	14.3110168912447	-2.17343071536945	19.5053277328178	14.2480633567261
PIGR PSMA1	-2.98383290685072	20.6047208442439	15.1292741112174	-1.44127957998185	18.670752700907	13.0905753955717	-3.71175956753597	20.1786312665531	15.3630967701534	-2.54311757715074	19.8579288976965	14.4682343996609
PIGR PSMA2	-4.00205192447098	20.1153003339821	15.1012752477519	-7.59451092648843	20.5843058988466	15.2022031567564	-5.81735976071518	20.5299850853373	15.3714575616566	-5.71230598904268	20.4959528362941	15.435014933611
PIGR PSMA6	-3.57403205226023	20.1272679504151	15.2155962773192	-1.42139330374579	18.818363191644	13.3195306603582	-3.57146937491367	20.0508891316545	14.9707999942442	-2.84960628277129	19.7250848455707	14.7508514536459
PIGR PSMD7	-3.84279857899318	20.1268274185969	15.5871860637175	-4.51455938034553	21.1861834845336	14.967543950199	-6.29144190176335	20.9040809304167	15.8308922858175	-4.79380321113183	20.8964712951502	15.6407181011997
PIGR PSME1	-1.48973190976736	18.5060946595296	14.1271414308055	-2.43680827956848	18.6234828819256	13.8996975548881	-2.72166693374259	19.2158070497969	14.7145827200618	-2.3355105561879	18.9816822178657	14.5389179296222
PIGR PSME3	-0.893198334908668	17.569592074021	13.5909162677923	-0.915478537907195	17.8987765131788	12.7803016873113	-1.29034373452344	18.4239128660235	14.0839542319989	-1.06536972071624	18.1423905342907	13.7474739361046
PIGR PSPN	-2.76376634794083	19.4284158214698	14.3073791781142	-2.85017883051486	18.9994770403072	13.9523383831795	-3.15933555664591	19.8198414770516	14.8464251567706	-3.28020634958012	19.5330766545801	14.6265572213354
PIGR PTEN	-2.78903694441574	19.1556711843151	14.5144596090704	-2.5274160457735	19.1967427880538	13.8214336898334	-3.14078980905883	19.8823450475477	14.8164045264964	-2.95606303622413	19.9692099176424	14.8274286902463
PIGR PTGS2	-1.84838792769681	19.5431307295361	14.8347587076755	-3.03687771750569	19.3800475054447	14.4153535016444	-2.85975469967139	19.8725921076576	15.1449292258096	-2.34493143395414	19.621647150531	14.9618282409021
PIGR PTH	-3.25788151307676	19.3716494912781	14.6590314801079	-1.6102101267065	18.1712352573597	13.5432082322538	-2.31922279866702	19.3136201203059	14.3542057895929	-2.76611733879754	19.3553947838706	14.5288977678328
PIGR PTHLH	0.00639866223491736	14.8428979486967	11.2140082258999	-0.877536765475734	16.3866747181345	12.0410416026701	-0.418133922551377	16.2745965935465	12.0905180015397	-0.403233899675453	16.0458707317099	12.042059320729
PIGR PTK2	-1.23899579499929	18.9163941145117	14.1530453519854	-2.33688725388834	20.0425399460134	14.4720847002373	-2.27721678490383	19.8047568789911	14.9949664463238	-2.18149852897254	19.6612446441305	14.8104510766329
PIGR PTK6	-2.00638308071111	19.1061534124206	14.9174206929149	-3.84795295754968	19.4636133167671	14.2174658020433	-3.68897325219427	19.8020703169471	15.2025015893547	-3.31561171200582	19.5773006053518	14.9396792649566
PIGR PTN	0.667723046023585	10.5393889272059	7.62648298778608	0.537510455954767	11.4138658485331	8.40541963729735	0.543380985928915	11.5435675006106	8.43291520326595	0.613610969909221	11.0394146964311	8.10371964458856
PIGR PTPN1	-1.26796599029884	19.0421710216348	14.0640562857279	-4.54919147862948	19.83197152091	14.7532139307295	-4.97421004211723	20.4279469255983	15.625376602317	-2.68377339347132	19.8138441466722	14.834436618557
PIGR PTPN11	-1.40317738672114	18.9102945751068	14.3586856292468	-4.08292765362064	19.1678547627651	14.3477113288012	-4.27512869237491	19.937738014415	15.2972154138413	-2.71311007442404	19.462007189956	14.8245114392707
PIGR PTPN2	-3.82488006393381	19.8989607331145	15.2067586239717	-6.57133164441185	19.7983443898637	14.8065737799996	-5.60470571490064	20.1304240541144	15.4779857458544	-4.90289574007099	20.1617393526197	15.3671215182375
PIGR PTPN6	-1.99006061481676	19.6590911548687	14.8409525655624	-2.73855215746736	18.9029855996314	13.8308208588249	-5.29882437153221	20.1558728066294	15.4794425415337	-2.60349714707335	19.676792961119	14.7448009226497
PIGR PYY	-3.32879747687694	20.0505220826406	15.6307771313269	-6.024330503505	20.1746649174775	14.7999281575865	-6.3386759137467	20.6283778885527	15.6108828549496	-4.73378813873684	20.4064933473129	15.5127839031476
PIGR RAC1	-2.29798784346615	19.1041144763827	14.4312727579348	-2.75559416948621	18.7181667988066	13.9184236081766	-2.88344207149441	19.4957830364588	14.8442984371652	-3.16345034000509	19.3548721011884	14.6507924305435
PIGR RAC3	-2.24320618040946	19.043485690027	14.2692395563076	-2.32983823025209	18.9533123273739	13.8492669334199	-5.03915135518133	20.2575586251634	15.3088217029984	-2.69304578166219	19.4921381098401	14.7380174598114
PIGR RAD51	-2.56271107525008	20.1735611601299	15.2285601262684	-4.49067129059434	19.4939827711516	13.8882592532457	-4.79221613874258	20.378111418369	15.1273809689166	-3.72093264259135	20.0904908101478	14.9326576054497
PIGR RAN	-3.38474826214287	19.4466550386614	14.88269336405	-4.17897853996915	19.0509532968957	14.0443383864096	-3.40921322777766	19.442632174115	14.5778649982708	-4.34344145113927	19.6496478418346	14.9496366860096
PIGR RARRES2	-0.488474838320189	17.5754899152473	13.3702497689346	-1.37601456680899	17.0619423401269	12.9479611126157	-0.928487340806284	17.6208552669498	13.7274794061532	-0.884677958889026	17.5665132115338	13.5395541353569
PIGR RASA1	-2.13422257415678	19.7072012732906	14.2018737267624	-5.11100303401991	19.4382232757028	14.5857928711002	-3.64571122835472	20.4507606194218	15.1160772644162	-3.49577053633837	20.0124402741937	14.7003741198309
PIGR RB1	-3.33646901048195	20.0349890085563	15.0812700043988	-12.7529179314316	20.877127334036	15.4642900667968	-5.60897590246879	20.8113217380545	15.6820418693369	-5.31603629100649	20.6289047681301	15.522747311055
PIGR RBM39	-1.06987470973473	19.2380193463473	14.0890729283112	-2.09154795978359	19.1805566150665	13.8899804376035	-1.46381747666194	19.6289722264487	14.2653105475697	-1.36326567697232	19.93129952788	14.3300165917587
PIGR RBP4	-3.30595662495013	19.7942145611303	14.9931672885271	-5.58550000611474	19.711039069524	14.9806970338868	-4.36717924245793	20.2370124947877	15.5581656559183	-4.41178682345	20.3607243724256	15.5628550518718
PIGR REG1A	-0.363531405524743	17.0274023676415	12.5249744755766	-1.15763101248176	17.8926294138254	13.0663780516683	-1.06119200010732	17.7010087220227	13.2518096911203	-0.710410173120496	17.628012183863	13.0747460285084
PIGR REG4	-0.256281202921187	16.3347958797431	12.6427153673145	-1.29257459113964	18.1031603062263	13.4589062484785	-0.737121438985913	17.4567588797213	13.4265126884665	-0.692814102929779	17.500606435213	13.3138080635016
PIGR RELT	-0.0676398228963169	15.6447066936478	11.7645585773781	-1.01189235642172	17.581376904355	12.3087885070643	-0.510204620366388	16.8510877832926	12.2958416315854	-0.455877234792536	16.9456114239259	12.3964340847514
PIGR REN	-0.460135640351627	17.8188464399704	13.1234425508627	-2.21996638794909	19.3545818793114	13.8922573937881	-1.2939812083273	19.2787842478949	14.1375996141117	-1.16384062994156	18.8756786391498	13.9208359829053
PIGR RET	0.307138687369402	14.0405631982998	10.6129248609024	-0.824654575240516	16.9151025984113	11.5746066201907	-0.291885675687355	16.3519030353404	11.8605809881986	-0.159250889141013	15.9243235132311	11.6009823044858
PIGR RETN	-1.13348152323953	18.8320379462688	13.4282212172962	-7.77906053578315	20.4492562230892	15.2264875536967	-3.50258199731138	21.0407497792109	15.2728562111296	-2.94150851224856	20.166779035747	14.837429056916
PIGR RGMA	-0.960002274722506	17.408861250666	13.0886819741979	-1.79872376562197	18.975024972609	13.3526970199781	-1.4484362303565	18.6318767017441	13.8153190984373	-1.4248073409088	18.340324476658	13.5185518922685
PIGR RGMB	-1.2520902864831	18.6316943095045	14.1279467121716	-5.91551461810768	20.1880831965469	14.8826185600392	-3.3739818181011	19.9844826540295	15.1440094242536	-2.83741744225043	19.6622878887971	14.8041693732629
PIGR RNASEH1	-3.85596927810429	20.1579758304516	15.6226283821382	-5.16095025099927	19.8075819725232	14.4774192409388	-5.97981817643155	20.56101431322	15.565473014883	-4.78354379658242	20.2097228928981	15.2784415301334
PIGR RNF43	-1.97463546558332	18.902652707293	14.8116237718123	-9.73120689778019	20.8840804771746	15.4866483469887	-5.58889934324582	20.5551685281093	15.7782073025557	-4.03550667882036	20.2570041799234	15.5102358757566
PIGR ROBO2	-2.47231955505569	19.5254471995138	14.7489001246563	-2.12486442540785	19.4914983747544	13.8347071835572	-3.85540166858007	20.135292600155	15.0508655875188	-2.8074462747167	19.766957424822	14.6812630688608
PIGR ROBO3	-1.85535984149888	18.9536781948114	14.4214794178506	-5.3186289447669	19.5365632498439	14.6339893809401	-3.70244406517053	19.9512127114089	15.2636759745119	-3.75155190516953	19.6480046371119	14.9301763611961
PIGR ROR1	-0.567481993336214	16.1890159174491	12.8478677398879	-2.6908013586169	18.9229861607117	13.8649388431871	-1.06889167417402	18.0160331048701	13.5766592027001	-1.17235850845431	17.8309339808683	13.5779530454071
PIGR RPS27A	-0.995784365517487	18.1256725542645	13.7670152667009	-1.37766489592585	18.0974526586505	13.7674334522019	-1.74224341815308	18.9053442673657	14.6593693107706	-1.40718180785101	18.4518303830783	14.1105290764233
PIGR RPS27A.1	-1.50277471557757	18.4835506330129	13.947941696869	-0.873317414268688	17.6233307692464	13.4848930223612	-1.61437611472466	18.5843290217131	14.1459869328353	-1.20828103977424	18.3943697729763	14.0510728582845
PIGR RPS3	-4.99302555704421	20.1345660416229	15.3490294548216	-3.84126746313826	19.8276313712475	14.3266425459319	-4.49469861137267	20.3942611882269	15.1591065728743	-4.6474555994456	20.3228405438771	15.3444285151354
PIGR RPS3A	-1.61421704650259	18.9583689390461	14.39492613086	-7.36193575647486	20.4038479181631	15.0493892079455	-4.24298067640913	20.4185846540416	15.4878216755179	-4.68266240003601	20.3381563543538	15.4166944157382
PIGR RPS6KA3	-0.899115805372834	17.2210872346961	13.2199063449119	-3.3234337928972	19.3891683330095	14.1182207756702	-3.18237395447903	19.4966181861034	14.820826768886	-1.86354899264219	18.7279437825088	14.0995628174748
PIGR RPS6KA5	-2.32675514672561	19.1035307053994	14.6150982754437	-1.43962317788637	18.6803752438102	13.657119638421	-2.53549728482405	19.5470041265932	14.8084443214514	-1.92150639244341	19.1993971477424	14.4394939745966
PIGR RPS7	-2.61302255918546	19.9048544957592	14.8686311777377	-2.710541444655	18.8659481646886	14.1025949277254	-2.77852796205586	20.0894111484695	15.0458207065998	-2.99811018212514	19.6619410738238	14.8134960521402
PIGR RPSA	-3.04493798936422	19.4563652641009	14.52790106311	-10.2475898372065	20.8894276662316	15.4954301874506	-4.89695603008595	20.6635567244787	15.5821505921576	-5.23763807366992	20.4346088148612	15.2415075258777
PIGR RSPO2	-1.20303489944425	18.7212172742664	14.1144271876907	-1.07362776447743	17.7862431993725	12.7716162721701	-2.29825915686864	18.9930895047923	14.5492017968334	-1.44318997044211	18.4567072293954	13.8252514568785
PIGR RSPO3	0.473589278006349	12.8004889459804	9.45841001562737	0.014142172252299	14.3913211153645	10.1725650592906	0.301134173517211	13.9955298006702	10.1448037657604	0.283943248452246	13.8805773901385	10.069119967663
PIGR RSPO4	0.184296310014216	14.6283132603106	10.4592574269298	0.308066264238147	13.6334439832012	10.4303072520161	0.287360609329571	14.3567909801997	10.602057409334	0.292957629864332	14.1391225080946	10.5911497568117
PIGR RTN4R	-1.95216556863854	19.0844508870261	14.7899652226148	-3.86359459377646	19.0690835991785	13.9704000452274	-3.42437040463902	19.7054736722708	14.9538782665084	-3.19998910329756	19.3972410414886	14.7677866591256
PIGR RXFP1	-2.20903334705763	19.1310874730491	14.533256331842	-3.86500386880816	19.4425988512293	14.5535279866422	-2.09480387015355	19.3281109511813	14.5547585727222	-3.08897200155865	19.5024133214374	14.8779217162905
PIGR S100A12	-1.68672845425565	19.6071632279533	14.5587973291511	-2.10569471669768	19.1449275533905	13.8461350615082	-2.2457227307342	19.7029955053363	14.7632785956671	-1.91077074483881	19.7845084791835	14.6742340537351
PIGR S100A4	-3.60538578571526	20.2651336116463	15.4536460417151	-3.9927867939515	18.8744152070436	14.156381245963	-4.56501538174071	20.1330590176623	15.397095391589	-4.43482962136944	20.0385921151119	15.421202095922
PIGR S100A6	-2.84808143768202	19.9941950281086	15.2429173358336	-2.82944185554805	19.8937552541357	14.5516932542758	-4.25981022167353	20.3489394055792	15.3199616388309	-3.06612746479511	20.1897194637964	15.2292766085903
PIGR S100A7	-2.06789957147093	19.0173346903404	14.528474980662	-4.5165142177178	20.3983068243937	14.8788437120429	-5.21606703056956	20.475239882229	15.7222105836871	-3.85429015829098	20.0766169420322	15.1909943906571
PIGR S100A9	-0.587034146260266	16.3946400997909	12.6210578214609	-1.36055393400821	18.3286339535833	12.7848430163567	-0.75427445390918	18.3580373515799	13.7451806276351	-0.802527877912109	17.6380978528342	12.9333270078031
PIGR SAA1	-1.5289573976917	18.9079951518729	14.0012801650271	-3.5052929686521	19.0202508242021	14.5602432360255	-2.21887637896826	19.4869863743007	14.6856733397965	-2.21498394151685	19.2386161965341	14.6578023431074
PIGR SBDS	-3.27691074200883	19.957307048939	14.7328430601334	-3.23096210697612	19.4607648796896	14.2159548506525	-3.20257979265797	20.1870225097159	15.0649146886314	-3.62688067933449	19.8997296907608	14.880496608736
PIGR SCARB2	-3.20119921909419	19.5612275353347	15.1699252665537	-4.44333691650513	19.9169683674945	14.7974978498083	-4.44396974661395	20.0746037533752	15.4868514296643	-3.90822876527356	20.075886396846	15.3977189003409
PIGR SCARF1	-0.752733861802361	17.7011925541595	13.1876539892561	-1.12527685714814	18.2345157365577	13.3529833786745	-1.02710210214029	17.9793993251689	13.3653447242811	-0.933369559399796	18.1386577484069	13.4527458600264
PIGR SCARF2	-2.12612027809826	19.2149221648786	14.9559936024771	-2.42769852979154	18.8267660507295	13.8842276203112	-2.55763335020424	19.5451552640318	14.9867449244235	-3.53733467865369	19.5828338426306	15.1822367854781
PIGR SCGB2A1	-1.98911550526457	19.5694159386004	14.8635358281314	-3.88370048401444	19.3062982150824	14.1799791468034	-3.60445833444552	19.9062579704269	15.3426419851177	-3.40918056252225	19.7932379391377	15.045570876299
PIGR SCT	-1.82149468034356	19.2119113661695	14.342440177024	-3.47532324263534	19.5177543160825	14.6486581382632	-3.04869959722679	19.8148271351348	15.2065707103135	-3.07355044883977	19.6273334436817	15.06341326577
PIGR SECTM1	-1.67012189869158	18.3187545970414	14.3266442440117	-1.53903577392206	17.9056442138984	13.5038160911836	-1.30295599805011	18.5170074622924	14.3666155875958	-1.5478785271052	18.4627023022954	14.1961018109558
PIGR SELE	-2.95587426868595	20.0290034718245	15.2315876119376	-3.57495298042654	19.2871530012231	13.7456915048105	-3.51915518273715	20.2577818190515	15.3024149496854	-3.12074987133626	20.1415364418363	14.9154669648413
PIGR SELL	-1.17647871749459	18.3511004398255	13.4158497440219	-4.53536087898912	19.4709814445255	14.6944324572265	-2.60215979756859	19.360935504702	14.7949551417005	-2.20366282780715	19.1242221641946	14.4215619896959
PIGR SELP	-2.95003590125094	20.3326938432506	15.5606079421916	-2.45148457514368	19.2506189524908	13.5623983241359	-5.25979771019266	20.5545745926529	15.6535305966459	-3.183881038207	19.9829634093299	14.8876365696718
PIGR SEMA3A	-2.54812212357717	19.543750753696	15.1032868219705	-3.98024464239717	19.3618072208106	14.8369165433143	-4.67544232620377	20.1271159837864	15.3261556100039	-3.75573612474042	19.6269200950182	15.2273444301267
PIGR SEMA3E	-0.36696993401845	17.0749400528493	13.0261484328457	-4.31211548987448	19.2987251797269	14.5032959332818	-1.5847103467736	18.3301625325585	14.2571265349582	-1.33384651927273	18.4390346720069	14.0707794733347
PIGR SEMA5A	-3.56570533820448	19.5804267831602	14.5207435197088	-5.85240332921321	19.9561783193638	14.7475097822474	-3.9859992644125	20.0658377420978	15.0664582780657	-4.92278165388224	20.2409392989389	15.1836296994498
PIGR SEMA6A	-1.58863086537348	19.237584673062	14.323074105866	-1.82419159184256	18.8621156769855	14.1430999856143	-3.25256164604021	19.6209682841638	15.1536737973299	-2.40828881120429	19.354439335935	14.6008803595842
PIGR SEMA6B	-3.53445966263956	20.5560934056475	15.0579381961293	-5.70858639713073	20.443662607585	15.1783220623218	-5.10724934771025	20.7190150834134	15.611948873252	-4.90622574677669	20.7434218011368	15.5508407327362
PIGR SERPINA1	-0.529526645982558	16.9481734324912	12.9636334408119	-0.567142999804028	17.2616584773667	11.9076093539049	-0.606543187800381	17.6928527800356	13.1778383194933	-0.605285740160662	17.3738074292798	12.8060041273316
PIGR SERPINA10	-3.0673450568826	19.8387323805056	14.3876067089128	-2.79233371592828	19.6134195727189	13.889260968226	-3.5147760037195	20.2941419159744	14.882499939751	-3.36045841043373	20.1012907832574	14.691470555639
PIGR SERPINA3	-1.62340629565015	19.9994712800869	14.9413875797646	-5.0009275690392	20.3971258672523	15.2703094652506	-3.49670092777186	20.2636754846797	15.2401600320155	-3.09087365383055	20.4813321319492	15.4591227075519
PIGR SERPINA3.1	-0.843282743833951	18.4034737004173	12.8657507296872	-0.778122987816932	17.60965924496	12.4277791059474	-1.15599087308148	18.3771998940725	13.1342359288322	-1.07532695195425	18.2896594986947	13.0351711647298
PIGR SERPINA4	-1.82420527227564	18.91886923366	13.843879437876	-9.31259377528101	21.0429148890586	15.3544198578587	-3.56598811889984	20.3017140746195	15.2289255963511	-3.59682824967451	20.2407933639846	14.9490233744261
PIGR SERPINA5	-2.52597652003375	19.7362244395369	14.7182194536161	-9.68966881476044	20.6672540262057	15.499047385344	-4.28365526982231	20.1719233732949	15.4534460332305	-5.25502612983988	20.4613859181218	15.5020936135513
PIGR SERPINA6	-1.33109066098723	18.7424292838673	14.4356470512831	-1.95179931800834	19.3027262466131	14.1732562803059	-1.98409850193444	19.200711280194	14.7860614674192	-1.7326676955086	19.2499760061967	14.6839636488811
PIGR SERPINA7	-2.40686338620925	20.1461166143504	14.9101590370966	-5.9926518195074	20.5125658516913	14.8729839820391	-4.30841188357325	20.7122703795615	15.4725227017903	-3.73412923460709	20.6166034446802	15.2219918906066
PIGR SERPINC1	-0.436118235650205	16.6918593075776	12.1209503381195	-2.13158116889063	18.6609937426493	14.1154566017359	-1.08694332308446	18.2454515281432	13.6715216647508	-1.21658681912728	18.0639806630462	13.4367918188786
PIGR SERPIND1	-2.42010233773223	19.6495308174934	14.637582728485	-2.94890230677185	20.6838382403883	14.4417638939262	-4.21908841890597	20.7219564366814	15.4157490612064	-3.10637959362682	20.549361342706	15.0832074455597
PIGR SERPINE1	-2.17963558972083	18.8943775444469	14.0729841216412	-2.60988527418057	19.8640636219194	14.4004768054644	-5.34418566510105	20.689124831457	15.6723930891825	-2.88163266327661	20.1471558149907	14.8541208212437
PIGR SERPINE2	-2.35252871472365	19.5322485275029	14.6422573700152	-1.49503398901639	18.7464558968569	13.490575480055	-2.76160369641583	20.0811120668778	15.2997481545255	-2.01539234217868	19.5705941560511	14.4548003589574
PIGR SERPINF1	-1.87066305711693	19.6364542667526	14.5257138435017	-2.56556800704896	18.706627201948	13.3123913492074	-3.36242786008547	19.8285045598649	14.938354846674	-2.69928930181021	19.5826118955435	14.4968003733387
PIGR SERPINF2	-0.00576924632325215	14.6285440503154	10.6849820012976	-0.293009569258933	16.2123175609087	11.3124068818343	-0.168008062309897	15.6449721173256	11.3370176224846	-0.188478974777815	15.729155100191	11.4236429539988
PIGR SERPING1	-1.83835032448191	20.1170519190355	15.2609603650872	-5.72161720845039	19.2441130299673	14.8536689014499	-4.21902644229264	20.2046403865468	15.70732105943	-3.45935304472057	20.1664902361667	15.4244186702103
PIGR SET	-2.07537546950212	19.5512632141237	14.8518473336755	-5.81426575831375	20.0865806283403	14.9509904456243	-4.52320343107712	20.1817109459653	15.3309701728045	-4.01323577044437	20.1502148496101	15.3342867981364
PIGR SEZ6L2	-3.59562039646226	19.7917218097297	15.1518504700456	-2.2041539987017	19.2519618979446	13.9862559103249	-2.78803516901068	20.096484608279	14.9924012801336	-3.00126467831394	19.8779124413276	14.9332025945023
PIGR SFN	-0.821385162857351	17.4261422549052	12.9140600205875	-1.14267146304547	18.5202524950523	12.9802084323603	-1.6470342865193	18.6191033811835	14.2123506780435	-1.11260117342481	18.1541049214635	13.475866570253
PIGR SFRP1	-0.839157658539314	16.7936217461366	13.0464308325327	-1.19118332556734	18.2562119593718	12.9643455460852	-0.868376829371842	17.7114456099177	13.2529734982877	-0.96516630603904	17.7175104119319	13.3325295772676
PIGR SFTPD	-1.68565072035668	19.002761744072	14.3412994169406	-0.682634757572459	17.1282834557195	13.053901627466	-1.9611944408012	18.8225209952706	14.6356590136766	-1.23840314948046	18.3746750356203	14.1499740904623
PIGR SGTA	-1.92719919332954	19.221690938144	14.1502688638768	-2.6555393569716	19.3619422894584	14.0846584286919	-4.23558508778191	19.9387787263046	15.138509555329	-3.1473513105077	19.8033228891019	14.8950192649775
PIGR SH2D1A	-1.34341057916495	19.1548337560431	14.1962303150707	-2.58850915642396	18.9399272368984	14.2700304849161	-1.63189908729205	19.5101078524125	14.4387170180039	-2.11390785242857	19.3877879966661	14.5662671068157
PIGR SHBG	-0.0892418764441711	15.9498836149702	11.8588039529516	-2.12554016677468	18.7504626445615	13.4810973167597	-1.94575864041256	18.7720631412892	14.0956882806034	-1.16889734094787	18.1331017785002	13.6801257015029
PIGR SHC1	-4.2611906887221	20.4512087195466	15.3777404913239	-2.60448475584311	19.4406416318348	14.4482846526684	-5.92462200912786	20.5443829178741	15.7348880902668	-3.60043091492814	20.2375194050579	15.2001194896535
PIGR SHH	-0.739395086224345	17.2976032640871	13.3437463710268	-0.750882033683507	17.4573154176234	12.5019016145628	-0.866247400854064	17.9077381729809	13.5590833681999	-0.85068169096645	17.6510308621259	13.351754357636
PIGR SIGLEC1	-1.22990055329653	19.2079247317231	14.3473149104168	-3.73328839091765	19.5906783692347	14.2395596544039	-2.73392006368273	19.6150120311012	15.002778196529	-2.17506523853677	19.6463645252357	14.5782635919634
PIGR SIGLEC14	-2.65992697220397	20.0034083367254	14.9006035569857	-2.52085947581259	19.1590084755734	13.890378834328	-2.53019622141507	19.575133376251	14.6476835431566	-2.5376117003197	19.7218642402619	14.5616956991298
PIGR SIGLEC6	-3.22828508253294	19.3996050627113	15.1402227449334	-3.4752233818321	19.0347067532779	14.1341882863307	-4.0167160053293	19.7640128129341	15.1441910553958	-4.27180973326256	19.8691196157405	15.2991736171045
PIGR SIGLEC7	-4.01935857294395	19.8564062468314	15.334719444722	-3.4093378276353	19.208763720722	14.1950122641773	-5.03553855941217	20.1303434541369	15.427936954893	-4.18773697662298	19.8103687062182	15.1395022647344
PIGR SIGLEC9	-3.03747200849273	20.1192377813709	14.874112635862	-5.07341938497051	19.3993809962015	14.7784976613338	-4.35165793210059	20.2463916664633	15.3945805851506	-4.47530561743371	20.0904345572437	15.2131186451522
PIGR SIRPA	-2.55634637676651	19.3086518714889	14.7881180902958	-6.22803849102943	19.9418552122398	15.2215852699225	-3.4228263467722	19.9744265670613	15.2651192861959	-4.59719545823275	19.7994706198896	15.3503979403995
PIGR SIRT2	-3.54979157662233	19.3999643950023	15.2099083198579	-2.23308557200649	18.9759432171444	13.9957368314241	-3.45352049332426	19.6226882062681	15.0455578015648	-3.34573484925751	19.6538029523768	15.0417864778787
PIGR SKP1	-1.53280183356446	18.8334770497723	14.4450756521464	-0.934954129916474	17.1621164959214	12.6649473950919	-1.49526088917393	18.8672380315674	14.4524162942208	-1.53948318103576	18.3985388602362	14.0142498212223
PIGR SLAMF6	-3.27882314962466	20.0302487692522	14.9983086766841	-4.05879076207705	20.7984407131636	14.8736287667461	-3.60182470554896	20.8269987141685	15.2652330744854	-3.1519346848591	20.7404262138804	15.1426962135412
PIGR SLAMF7	-1.5887158612935	18.8714403077663	14.323153338589	-5.17861933690783	19.8060119289062	14.8923112842531	-3.95345188761253	20.0079265443981	15.3478458626909	-3.0284471994688	19.7368776944264	15.0262722341884
PIGR SLC25A18	-2.31640634779459	19.2569445946044	14.6267001165284	-6.55545637439805	20.8796042922397	15.2778941299109	-3.69651442384296	20.2968458790065	15.302882843688	-3.69296428285944	20.4294855948584	15.3069647433624
PIGR SLITRK1	-1.64556474541615	19.306798130534	14.496902010657	-2.61700934770409	19.6103358234844	14.1138281078058	-2.32708693910995	20.1813711741642	14.8696351594431	-2.18081694780513	19.7980662846577	14.5953394932311
PIGR SLITRK5	-1.91443100501736	19.4993309608253	14.6616659124303	-6.0716359566251	20.2725266519352	14.9878275086039	-4.94822775974446	20.622216813259	15.4889582980285	-3.07591098805404	20.0645584647449	15.1301011675792
PIGR SLPI	0.240196959918715	13.6009346023926	10.3323138262541	-1.43067089471929	17.9066988864566	12.5639577184999	-0.405718321757565	16.6191871223007	12.0685306157861	-0.329882726701449	16.2166532880816	11.7615681201111
PIGR SMAD2	-3.05051935285972	19.3607350648619	14.2632841012114	-2.65590242502079	19.4047905586373	14.1827315397379	-4.0757749493108	20.058684557199	15.1941971532842	-3.54619380171348	19.804650902397	14.746711638044
PIGR SMAD3	-3.21626038154306	19.7161512135732	14.8765281016129	-2.54676831293287	19.5836681754988	14.32244475389	-5.53157549581932	20.3205340097646	15.4731655856779	-3.26107374715182	19.9193923397146	14.9157002747406
PIGR SMOC1	0.335685536883031	13.4981795041485	9.3877960557897	-0.0548989887954918	15.5425595623307	10.6407205926357	0.103748499862567	14.7331904917299	10.3658931989343	0.205043740856699	14.531462839633	10.1930580989069
PIGR SMPDL3A	-1.31964686728093	19.1690653834655	14.6913160892356	-0.857244831673048	18.0064809035585	13.2860325534543	-1.81473264120045	18.9428966827917	14.67891936901	-1.64432670478494	18.9100176690564	14.5210874225626
PIGR SNAP25	-2.17770001632834	19.1786638817246	14.8298123945396	-6.82712075474332	20.7049536615006	15.2512051410685	-4.1534839727385	20.2886885938539	15.5019703121996	-4.74411699906561	20.321067900679	15.4318744769568
PIGR SNCA	-3.03510889036022	19.5860832345888	14.9890734817915	-3.4175255764104	19.9404257196004	14.5866065086314	-4.63952183978395	20.402714306674	15.4215885657889	-3.62100640344664	20.1526717359979	15.2981687085298
PIGR SNRPF	-0.562353939711772	17.5120936683119	13.4564835977825	-2.34427837300409	18.8868899586679	14.2641363859993	-1.82239005866976	18.9187642886028	14.6614702693929	-1.28180180794484	18.3951695115748	14.0943101370436
PIGR SNX4	-2.90268055120756	19.7844230786063	14.8137437229225	-2.49938717963679	18.9737621869962	13.8029485563893	-4.3602614274513	19.9500387445095	15.0716635671468	-3.09524033823211	19.6553326771082	14.6850370263992
PIGR SOD1	-1.66577237049933	18.928318732507	14.1703664645747	-0.864793419729074	17.5818264069749	13.0542794698136	-2.0157285584107	18.9953369018737	14.3288477846786	-1.18889469285768	18.367815184267	13.815392185972
PIGR SOD2	-1.77684202190927	18.8017798011827	14.3139182070768	-1.0290342149852	17.6470414200511	12.7592900705643	-1.57867891523678	18.756657167782	14.0846918416529	-1.43652123176125	18.5730649501425	13.8196130194578
PIGR SOD3	-0.333363618134588	17.4114540179882	13.0323494421463	-1.21768384817285	18.1580820432432	12.3124949573244	-0.793172909356522	18.3089531481545	13.463579204307	-0.932616210512415	18.0946491387411	13.1270457931864
PIGR SORCS2	-3.11790735977202	19.680551797894	15.1688230416202	-3.76872031380273	19.0978320759289	13.9344736230673	-5.45712347521215	20.4495121474992	15.461727326516	-4.2248786669408	19.6973795225642	14.8915219279433
PIGR SOST	0.520636578847482	12.6110380804532	8.98634300526073	-0.688664922092964	17.4069351297258	13.0499011735379	-0.0949592957938843	16.9745816576698	12.3121089265192	0.049901346523354	15.3604541534302	11.4202346837112
PIGR SPARC	-5.95654877181069	20.2821652786847	15.2471525261439	-3.09437013502079	19.4087232486775	14.2388619775233	-4.6387911379862	20.4305936502703	15.684684317418	-3.68023347282491	20.1936146837254	15.1434330968551
PIGR SPARCL1	-0.575216004307452	18.6405269621454	13.3977022100358	-5.10961975082692	19.8568198376722	14.8756471131535	-2.68510672982388	19.3688056894644	14.844294828295	-1.9633733414495	19.4739267777863	14.5689955903718
PIGR SPHK1	-2.07644144329915	19.250572584929	14.384947451289	-2.48837158572808	19.1326136367492	13.8223004643328	-3.50992287847605	19.8462920162268	15.0434433506588	-2.83253680906195	19.6252971281373	14.5722486313884
PIGR SPHK2	-4.14934124655768	20.2163353395037	15.6499310352886	-8.1656065269195	20.699644818353	15.3309040116702	-6.0067326685708	20.6970869162149	15.8278930096649	-6.7281608012499	20.6691129126282	15.821738947377
PIGR SPINT1	-2.6637182500473	19.3983350074346	15.1934397464028	-1.1362288578961	17.8989285584766	13.7554469436251	-1.48582561136242	18.610426584815	14.5997948623846	-1.94878137164146	18.8214691378572	14.7806627410461
PIGR SPINT2	-3.02770168284872	20.0338600763127	15.1486200120976	-2.92698704425384	19.4275879013232	13.8262741520852	-4.74625980653724	20.493481804844	15.4098512792886	-3.35127713593365	20.2446271554356	14.9877393433377
PIGR SPOCK1	-3.03487088771257	19.8179662700871	14.9207366910452	-3.24835094581108	20.0512949128183	14.7813990213974	-5.18527773356412	20.5726959684563	15.6829501128426	-3.71303815048072	20.1827813737479	15.1694355789066
PIGR SPOCK2	-4.06840528749266	20.4025155253388	15.2328032195583	-4.06067073537787	19.7738929086839	14.6415475899553	-3.29309459888806	20.2769205316861	15.1124072625786	-3.69808962215305	20.4286227289284	15.2409064755073
PIGR SPON1	0.232141254354012	14.584099926241	10.789684134142	-0.523898090920357	16.3887316579593	11.8297484371168	-0.085232386830504	15.853891192871	11.6423058554061	-0.108710527267155	15.7193920924782	11.4583277582565
PIGR SPP1	-1.25680954026264	18.7765584326068	13.865826590482	-5.90041504311325	20.2009397745392	15.0701276013364	-2.65804218717711	19.8072962347587	14.7723877409423	-3.19472615809872	19.9870495170782	14.8893174495557
PIGR SPTAN1	-3.23884720812107	19.9347166262317	15.0853325171023	-6.09732077467666	20.558688131625	15.3219550831058	-4.58574517786124	20.4409564946151	15.5603633849668	-4.96626660777204	20.5094751133174	15.5613682778929
PIGR SRC	-2.26916812152033	19.2163415824245	14.4387861274015	-3.88139334765207	19.3266947345746	14.5855548034327	-3.12306096345498	19.5098264470415	14.8660920043625	-3.3892082832115	19.6167308785116	14.8996105105451
PIGR SSRP1	-1.12914454499823	17.8566489382039	13.9507049945889	-4.11171098588577	18.838653999627	14.3471381343041	-1.95877670965908	18.5293612250115	14.3658502831989	-2.52052090419251	18.7924804368231	14.4835779037313
PIGR SST	-0.0779469740701799	16.1712918518562	12.3461475616439	-2.14721361107881	18.5353024945027	13.2976521207185	-0.94318298409188	18.3698846288577	13.4420257326457	-0.923292909989808	17.665643377149	13.2722738357952
PIGR STAB2	-3.22718342627644	20.2510209762863	15.3732891315435	-3.50505195548198	19.6070345202673	14.4237132891697	-4.67839936567397	20.164748768468	15.2680611929016	-3.50407545735514	20.2562969607124	15.3099710093615
PIGR STAT1	-2.10153751488578	18.9905896237861	14.3952885579018	-1.43661267731225	18.1902815128574	13.4017773628258	-2.27006665707493	19.7536785606129	14.8613939291873	-2.06681639591087	19.2176354362148	14.5589355239413
PIGR STAT3	-3.15649164894097	19.6695908388219	14.9523140795785	-2.5063830570098	19.4434558454773	14.1219996004283	-2.82416324676178	19.9880719627049	14.9863910654511	-3.66979391685796	19.9852430973033	14.9883476553772
PIGR STAT6	-2.45276201519423	19.9509364528685	15.0390812368524	-5.627118696143	19.9119503328887	14.8058293752116	-6.19326097354815	20.4632092397808	15.6591727897955	-3.79258798498902	20.0856916598782	15.2124879858632
PIGR STC1	-0.376696212863835	15.928233620992	11.760369456869	-1.89185001028008	18.4836252595402	13.318532344245	-1.1230376868734	17.8855153788412	13.1189399716412	-0.97069138572805	17.4822663677374	12.7970712411163
PIGR STIP1	-4.42786132077287	20.0975160847979	14.9579542995275	-3.29474135697784	19.8854089287215	14.7394595191375	-5.51462904275775	20.60558547727	15.5012402384835	-3.84818754425939	20.2431904814162	15.1188704857695
PIGR STK16	-3.76751152571402	20.1335201394297	15.441050034819	-5.23085489790661	20.0923526099857	14.7441340523039	-6.00744856178818	20.3778048941064	15.6207247320834	-5.56253100666542	20.4047972000186	15.581252695301
PIGR STK17B	-3.10717739821879	20.5197136523227	15.5456354319102	-3.25250573245455	19.5258032374276	14.4766214727642	-4.46076154557106	20.5945222720116	15.6616205261512	-3.66290349265054	20.3519853650397	15.3692578840288
PIGR STUB1	-1.24121675354981	19.2121604188736	14.5458113720961	-3.56171299682026	19.5361533506728	14.3241011499558	-2.99814320636595	19.7098218398256	14.8283569524433	-2.20229913242798	19.5367496154494	14.6624773834263
PIGR STX1A	-4.33652095913603	20.3110371548649	15.4740852920317	-4.88378997569651	19.8802932525113	14.4793600889521	-4.88787858575858	20.2872644256256	15.4219649317243	-4.97292611101507	20.4012638194865	15.3956945706778
PIGR SUMO3	-4.57303422961543	20.5999687944016	15.8048550996405	-1.85146476733498	18.9703715754649	14.0156264401331	-3.87283274346948	20.3667529554317	15.4313921843254	-3.25320553648856	20.0407963907035	15.1847269066175
PIGR SYNCRIP	-3.74385262638694	20.3496107102585	15.5619871472325	-2.82951054189507	19.3980862276279	14.3572940831858	-6.24910666638435	20.8646820742753	15.9373993631268	-4.00326106764652	20.278561376345	15.4841283674179
PIGR TACSTD2	-2.50278389838529	19.1988712841058	14.935416046161	-1.76340296063232	19.7781455932546	14.3600799304997	-2.39969978287796	19.6457202926293	15.008356353055	-2.03042326591135	19.6063387040271	14.8437179847815
PIGR TAGLN2	-3.10256874287964	20.3532556932225	15.0084095891979	-4.13287184020648	19.8332189273192	14.4518223508539	-5.56640928322808	20.9395196990639	15.6870556097253	-4.19369122003552	20.2317788800771	15.0886021831044
PIGR TBK1	-2.71116065404676	20.478286807997	15.1853293166124	-1.93821218986142	19.0824265287481	13.8642485712999	-2.46849747134358	19.809612793356	14.793161211643	-2.66403680239454	19.9470463749213	14.7741591784727
PIGR TBP	-2.4334558924998	19.3849961484786	14.9774159279977	-5.96561916950275	20.075320946033	14.9045188061543	-4.1588807678248	20.069188087499	15.2998657346455	-3.9805793950165	19.9624167024727	15.2550104231688
PIGR TDGF1	-3.2869423521766	19.1573041714846	14.8949613817349	-4.90209842700525	20.2576726140728	15.0052594714429	-5.01032738815154	20.578417595597	15.5081506543965	-5.20462441886748	20.3457103334129	15.4408770570128
PIGR TEC	-2.26901165169661	19.2341396625407	14.1878383170018	-2.76613357075094	19.3204423701942	14.0646194959304	-4.13463703844141	19.8655200366112	15.1861450635781	-3.34401149605591	19.7320181793357	14.8012899865423
PIGR TEK	-3.86635236408754	19.5695286270062	15.1052138417123	-5.58305247487832	20.1944843207901	14.9057737445423	-4.86373429853067	20.3112992694477	15.3879441313268	-4.9896989577496	20.2335135852914	15.4014956729343
PIGR TF	-1.80498953455933	18.5947115929766	14.2450232495432	-2.87019533312282	18.9026930137042	14.3337061073729	-2.25376236250489	19.3359151770029	14.7633517363149	-2.34680832010463	19.0253975381085	14.5796440142291
PIGR TFF1	-2.33256589349523	19.4934920560294	14.6621976971436	-2.77233700039237	18.8052616175231	13.5174436994193	-2.37964037809965	19.3612049948992	14.5295411511015	-2.71788077361049	19.4570213089481	14.5202249097338
PIGR TFF2	-0.889610293684859	17.9423955281276	13.0768316321943	-3.07845746750742	19.2840317116882	13.8605349384693	-1.90504167488391	18.8456829865443	14.0714495640144	-2.03233819097856	18.8184703170245	13.9950761608805
PIGR TFF3	0.250771839432868	14.2061992690979	10.2842505660749	-0.644664889431327	17.5004511047052	12.4565041518685	-0.0254138623760451	16.0543970918621	11.5572179358522	-0.0990377597451277	16.084306412458	11.5760053051394
PIGR TFPI	-1.73277393999938	19.7185534906833	14.9371476728593	-2.45924662778158	17.8058198898016	13.9414452857775	-2.55840013760799	19.0823420837291	14.7754662750539	-2.24690963828225	19.0168079898622	14.7729524420166
PIGR TG	-1.45446829038569	18.9189489830034	14.3625250758732	-10.4610592127239	20.8331488751357	15.6596639542321	-3.672524155274	20.2011093853564	15.3931778425919	-3.70499828540403	20.2727656128468	15.4045202504551
PIGR TGFB1	-1.58192233723863	19.3617972906868	14.2895194469429	-1.64326649911999	18.9610193048667	13.7133752659076	-1.89469919276883	19.3156116149993	14.6772197902415	-2.01130789651469	19.3306098971851	14.4118822748347
PIGR TGFB2	-1.8122531808477	19.2005424654674	14.3438270239723	-4.62616200752149	20.4329076961702	14.9565570425773	-2.9503171748923	19.9693520046466	14.9429374289077	-2.97126933046184	19.9668519283315	14.8651978507445
PIGR TGFB3	-1.10236221754432	18.0613338465907	13.882549128858	-1.27288275915618	17.6788139637449	13.7006859779802	-1.23825293288773	18.0926555261033	14.1496278247867	-1.48273614303305	18.1739582577851	13.9766506721591
PIGR TGFBI	-3.41968257496861	20.1512015989792	15.5363260954608	-4.49346739489734	20.0207893458822	14.8270932506558	-3.56520945474229	20.2972967407337	15.3923027844268	-3.82583181227119	20.4222517407885	15.4672196800485
PIGR TGFBR2	-1.66427534455872	18.7622495623108	14.354263034892	-7.86642880601233	20.051138106762	15.1904608021545	-5.411078061322	20.5628061913586	15.5659027692833	-3.04334271556719	19.6681102305369	15.2031451224026
PIGR TGFBR3	-3.11877635543025	19.9038584691546	15.0555978123484	-6.46680474486868	20.2953790699108	14.8264306700016	-4.99936970834341	20.3359225135351	15.3654926833165	-4.46159439292323	20.2958194579362	15.2720920637048
PIGR TGM3	-1.93410664652101	19.1676845871725	14.3267235587189	-5.05224593816091	20.5620997269162	14.9260668159962	-4.22264244579421	20.5184193270164	15.3532123103635	-3.30887337641782	20.1495986394999	15.0149163318427
PIGR THBS1	-2.04351287861109	19.9377237916174	14.8837123730431	-1.20496961923616	18.2721091119265	13.0927817382571	-2.42099124478492	19.8069767120809	15.0567852699152	-1.8232111208546	19.4348889231162	14.4123529555221
PIGR THBS2	-0.532860014534626	17.6956394648935	12.9397667221355	-1.58948274952979	18.8538837191605	13.3231830717958	-1.55927823027502	18.6963755589928	14.0680580211576	-1.16726511698222	18.5132860341585	13.5203427224744
PIGR THBS4	-0.130063453897466	15.2708192374136	11.544044717488	-0.762915212800658	16.6237018133271	12.0155421748654	-0.555093587354522	16.3338688340024	12.2157964597355	-0.452174845923735	16.3412222706646	12.1630063358248
PIGR THPO	-1.12412639012847	18.5194417556767	14.354811812195	-3.51358444367083	19.7665058552136	14.3809178782678	-2.53337019605925	19.42377022235	14.9640927629751	-2.62675027701635	19.4009934307404	14.8090624420952
PIGR TIE1	-4.50606032341363	20.2747357934832	15.0399523011539	-4.78448556128345	20.2727342205512	14.7192504824682	-6.87133536008498	20.727589654535	15.7032815568931	-5.78279433583648	20.5749289430893	15.3947655598342
PIGR TIMP1	0.0950373344034326	15.3959103277593	11.3582143454774	-0.521394036301765	17.6265422351407	11.3549876458802	-0.19844422141107	16.7566931523021	11.9322851647264	-0.189875970494871	16.7058141689099	11.6360904965433
PIGR TIMP2	-0.437407828943959	16.7802943813279	12.4455494445863	-1.18430157869854	18.327507806245	12.643371362759	-0.910252908997813	17.8934403655356	13.1167612454354	-0.824190623234234	17.856532916997	12.9425800960111
PIGR TIMP3	-4.65620861290657	20.1258917959162	15.5413139410295	-1.8979364680255	18.6944446183968	13.210220564877	-4.69055358479984	20.1455896167526	15.4973910469183	-3.29751277497862	19.7229806357805	14.8233641791977
PIGR TK1	-3.60368338748487	20.2474229878947	15.5604889688955	-6.53452888068491	20.1341844403262	14.8612278156403	-5.81616709108371	20.5482787557059	15.5694895288096	-6.62233490487179	20.4656349643475	15.578962267751
PIGR TKT	-2.9175448515295	19.8416434766043	14.7139568394154	-2.86985042768143	19.6397021655901	14.4036517512466	-5.29180613689011	20.4962284071635	15.4820441224745	-3.42475868956995	20.0982801123766	14.8960042638312
PIGR TLR2	-2.38563815040774	20.1121015392614	15.5082497737456	-7.19365744921303	20.2960450551902	15.106519178864	-4.91425664258543	20.4097727165549	15.495970877891	-3.67120781233223	20.4922972101383	15.5077061637615
PIGR TLR4	-4.59247881241365	20.5348178246198	15.8420711698411	-5.72201777524245	19.9234235280634	14.7383564555663	-5.67388441458854	20.7463004384148	15.7884726398377	-5.37008425385622	20.7432286054113	15.6989380230474
PIGR TLR4.LY96	-4.14963881100773	19.8531097865688	15.4629725243306	-3.32314883962939	19.5691527440234	13.9611140571325	-3.97250350997453	20.0245505029268	15.0989982781951	-3.79253007894998	20.0458177433888	15.0045861182062
PIGR TMPRSS15	-0.795633045524304	18.0588029766514	13.7078971012661	-1.35669063910513	17.9716936693483	13.216165883474	-1.53510213691742	18.3852416292933	13.961375059088	-1.3923395169213	18.3322911785064	14.0747310389629
PIGR TNC	-3.50879520698006	20.0913122439209	15.1907633053698	-3.67025415416072	20.0575310422611	14.6028863464044	-4.15980849319105	20.8688538462574	15.4463677836892	-3.7925301745986	20.3646409414198	15.2208159941068
PIGR TNF	0.140703715114017	15.1877943548701	11.6032988180421	-2.67668334183859	18.55364214023	14.038483976432	-0.860754467924065	18.1479785678223	13.6628814970468	-0.758530138516292	17.3190209692687	13.3581594701365
PIGR TNFAIP6	-0.382992779207559	16.802490227733	12.3849581873113	-3.27844105710312	19.5193742842129	13.8139075894324	-1.59833336061019	18.9797333083428	13.9312277091003	-1.29460683204258	18.4726012624785	13.4728329658579
PIGR TNFRSF10A	-1.76019657971038	19.2218283950581	13.8290251217181	-6.4845701304019	19.9567546569007	14.8434773704579	-2.86342064778499	19.6759132491482	14.6288708478119	-3.71708022318953	19.909464121277	14.9055075659266
PIGR TNFRSF10B	-1.48172159435431	18.4796435959233	13.9049817881114	-1.88589580085796	18.3420033035683	13.7293831799301	-1.36217992553387	18.5994385617605	14.1287642025001	-1.49646056818634	18.5784181042661	14.1121029716942
PIGR TNFRSF10D	-0.760244427647707	18.3339339225598	13.6700947483797	-1.42855982344851	17.8655506556471	13.961716157027	-1.155132394214	18.6837810755568	14.2498955979672	-1.14290128614693	18.4206465506544	14.1669009779782
PIGR TNFRSF11A	-1.00293053469189	18.2825102798145	13.4813024027658	-1.91797757012309	18.3408264567225	14.3208793120404	-1.66787044837972	18.9546403769792	14.4760343568639	-1.83034724261179	18.5988735709163	14.276042172034
PIGR TNFRSF11B	-4.92931759635295	20.5460712014259	15.5307147692729	-7.4338887483961	20.0225587820802	14.8187773178617	-5.457030901375	20.5484922127072	15.3948645354217	-6.402995342975	20.4398932013616	15.4590969936011
PIGR TNFRSF12A	-2.04030393200942	19.2454423393072	14.6425902172004	-6.9863647560573	20.6669150191517	15.1272794219988	-4.8248186851473	20.5805904912944	15.4684636444881	-3.73048069982511	20.2616302307849	15.1697690852321
PIGR TNFRSF13B	-0.391155397608362	17.0213238602778	12.8220913749072	-1.78287315544346	17.8887593739762	13.3648341235776	-1.19008238862971	18.1394037162642	13.9777591978957	-0.906522453061895	17.7659651043539	13.4615863606104
PIGR TNFRSF13C	-0.627187444745778	17.4651678491907	12.5967852797041	-3.01114831763078	19.1870365885586	13.6518868784579	-1.92621757976328	18.8971621095252	13.8035908853762	-1.48473906465383	18.64949418674	13.532768650757
PIGR TNFRSF14	-1.02236076366395	18.2742185438748	13.9234488723995	-4.01876094860785	19.2736169322238	14.3445255567879	-2.31124238434781	19.1693048559139	14.7715640339147	-2.09897854123314	18.9482268351776	14.4213983523758
PIGR TNFRSF17	-0.718897372721379	18.1928097953883	13.1829334324959	-3.50278390615596	19.8948828755324	14.467988988715	-2.47981058233818	19.7945199766228	14.8929519675519	-1.77503751656125	19.4178001358009	14.4807985304187
PIGR TNFRSF18	-1.87830642803249	18.7726579610933	14.4393019026735	-6.08367976516734	20.0365836485246	14.9508049448198	-3.45985241111452	19.9870851080939	15.2465552605787	-3.8628681958183	19.8856487375931	15.1409532765695
PIGR TNFRSF19	0.077203924832916	14.6610571979786	10.7587471647481	-1.0517897083008	17.9337251993279	12.7117809486441	-0.482182223975361	16.876875777182	12.2544615893429	-0.394902425334561	16.5232363526452	11.9577836412482
PIGR TNFRSF1A	0.377167443922345	13.3600375479696	9.91582834213216	-0.228990788027311	15.877381239331	10.8779733620939	0.100328579969665	14.9196546900875	10.9255984215168	0.110914874448651	14.7672611869717	10.6212485684962
PIGR TNFRSF1B	-0.029271828967266	15.6839026366738	11.1826383811855	-0.54915590389345	16.5053671543742	11.3253391973301	-0.286187357056707	16.2921735632335	11.6014705892243	-0.239219568337121	16.2694702424226	11.564839431729
PIGR TNFRSF21	-0.846404282316498	17.5168458359364	13.2167906618099	-3.91644615904722	19.8851592268534	14.5625199793212	-2.02959529305169	19.5329026008351	14.4567597836396	-1.92671580387468	19.1415809224431	14.2529875450053
PIGR TNFRSF4	-0.167525427816797	16.2329959726806	12.5203352983407	-0.240655018220193	16.1821489664576	12.077279079655	-0.135467703183181	16.2560172405283	12.5382956078554	-0.197887082095312	16.404177045753	12.5351260083411
PIGR TNFRSF6B	-1.25652820107403	18.4088771742807	14.2862507131153	-2.78926997080202	19.3763237121729	14.2340528150991	-2.10372033834385	19.2812548570002	14.6933978917681	-1.90427616230204	19.0995606970973	14.5229349606605
PIGR TNFRSF8	-1.85749602106444	20.0636911025117	14.4559989714753	-1.02367409955139	17.344958724987	12.458605029636	-1.54835255802324	19.0027936123049	13.8467657959311	-1.41677845519405	18.9938157960012	13.695489835868
PIGR TNFRSF9	-1.00833806068848	17.7292629687081	13.6255270557073	-0.931578842516657	17.1303505048757	12.4977580361333	-0.752934392130791	17.3694114183706	13.2504996271152	-0.910136799724833	17.7488302491261	13.23958144991
PIGR TNFSF11	-3.32694276577512	19.8922667108213	15.5507209054381	-3.95017370150221	19.6664073946956	14.4647254652018	-3.8698274203761	20.0744248916398	15.2228830025747	-4.36550724733267	20.092553278276	15.3829351777596
PIGR TNFSF12	-3.1369915339725	19.5865810185646	14.8165732152301	-6.99474428916494	20.5473268908885	15.3538482021266	-5.2046545874634	20.481623961267	15.3834619531709	-4.79362311652863	20.3717367538532	15.4341332515337
PIGR TNFSF13B	-2.58694990473893	20.4171155294291	15.4329060661489	-4.59319610984162	19.6761291834095	14.5486848130428	-5.21058308535557	20.4337527944882	15.4972836512381	-4.3304056075966	20.456078313071	15.376076007764
PIGR TNFSF14	-1.62617243570935	19.2909074603808	14.6245307157652	-5.05039453561553	20.41883609255	14.6890243321091	-3.82666308448758	20.1407563694235	15.3035390115347	-2.85726450940661	20.0649401971763	14.933097661154
PIGR TNFSF15	-1.23532214055937	18.8007391983684	13.4112284973344	-2.96935195085243	19.881005485741	14.6278544442535	-1.54217798666472	19.3241954691782	14.2917837127035	-1.98627923949165	19.4945521691494	14.3818361756241
PIGR TNFSF18	-3.05456499706266	20.2103971821372	15.1388185087043	-6.20622058835224	20.9980698839571	15.3592007569417	-4.87857481345497	20.7854816567088	15.6436796547127	-5.29181737081699	20.8155638797478	15.6410411792363
PIGR TNFSF4	-3.2456969207705	19.9291402221182	15.1549418912014	-6.58464893291847	19.7881843971895	14.8057511046382	-4.99869003123307	20.3270959116944	15.5000630841871	-5.14461179580881	20.2307494710768	15.5002213973249
PIGR TNFSF8	-2.30516162647012	19.391550166569	14.8553744385647	-4.78452541251459	20.0349149387983	14.4819529650708	-2.97612380456449	19.7898252566972	14.8305894397248	-3.17861024269383	19.9214688873058	14.9644984865802
PIGR TNFSF9	-3.86496175609733	19.8493630811589	15.4706536046082	-2.24759689503483	19.1516834900461	13.6510787190902	-3.48203757977054	19.8195923249355	14.8540675215798	-4.57710042051429	19.8465930821913	15.0605930698978
PIGR TNNI2	-2.51485716770335	20.4114384583765	15.0801890154909	-7.58195994400247	20.3370969983908	15.4294662946316	-5.84681258861448	20.8331089601039	15.7781412607707	-4.91653446515642	20.6566999400319	15.6706024765408
PIGR TNNI3	-0.373905715150738	16.5113223316022	12.486996009941	-2.99588977125504	19.0706317805451	14.0790356679424	-1.25115846674485	18.1627796917487	13.3891103959084	-1.24829022058006	18.0649111260697	13.5916763803691
PIGR TNNT2	-0.223822246927816	16.5630362072949	11.5026711648818	-0.406584098682929	16.4388686250184	11.4500008809017	-0.831507729394596	17.487103527473	12.398427051024	-0.309393152200314	16.7000076736716	11.7734381507212
PIGR TOP1	-2.09177401510714	19.336686224003	14.0536132380239	-3.64256371998478	19.3359047545797	13.7725851032364	-2.89937971761915	19.8727168571914	14.6212841701993	-3.4224222048978	19.6498424749928	14.4653568375762
PIGR TP53	-1.28753794552772	18.521601121972	14.2860957099432	-6.34168103529663	20.3081638279927	14.9785785737062	-4.39408137964181	19.9946504227948	15.2910247645187	-4.05614012208964	20.1727592146535	15.3785487691754
PIGR TPI1	-3.22346607533975	19.6207810054294	14.6569925659725	-2.63144813167519	19.8095365125765	14.357293743545	-4.37644174183468	20.2616904851567	15.2405296159288	-3.30773994183309	20.0488914302264	14.9109888735838
PIGR TPM1	-3.45545617321579	19.868743447558	14.9643842035304	-7.85367191261906	20.7845274051518	15.2868957572269	-6.019939875154	20.6112882557116	15.65819001464	-4.5628385276056	20.5328763044878	15.3082389455904
PIGR TPM2	-3.30158185559026	20.3958449441908	15.7392555236415	-3.72691714492761	19.4836755438051	13.8155541746052	-4.76490205849966	20.2218840393134	15.2489307804067	-3.66401799077501	20.2686694648262	15.1087972616466
PIGR TPM4	-2.60701064254846	19.6457987431874	15.0243528619077	-2.88930760126271	19.3839329048354	14.342236690599	-3.93774057155028	19.8350257040147	15.1829614319625	-3.65012476058442	19.7362279720289	15.0522167579702
PIGR TPO	-3.08739262854771	20.3069994134115	15.4930422408708	-5.89563009558517	19.6539505422117	14.9544059271183	-3.75855810885436	20.1472257591152	15.3751777267959	-4.28443125644246	20.2215048257646	15.5654356622702
PIGR TPSB2	-1.79498861215848	18.7754527428992	14.4307271754439	-5.88027921953356	20.3468131523341	15.1298732351056	-3.69257857434841	20.1450869676022	15.3987933484514	-4.01481676505273	19.9519075644068	15.2074609538384
PIGR TPSG1	-2.43252461385249	18.4127463289751	14.2802621343769	-6.96054404157871	20.868808857369	15.3759802266311	-3.7449362726175	19.8582465080137	15.3126357113037	-3.72455092790312	19.7998327600988	15.072428822444
PIGR TPT1	-3.46197653090359	20.0820758351839	15.1867225638842	-3.31650725407111	19.7911006155289	14.4528736426166	-4.12517393745352	20.5704104519592	15.5090270673423	-4.11735423107072	20.2865550106697	15.1626387281601
PIGR TSLP	-2.41920272180421	19.5244087013735	14.6733061468901	-1.19878500971483	17.9527163611697	12.557698049297	-2.20237888470306	19.5342491378148	14.5759029910108	-1.81037954180112	18.9898846702215	13.9367039111978
PIGR TXNDC12	-2.05343053498768	20.0394342075879	14.5288550496553	-3.45487706166386	19.1714846081115	14.2752506575323	-4.80483648973504	20.0747831524192	15.2827437368531	-3.35236307234757	19.871086996352	14.7712498042247
PIGR TYK2	-4.53448059764772	19.5734492241104	15.0528244369863	-2.49752482876801	18.6061856005609	13.1355826790701	-3.18102726661824	19.3681960700451	14.4413866434528	-4.13584953190892	19.5448361815484	14.6488620982321
PIGR TYMS	-2.56337329617189	19.6387312915591	14.4804162617279	-7.11777168582042	20.1995537234303	14.9950506906268	-4.40783303407336	20.6595325306178	15.4610271623398	-4.60073883515201	20.1839358747658	15.0273207095045
PIGR TYRO3	-2.49219024168816	19.4544813118496	14.5080911247006	-3.8185721923351	19.4858981110155	14.8530243709816	-3.07388209128892	20.2865841731943	15.2140530902371	-3.09360874859442	19.7251560305532	14.9733640758516
PIGR UBB	-2.12441459056027	19.3699269526189	14.796112979034	-4.75138192178555	19.9338795488886	14.5226919531133	-4.00558229461257	20.4466448714244	15.3657430642772	-3.7057065421443	20.0861738415123	15.0354753363443
PIGR UBC	-0.817368794173525	18.5180208629446	13.7561189475083	-2.04406794762817	19.0090995655377	13.3493714093857	-1.59979933109841	19.1452610269686	14.1644153134989	-1.59252144179093	18.970240876235	14.0717789661183
PIGR UBE2G2	-2.0919477570198	19.3875321554381	14.41404337268	-2.45056362397765	18.7179245317714	13.7548442597398	-2.57392300094664	19.4333528979121	14.5478332635861	-2.6008186582355	19.3469765637986	14.5193918994914
PIGR UBE2I	-3.61213488644077	20.0482481553693	15.1481951165892	-1.24286296071987	18.2255336166053	12.9800489825892	-3.53693331614567	19.7118733207846	14.8094715587549	-2.72965433583071	19.5307020960024	14.5332847624957
PIGR UBE2L3	-3.8116488153123	19.9399242073131	15.050094035445	-2.21791707477508	18.9983887393704	14.1923846815709	-4.07056256033883	20.0201277031696	15.1060308253217	-3.28367607058835	19.7575536935734	14.9602058041389
PIGR UBE2N	-3.17367380834572	19.6146754667909	14.7595788035589	-2.485754558432	19.8547332540067	14.4408794539216	-4.15497289533411	20.2607149572624	15.2328954006831	-3.21859453327545	20.1268499334862	14.933853025589
PIGR UCHL1	-3.23800486968491	20.2763493445502	15.3961921424114	-2.98393108107211	19.7788297802515	14.1618543046068	-5.09123636585071	20.7083557638592	15.7231927686691	-3.36478441756726	20.2048610377267	14.993574322728
PIGR UFC1	-2.65592379535857	19.2063969271472	14.4465350682903	-2.35465903629895	19.2720226688423	13.961245187861	-3.9490495039362	19.8256223230355	15.0224769717846	-2.73636398706395	19.5951861553413	14.5562104592048
PIGR UFM1	-1.18265372720552	18.3367641152632	13.7580922602283	-2.7830801815981	19.3645233414418	13.9113062480571	-2.93662418676287	19.6783621703822	14.683593097646	-1.97485331555302	19.0576083030594	14.2171508181368
PIGR ULBP1	-4.23350950170816	19.9663700204746	15.2790437168787	-7.31780357062996	20.5862524214239	15.4835366299524	-4.78267992724688	20.5189033444313	15.3810278522441	-6.49925110718058	20.5294320057309	15.6443933252261
PIGR ULBP2	-3.85291663427618	20.2639552592284	15.8222050529872	-5.26402248709915	19.9713023212171	14.8822787391944	-5.878526490087	20.6034098899164	15.962699817809	-5.57540850049454	20.5340218893602	15.8795259268303
PIGR ULBP3	-3.64024394476935	19.7341362909911	15.1741488644721	-1.47231263325704	18.1202070832132	13.0003881190177	-2.41632910024647	19.3030983640623	14.5426388652184	-2.41329226398235	19.200459253713	14.3956390868425
PIGR UNC5C	-0.262330044430109	16.0097445987245	12.2458130087849	-0.637903736217086	16.2605543367569	11.3121028441309	-0.343101678222629	16.5164448427499	12.3650737846376	-0.384301163233059	16.3950823834611	12.0221311853909
PIGR UNC5D	-1.6579067340509	18.9393936390787	13.8390013500255	-4.0620633259959	19.6858922972623	14.774275794396	-3.84265060803547	19.9646201395959	15.3344303873646	-2.66907065738759	19.8633626154884	14.8669117961523
PIGR USP25	-4.41216679100218	20.1834179570202	15.8508410427385	-6.12674419111013	20.3612718380746	14.6484152155149	-5.29393007686631	20.5880227188292	15.326330014745	-5.74595998506988	20.5187097958458	15.4789240732114
PIGR VAV1	-1.90115343052955	19.223454820232	14.0808728883516	-2.91055572901696	19.8191967197081	14.6322348717594	-4.09499484786728	19.9142690043887	15.0886182134593	-3.1316954543352	19.8784886499991	14.8726616334272
PIGR VCAM1	-1.43656742456305	17.9059012588043	13.8067374516383	-1.48850191007181	18.6637599165669	13.3961694708155	-1.16020504997538	18.3444369042705	13.6795844674033	-1.48683425845145	18.5945270269576	13.9672268132427
PIGR VEGFA	-0.0288466850881086	15.9053871544256	12.1600741816264	-0.387657127574959	15.5660453529928	11.6479833325502	-0.254950819964282	16.1590756100036	12.4874230521516	-0.170783740048459	15.9669060315067	12.200271424639
PIGR VEGFA.1	-3.1959743755947	20.0180863364993	15.7202661212413	-2.28288987814406	18.9667182604753	14.0051190770714	-2.6383779244799	19.8980888441062	15.0290968651865	-3.14975099069641	19.6456375161197	15.0408626114502
PIGR VEGFC	-1.93274858055176	18.6539324104075	14.2491159665442	-0.487221681839608	17.0391265518557	11.8892114247811	-1.49051189441524	18.8512243973954	14.3290451760828	-1.25129279632057	18.1639178436355	13.4738229494949
PIGR VIP	-4.23020351956758	20.1593556639845	15.3417474376065	-1.6716566429414	18.7668150960227	13.9281329406536	-2.85194641127989	19.921800035873	15.1653779550127	-2.54898629396943	19.5572335921828	14.9069838797399
PIGR VTA1	-3.49392890936587	20.0280743525999	14.9973025717737	-3.61386239404602	19.8408276969658	14.8314904644975	-6.27750913101117	20.4840221686191	15.7175011893819	-4.12163222111636	20.1618467339578	15.2347002221953
PIGR VTN	-2.94474259640803	19.4019747558946	14.180747977265	-2.96111297966074	19.4107034075282	13.7972904846652	-3.03158404247962	19.5533039170696	14.2873935987777	-3.30035689673915	19.7411741158943	14.3800080098464
PIGR VWF	-1.99803505159667	19.2508281850473	13.900536991924	-8.76191809630827	20.783058460185	15.2222181954847	-4.66060449313429	20.5679694498882	15.2826495783531	-4.12924181724354	20.4396290936449	15.0982468267244
PIGR WFIKKN1	-1.1231460487509	17.5611112391947	12.8161652570938	-2.24783328948277	19.5476933546437	13.9336133052517	-1.83270455367144	19.4120535470829	14.0829190726378	-1.77390218404334	19.04871269502	13.879284430769
PIGR WFIKKN2	-2.74441426890054	19.5804202772455	14.3230892743383	-8.14331433464606	20.5881591061742	15.4645908503021	-4.61198649888281	20.6635744866418	15.5719022478436	-4.39426915561294	20.505115815758	15.3470959272398
PIGR WIF1	-2.09307570696593	19.5493769424824	14.4765516146539	-6.9972493350109	20.402121308799	14.8236866321704	-4.22927891418763	20.3860396959501	15.3838897456808	-3.40531917223079	20.3963265319372	15.1794971651676
PIGR WISP1	-2.81581435769506	19.1717029208967	14.2792386961495	-4.30844008405547	19.5936607769592	14.3392141371399	-4.32966526803728	20.0468385592224	15.2635121363236	-3.92689431368152	20.1022291980511	14.9500855693112
PIGR WISP3	-1.80179234199867	19.0574396209457	14.4294875780175	-3.11402411924619	18.693919591663	14.1507667929983	-3.54739741960797	19.4798426848086	14.8569311240473	-3.6813136191844	19.4546204204689	14.8615378489281
PIGR WNK3	-3.12439110009109	20.2387808729127	15.157688151258	-6.3954320879747	20.3893608096966	15.3193839545356	-5.65613995748941	20.6235948093432	15.7787441581238	-4.80166120793689	20.6423577113166	15.5688009104026
PIGR WNT7A	-2.94526205126158	20.2303226867173	15.3852150844019	-6.67065083622945	20.4955554156097	15.208105068139	-5.66992580899425	20.6748434521975	15.726944092611	-5.84702087406701	20.6527935817833	15.6720131062206
PIGR XCL1	-1.79484008675878	18.9596255909955	14.757047277896	-2.67106914582599	19.028825057252	13.8502063172219	-2.45786272655719	19.1729671224411	14.4440392840915	-2.2413529077436	19.1522214021891	14.561878083012
PIGR XPNPEP1	-0.829645720062842	17.8638899666135	13.4450160550993	-2.88453038589103	18.5167843897335	13.427152071993	-2.38337019541551	19.1186022509022	14.2701942187598	-1.70733000149548	18.6209974395007	13.8587154140117
PIGR XRCC6	-2.8808402056855	20.3482959499244	15.1836122548278	-2.73471632657089	19.7462096048832	13.8202758364809	-4.3088468882732	20.2113135812877	15.1393196562492	-4.58525001534511	20.3467392971392	15.1169939953371
PIGR YES1	-4.43843156506037	20.0684040516801	15.2454670510312	-1.12570160995195	17.5840977956301	12.877852890198	-3.04537072598327	19.5175591912397	14.9205750121426	-2.2602665217808	19.1084679799223	14.3993148028176
PIGR YWHAB	-3.4583931354314	20.4831228342748	15.5933497136158	-3.42054180382828	19.627473920404	14.5589111431205	-5.42778823784639	20.4896944097821	15.6613317685424	-3.96965192817844	20.2622068887002	15.3579075779314
PIGR YWHAB.YWHAE.YWHAG.YWHAH.YWHAQ.YWHAZ.SFN	-4.69769375290524	20.4608489737913	15.7517070612043	-3.31943654965834	19.4962217685937	14.2913551312954	-4.85750093724448	20.5303830248417	15.6439970141383	-4.37041874218354	20.2285419989077	15.2574617368598
PIGR YWHAE	-4.03515213904747	19.9816427274591	15.3531485712369	-4.48174923222502	19.3135832937263	14.6666473574208	-5.00017547466699	20.2808542145987	15.4266493112444	-4.10481461245085	19.8758419667284	15.1960445512579
PIGR YWHAQ	-3.11241023004783	20.1305779692381	14.8850522766504	-2.58936202489973	20.4429568931547	14.5787484417651	-4.08262461969885	20.5248207393295	15.1151511518302	-3.11910194719629	20.330034111812	15.0247629395758
PIGR YWHAZ	-2.64531761254443	19.6457288637213	14.8707984767287	-3.85551235158536	19.3448314228176	14.5111450960646	-4.57652707853935	19.9865279980131	15.2774595105329	-3.73335732607456	19.7741590815961	15.0639128759651
PIGR ZAP70	-2.75672021592904	20.0049925239857	15.104971466083	-4.37606534946394	19.7155968369539	14.1703526986662	-4.24284270863182	20.3026175430232	15.2045508331631	-3.88549992859377	20.1623183334649	15.0483991780454
PIGR ZNRF3	-1.75547067170999	19.7664497025547	14.668034058335	-5.92414614906169	19.5983922740512	14.6444387465191	-3.9857976685851	19.9737562574962	15.300429173044	-3.23977214675964	19.9887554251064	15.0722894923658
