protein_name	r2_male	rmse_male	mae_male	r2_female	rmse_female	mae_female	r2_all	rmse_all	mae_all	r2_all_sex_adjust	rmse_all_sex_adjust	mae_all_sex_adjust
PIM1 PKM2	-8.65802767216813	20.9571977427213	16.7208643880714	-2.21782405426811	19.5667972003614	13.7695583246871	-3.77003736191732	21.0262135961125	15.8263386371617	-4.32005895915609	20.4769201338608	15.5182071794803
PIM1 PLA2G10	-9.96582724869683	20.7528843202297	16.5685638739749	-3.12172482151581	18.8979219674527	14.8687076957735	-3.83652289636059	19.8734666007128	15.9465939032082	-5.11071023236097	19.9076608504756	15.9834356056327
PIM1 PLA2G1B	-6.96753351522758	20.488410641924	16.2928409917935	-9.9787521812963	20.5766621283282	15.6990461741707	-10.1510141971858	20.7561363216277	16.3232796852723	-9.46252658577678	20.6789316162072	16.2626617108374
PIM1 PLA2G2A	-0.307596177822636	17.0973161491928	12.725193481029	-1.19909462026734	18.4535030135823	13.6100713968919	-0.741753784424029	18.5346962004245	13.6963320380986	-0.802306321718154	18.2721527282203	13.6534167076883
PIM1 PLA2G2E	-15.1661559728383	20.91713110834	16.810831633889	-2.38833552576277	18.5937226733846	14.9450203403191	-5.64821340161851	20.4729624155238	16.8006098340665	-7.23206687289415	20.1429576333839	16.2118320917575
PIM1 PLA2G5	-5.52519209388535	20.0424145064865	16.0741995789782	-4.69061056369822	20.4899909782	15.6632825581015	-18.396465013194	21.5542210724126	17.0049598638124	-8.47376451639854	20.8071208179108	16.4317532871589
PIM1 PLA2G7	-8.94745577528183	20.6877876106693	16.5346434962566	-12.8298991571456	21.1727133307971	16.1693180573204	-14.8603368024098	21.5520212541673	16.8068838342852	-13.7416626223712	21.3895769545332	16.7267680396086
PIM1 PLAT	-0.867458301523259	17.2206344637674	13.4313200223363	-3.61161216519164	19.1525872185257	14.1562063661278	-2.33390742862433	18.7068692368715	14.4058273840778	-1.75991648512441	18.3996517272152	14.0194979393417
PIM1 PLAU	-8.59241514686325	20.2008470984096	16.2822004145504	-8.48464860878947	20.7792057579039	15.762710644881	-9.7047301843611	20.6782592405792	16.4742877432094	-13.0269009628932	20.8664314625368	16.4683864765224
PIM1 PLAUR	0.17488204683696	14.608188364433	11.3634439214409	-1.53761693175399	18.7544244511577	14.1332254524283	-0.341680909980945	17.0340096449967	13.0495041871436	-0.484015794710487	16.8909466166186	12.9903990335719
PIM1 PLCG1	-6.0408201197013	21.2849502106784	16.2090444237809	-7.08145678844996	21.1088139754351	15.7921808478847	-6.62462541173939	21.3966281840872	16.189275069424	-8.44594876100503	21.3110007064001	16.2515556818318
PIM1 PLG	-2.61611707747648	20.3766704920825	15.1619690213227	-0.982220150506849	19.0193181695531	13.1631720677505	-1.81634588702074	20.2262403757226	14.4492355358185	-1.74194527326412	19.8566520669186	14.4036065835367
PIM1 PLG.1	-6.58527845419864	21.3619645437785	16.9995108719192	-3.5636672048779	18.9801532299656	14.5367389604261	-4.48369387815967	20.2471374965558	16.1039592794041	-5.31429584856456	20.2446933722089	15.9891517159995
PIM1 PLG.2	-2.96603159864084	19.227775165797	14.8852122027563	-1.2780016758384	17.882810928039	12.8559277185798	-1.77800899861337	18.848071915629	14.1913136123308	-1.87351372624593	18.7443906162108	14.1202248602773
PIM1 PLK1	-4.55234952372966	20.5597533811969	15.9989395494262	-16.7402425167902	20.7863782975599	15.967589853765	-8.90671283414712	20.7200582954516	16.4059674238873	-8.11315938338473	21.034039557121	16.3723554363296
PIM1 PLXNB2	-4.23167218600787	20.1033366394954	15.7835163282665	-12.8557375657297	20.8032943064316	15.8464304397341	-9.57863131001712	20.4418418288938	16.3784199445904	-9.37393813441468	20.5697446208931	16.3034512221251
PIM1 PLXNC1	-11.0550927769947	20.8355477718962	16.3433820672852	-9.13265884425032	21.2058978471553	15.5736217073055	-10.8150267311261	21.3615489468781	16.3476774534024	-13.3476814496374	21.2688398023462	16.2931272097441
PIM1 POMC	-4.53649705767361	19.8168195461854	15.5854996060878	-5.24699905571592	20.4908496515271	15.5031209160086	-6.69221032017163	20.7108374065477	16.2752898273238	-6.31635186187442	20.4779024444785	15.9214981954484
PIM1 POMC.1	-5.19411021508913	20.1484670415687	16.2161894285364	-10.8114007190641	21.4364253927043	16.344107077355	-12.3321456574928	21.0168336269081	16.730878381946	-7.67670941100691	20.8912434013003	16.6497411608016
PIM1 POMC.2	-1.52633233124029	18.5864135673351	14.1887092934095	-4.66579435558204	20.8299260840124	14.9292803752046	-3.58819461687524	20.2135248968539	15.6379359160033	-2.75991036580819	19.9578037829764	14.965046172877
PIM1 PON1	-8.18624619067409	20.810602960063	16.4846940756001	-5.12250237809629	20.4099559814374	15.3917990065614	-11.0468894585532	20.9233676376019	16.514073525348	-9.87603880124734	20.9010543476476	16.3721047627005
PIM1 POR	-1.59773491850198	18.627361652801	14.2378042044138	-2.09347584911224	19.9563398724525	13.9493137107501	-1.74074421337384	19.4206181064611	14.3443127353125	-2.01143280948725	19.5225096087351	14.3676322991627
PIM1 POSTN	-0.486143408736213	16.8484385936772	13.3071405624289	-1.83239000109573	19.8146320713088	14.6102024415189	-1.02051689969967	18.5080554973629	14.1707659974202	-1.03405212876809	18.4560794739111	14.0828964639462
PIM1 PPA1	-4.19301666663009	20.2886987371	15.6372536376621	-4.90436431039316	20.7444433155642	15.3366772752971	-5.1617237252437	20.8060222357406	15.9676765773119	-5.37231286845345	20.7012063905583	15.9286240687012
PIM1 PPBP	-8.6754939822969	21.037263173977	16.8556531784825	-4.04807071496962	20.5831559862112	15.0842548320463	-8.35590006888925	21.1519636610582	16.6991281172896	-6.38304550631322	20.9622852277102	16.2601469422641
PIM1 PPBP.1	-9.76803725099516	21.0005691688131	16.9039174376912	-4.08079297314332	20.6476437098125	15.0695207971676	-9.12366843815361	21.1408634889758	16.7135599355163	-5.92620421435253	20.8934475969455	16.2563776660319
PIM1 PPIA	-8.76681335875255	20.9551416863008	16.4291850935482	-5.06845287684466	21.3843202400528	15.5628597318373	-11.6898334580391	21.7043432984042	16.7260586412768	-8.60711342552679	21.2881704789494	16.3702568627981
PIM1 PPIB	-2.23402073836631	19.3882141878428	15.4989816089735	-4.93939235519932	20.212927744811	15.5984731651532	-3.79335525215833	20.006415940482	15.9563602085506	-3.8779313991922	20.1345113197457	15.9237797850503
PIM1 PPID	-6.10092911262986	20.9940847809047	16.5434122539283	-2.7154874143047	20.3060269850983	14.1363012783375	-6.21119002643523	21.0184806372727	15.9915463291572	-4.95413800872359	20.8859890878923	15.8110813603111
PIM1 PPIE	-6.24391450476933	20.9693191535553	16.337700754881	-3.52054733593621	20.9380093422489	15.4393422673496	-6.41485668183224	21.1404155098005	16.4078405668502	-5.15050219963818	21.1336724344567	16.1699136864912
PIM1 PPIF	-4.00772392180712	20.1223921483551	15.9127520968345	-17.5613795901626	21.4216562198222	16.3665367069247	-7.67434544183821	21.0004530550232	16.6614531249727	-8.68773302134911	20.8960839481594	16.4927076097443
PIM1 PPP3CA.PPP3R1	-10.7867565495619	21.0534107256571	16.6506618750081	-4.13635226541831	20.5931046131254	15.138782114977	-7.37332367053422	21.4120014409605	16.4138057237942	-7.00456840802997	20.9579364438446	16.2447784112347
PIM1 PPP3R1	-11.5914526789721	21.3428730200721	16.4051362565532	-17.1515145536491	21.6030069131596	16.3664886657808	-17.3854443548405	21.6217000372712	16.7049654975105	-18.8927312858053	21.6355478904337	16.6590754343556
PIM1 PPY	-0.35910188106779	16.5159967740179	13.1474068443712	-2.84714572095947	19.2085109087113	14.6832216379819	-0.984757668138735	17.968859507281	14.2287540243569	-1.14701185203929	18.0558163727618	14.1221608998105
PIM1 PRDX1	-7.08795899044281	20.3755289811622	16.4209054237871	-2.4747442717558	19.7724379224597	15.0893158476549	-5.00488783883549	20.6505610622487	16.3788555665309	-4.35810670276573	20.2537922501768	16.0714915943365
PIM1 PRDX5	-5.5469032732219	19.8125232550891	16.31604696828	-22.1851654719865	21.4519933816654	16.42163037169	-7.90778525104957	20.7426964761422	16.4790971657502	-9.64620334770489	20.8515339402915	16.5735852840217
PIM1 PRDX6	-16.74970360441	21.0743563937728	16.972866865783	-7.12257262445637	21.0943696509927	15.7185528468501	-19.2558329740909	21.8686055541282	17.1132540148914	-12.0912009409384	21.2551563291287	16.6071383448404
PIM1 PRKAA1.PRKAB1..PRKAG1	-4.44918129761591	19.9849622729455	16.4784613777001	-18.9077369335813	21.4849835376891	16.6260489194282	-12.5168184789933	21.1181026137619	16.9757911791626	-17.3434408453851	21.1804204316679	16.9674811737474
PIM1 PRKAA2.PRKAB2.PRKAG1	-4.58547228081478	20.4133868565648	16.0903222358793	-6.8902334747093	21.2052253772331	15.3292107599573	-18.1724122423971	21.6689457625236	16.8527731699702	-8.17394428673023	21.1020887676604	16.2012589241452
PIM1 PRKACA	-3.53316872601782	19.9025529319812	16.0547726624753	-5.33308603326214	20.5589714676131	15.170934201115	-4.56996139407302	20.5813257591933	16.0037614941103	-5.48248889227017	20.4373981486054	16.0047395486622
PIM1 PRKCA	-6.21540727020269	20.6339799125117	16.6224205832156	-4.7004098841937	21.5456528783552	15.5997429658007	-13.5368917944233	21.5249204878854	16.8892874505437	-6.21159211098173	21.3152154564693	16.5052635925274
PIM1 PRKCB	-6.99937729714504	21.1380743196539	16.5880074632777	-3.51214990339125	20.547319980545	14.9876656311241	-6.51873108459687	21.2636985733982	16.2469544612701	-5.16248151244128	20.9639915861179	15.9924670419024
PIM1 PRKCD	-11.9673533404663	20.9264353603612	16.5474939157155	-1.93029387645521	19.798663454208	13.9346022482092	-5.71178344167388	21.0473549010304	16.1594719671373	-4.33379364143831	20.6423618720375	15.5102406059343
PIM1 PRKCG	-4.06114215751088	20.0220272360889	16.0411480376029	-11.5139477150493	20.9298637966587	16.1707865700584	-6.73785546245871	20.8011282288418	16.4193256313565	-6.43751125318473	20.6306404622326	16.2486401625079
PIM1 PRKCI	-3.23443283536322	20.2961178941132	15.9463676666174	-3.31190673555269	20.1842292524281	14.9439877202046	-3.53126229205125	20.5642134237129	15.7328514857379	-3.83174604152379	20.3457557807746	15.7499060586374
PIM1 PRKCQ	-15.9320485741923	21.4116937154275	17.1060967836538	-6.38783696971416	20.7364536163562	15.5080431599546	-10.7897847047781	21.7982858736411	16.7628134882491	-10.6285587082701	21.2930036696513	16.5828406304654
PIM1 PRKCZ	-2.98059122255717	19.605904312194	14.8539792916762	-2.4337265271024	19.9949232007437	14.9065302280115	-2.62881810145416	20.4428610312411	15.2589287046931	-2.84315170685813	20.0600261974646	15.2190174793279
PIM1 PRL	-5.04940082297893	20.8393076804875	16.2365101562699	-7.40293850085328	21.2890567266015	15.5350352889544	-8.96213831886109	21.4958623335672	16.3961465341642	-8.00342609927059	21.2097334879361	16.2908864854031
PIM1 PRLR	-4.99411582661899	19.7122408080558	15.8816028450059	-14.182184703532	21.5210870444104	16.3261755507163	-9.2038069942335	20.8071909114516	16.4145784216114	-7.8079338083024	20.7637089293987	16.2925201432096
PIM1 PROC	-1.70308016431585	18.7779041154227	13.5899723430984	-7.25268510764566	21.2556065302766	15.8543592982022	-3.33223887716486	20.4712810790653	15.081088482323	-3.81825184458724	20.2878149236362	14.9563533426637
PIM1 PROC.1	-8.81045091042089	21.013769188209	16.5508255328644	-7.92974057168283	21.0791177217264	16.1629773666862	-14.3867922315339	21.5393180167093	16.94289559789	-9.73764246189245	21.1660918688709	16.520896340787
PIM1 PROK1	-3.91978889639604	19.8857501240191	15.5899243450927	-6.06808413985568	20.4482679170962	15.772173243911	-14.1974826622957	20.9921415754249	16.7666752049113	-6.56696803827432	20.6085010471517	16.2844829707172
PIM1 PROS1	-1.53023448957934	19.3758770439983	14.5251831320661	-7.20540278854642	20.3995291022704	15.2826980150145	-3.28345053111034	20.4037473503669	15.352903666555	-3.76808094322198	20.1762186434917	15.2128392526311
PIM1 PRSS1	-7.5443529923358	20.6230269801277	15.7290993608006	-3.30132480938153	19.7583638345346	14.9494408921582	-4.42014526091487	20.1310064476007	15.5976480395551	-5.11664921026045	20.4360266393505	15.6356976261994
PIM1 PRSS2	-1.59890356036073	19.4558125908263	15.0939507918896	-4.56568183060762	20.3550597945555	15.3060065491436	-1.98358097600023	20.0051848008003	15.2789756298898	-2.4205383300054	19.9418529636865	15.2749158862803
PIM1 PRSS22	-2.12897988637497	18.8117288498323	14.5851159798532	-5.27689256663473	21.3320346183331	15.462720913351	-3.0382672590384	20.1425945847561	15.417372883851	-3.35372832401502	20.3264105708691	15.3472501077271
PIM1 PRSS27	-2.39993562140788	19.6007603530456	14.9630199397811	-5.06610143774389	20.19255739926	14.931443131423	-4.21409876584735	20.4498367603058	15.9289439291519	-4.02547518622454	20.2740427023421	15.4204576034851
PIM1 PRSS3	-10.8693278329401	21.2606750082226	16.4846246725827	-6.99807174478105	21.0729197309092	16.0180221687272	-15.150528850156	21.6713925962171	16.9138634759153	-10.5549289503571	21.3036991276391	16.4905258165572
PIM1 PRTN3	-7.89342588605389	20.7023791642109	16.5049358670194	-5.62937056908273	20.0653460796041	15.0785331876916	-7.45983640418877	20.707539245086	16.1940072617989	-7.2478696291313	20.5432273061723	16.0011601237661
PIM1 PSMA1	-6.01384987345824	20.7032577071598	16.2321727296704	-3.15136531428834	20.2911925335938	15.1360907094392	-10.4408772619262	21.219950108638	16.7867702011745	-5.64667950112795	20.6240153001678	15.9753588666032
PIM1 PSMA2	-13.5674562392811	21.2314615622716	16.8282538157535	-16.5026661868097	21.5495654515999	16.333245018207	-22.8322772468403	21.7025831120015	16.8869062215716	-23.3628968163436	21.5347849024624	16.8599968105732
PIM1 PSMA6	-9.19803450936285	21.0870924066307	16.5068653451629	-2.70915435601526	19.7173768896609	14.682947611116	-4.49375053080853	20.8810152855268	16.0763850586901	-5.47975129235705	20.6189264891646	15.9062004077511
PIM1 PSMD7	-13.9418746629934	21.0801705247361	16.6475956947631	-13.8535024393088	21.3573540690775	16.3404351167136	-17.601111023203	21.4457187137323	16.943178996101	-19.0947753624033	21.443460819112	16.9270004971216
PIM1 PSME1	-3.77971493227812	19.5113769957239	15.7160707025129	-5.93654445993459	20.1181595160621	15.844800786829	-5.34624550803541	20.2690610487258	16.3389519069366	-6.30582873603464	20.185390330713	16.1949978287965
PIM1 PSME3	-1.52098930116437	18.792003392932	15.0655861169845	-1.67578169737275	19.0602466352967	15.0677700717412	-1.79084564299237	19.3949956968618	15.5632742928958	-1.76251438011592	19.1337343684493	15.3615576816242
PIM1 PSPN	-6.59343659710924	20.8216793185334	16.1973916419411	-7.18601365892518	20.1643845085691	15.5846365767793	-6.48873118018563	20.6427414573816	16.1575823385366	-7.77456902190836	20.6531966058373	16.202005448197
PIM1 PTEN	-8.47878850538913	20.4368755015127	16.4542475651173	-4.65805788047365	20.0432901806356	14.8595441640147	-6.84332192564465	20.7146880978252	16.259664373217	-6.82439903360564	20.3468781297477	15.9496440289402
PIM1 PTGS2	-10.6789831109491	20.7971915997793	17.1575914366459	-4.92080768224633	19.8571929855229	15.4956477601439	-8.38534885231637	20.76536189691	16.7510214607722	-7.7712102705684	20.562952203827	16.5110121950807
PIM1 PTH	-4.09930688279871	19.6780044312836	14.9509129736149	-5.14641421667638	20.3369188218276	14.9311789275265	-4.08910041568962	20.2702528449819	15.2524353428357	-5.06146927676237	20.3078995274975	15.3041455185634
PIM1 PTHLH	-0.498666355472711	16.9427146637872	12.4159045975333	-0.962930578708096	17.5451952916488	12.8662069890455	-0.881253091388478	17.5854780551743	13.4200457927524	-0.806027505719473	17.3958249217441	12.8628151941251
PIM1 PTK2	-6.45533217875364	20.4261307123787	16.3715451015765	-13.6008679764234	21.2467578819079	16.4566853319695	-19.6363194087662	21.3676984783599	17.0267236417611	-13.3146225047767	21.1552244809756	16.7223527849249
PIM1 PTK6	-5.12119045215707	20.1312989848598	16.5658801888662	-6.27962527642805	20.4472494036934	15.2658574412951	-9.1511718103665	20.669244478839	16.4772822937903	-8.10487518803913	20.5660221754095	16.2250310283748
PIM1 PTN	0.730554332680141	9.83875813434835	7.16296852115136	0.602749463726025	10.9783663520405	8.41641739854287	0.629017501491716	11.0487613672164	8.30786527508132	0.665217716080906	10.5838072600131	7.93280724256919
PIM1 PTPN1	-3.66623439469758	19.8947940063532	15.7647590441692	-11.5718209126672	20.7042445014184	15.9229717651703	-7.68605904865487	20.876240990583	16.3568363586513	-6.77227146733944	20.5225440856122	16.2194546476403
PIM1 PTPN11	-9.65548883546224	20.7035757202943	16.8790999139185	-10.5835510893322	21.6442150896059	15.9507456353425	-15.2660423388122	21.4773332104536	16.7839362699196	-12.260672283657	21.3395759595465	16.7344382195479
PIM1 PTPN2	-8.01999145851217	20.5810141932205	16.2848838835819	-25.5063109686283	21.7523552875012	16.6332843493456	-14.3019885253206	21.3973198831391	16.7514369103606	-15.3344053994363	21.199430266224	16.5708442438594
PIM1 PTPN6	-6.97222679901863	20.4439670184609	16.4537387628762	-7.99511433998271	21.5107086052856	15.6719142062211	-18.3831529482029	21.4753924859877	17.0079889023691	-11.4690688478821	21.2779360242251	16.5447734287966
PIM1 PYY	-9.26342767900558	20.8679203871176	16.6498515480642	-7.27379931539608	20.1004438066708	15.49910357358	-10.5607234818422	21.1745145402235	16.5897915816805	-11.1045400315318	20.7334493691246	16.4681656972972
PIM1 RAC1	-5.68493467811137	20.6907764647087	16.2392655505893	-4.98133734976286	21.1997267435606	15.5732042252831	-8.2442319447501	21.164930610245	16.5624184996568	-6.35862305853333	21.0191140227652	16.2595399261823
PIM1 RAC3	-3.75652000782768	19.7155460124217	15.9345234730425	-5.20131729883764	21.0195724206003	15.307805868255	-30.5840145962794	21.4919146662726	17.168019651854	-5.87903722468366	20.8830568715446	16.1057949079242
PIM1 RAD51	-9.87342589869374	21.1161157305808	16.6375014397333	-22.6843946075185	21.4160582838551	16.1052597964413	-21.8346876188556	21.4589544941462	16.793624162731	-17.057608003878	21.394555144904	16.677853070309
PIM1 RAN	-11.1066205070981	20.8772800635672	16.6539617519056	-7.12736074624719	21.3287206345712	15.4373211740276	-15.3320670654724	21.7467696820684	16.6646132257862	-11.5496728188093	21.2990082399227	16.4682747351197
PIM1 RARRES2	-1.24514905301289	18.4820682275694	14.2256548575773	-0.719320582848824	17.9604912878987	13.7314206739839	-1.29446353240895	18.7511686324314	14.5745692379329	-1.17693893925039	18.4078017449153	14.3504663361206
PIM1 RASA1	-4.19927094377315	20.3434706746062	15.7649044385518	-7.27909586365121	20.8820437647838	15.740639453273	-5.06410920979603	20.5171621463762	15.7767792768817	-5.98674338924316	20.7955597627958	15.9197328393266
PIM1 RB1	-5.59217527879877	20.6032271372957	16.125784840005	-8.61790201661093	20.7059931990628	15.8180534612317	-13.4443671977837	21.33832459654	16.7169295112744	-10.5845309352638	20.8815339962382	16.3216836109096
PIM1 RBM39	-2.70609650105149	19.6956816380927	15.2412468919611	-4.33948277290502	19.6471883741175	15.1759797362431	-2.78578855241609	19.7248035880056	15.4053543583641	-2.84175233669901	20.2852610935976	15.3967821477097
PIM1 RBP4	-12.2409202712365	21.1652095391493	16.8283511206602	-5.62380079434708	20.1329821098013	15.6934738492554	-16.2231467652099	21.2382118431814	16.9280290152584	-14.4269785978859	20.9337130496713	16.6187151532277
PIM1 REG1A	-0.712079847801305	18.1742709227722	13.703651169954	-1.79978604479338	18.8530739121112	14.1680512833109	-1.13010281187309	18.3949671642359	14.316606041	-1.2526988010421	18.7023707003075	14.2400477069494
PIM1 REG4	-0.512036324081405	17.0214976155078	13.3621724396987	-1.75016681078194	18.4798228632613	14.1452009731386	-1.14046771090556	17.9386590513721	14.1254745635749	-1.16425640794998	17.9003381924397	13.9468101209303
PIM1 RELT	-0.305631571570709	16.4182340807101	12.5062627258127	-1.1589384723457	17.8571541033602	12.6045938064029	-0.744540916691785	17.4498967807715	12.7199639544294	-0.703959448833926	17.328895996119	12.7100095974367
PIM1 REN	-1.33519092271268	18.539995588065	15.2995459564514	-4.34254618843682	20.6042115053743	15.5902341802239	-2.74337588201591	19.8493615314626	15.5835925210859	-2.52355679718427	19.8906525631225	15.7521071221434
PIM1 RET	0.412459838870146	13.8734797008328	10.2891336211154	-0.867369531835787	17.6499596647335	12.5999402998551	-0.207149809561027	16.3136837134456	12.0920823740154	-0.0578381220262121	15.9966391936068	11.6449112601775
PIM1 RETN	-4.08360363421124	20.414614280769	15.7621213306351	-5.9614555543104	20.7619286873224	15.6873250125493	-7.32288263715393	21.0230507381792	16.2252681123462	-6.00898373782807	20.7282103358461	16.0729457095977
PIM1 RGMA	-1.06203999329548	17.7372492011528	13.7348212341536	-4.03099055906269	20.404241479489	14.6825407437561	-2.29192197934796	19.2635318474002	14.6270777792657	-2.15908126880803	19.2166111167952	14.4976397772008
PIM1 RGMB	-2.45997283791411	19.770386736819	15.0631759030879	-4.55740676001934	21.1568484155426	15.2195227076109	-4.84485009944013	20.5937578862021	15.8783166417094	-4.20635109865179	20.5509379183832	15.4521011273156
PIM1 RNASEH1	-5.30671898546517	20.3357501001631	16.2043641373327	-8.35989055603531	20.5393795730574	15.6171418006791	-11.1410522725823	21.2533078582981	16.510555510852	-8.4648044625334	20.652425150291	16.1341162072558
PIM1 RNF43	-6.04569585048737	20.267579182981	16.5108756396513	-19.8397717561556	21.5039856722803	16.1827420403069	-34.6700344569004	21.7126904613608	17.1551638383323	-14.9145740185315	21.1535578505969	16.7420513986417
PIM1 ROBO2	-7.00292501033547	20.8069508304136	16.0991470316257	-2.66810594770999	19.298524780203	13.8589769136955	-4.10642314173447	20.8690815593867	15.7202766833124	-4.93293570598378	20.2456802560103	15.397355645507
PIM1 ROBO3	-13.4492782475568	20.8638453222541	16.8781517864056	-9.32769042432949	20.8699830514209	16.0790578403261	-10.6710138209899	21.2315131110998	16.863411806234	-14.776534850115	21.032689922546	16.7633703728519
PIM1 ROR1	-0.700661365462667	16.7565583906735	13.0119008881897	-4.46049096500722	20.3670465124948	14.9969708771411	-1.65517750935464	18.889739966974	14.188438729785	-1.89001110502795	18.8512184294482	14.2190878653886
PIM1 RPS27A	-1.73456002728438	18.9309040024549	15.2235616842106	-1.20054886990366	18.0451010208043	14.1126632956308	-2.34299198627141	19.3540620032978	15.650893604429	-1.85110369380308	18.7070151248835	15.0936929626842
PIM1 RPS27A.1	-2.57991957173977	19.6596483126648	15.9233169111221	-1.52182165511015	18.0548130904472	14.134123440116	-2.0512564989198	19.0396301376767	15.264365858263	-2.37268171004263	19.12298031799	15.3283316497727
PIM1 RPS3	-8.08157199504404	21.1896645369341	16.6708684513588	-5.33248260119072	20.8892296031598	15.3124610153123	-14.3611326451176	21.5272320895583	16.7723622229125	-7.83500380505612	21.1189986335038	16.1978667629514
PIM1 RPS3A	-8.45509304430845	20.5413904270847	16.5376124563222	-18.4787717907263	21.5071383263189	16.5193390426764	-12.8225197401027	21.3585473403287	16.931762216482	-17.5585472763065	21.3237790328227	16.879390964436
PIM1 RPS6KA3	-2.27961648423791	18.4734259740742	14.5952354803358	-5.72540320418803	21.6086766108381	15.2856908969752	-10.8347780150488	21.3421730297787	16.8400813802994	-5.24194974239681	20.3971922622094	15.5001399009534
PIM1 RPS6KA5	-4.63913153563337	20.5344155481207	16.5699894960027	-1.79782492685796	19.4085472388492	14.6161590243732	-4.07421093507516	20.3622783323793	16.1896209615013	-3.26792681001931	20.1649951731101	15.8877065040197
PIM1 RPS7	-8.76252333132326	20.4306777406427	16.3533002800204	-4.70665351999529	19.5606204870184	14.9810519961021	-5.82324401273	20.4867928194869	16.4081809380326	-10.0325663235806	20.3755399542489	16.1946196067749
PIM1 RPSA	-3.69708238563067	19.7297118768105	15.2397769262	-16.6455801011944	21.545589256515	16.3738873144817	-12.4831410131488	21.1704964229988	16.4171828425077	-9.25564828699519	20.8010791859728	16.0333459413145
PIM1 RSPO2	-3.29619040734367	19.7684465906006	15.8393353429998	-1.87728970661531	18.5629656079761	14.2209883107361	-3.29830968603186	19.6041456971792	15.6819900624695	-2.33712273432238	19.3429472967101	15.2505630821979
PIM1 RSPO3	0.471701966915002	12.9470590821888	9.63899433011268	0.0601558567246673	14.3979917833217	10.3869887543011	0.351480661198762	13.7556581808256	10.1383330907428	0.28997894373892	13.9031936221429	10.226538840733
PIM1 RSPO4	0.336344622453924	14.1385493436181	10.0007367359142	0.150330968005317	14.9021020412035	11.4220601206376	0.25849168104279	14.7957918506105	11.0408074495235	0.240186476826502	14.7851022590997	11.0313307343581
PIM1 RTN4R	-12.5525803959868	21.2937139184959	16.991894208831	-5.94220555705775	20.4675662847981	15.8997264103973	-7.76453133978423	21.1721462920184	16.7511870386599	-10.7344128999234	21.0064313018333	16.670421996624
PIM1 RXFP1	-2.91582897800254	20.1637642559214	15.5901266542438	-8.67934970449658	20.5411688045863	15.6822365880874	-4.29862614242865	20.5482422691216	15.7658597765747	-5.74463499754064	20.4030307698043	16.0380579085723
PIM1 S100A12	-8.31001888175167	20.4151583338997	16.5860866111113	-3.13822276992332	20.3080506030908	15.2244318163509	-6.98845233270547	20.6804613720312	16.5596337085507	-5.68333292449641	20.5847066423461	16.2411986863159
PIM1 S100A4	-8.99096850169966	21.0349713408895	16.7892253436922	-7.96303993386827	20.3402609024982	15.602876552469	-10.2577178401166	20.7815243613245	16.5120077453933	-11.5523606354774	20.7635095382253	16.5491194089455
PIM1 S100A6	-7.26094926361123	20.4596153762313	16.0825889192753	-3.83460914521668	20.6914146808573	15.2058201807626	-9.69337434681452	21.2310848502256	16.4768597853189	-6.52814457321198	20.7341372689914	16.0193128099993
PIM1 S100A7	-9.24362625013023	20.8024730862332	16.6432469409161	-10.7783472158736	20.9456209688834	15.9471955545072	-11.8038066699696	21.5598486298939	16.6985634462525	-13.8665088386566	21.0156223097715	16.5866543806857
PIM1 S100A9	-0.637104820964188	17.4989114806531	13.5520965976825	-2.55191288291348	19.433098320179	14.7450307938883	-1.46365078740133	19.0077766671397	14.9661866916517	-1.37436090799498	18.6506647963607	14.3835080146934
PIM1 SAA1	-3.43982550714333	19.8867698786681	15.4665408756648	-7.85207002866826	20.4542993267965	15.8707947121413	-4.41428749808788	20.4751292154045	16.1416322081227	-4.72259497826632	20.2816346387331	15.928689680777
PIM1 SBDS	-7.66241162854123	21.0934035850449	16.4857590236523	-4.32454672239814	20.5276004222148	14.9927302653159	-5.92006615020654	21.233857278094	16.2320005491053	-6.08549434747618	20.9265301475963	16.073780278365
PIM1 SCARB2	-8.92351544181077	20.665786111082	16.6887237714923	-16.4592260175268	21.4566250578453	16.0442313800313	-18.9522781704833	21.6385743974145	16.9851720542863	-14.7900379545449	21.2420067399723	16.7563345705968
PIM1 SCARF1	-1.30472360154003	17.8260631281102	13.7129465832112	-1.15219041383703	18.2723312183327	13.5725802729036	-1.22095481547666	18.1587442584017	13.7494879963386	-1.24675272276994	18.2292455482616	13.898225329666
PIM1 SCARF2	-4.6689156996574	20.2158489317017	16.7209041598899	-8.81834148537867	20.6529863453101	16.1078534461102	-7.25315817613613	20.5314434345874	16.6634688955662	-6.96806463731042	20.6879563014276	16.5489775417439
PIM1 SCGB2A1	-4.71461463613438	20.4401166190773	16.3634968657172	-6.57385153705646	21.0019929642543	15.95587615859	-9.28022705993634	21.3085121990164	16.5732875956913	-10.393048997007	21.2340093874397	16.6541777114854
PIM1 SCT	-5.32805152741723	19.8383683519857	15.7083468341885	-10.4210328787189	21.1295669133808	16.3527452868039	-6.86252582354492	20.7281805005634	16.481152704824	-8.40267556775255	20.7722512145391	16.4224241651915
PIM1 SECTM1	-1.95834671470393	19.0671127271756	14.9132083009285	-2.2116925963844	18.5847620193245	14.2770838043211	-2.34500922513016	19.0672772444596	15.0990430738333	-2.22017609399338	19.0574082068073	14.9456522788041
PIM1 SELE	-4.67107205921454	20.7979846380307	16.2420469605362	-7.33699879510062	20.4265379719283	15.1958333846721	-8.45301795247789	20.8745752329332	16.5071352357761	-7.3056576937809	20.7723978991321	15.9650500762965
PIM1 SELL	-2.23961917028696	19.0248233159738	15.271118436114	-1.64362994079197	19.3527174180652	14.1955585542779	-3.9661592086906	19.9595772221903	15.6269020294084	-2.30393852164354	19.4707344782307	15.0903535366921
PIM1 SELP	-7.0593684912635	20.560549758301	15.949416508875	-3.60288651889522	20.3496964056503	15.1056962651724	-11.0040846741294	21.2566144494651	16.5367017422056	-6.44645088099486	20.789319783935	16.0814826352738
PIM1 SEMA3A	-7.14821890558995	20.4243092648461	16.3045369943268	-6.78769075006195	20.5201270371366	16.0116490546695	-9.38767806258574	20.7214208645681	16.5632778515338	-11.9895239594283	20.7298578410796	16.5217175657231
PIM1 SEMA3E	-1.26078612879968	19.0793538631041	14.4370370794195	-3.05675165152725	20.406726060016	15.3726079968951	-2.27378540864351	19.6723492048284	15.4203896647586	-2.46120803865588	19.8135128738506	15.1697382521334
PIM1 SEMA5A	-5.99551519884217	21.4592089677042	16.145084801818	-8.96451211664494	21.1396579344284	15.782925810236	-9.53329915759548	21.5122188846315	16.4341494653608	-6.80531472537084	21.6117816421658	16.2535379541231
PIM1 SEMA6A	-3.07539705772349	19.8705802750284	15.6780634045618	-3.58015335100053	19.7266314433597	15.1825352290964	-4.23349007190448	19.989288472976	15.9022970770703	-4.01588901897501	19.9757412821324	15.7582983192455
PIM1 SEMA6B	-9.77968324259334	21.563622153261	16.6605111687722	-17.4117503698766	21.810047638334	16.5002857594294	-12.9550077311997	21.8039742743844	16.8995623376104	-13.2995116044745	21.7418682123474	16.7320103812497
PIM1 SERPINA1	-0.730347375823588	18.1156045041556	14.7774897396114	-1.53790780188821	18.378553438143	13.4933742866722	-1.33945264826678	18.4594072683506	14.3953679715462	-1.19458750909871	18.4242369696727	14.3348544716757
PIM1 SERPINA10	-4.30677312590329	20.2351829691261	15.206348450295	-4.38538190837581	20.7078746000845	14.9410630672081	-5.62339355676826	21.0633529928701	16.0387313441201	-4.80760039335922	20.7100840847526	15.4615847826715
PIM1 SERPINA3	-8.49812194222561	20.4417996198174	16.4065037198232	-11.7860494136164	21.776991583364	16.4091629028883	-8.09997002061631	21.3063056015435	16.7378490241152	-10.3172499808677	21.2817090672646	16.6669377947872
PIM1 SERPINA3.1	-1.29956102306375	19.1101706583957	14.2592093093552	-1.25666605348561	18.8730417904084	13.3481273426103	-1.3719124841657	19.5061139964465	14.4234217598787	-1.42375395915378	19.1457596241528	14.0898171270614
PIM1 SERPINA4	-4.1394212328734	20.3199490909703	15.4762112287623	-9.38635865059127	22.1396789761976	16.2471441583256	-5.49106805704019	21.2003253663493	15.9070916743903	-7.20082296443097	21.3693591933573	16.1382337946118
PIM1 SERPINA5	-8.65113780289956	21.1341146286755	16.858789273185	-25.9592249691371	21.6483431769959	16.750798897818	-20.9950074747878	21.5623708664894	17.1122340361279	-16.5194849878058	21.5769766694903	16.9898068460156
PIM1 SERPINA6	-2.59216814501593	19.2920100914938	15.9971516171655	-8.16019484218728	20.5482675729323	16.2077329118531	-5.1366803548884	20.0993965077565	16.3876692852747	-5.9032768985004	20.3124156117089	16.6267478415087
PIM1 SERPINA7	-4.31689861170396	21.0071266011604	15.9943693283177	-6.76454464921564	20.8641160029377	15.6034692560285	-7.19636085283843	21.1802742403629	16.4059460311186	-6.29472099484206	21.0072870666965	16.1610061790863
PIM1 SERPINC1	-0.718935940181026	17.6966738925211	13.389236842468	-2.6768708859443	19.1538869420035	14.3978868831128	-1.69230800006196	18.7361045794587	14.3754517040475	-1.37619583199957	18.6514942395403	14.3222717071003
PIM1 SERPIND1	-10.2436640248747	21.0111315879747	16.3117167470531	-4.50036539327866	20.8015700270976	14.9857483868677	-5.14514377251568	20.8193667613922	15.8718161408046	-6.96482304764317	21.0716075943379	15.8972244112772
PIM1 SERPINE1	-3.30544667555713	20.3005390331267	15.161450806714	-10.152499459328	20.9435370806606	16.1349571118095	-5.69848304906605	21.7182209443703	16.3680098124721	-6.79523494240648	20.8093690771129	15.9664017334402
PIM1 SERPINE2	-9.62324894992063	21.102568914109	16.8081436350087	-4.18161809155105	20.2077579784036	15.6584005726508	-8.82805912937978	21.0155524316186	16.7533285873264	-6.97886138860918	20.7980569161809	16.5591809609529
PIM1 SERPINF1	-14.0476813563026	21.3466508854912	16.76788815595	-3.32244159182998	20.2547554194518	14.9567017478475	-15.1347322445341	21.3288903947141	16.8918331190449	-6.546167696279	21.0578621140943	16.2781301979841
PIM1 SERPINF2	0.226063126137269	13.8101956853865	10.8617693117064	-0.985794370189772	17.7451341322531	12.5075483962969	-0.255432688717449	16.0671120242426	11.8069467252205	-0.350666960565412	16.1224184065334	11.9294608430983
PIM1 SERPING1	-6.50609820594199	20.8338062535158	15.9837889071363	-13.0253014346453	20.7631296174028	16.3141231185013	-11.2601752443147	20.8835270956297	16.7096748745311	-14.6354378569816	21.0187364180013	16.6647773957994
PIM1 SET	-3.30611648099159	19.7796980534901	15.7699201859959	-4.78845484487908	20.2990234709528	14.9312211971659	-6.31181184001356	20.3578131481212	16.0313045748168	-5.33754325651862	20.239694384975	15.7584733405746
PIM1 SEZ6L2	-5.73397426187835	20.2781804406659	15.6650595286074	-3.22411370873447	19.7719373740146	14.6853933501524	-6.29031788953132	20.8114779971163	16.1240051045389	-5.16974349764536	20.3687304640837	15.6659540839618
PIM1 SFN	-2.31537297343346	19.641734628344	15.1552893417738	-1.49803591049612	20.2527725400703	14.5532273794144	-2.64001332468907	20.1279646446706	15.4781808703176	-2.2154266160313	20.0055878739799	15.0981089480901
PIM1 SFRP1	-1.0874860038124	18.040677457752	13.811666729421	-1.17828249111805	18.7962134292679	14.4541137955552	-1.17845482033896	18.6391897417802	14.493486656223	-1.39386270807212	18.5543387404732	14.3352457729113
PIM1 SFTPD	-2.7943198864728	19.670074662468	15.750907636793	-1.16259975659723	18.3088792136093	14.2454504384032	-1.89438775941783	19.2638843610335	15.3559994352625	-1.93171389140295	19.2537607281862	15.3224333091207
PIM1 SGTA	-5.87343621132369	20.1561118943965	15.8898404015269	-4.48571785474109	20.7698428784139	14.7173385394054	-7.3213093146849	21.6595557749717	16.4739077583042	-5.75869079604673	20.7395868196504	15.6313330473486
PIM1 SH2D1A	-7.55781945463196	20.5445124506233	16.5058422114276	-7.20256540862067	20.1457318761404	15.7569140437216	-7.9397498758768	20.6685725837371	16.6419063379345	-8.89642027540619	20.6229200281414	16.4687873522299
PIM1 SHBG	-0.788801162950106	17.2174727151979	13.5935228687783	-5.96003831859889	20.6251221977222	14.916875902574	-2.74825478836616	19.8863431474235	14.9581805085961	-2.4872197847987	19.3241011126801	14.6006114931417
PIM1 SHC1	-4.7731556170824	21.2993261916838	16.1941929522176	-3.72970109042694	20.1919257950041	14.4216204240209	-4.89825409288796	21.5537106436194	16.2438943848757	-5.2919638440228	20.9802548973811	15.7766017023211
PIM1 SHH	-1.87375007892479	19.0058658616701	15.69763273439	-1.19550663174031	18.9730369020918	14.8203475900893	-1.26019133546073	19.157758508547	15.4300123277655	-1.41297753344015	19.1239347924007	15.5395751463271
PIM1 SIGLEC1	-4.4058907298294	20.4694304785823	16.2680464464751	-9.97016544107194	20.7940344654325	16.2949374457418	-7.16138242848877	20.9295918885167	16.5696050496927	-7.03660439197282	20.7817723139815	16.4363186923741
PIM1 SIGLEC14	-10.6978023457607	21.2048827423006	16.8836972072513	-2.36279088952733	19.3594672909643	14.2270321306867	-3.67739179297079	20.468496006085	15.7444901758541	-4.57775553284999	20.3740084453218	15.6859655776876
PIM1 SIGLEC6	-8.28782619006008	20.482837913867	16.405660132213	-11.7614564176375	20.8506722000534	16.1534414656924	-15.1032276484475	21.1367561338229	16.7429788373326	-17.0806249944045	20.9784331449655	16.6553672307395
PIM1 SIGLEC7	-10.2262349285166	20.2578063504674	16.2216371518144	-11.221377988111	21.1669672564288	15.9041172412193	-25.7061634000416	21.4706603614816	16.9912496315952	-15.762261627524	21.0772713897653	16.5407320944413
PIM1 SIGLEC9	-11.9704759589345	21.2900233043793	16.9602741085394	-7.67643036731819	20.9029462204434	16.367853445273	-25.6803776022834	21.5998068435178	17.0904187911232	-12.5210177556143	21.2272883568999	16.8755995469147
PIM1 SIRPA	-5.42587950233275	20.6315699633254	16.2553693208578	-6.90136954034531	21.1159461105189	15.6367769339727	-6.03312054822997	21.0699980711511	16.3266044818213	-7.45462746037905	20.9980373617668	16.1960123238744
PIM1 SIRT2	-4.97921019554374	20.0021899332278	15.7356090263566	-4.67309515808523	20.4821793776055	15.6350335613251	-10.0595130793229	20.8730267541661	16.311310715602	-6.87715999836005	20.820456744291	16.3512654094606
PIM1 SKP1	-4.76702837673632	20.4898994107484	16.1937745181516	-1.7217402687194	18.9916545830845	14.6806345075857	-3.96172986194011	20.1215015387023	16.1077329229748	-3.21692212072178	19.8525457890127	15.7545135119047
PIM1 SLAMF6	-5.29809699393151	20.7044514224444	15.9784390184225	-10.4734744368506	21.2619781676541	15.9381161676954	-6.15581206901366	21.8034025997857	16.5500938772973	-8.26931527578639	21.0656294211798	16.2621746813127
PIM1 SLAMF7	-3.53771878507188	19.3854380823661	15.3387184657259	-18.3592613360758	21.4351048635488	16.3440676490816	-9.61018791513379	20.9169384130435	16.4089201666266	-7.66337753358118	20.7074688526636	16.1817229274758
PIM1 SLC25A18	-5.48973287927346	20.5779171987431	16.095350521102	-10.6055202375539	21.1965853582997	16.0129062645492	-9.32922929151674	21.0574442945712	16.4871080204626	-9.25437623291101	20.9903533170453	16.4091643901598
PIM1 SLITRK1	-5.94446133292124	20.3579539771793	16.7623673793178	-5.34804372774457	20.7035423151419	15.7717105233918	-9.09327727946164	21.165571018955	16.7312623682465	-6.7670735711839	20.7111614042465	16.4492075303939
PIM1 SLITRK5	-2.9458375678897	20.134376563363	15.5861155905599	-8.48242820924342	20.8418117958927	15.5197463776718	-7.59565797573475	21.0188250057335	16.2250606729996	-4.64768465931513	20.5539849322042	15.7289481743501
PIM1 SLPI	0.0643563192128106	15.2294360083334	11.2504020660005	-2.96895181037055	19.5571430075246	14.2308193559132	-0.697076146853174	17.8895619211317	13.4813581846868	-0.818203629135069	17.640091593232	12.9223128006492
PIM1 SMAD2	-12.0487168818011	21.0333438979879	16.6671844550629	-3.16882824608832	20.1237831706631	14.453555553202	-6.40711231217582	21.2960691819332	16.26252107335	-6.21063398452166	20.7445596728865	15.9148170458683
PIM1 SMAD3	-6.36166110359058	20.7439772395225	16.2613446786017	-4.01803027892594	20.6368401933322	14.7480831517097	-5.6310794286889	21.5911604242424	16.2008061854576	-5.8579412021503	20.8559491453874	15.8338284959956
PIM1 SMOC1	0.237570350380469	13.8568895784144	9.91839522003251	0.0775347940774148	15.1001054160467	10.3360679725058	0.172078195155458	14.6243668901076	10.3978117535027	0.219009279497219	14.4735009248829	10.2514420771765
PIM1 SMPDL3A	-4.02937225934264	20.6382789511393	16.8574725220317	-3.65460576376718	19.538911571999	15.6169449526422	-3.52610938264658	20.0710154894832	16.4434297035113	-6.6041769045628	20.3565009564449	16.641502916694
PIM1 SNAP25	-9.98127149753013	20.7830021594658	16.5789156791886	-16.2820924461899	21.617329942397	16.3769939167817	-24.2878106026532	21.4333848989227	16.8851905951144	-21.2105270022268	21.4946300010208	16.8483991783936
PIM1 SNCA	-4.228659846835	20.6491885089299	15.9817538655111	-4.74765055586098	20.7377934173699	15.2596562619134	-4.67891466173236	21.0420051382216	16.0269425436693	-5.74149878727189	20.8657807788423	16.0207493228448
PIM1 SNRPF	-5.53731884629847	20.2562027801287	16.1005868613885	-4.50487546596509	19.5414352229885	15.3627874556353	-5.53375516855259	20.0163489461609	15.9624421373791	-6.32332737608313	20.0331039767347	16.0104068333988
PIM1 SNX4	-7.66606138894388	20.5957928001601	16.6138104160605	-5.12800913910173	21.4770394720153	15.7301532999079	-12.3675187635076	21.6018491547054	17.0628416964713	-8.02368084858	21.4204399682812	16.575685330989
PIM1 SOD1	-3.18132616962716	20.2483914943678	16.0165262596683	-1.03233049482146	18.1113338141123	13.8287484161049	-1.82967464099231	19.5310295035712	15.1652467036518	-1.72945431961415	19.2975988124103	15.1221540441707
PIM1 SOD2	-3.09567192029049	19.6100961056234	15.1522698366962	-0.848082840373034	17.8464968268218	13.4035033145567	-1.82703128877207	19.0452134685699	14.5758420417519	-1.96443287965364	18.9641481355469	14.5748435071562
PIM1 SOD3	-1.56098171208186	18.5258219737336	14.7123713592778	-2.18620800698097	19.5314617132224	14.2946654417362	-1.77922932877534	19.3516417518374	15.1503194934585	-1.87073146611008	19.2377369315294	14.783056259427
PIM1 SORCS2	-5.71121977497771	20.6340903532035	16.5740038631841	-3.89782605697799	19.4661894906456	14.3723730495321	-4.40385036779247	21.011732878377	15.8102210824156	-5.50800348269161	20.338366918084	15.7417128797584
PIM1 SOST	0.418172207554692	14.2162099922173	10.5546204197759	-0.446716417603331	17.8047250158552	13.244804368154	-0.269083981511098	17.4911370353639	13.278682264921	0.0384807378429453	16.254330881746	12.2135345441397
PIM1 SPARC	-5.02859884872287	21.0089864810388	16.1923205254106	-5.77815602238639	20.5446268746093	15.5250570483449	-8.78825116067584	21.1360928933654	16.7852479770579	-6.96391518426601	21.0261052273687	16.2833379511472
PIM1 SPARCL1	-2.48194992272785	19.6186870136133	15.0093439373631	-20.8617725463277	21.1237351552483	16.4549661708986	-7.98532156573318	20.7967261029583	16.4993468856688	-6.01024638439119	20.513370171575	15.9982915796287
PIM1 SPHK1	-10.5037102552387	21.0010214157894	16.9383300834682	-4.05098710009656	20.3860047399708	14.6522781909194	-7.0726388664055	21.2859926617939	16.3422593872484	-6.66408287029423	20.8868245728234	16.0970110827832
PIM1 SPHK2	-12.7061099727787	21.2094439848495	17.0056765084936	-35.0411621857904	21.4872000453655	16.6552518795932	-23.8686525169691	21.4461484124559	17.0593033108204	-19.5060278496932	21.3837325124505	17.0253942468789
PIM1 SPINT1	-2.22033822247681	19.2985161429279	15.117946006878	-1.83011878044881	18.2168019249757	14.1294178929629	-1.97453569413715	18.9309877570797	14.9751667250919	-1.80462700211781	18.8030561039559	14.9347779356599
PIM1 SPINT2	-3.62992927029146	19.8849392733012	15.1420241403119	-5.12649198870232	19.7022634288801	14.9233271821983	-7.17737960172491	20.6606646940579	16.145344594493	-6.02232438809989	20.3782912513035	15.7982337376408
PIM1 SPOCK1	-6.7508160169292	20.6393665617012	15.9582033123099	-10.7927243666348	20.9666749125969	15.8901947847474	-12.2385985105793	21.2104957066706	16.6357245349312	-10.2729735685616	21.0063582884286	16.2667301046911
PIM1 SPOCK2	-3.96087818254099	20.9861304865198	15.1893049582829	-2.91030346584	20.5516039583156	14.5560419477115	-3.52602834432634	21.1594037962254	15.1288625245661	-3.90442272813346	21.0133268151051	15.2452559902716
PIM1 SPON1	0.261970004544267	14.5884098855393	10.9034749924448	-1.15444101808619	18.363529629251	13.6180365032061	-0.265096534363344	16.6972753953866	12.5643558129248	-0.278746334703481	16.6401690939355	12.4745705504225
PIM1 SPP1	-3.23101713957027	19.4050222693414	15.0228637381757	-7.25543784441634	21.3914073402993	15.8570531299607	-4.48639930568928	20.9484809282071	15.9425304183668	-6.2509256429672	20.7055476396501	15.8483381332986
PIM1 SPTAN1	-5.47688752270624	21.16615401267	16.7501441430047	-7.5470681063115	20.8825539658667	16.1018648455978	-13.9291895302122	21.4635676250959	16.9529130929835	-7.87380488365612	21.2763918759666	16.7382729624534
PIM1 SRC	-7.65023300266017	20.6911611225706	16.5749666588636	-3.92325151875717	21.3706647698107	15.018443147742	-9.51880666536448	21.6157447501957	16.6770127938966	-6.46697377003868	21.1917769328819	16.1034421451343
PIM1 SSRP1	-1.62443896355335	18.6338479996448	14.8132595477676	-7.10143980188192	20.3442664103518	15.8765110446061	-2.96731396575417	19.625878992462	15.5535743235426	-3.95302728124905	19.8054680871037	15.7983799811161
PIM1 SST	-0.313507884895673	17.065788144631	13.2947088789776	-3.55548664860157	20.038140961028	15.453059209852	-1.89162333437274	19.5091386347274	15.5236673669583	-1.35483879009206	18.8678692302347	14.6681091425792
PIM1 STAB2	-14.3315443971082	21.2162872393298	16.8008818676695	-5.07502946847789	20.3045891837918	15.3322908395652	-9.39982437015002	20.7700787151913	16.4377329018685	-8.69191243936561	20.9431551445643	16.309471032113
PIM1 STAT1	-4.23514052064708	20.0458611163335	15.6823038858729	-1.93069753105819	18.9961540060445	13.5655626341574	-2.86139478908169	19.8763802157354	14.9136042733982	-3.10318079914	19.7793638123501	14.9599937152004
PIM1 STAT3	-10.6065361123195	21.5765008113219	16.8171163830459	-3.75289329847747	20.2458979416229	14.9716385682655	-6.81010153278625	21.3577771272182	16.2850146434762	-6.2920567369336	21.1991409269261	16.2058436210464
PIM1 STAT6	-5.45153799849784	20.9581038514054	16.5630188257191	-13.6031451076398	21.2401564006162	16.1329274380651	-11.5156302810626	21.1615065469301	16.8281343955387	-10.3819338155903	21.097079692437	16.5788086537912
PIM1 STC1	-0.141185610683229	15.7838343801967	12.2936013283046	-4.08677112391303	19.6596467209266	14.8797693299901	-1.63404132193035	18.4513008402977	14.217205810658	-1.37450664684772	18.1066021680442	14.043749278274
PIM1 STIP1	-7.36458722843099	20.9445205005689	15.9816695810571	-6.07204409993929	20.6428897133929	15.3746837138989	-8.36847737975561	21.3201924281126	16.5086376710376	-8.77358712467266	20.9776440806613	16.1361495584386
PIM1 STK16	-7.46011099972244	20.8393322242102	16.3840428093142	-27.0651046427088	21.8199556059849	16.6364562141303	-15.6158825740757	21.468912238175	16.7681373686993	-17.6202912446451	21.3967777851737	16.679484073376
PIM1 STK17B	-15.5201678424823	21.2728687488321	16.8462935021185	-14.8853269178087	20.8424087867593	15.9846949035338	-15.5460941425151	21.2820347946419	16.6766379143646	-18.2531945074531	21.2991519759019	16.6426416298174
PIM1 STUB1	-3.98492116711181	20.0570239590666	16.2991071365712	-11.6164126181092	21.6529058079647	16.3095944215882	-9.25844703569165	20.7455458120459	16.5474351116883	-6.52202278127171	20.9505619012261	16.6084285420351
PIM1 STX1A	-8.73933522800895	20.9481463562956	16.5755462448235	-14.0651762921359	21.3679982516663	16.134262649267	-15.3318988205212	21.3689585174673	16.8656725608024	-14.0151303186841	21.4059520980204	16.6810827439763
PIM1 SUMO3	-3.86900124894056	20.9734650936896	16.1004265185868	-1.91012391455562	19.124077278295	14.0317232570992	-3.35690987393606	20.6176131001134	15.7905742543051	-3.59381015010174	20.2483032136511	15.564863915781
PIM1 SYNCRIP	-10.4932069343736	21.2553825610013	16.853189299325	-4.28687927403695	19.9732813607268	15.0074728418218	-8.50678135405711	20.9493978931013	16.6279794772683	-6.31345113652991	20.7567687650877	16.1385295408426
PIM1 TACSTD2	-6.19301916813428	20.5142141904295	16.3061404882923	-4.76686841670011	20.5044380512293	15.7657517912109	-7.82765586883067	20.921982353776	16.577994480799	-6.32922136018516	20.6884071546667	16.29489934484
PIM1 TAGLN2	-5.38739977810932	20.8979980855384	16.2553531681244	-8.06506751879352	21.3409062337858	16.2232594903793	-14.202636423228	21.4621747192468	16.9231599530835	-7.34882220142159	21.3573166268375	16.504352322716
PIM1 TBK1	-9.57737123033116	21.0255637770927	16.6838233375077	-2.69030308931119	19.8350474490811	15.030498850311	-5.90814999305356	20.7172880929011	16.2991555515056	-5.26128845986723	20.624849850527	16.1772558737226
PIM1 TBP	-10.2092249574568	20.9226317926562	16.8864521836216	-12.9312822346258	21.1130934128288	16.1065578691303	-17.7093862766976	21.3512632500229	16.8715065625636	-17.0310435426757	21.0774068708294	16.7524118410506
PIM1 TDGF1	-16.394208596334	20.9920341942326	16.6264462272044	-9.916589972778	21.382150826509	16.1452767279277	-18.7170382484712	21.5848338052359	16.8580932520821	-17.796805892988	21.3698275342654	16.7276473090666
PIM1 TEC	-4.54481112396687	20.4040332616239	15.8742787510239	-3.54385573241475	20.5740960674281	14.6434848602333	-6.65449250629601	21.5880995690086	16.3489588966679	-6.22047403507341	20.7842803126746	15.8342054978062
PIM1 TEK	-8.61696465114821	21.1757087355156	16.7015587505825	-6.39086510386099	21.4906487736761	15.7019856807173	-8.25243547021603	21.3751740548938	16.3681882844051	-7.97207688668706	21.5566865468437	16.3947309969974
PIM1 TF	-1.82858310044634	19.1505867107732	14.6273937760256	-3.15778136677938	19.4354993900413	15.0711153283795	-2.45736567093708	19.6533927248817	15.5567836513917	-2.44961567262255	19.3239451055404	15.1165466440737
PIM1 TFF1	-5.9566284487938	20.3306595265831	16.1161240074619	-4.48992479428485	20.2827785631522	15.1577996497622	-5.62944171413926	20.305417141867	16.0082612017859	-5.0775960489908	20.354372849046	15.8948421660703
PIM1 TFF2	-1.97570488185262	19.1419478247814	14.7970103736932	-2.33080840461084	19.5293568778001	14.2350625541161	-3.69866288749005	20.2209493882072	15.413176031588	-2.70585438350153	19.6216599743815	14.9066556376041
PIM1 TFF3	0.185880732755044	14.7923125444483	10.4718777939109	-0.963870852239388	17.6758830178052	13.0428730467333	-0.0741990855908101	16.4562160351908	11.9663449809455	-0.131765571910183	16.3466764342974	11.9281692797887
PIM1 TFPI	-5.30715455137255	20.6967986669536	16.5299998531567	-2.84841822090504	18.6772770406221	14.8223109089163	-5.54530732338563	20.308270307006	16.2645964449889	-4.78792965364333	19.9342703747898	15.9900894594913
PIM1 TG	-2.58724003282615	20.6660210257127	16.0633170482422	-19.2864225379592	21.6645008379321	16.3826537015596	-11.6883579828245	21.5471693085768	16.8826884981254	-7.312166595848	21.3172236372232	16.4836377148219
PIM1 TGFB1	-4.18116237783987	19.9987715919525	16.3608419290342	-4.80671263413385	20.0647486335868	15.6647318021293	-4.33133493096345	20.3622340823572	16.3086906755647	-4.8934224038071	20.2442196234522	16.1889824753308
PIM1 TGFB2	-4.30229309862899	19.7164142567119	16.0142317297656	-14.5466776514281	20.9951590248537	16.3949643141922	-9.92149829697364	20.746966799918	16.7806972157268	-10.6741705798755	20.7578600118835	16.5729579538557
PIM1 TGFB3	-3.58322137219763	19.2457006627587	15.7701538357469	-2.77684389056246	18.3181297109392	14.5247540559311	-2.99454800644401	19.1427097193289	15.6384637220757	-3.77168156047372	19.1840350616193	15.5908148921367
PIM1 TGFBI	-5.65208001778305	21.0174455964237	16.4970078424493	-7.1094726297258	20.7343428271934	15.9762656655582	-6.42875393882245	20.8728413238957	16.5037649663316	-6.84474267502284	20.9154495046868	16.4280025402521
PIM1 TGFBR2	-2.8500551987548	19.62080940001	16.0142983092129	-12.9772651874066	21.2874431860185	16.1539589180661	-15.9051649365251	21.352242413401	16.8124421834239	-5.87110426477543	20.7001839767645	16.3012261384123
PIM1 TGFBR3	-3.99336267283677	20.9939992310215	15.7339776050323	-16.8172438151762	21.6971575137031	16.5279100623456	-7.05028834337681	21.6723016042557	16.4991873381711	-8.55798567880488	21.4142956170789	16.3371750953936
PIM1 TGM3	-2.25586321908913	20.0862874879429	15.9207871130689	-12.6222068115079	21.123987853187	15.9509281455205	-10.9147781898512	21.1580374312318	16.7152810903136	-4.96915718702554	20.7741160439222	16.1709769727419
PIM1 THBS1	-3.44458249232894	20.9234695063116	16.3963276543939	-3.43476584578396	20.3757157578693	15.1630073601987	-5.96878500140233	20.5403009383205	16.4661044658049	-4.60711456612047	20.6940819424339	16.1676491949645
PIM1 THBS2	-1.16364024327064	17.9907338588417	14.1321483468345	-3.0729301005776	19.8744124972864	14.4638923878793	-2.56882566812047	19.5940995085207	15.1489387619652	-1.91296292704296	19.1907068091207	14.6910960805421
PIM1 THBS4	-0.324475986077768	15.9726605683179	12.4809301493238	-0.918659358464139	17.8119930357521	13.0950147617551	-0.831688064394096	17.2845724516525	13.2780381039393	-0.581123868611357	17.1301180099067	12.9540577718046
PIM1 THPO	-10.7627510215545	20.6892315671223	16.9621976192349	-16.9836301203209	20.9916981200293	16.0071074422442	-14.3070902930305	20.9460166560849	16.6984569560851	-16.5189429398856	20.9415376901555	16.7635353642449
PIM1 TIE1	-10.477234576548	21.512941612824	16.8805375661623	-6.48140613125233	21.0408520473496	15.4632131924269	-12.0778303780221	21.246458004467	16.5992004142765	-9.78908863464386	21.4152233546035	16.472978756027
PIM1 TIMP1	-0.0621430144590027	15.82115375522	12.6946989724146	-0.5664534163408	18.4389891230459	12.1485573500734	-0.357608007561209	17.1389163451132	12.5024981151039	-0.361937322230936	17.4466824531898	12.6216034306045
PIM1 TIMP2	-1.34640288008967	17.9886517479818	14.0429763187577	-2.73078179382564	19.9953175384528	14.8915420679908	-1.90173795629169	19.190450016751	14.6998813301977	-1.89537430276378	19.1154662650903	14.5978175881206
PIM1 TIMP3	-4.8797263406591	20.791071533817	16.4246315118291	-3.95121024707372	20.0196084171445	15.0690381542267	-7.56111696675656	20.8142245502805	16.3692939780738	-5.53237713110947	20.6079789330558	15.9849655864199
PIM1 TK1	-8.99250729305685	21.1515956389793	16.7073547051668	-21.405749710209	21.4955554596576	16.5004134967694	-18.7517884096358	21.4982780546934	16.7944881119327	-14.2524775343066	21.5202303432887	16.7710131874215
PIM1 TKT	-4.5759218553532	20.3564804097581	15.5113194421912	-3.19711012502292	20.5775736834354	14.9431299098555	-7.56631635817796	21.2272781032581	16.3519447216927	-5.36306470255189	20.6335047669893	15.6773948411199
PIM1 TLR2	-7.60741814820544	20.5777847481328	16.4711139709946	-15.6090390340928	21.1611603588388	15.7242011211476	-16.1288825969921	21.226682454054	16.6059445703288	-11.8044433066889	21.0411055860099	16.4371736895295
PIM1 TLR4	-5.60297609151898	20.4159190053817	16.0638932953092	-6.72446457420001	20.9758154747426	15.6728544414239	-6.80624903179063	21.2298051777084	16.2981765996839	-7.67818126759171	20.9555554531408	16.2020063718536
PIM1 TLR4.LY96	-6.48241667072347	20.9070764126383	16.5520620178768	-4.9342752116593	20.803263158209	15.2277447063502	-5.88374895669726	21.2337339182466	16.3067536222769	-7.27207396957379	20.9986826011246	16.2187630614812
PIM1 TMPRSS15	-3.66734522655008	19.8348712241938	16.6524042742126	-1.86651061120471	18.6537910696822	14.2879845881088	-2.89463244082593	19.8987353613525	15.8233235165762	-2.64669538091296	19.4270848624005	15.7660599963934
PIM1 TNC	-4.86500330638189	20.5356921416639	15.5677681255738	-5.73632046535751	20.6669122267371	15.6685320144423	-6.78978446415007	20.744230052325	16.1843646893656	-7.24147273063644	20.7333832200815	15.9879850213991
PIM1 TNF	-0.143837893060144	15.941257090071	12.8879514930564	-3.67452204336594	19.1592583990278	14.7562973730929	-1.04018972048198	18.431664700041	14.50670459209	-0.996703754908398	17.754556057607	14.0395089822855
PIM1 TNFAIP6	-0.566867747969685	17.9704122917456	13.8938221856709	-7.52817759348058	20.5254714862366	15.6314446602891	-2.81731970598355	20.337261121118	15.5883712071695	-1.87261427502086	19.5500846926333	15.0227442015591
PIM1 TNFRSF10A	-7.4765127384208	21.075524585447	16.5110333780781	-10.447237892081	20.3435315314512	15.5240864936392	-8.09187548377709	20.7963478596533	16.162643929848	-14.0650348405299	21.1094520917926	16.4997208024623
PIM1 TNFRSF10B	-2.41261182031864	19.4724865704596	15.2759890342479	-5.54471659844875	20.0140544589662	15.3994064119062	-2.75364806740263	19.5842500946918	15.6522810219897	-3.57748580645703	19.7711173750619	15.6314039227212
PIM1 TNFRSF10D	-1.1364236115491	19.2046680235533	15.2725859480887	-5.17302163951402	19.8216609191365	15.6260712091246	-2.54330593747146	19.7435822881558	15.8765460316106	-2.12258479281284	19.7487947888189	15.7313480444953
PIM1 TNFRSF11A	-2.32291962540549	19.6149727079539	15.9710702082764	-4.0272590501732	19.3363564922565	15.679977685426	-2.87235867073295	19.4822855020048	16.0896888174534	-3.17718856336299	19.5899468478218	16.0566938224244
PIM1 TNFRSF11B	-13.6652495060768	21.6333010880427	17.0231338807804	-15.5727916038245	22.2230613105525	16.2786822846719	-19.4728097052934	21.8914957854615	16.9087359974766	-18.0795706483903	21.9186164218526	16.868296072298
PIM1 TNFRSF12A	-8.24722217376697	20.6915671195239	16.76058634964	-10.3176198422159	21.2446725557653	15.9611752492725	-9.18588372101562	21.0686102565424	16.572933059963	-11.5453630791539	21.0328429610635	16.5747957757761
PIM1 TNFRSF13B	-0.674667510117447	17.5328838960186	14.425652516519	-2.76818292185345	18.6168466069459	14.2904349278736	-1.66276927275795	18.3657399843101	14.7552300762892	-1.30939299034778	18.3838819333589	14.574683264029
PIM1 TNFRSF13C	-2.00517030518375	19.211413730867	14.6670277504181	-6.04006867968794	20.6503744221826	15.0784706892527	-4.34181386060397	20.3595580967615	15.3395676597489	-3.5348947327287	20.1312970159059	15.1344704407032
PIM1 TNFRSF14	-2.39437744033086	19.963893347196	15.7856374313261	-6.00759143060973	20.457169483833	15.408409605031	-6.18065477486663	20.4377736705721	16.089968937153	-4.48276176697953	20.1798361036725	15.8112920615985
PIM1 TNFRSF17	-1.68530105007139	18.8420470484355	15.3162816456188	-6.66669824474386	20.7594264754888	15.4897091222552	-3.7709859536704	20.1316144667672	15.8371784283777	-3.27167061664207	20.0675184344685	15.6987155070854
PIM1 TNFRSF18	-2.13923344546605	18.9257743843143	15.0157614529056	-14.1545262372617	21.0457842746214	15.932864463798	-5.82782180538168	20.2305282829181	15.9574730693457	-6.1063827875238	20.3252032114591	15.9723773502375
PIM1 TNFRSF19	0.141956835276364	14.8364830659587	11.1570261113062	-1.40051464275601	18.2122855230117	13.4337428808335	-0.362634917987961	16.7289459401482	12.4455787949626	-0.404660213747554	16.7095149030829	12.4788834321488
PIM1 TNFRSF1A	0.38330425184438	13.3576117223969	10.2208805356735	-0.100806952814059	15.8107175814316	11.0914112361397	0.139121069789896	14.7400617494339	10.8768895037241	0.138050009675838	14.7905364029095	10.9229903153123
PIM1 TNFRSF1B	-0.113393512863398	15.965640125697	11.7619668203941	-0.646689340366601	17.0623052131125	11.9556658606728	-0.309450596521505	16.5323587163344	11.9829848471588	-0.336884882935209	16.6546737313954	12.0166560682194
PIM1 TNFRSF21	-1.28293889840439	19.19980635363	14.4409203489437	-10.8918569493382	20.5710562288269	15.6226312988076	-4.55327323079313	20.4463843103542	15.960537898322	-3.41843589481246	20.1000865371142	15.372134242939
PIM1 TNFRSF4	-0.0379879233777363	15.8602623056948	12.0839058661735	-0.632953524679226	17.0206092111965	13.1558720268627	-0.202665621754162	16.6447971880746	12.91512610024	-0.36830580114848	16.6709410926699	12.8840346713151
PIM1 TNFRSF6B	-1.55271980053105	19.002359938102	15.0160241941439	-8.18098991794189	20.694771378448	15.7932821861702	-3.72919476997314	20.2601507631327	15.9119078015322	-3.19858804391327	20.0101641677647	15.7685509996528
PIM1 TNFRSF8	-4.06638371722015	21.0505172142675	15.4930694391588	-1.40415703332127	18.358114206278	13.5695569432159	-2.20385839056959	20.451270382035	15.0231280807119	-2.29145948809455	20.0530352452191	14.856739450661
PIM1 TNFRSF9	-1.32646213030563	19.111368808166	14.9912748537859	-0.629113337550044	17.689057635384	12.9643798206674	-1.02454880466566	18.6019926787272	14.3714124230094	-1.08796347193673	18.5342314765926	14.1559593123873
PIM1 TNFSF11	-10.2076976981534	21.400907849795	16.802933749878	-9.0155013023571	21.5817273737548	15.9405762057694	-14.4221540868586	21.2142444573776	16.7758139886801	-12.6346995377429	21.4598186401867	16.6096888273511
PIM1 TNFSF12	-4.03115047345361	20.2847029998129	15.4898673816871	-14.2910223352497	21.0387976690193	16.230685802779	-8.22966491224182	20.8741603292122	16.2594321150612	-8.49219429096673	20.7767404448265	16.1595497233376
PIM1 TNFSF13B	-11.0829117598939	21.1682495099869	16.7394003776062	-12.6769116176435	21.1796889911627	16.0596095813398	-13.5581404769383	21.579016402192	16.7884186286055	-14.1284470953049	21.2922467619748	16.6510879212503
PIM1 TNFSF14	-11.5787232192415	20.9867926770179	16.9892340847516	-17.1725250737135	21.0203178282554	16.3851534154717	-11.4990121121137	20.9634689473879	16.6731018478611	-15.5817248267008	21.1334628806912	16.8033889004031
PIM1 TNFSF15	-1.7756770616245	19.0448823106557	14.2357915166297	-3.9430783754373	20.6648982730131	15.0660811944366	-2.30340664727305	20.0655514270947	14.9713545304868	-2.76887492876444	20.0459026654733	14.9132805267048
PIM1 TNFSF18	-6.17761463690225	20.6320344134592	15.8284620430711	-8.14613400959722	21.1779058819644	15.3952806836886	-10.2495319868124	21.5419586055964	16.5455366265218	-9.87302606527887	21.3063070899987	16.1874668519922
PIM1 TNFSF4	-11.9342543476278	20.9670626772646	16.6023936185319	-10.5845760545075	20.5239651951326	15.7661527935188	-12.3290117780858	20.9226985810823	16.5646901968527	-15.2055202998517	21.0707216466645	16.5716278136066
PIM1 TNFSF8	-3.02360806960685	20.2435112898957	15.9040126449456	-16.3499521292422	21.5458332434958	16.3331089119222	-4.70178542509549	21.1022689117156	16.4155655878432	-6.43992927811184	20.9515689420705	16.3043671652583
PIM1 TNFSF9	-11.6216008706026	20.8829346422461	16.6763902795026	-4.82726284939964	20.0026226363729	14.5354068939741	-6.76265947946151	20.6846678067298	15.8439339185886	-8.3228020263941	20.9174620503165	16.207196272751
PIM1 TNNI2	-6.80233696617478	21.1975965188923	16.4079540897615	-5.26349333782281	20.8769991093007	15.3608205678329	-9.12429835201859	21.5408852369504	16.5121054537039	-7.78594157614857	21.3716114361254	16.3247962627706
PIM1 TNNI3	-0.412791542763367	17.1094456676594	13.5684871751366	-2.4808388016187	19.7811895310464	14.7339179391898	-1.38933263410385	18.6955645636984	14.3371572996522	-1.25996481900009	18.6666554255507	14.3909357033955
PIM1 TNNT2	-0.477842233200287	17.6706887316748	12.7645419701462	-0.474433380752532	16.4958899363804	12.0252244999083	-0.865634368795351	17.9396725162391	13.1576694344787	-0.57283722331812	17.2888695700692	12.7294306534621
PIM1 TOP1	-5.84772099561141	20.5392794018737	15.5525373947701	-11.0419544174368	21.1091064588684	15.7682665703764	-8.81709090673328	21.2465476395493	16.3226020423145	-9.61489585390736	21.0105692645557	15.9952553795445
PIM1 TP53	-5.50892164025587	20.2698289116612	16.1562408713409	-8.88789956153537	21.0636322927062	15.431704338746	-17.337321276906	21.7370205158375	16.8518575967038	-9.36059974426619	20.816812676436	16.051505087127
PIM1 TPI1	-5.30994207706691	20.2918274762803	15.628884797775	-2.94774495312114	20.5780477196255	15.0721634936963	-5.50057802947215	20.8152866688347	16.1143756881025	-4.52046775329879	20.6042028705708	15.7843832194627
PIM1 TPM1	-7.46381107833964	20.8993552285578	16.3642807959677	-7.23530899700562	20.5639779369408	15.4346236633821	-9.48890283687071	20.9952882840385	16.3386524086702	-8.34834471763385	20.8199602448265	16.0318336544861
PIM1 TPM2	-13.1179822486444	21.3790203804067	17.1518282089961	-11.579540533855	22.0435931586296	16.2192890486268	-26.1833919860181	21.8064069797788	17.1463041883537	-15.4463359444472	21.7710530859032	16.9322220648142
PIM1 TPM4	-8.40008399393602	21.1644017515765	16.9499666528062	-7.80692562083356	21.4134665016697	16.1923768350365	-13.5400459129848	21.6292578427828	17.012236017434	-9.6823222112605	21.3778161995675	16.7790754069015
PIM1 TPO	-16.6593906724033	21.3520974238663	17.148629913433	-12.8508878662607	20.8685252866944	16.283893363111	-29.5607754799618	21.586004305146	17.0263533397992	-23.5306989067513	21.448886940812	16.981083277125
PIM1 TPSB2	-3.86547404361045	19.9319001626247	15.402106704249	-7.49148482985222	20.7193314586551	15.3523629315694	-9.01213532268776	21.0642102481884	16.4466110390105	-7.80174495680955	20.6284708133577	15.8013234492768
PIM1 TPSG1	-6.92471291541446	20.0637428707991	16.2032216734162	-10.2083621747925	21.1386488646817	15.5920009260276	-15.1019920003035	21.2720013188369	16.7240860206616	-12.4396461022628	20.9605859739098	16.4338798575006
PIM1 TPT1	-10.6390522946893	21.1047133962026	16.6567216326631	-3.27667750660746	20.8064291215604	15.0680319717428	-7.0550171819088	21.2984167064689	16.4572864021223	-5.38978987714686	21.1496114961924	16.2398406353111
PIM1 TSLP	-8.51883216005664	21.0998706312621	17.0129609465366	-1.95351381621832	19.2708452442023	14.3908470640812	-4.12395583268897	20.651536745499	16.1334670477662	-3.99573169784642	20.3524065814955	15.9185137717934
PIM1 TXNDC12	-12.435349884133	21.3711202004009	16.8634042817855	-5.72928394873861	19.9386383160501	15.0478813014021	-11.205419830601	21.1158725731434	16.5036299218341	-9.43123915710265	20.7636821778348	16.2036981189797
PIM1 TYK2	-5.80509489615562	20.5225513909723	16.267632054988	-9.72483650519419	20.602468547773	15.5530194561576	-9.38540849694845	20.8640680211339	16.2469261076389	-8.65524431620841	20.8560697723649	16.2249376827368
PIM1 TYMS	-6.13644284045008	21.0444015681916	16.4598846284469	-12.1629265746703	21.3652812743732	16.1533575748935	-18.3772892150099	21.5884561501826	16.9042731897347	-9.581670896086	21.2779473245152	16.4739084861158
PIM1 TYRO3	-7.06784623090088	20.4701283341955	16.217018423215	-6.56910377051571	20.1432725783163	15.258028864471	-5.74386359037769	20.594590545243	16.2029272599437	-6.84719080865234	20.4540487378105	16.1235206181568
PIM1 UBB	-4.90282626153312	19.5972069339581	15.4062037898116	-14.0379138573606	21.6001997751723	16.5071886870286	-9.0053257728291	21.0162029426514	16.4450604502631	-10.8191499181676	20.9428738880477	16.3391280281364
PIM1 UBC	-1.46475553031523	19.2222847390003	14.8901714039875	-1.9680742944378	19.7954707029624	13.7521270183534	-1.95266947538311	19.6753952540169	14.9957917738152	-1.8531028277736	19.7207059741434	14.7057579721436
PIM1 UBE2G2	-4.07182282329764	20.0521385980998	15.8615971673961	-9.7208084375889	20.8209568018451	15.4374772357807	-7.03356866136019	20.6009932655638	16.302030165366	-8.11999323729146	20.5374768450485	15.9649078081121
PIM1 UBE2I	-8.24991650784608	20.749199018216	16.1625074810675	-2.4261577482611	19.8038218822908	14.7154551916972	-5.08423391300949	20.6911395566707	16.1015480025666	-4.9872252812168	20.4382253442657	15.821620362993
PIM1 UBE2L3	-6.48674580334894	20.5281880670985	16.0595221489943	-2.52621759647367	19.4969790505698	14.6092203785491	-8.357938530433	20.8216235475901	16.4435501066801	-4.67703701725066	20.2625111784575	15.7117886906588
PIM1 UBE2N	-3.98998894309231	20.001196126123	15.3434536955753	-2.96525925172084	20.3551033819445	15.2044738009866	-6.43882812206516	20.9087230673504	16.2821304678261	-5.02662662877303	20.3343118746788	15.7387996870252
PIM1 UCHL1	-6.66075389544316	20.0221051634088	16.1764000098859	-20.0940890777565	21.5128711442519	16.663469755265	-12.4380774260232	21.0811887358125	16.8650236782707	-15.4482099562533	21.0528463245075	16.7398232798609
PIM1 UFC1	-5.58752519734574	20.6132141356256	15.992924679851	-4.96525264066565	20.9098358783802	15.0077060489313	-9.23679946339588	21.8398252216238	16.7438142581179	-6.62216552816735	21.0220755907701	16.0064178323029
PIM1 UFM1	-3.50537242312734	19.8693467400676	15.5243165505187	-6.12490458283725	21.2181811871496	15.4614160404293	-16.2050717976611	21.4675093117202	16.9955200023183	-6.16196114977827	20.7695485539506	15.8938917655699
PIM1 ULBP1	-4.08477149902677	19.8388100467642	15.6762524867543	-17.9825160835404	21.5644247382739	16.4915613339612	-11.6598905819019	21.0414780591182	16.7282846853409	-9.35552083421879	20.875701458294	16.3514198759867
PIM1 ULBP2	-11.5138196131675	21.2946974355676	17.0070053400781	-9.76735845544783	20.9025239552025	15.4840564702341	-11.379500084912	21.4893207682071	16.7564386734289	-14.1733116143242	21.4429268017845	16.8330015070836
PIM1 ULBP3	-7.09523380300586	20.6880665943319	16.4626951554532	-2.00425858531454	18.7963936104182	14.2899535182725	-3.59303918414837	19.9710029268994	15.8794400768865	-3.95799487369336	19.9281573840121	15.6647546163679
PIM1 UNC5C	-0.37573506105981	17.0451972539346	13.2037332146742	-0.873147228502127	17.0153170333666	12.4146807418468	-0.568796530780911	17.2940467330873	13.1310874084184	-0.537312213713055	17.172895829618	13.1107039455383
PIM1 UNC5D	-3.27217090128205	19.4872867636078	15.1326107484843	-8.94710446299796	21.2781698670308	15.8432952312459	-7.02594146762729	21.0406644964504	16.1717025108526	-6.77936787564398	20.6828083255849	15.904676878198
PIM1 USP25	-4.96816644594105	20.3084397981606	16.3110227145826	-11.651920710732	21.4518450987914	15.9878276464418	-14.605375205938	21.3901759461538	16.7578593892757	-9.5512683823701	21.0364546592212	16.3393665627901
PIM1 VAV1	-6.13052255789856	21.0473939913945	16.6282882581739	-3.22585438249286	20.7040396920127	14.3969872754317	-6.86103711180375	21.9498000961312	16.4570266928278	-5.54360899790056	20.9720649002308	15.7917197474587
PIM1 VCAM1	-1.99709861773335	18.9347418622983	14.7860568068384	-2.44176623810612	19.5771268389868	14.6750992525194	-2.35268206085432	19.631769136926	15.132842604637	-2.25422726882936	19.5121356497691	14.9869883475851
PIM1 VEGFA	-0.352452333813035	16.9655373302546	13.0483615749335	-0.302677584456531	16.3556819492399	12.4059633561322	-0.487457212009116	16.9743722077316	13.1832224197159	-0.414701690104227	16.8604266587667	13.0979197993499
PIM1 VEGFA.1	-4.16940962444684	20.5666669718216	15.5136993416141	-3.89194271275567	20.3941661592525	15.4929479177153	-5.91782852564006	20.9772032042017	16.355222824112	-4.85118170422662	20.6425352211117	15.9658233164509
PIM1 VEGFC	-2.26729242946743	20.1600450501438	15.8766656803126	-0.786927880742655	17.9360507220796	13.064490040158	-1.84280785729077	19.3697204997053	15.0601143149636	-1.48324132695356	19.1050587534923	14.7345048007487
PIM1 VIP	-9.15097287563595	20.7533628055525	16.5013570854812	-2.19723734510274	19.1805310374498	14.2343425753662	-5.1398634909019	20.6246302844166	16.0791653293661	-4.67744463833759	20.1160803953802	15.6140701940442
PIM1 VTA1	-7.27603274231836	20.6839444346255	16.216340747692	-4.6403795065633	20.9739639284395	15.1584215849807	-8.11757537777405	21.3801910477558	16.6034031458084	-7.73196750409186	20.9719081499907	16.0221436772275
PIM1 VTN	-2.66858221564426	19.5678258889451	14.27122895357	-2.63834412379877	19.268138393834	14.2672182995855	-2.23920477802633	19.3514815943942	14.3702897610151	-3.15685874221434	19.8151012812237	14.6896142781853
PIM1 VWF	-4.99635236134501	20.665286056435	15.3458071756982	-12.5620034034633	21.2726153296677	16.2563963919715	-7.58789582041148	21.1530595822921	16.1374344982078	-9.83771869480193	21.1903069869998	16.155122589544
PIM1 WFIKKN1	-2.41516455204619	19.7164778576916	15.0817011052097	-3.95382891165098	20.2843710525236	14.7813341152769	-3.64351585876701	20.4890542030238	15.4778339779488	-3.66627158543396	20.2618405095026	15.4194058281588
PIM1 WFIKKN2	-5.88809152453925	20.6559118375045	16.150519855474	-19.9639951004617	22.0033830400409	16.6910124378108	-11.5693919764302	21.6209882345492	16.8518809091256	-11.1221121171593	21.4276865861331	16.5904913544098
PIM1 WIF1	-4.74881008196337	20.3622545683358	16.3281471446627	-8.41146299594913	21.5870610759016	16.2719404723754	-7.71002729980148	21.504838914541	16.7132985058988	-10.0110872424272	21.1345104069912	16.6277393795621
PIM1 WISP1	-2.25559500207443	19.8626638770845	14.6211917217383	-4.1653692317622	20.0522413118477	15.4211921828966	-2.54417086764795	20.2216714395046	15.297196812291	-3.59454864528934	20.3042081461604	15.3863424570579
PIM1 WISP3	-6.10311284865308	19.6389340503098	15.6518537129026	-11.4648580783816	21.1699059428688	16.2298641237996	-10.8590460874578	20.924889170273	16.6017504775934	-12.0443879000843	20.6754577899005	16.3819510664003
PIM1 WNK3	-7.48606211287599	20.5115111289984	16.2890468756941	-4.14889519202344	20.1798061932713	15.7501447526949	-9.28114901806363	20.7629525408065	16.6437598655305	-8.07484341811526	20.5373303666169	16.2776346296526
PIM1 WNT7A	-5.72002495949185	20.690369679181	16.3350390094182	-12.511760009707	21.5872128119143	16.0390403241012	-16.7344666545668	21.7329882971615	16.9168934427343	-10.8472664352426	21.368053473059	16.4949259883895
PIM1 XCL1	-4.59254487742146	20.1441054322404	16.0039452838719	-10.9857621800315	20.7130773332556	16.0773562691017	-6.97347104155765	20.4818144788738	16.3727231512837	-6.97615268299794	20.576192643544	16.3193519733074
PIM1 XPNPEP1	-2.72500345160385	19.8026380757954	15.6975139355418	-10.3602766977496	20.7579491977192	15.74811351184	-5.86116928429047	20.764607907774	16.1620534176275	-5.56312597745181	20.4811247499363	16.031930107028
PIM1 XRCC6	-7.18083635737302	21.1167370111394	16.1209049855916	-4.75265688700152	21.0457071273256	15.2553469397577	-9.42141720650052	21.5790459111793	16.7200348637983	-6.13683388297173	21.2268039978681	15.9465168962944
PIM1 YES1	-6.0888638122171	20.7409096571575	16.0551070023403	-1.08725668073559	18.3006330418982	13.4562682320792	-2.6406265946544	19.6850345575811	15.1411782437394	-2.6404515797476	19.7212422163315	15.1469517310879
PIM1 YWHAB	-9.94585439793114	21.4796961675102	16.6943288886998	-5.17454000285962	21.3472609084282	15.6263984363399	-12.8063443662625	21.6686979258041	16.9048110834433	-7.69002838818864	21.4342916842401	16.539171391401
PIM1 YWHAB.YWHAE.YWHAG.YWHAH.YWHAQ.YWHAZ.SFN	-12.0624620091987	21.3494431939186	16.967438760172	-4.7453189178334	21.1168563199094	15.6224611835925	-8.65728588768947	21.4135227575813	16.5907819210234	-7.33256193929845	21.4139247780925	16.5179528572411
PIM1 YWHAE	-7.81261891981005	20.7388765790252	16.4379748071232	-5.93241164171163	20.0770617914932	15.2843089906438	-6.38393245590466	20.6893058412964	16.2330770686235	-8.32352998801845	20.4942278929281	16.1731842158076
PIM1 YWHAQ	-6.64467630743753	20.3477449155799	16.1318349519395	-14.1978454661049	21.2350889074337	16.4150718847228	-16.9619651457709	21.2170289732549	16.8767480539702	-12.4597379757704	21.0084272856074	16.554650929817
PIM1 YWHAZ	-14.2964848571822	21.1881850416178	17.1582093999777	-13.5359902997955	21.6178552535952	16.1161138141354	-17.533711333902	21.7370079420981	16.9873692245663	-15.7330251223782	21.529338816489	16.9220413138112
PIM1 ZAP70	-10.0290552119879	21.1286179151775	16.7595412332536	-24.2640384991921	21.794410368124	16.4898674637388	-26.1773639791339	21.6214813937132	17.1559516755307	-18.657891268192	21.5594826199819	16.9309793758706
PIM1 ZNRF3	-5.07532525670956	20.3423906381267	16.5026061470544	-6.69929560213946	20.6302131692581	14.9146348948307	-12.1454606274976	20.972447886526	16.5111130310914	-7.59419941367025	20.6580461972377	16.0553077592043
