protein_name	r2_male	rmse_male	mae_male	r2_female	rmse_female	mae_female	r2_all	rmse_all	mae_all	r2_all_sex_adjust	rmse_all_sex_adjust	mae_all_sex_adjust
PLA2G10 PLA2G1B	-2.63907021445595	20.0099397210813	15.5210118041093	-1.75170321984264	17.7398654571014	14.2511375019894	-2.48178900546458	19.1192829060113	15.4069426852068	-2.58543657375986	19.178046515302	15.3133008275176
PLA2G10 PLA2G2A	-0.590461417293834	18.2234041460833	13.3404463654999	-0.412296318417639	16.416518132139	11.8087455836074	-0.696668943450198	18.0132115251513	13.3966076401805	-0.560084531283848	17.7189850192648	12.9858575839393
PLA2G10 PLA2G2E	-6.6548939032267	20.4494135264167	16.0264917449624	-2.7006570542694	18.5687095703988	14.6575256781032	-4.78924637504065	20.0637834516595	16.0933316711295	-4.80648029021756	19.9263693881	15.934968416098
PLA2G10 PLA2G5	-3.81098584190585	19.4625715543868	15.4485842103319	-2.82049332892781	18.8503775516154	14.6926766845143	-6.40784627648716	20.1650868851469	16.0954087598918	-5.39039082065182	19.7241216196483	15.7569008099384
PLA2G10 PLA2G7	-3.85285727670007	20.2762135140302	16.0437810488285	-2.64660325916897	18.5035085257051	14.4330748090487	-4.63817468981443	19.8113782226334	15.8909616257525	-4.59729595775031	19.6729152474845	15.6367344190588
PLA2G10 PLAT	-0.101122995754752	16.2396133830476	12.6122253350327	-1.27693436259199	17.1220405856713	13.1217767172944	-0.605671916255859	16.8545393021054	13.3029153245309	-0.547421903027391	16.8392677991838	13.1612440723287
PLA2G10 PLAU	-2.19083630432411	18.5707033040119	14.4409681183743	-1.76495150191253	18.0099703485503	14.2354235800178	-1.92136816332202	18.551017104534	14.5748170101835	-3.36874086206686	18.9555808538123	15.0353896857305
PLA2G10 PLAUR	0.261904058805203	14.5730011568639	10.3776270420927	-0.788020488305996	16.9632599350185	13.2151353536407	-0.0621826773882443	16.1720776625488	12.2848874504603	-0.125997330443657	15.9341465789005	11.9850638806821
PLA2G10 PLCG1	-2.40067275840137	20.0522398966965	15.0793205755007	-1.31935857674582	17.7920392570317	13.3756587708697	-2.0589773424895	19.7807535365986	14.7291262547121	-2.4920579135019	19.3331701581828	14.636691821186
PLA2G10 PLG	-2.21548615445802	19.0936358163683	14.6263497171439	-0.190294584392525	16.9786101176962	11.628389804663	-0.825336948033504	18.2894725617603	13.403783428595	-1.02802668548013	18.2235501414148	13.4413265202516
PLA2G10 PLG.1	-6.14227536273316	20.0562039796049	16.0140504367082	-2.87026496171074	18.6762043587279	14.6566628474814	-3.885263269806	19.5473093884009	15.6512133257309	-4.44736547268151	19.7612953530128	15.7074617796023
PLA2G10 PLG.2	-1.81737477190909	18.0488056431195	14.0965092453266	-0.187997922151522	15.5411595925427	11.6009637061627	-0.416493525765365	16.9670149092775	12.992198576441	-0.519192119842428	16.8777448648005	12.9127862242006
PLA2G10 PLK1	-4.88095563156489	20.683699736308	16.0015489733794	-2.688117357431	18.6269071088234	14.3646793081358	-4.83327280771479	20.0808071242661	15.6628422992955	-3.60051873870081	19.7616596626046	15.4681593465106
PLA2G10 PLXNB2	-4.90542826787632	19.6717933198335	15.5149577714534	-2.58924829220755	18.4356627565774	14.1835709257211	-2.98196002089114	19.1344014690752	15.2932713004264	-3.40259353553954	19.1407129196956	15.217033951548
PLA2G10 PLXNC1	-5.08641129920362	19.7186225162026	15.2938096444978	-2.51411344877011	18.6094148259603	13.8376414940353	-4.07052859480071	19.6190173360211	15.2172998605321	-4.59486487724556	19.6082353186945	15.1794696221664
PLA2G10 POMC	-4.49173482113	19.8334068911781	15.6030189345626	-1.23538798449534	18.1901725436938	13.4255894737823	-2.62441601918698	19.2302583086917	15.1807744433093	-2.33272522042027	19.1558501288671	14.8569726301357
PLA2G10 POMC.1	-4.08698477545222	19.462002423832	15.3197696996269	-2.56772578104899	18.2101427764787	14.0139949727823	-2.79219130936789	19.4019386738077	15.1765661026915	-3.8959037086982	19.1996434951705	15.324278423657
PLA2G10 POMC.2	-1.2160095025667	18.1007247185779	13.9859029411336	-1.89621250508368	18.4469327706765	13.3966906909719	-1.42764566293731	18.628803166023	14.2262069900534	-1.62661706029751	18.4816028621311	14.0084526204589
PLA2G10 PON1	-6.22345584731022	20.3999010501022	16.0779846102379	-3.05624792532982	18.6346726981602	14.3585541802378	-5.58663142124393	19.9138037056722	15.6840782981875	-4.868880749522	19.6868512477026	15.4772289716166
PLA2G10 POR	-0.873278520579502	18.3190450299554	13.5359400051024	-1.27056443608604	17.5954100738908	13.0188823803846	-1.44370239905798	18.2649742658407	13.8140645529677	-1.20674502088448	18.2724872394763	13.6762366507809
PLA2G10 POSTN	-0.273502169914548	16.4532311652869	12.339335264626	-0.967557426523627	17.9635558234658	13.4459075266783	-0.688705705133326	17.7542308214313	13.4906702419145	-0.640923359302111	17.4051119965034	13.3005649555715
PLA2G10 PPA1	-3.8872662315519	19.8323339360323	15.0145207461528	-1.8152626385493	18.4856044318907	14.1288130296122	-2.53663343950305	19.4183349060519	15.1461007601543	-3.0962964752542	19.431029907273	15.0330082459719
PLA2G10 PPBP	-2.65923539862035	20.0867493024935	15.3101724562586	-1.09012438116315	18.1695091827452	13.3888472112552	-2.93105391531298	19.5454814156498	15.672970869608	-2.07220681641576	19.2794380753562	14.8312151120078
PLA2G10 PPBP.1	-2.65463686172062	19.9757163585498	15.3424621464967	-1.04218913473889	18.0976360838884	13.3280533923965	-3.1441490327839	19.5629751418291	15.6588578089929	-1.96355089810047	19.2584737270443	14.8336554391209
PLA2G10 PPIA	-5.57306389667068	20.3344272700559	15.9199963012415	-1.62786155714626	18.8000564515957	13.9539858983988	-3.13708046101865	19.7954552713101	15.47256613355	-3.41858978481231	19.633570064192	15.282541343441
PLA2G10 PPIB	-1.1680185106928	18.4667605302486	14.5912973246201	-3.09455211274839	19.0137480833702	14.5922195815651	-2.90422819559181	19.4362711186451	15.3607372220658	-1.9820831812002	19.0693659804172	14.9110467471181
PLA2G10 PPID	-4.35409705169057	20.6068783655869	16.2826258412766	-1.29411184808301	18.1433292610001	13.1499465477019	-2.6122118475517	19.561317660285	15.2771241780274	-2.39264868614613	19.4749290736527	15.0064444917702
PLA2G10 PPIE	-3.51953412522223	19.80164729045	15.5241962320208	-1.04642460437543	17.6459179288509	13.3578235898597	-1.76785360858677	19.1868791227223	15.0152045855103	-2.31847379806802	19.0831797880492	14.8184565488274
PLA2G10 PPIF	-2.29757121531375	19.181157840047	14.9301952183191	-2.20192312615075	19.4745314138891	14.3843253306149	-2.46537399304113	19.8696196522636	15.6512169617509	-2.69515253678481	19.7161642259701	15.2132785638949
PLA2G10 PPP3CA.PPP3R1	-5.5400390095486	20.362932680496	16.1601847164742	-1.07431344730465	17.955775550121	13.2361813881457	-2.72808876017997	19.7764877712582	15.3876415490891	-2.8154285036058	19.4020268942348	15.0091924826133
PLA2G10 PPP3R1	-6.72658341910966	20.4230992179496	15.9623484437505	-2.93712159926586	18.8867317764444	14.0261690411715	-4.68205061319475	19.8855932844097	15.3754168586256	-5.79030156066366	19.9365466448859	15.4037179235921
PLA2G10 PPY	-0.519794543502923	16.5114375084754	12.6484111280642	-0.500061434747842	16.4489650635558	12.1286764499526	-0.672597238519248	16.787776182788	13.0460622539935	-0.499836536624478	16.5696232322113	12.6834139483978
PLA2G10 PRDX1	-3.47215510016396	19.4420674027692	15.0978747984028	-1.04067007319016	18.1546292952832	14.0973570142511	-2.85347609283937	19.1333576817697	15.5148042219317	-2.50810085110955	18.914014016944	15.0640089644498
PLA2G10 PRDX5	-4.03758798813742	19.3425668502824	15.676583313397	-3.39456037674828	18.6695424964425	14.5141114613196	-3.47269248352149	19.1186115434314	15.2001562215438	-4.49162249963714	19.4282179292579	15.5146216733028
PLA2G10 PRDX6	-4.53720216575756	20.6843561373524	15.6029784363035	-2.00634758765836	18.1178093596658	13.8312712140644	-4.67245871017483	19.8942924014789	15.5508815027432	-3.30963201131159	19.41446685906	15.0930133829205
PLA2G10 PRKAA1.PRKAB1..PRKAG1	-2.08178341680192	19.3678386399535	15.2790711640827	-3.33476537088203	19.1077280618289	15.0012113711654	-2.63001615508946	19.5286607966241	15.6646052128637	-3.3011349148722	19.6315256985344	15.6551985023604
PLA2G10 PRKAA2.PRKAB2.PRKAG1	-5.61191584164947	20.4418500848709	16.1278108562353	-2.1465266106908	18.5863236233909	13.7282396840419	-5.58173133819887	19.9973896902682	15.848667746418	-3.58563405192399	19.7489055926503	15.2904053219698
PLA2G10 PRKACA	-2.47323531461155	19.2902216117508	15.3684760144317	-2.37874656196869	18.7571068746983	14.1116177325902	-3.25272652339271	19.6336580764472	15.388561119764	-2.56707381212793	19.56621858871	15.2341693043194
PLA2G10 PRKCA	-4.65264769055227	20.2358761624437	15.9204506889499	-1.3527335371715	18.8221232661806	13.5601968595128	-2.14793658410911	19.9443466810678	15.4983341951892	-2.40602673304131	19.6932931746281	15.0399555291043
PLA2G10 PRKCB	-4.81836831720774	20.4906609038164	15.6582887980272	-1.04624577767867	17.7389795081058	13.2520195446794	-1.91641642547387	19.6933537449396	15.0894977967514	-2.15239234616632	19.2288494348935	14.6750448450358
PLA2G10 PRKCD	-6.5751221693217	20.3376307320331	15.8434386994717	-0.984923989252437	17.3361360906899	12.771312986088	-2.62899870178442	19.3618471129161	14.9504518493623	-2.57572527182612	19.1279074437144	14.6849511850382
PLA2G10 PRKCG	-2.90352017206627	19.9435408016046	15.6069188377547	-2.72288042889909	18.5282890515605	14.4413105896844	-3.74678228658831	19.4346004108375	15.5150898608223	-2.98935956005521	19.383379782232	15.2389310894324
PLA2G10 PRKCI	-4.06807432094934	19.5254152321302	15.5633483829051	-1.68774907362256	18.1350485764016	14.0957118755678	-2.4406030250092	19.0009154219754	15.0844990465795	-2.42585548603232	18.9787440564343	15.09439699013
PLA2G10 PRKCQ	-7.98740386646634	20.6882288337679	16.2530017073275	-1.17162414509661	18.102127697082	13.6438251493124	-3.7747733702992	19.8104403344273	15.5140911881907	-3.20520687079652	19.74802709208	15.384920041066
PLA2G10 PRKCZ	-2.87676864830999	19.4340728898808	14.7673189737466	-1.67993804452085	18.2309198122887	13.8109368713732	-2.01332417994303	19.3766793834226	14.9511850770713	-2.15634922620981	19.2170221871571	14.6822210565244
PLA2G10 PRL	-3.37615492812442	20.3805870029771	15.7363850984271	-1.99145290006511	18.9199016550765	14.2246897929087	-4.9270922394993	20.2486255740256	15.7043063402142	-2.95150894124454	19.8185989174777	15.3534512231804
PLA2G10 PRLR	-2.49586032573525	19.0078449595106	14.7155430224785	-3.01443180476101	18.7687254750961	14.7330476046735	-2.64488927317451	19.2148151423552	15.2272231828784	-2.87600708886429	19.1219050598366	15.1110591095432
PLA2G10 PROC	-0.48536356060892	16.7354287330948	11.7108714393552	-1.81682329179403	18.0116255799214	13.2123744090786	-1.26145712956936	18.5004755177993	13.516580334621	-1.17699328150704	17.8561676697839	13.0813992359665
PLA2G10 PROC.1	-3.18595987217909	20.7798694276711	15.8227357513698	-2.46460765833832	19.0269255889329	14.4722122549808	-4.37352222558768	20.1663285828613	15.8074152269056	-3.54753787696222	20.0529367174545	15.5176954983147
PLA2G10 PROK1	-1.70852432333966	19.7658032764692	15.1385025064076	-4.06624070039783	19.2250052446401	14.860613485492	-5.35157526126003	19.8563655180241	15.7505486060276	-3.22845453915137	19.9918656630856	15.4972060683026
PLA2G10 PROS1	-1.45870762506037	18.6630369292999	14.2344923375196	-2.09393149834244	18.1745067875702	14.0958398788088	-1.34618560982834	19.0104019070124	14.5283703142135	-1.90502590539941	18.7797589816033	14.5639255699209
PLA2G10 PRSS1	-3.79012016475445	20.0582116596463	14.7213877799855	-0.732286892407296	16.8577014156931	12.9140364626136	-1.69957781575688	18.8394665492796	14.4146055161638	-2.2983041251396	18.9870792064775	14.4595428170644
PLA2G10 PRSS2	-2.13719636385339	19.2352540205781	14.81175202016	-2.08538280510601	18.4962915550615	14.0356404018651	-1.42050726723914	19.1373988572936	14.6526984594588	-2.03619809048983	19.072812292713	14.65553926457
PLA2G10 PRSS22	-1.47493331510457	18.2126519752742	14.1072544715309	-0.839301090151587	18.0300879326938	13.4347724195862	-1.19650330246705	18.6015596103449	14.3919268454337	-1.18186547681799	18.609513489437	14.1442700073059
PLA2G10 PRSS27	-3.80255144751922	19.7884105873205	15.3049131603808	-1.21368876462504	17.581646836021	13.3644360767248	-2.14042725820241	19.0817272329999	14.8784605253877	-2.05141829295906	19.018964149323	14.6814840117007
PLA2G10 PRSS3	-4.78790732459746	20.3802457710211	16.3686358625765	-1.52066594285623	18.4374404595597	13.8601990230358	-2.87759113561568	19.6580134642173	15.5121476510956	-2.92602223266914	19.6141559168692	15.4361416582573
PLA2G10 PRTN3	-3.32546654516094	19.7695851135802	15.2961030090242	-1.22385570885899	17.3558023931551	13.7061592541447	-2.59115160605677	19.2255180352779	15.1621856940742	-2.49709548471925	18.7890668755398	14.7915756178916
PLA2G10 PSMA1	-3.53342773737781	20.3380848937367	15.712575990589	-2.04246378632017	18.5545272279484	14.2185544976751	-4.22053578773799	19.9093708327352	15.8341287052364	-3.11164847077031	19.5978123979677	15.3813673765523
PLA2G10 PSMA2	-2.71909667674039	19.6130557026613	14.9870507096037	-3.66134296379352	19.0438653018648	14.4358373140026	-3.36212611740229	19.8139152569989	15.425158479177	-3.73590192653948	19.5500102718472	15.0937520825916
PLA2G10 PSMA6	-7.61033272971088	20.52971099917	15.9450484402148	-1.38525070530876	18.0285915473332	13.6194469504189	-2.65580345944407	19.2546599414895	15.0792303432079	-2.8986302734321	19.4182255494544	15.1126117990425
PLA2G10 PSMD7	-4.85242086765372	20.4394461486022	16.2776735653921	-2.21943845542032	18.0779230897014	14.0280493809238	-3.95077882085173	20.0725918507787	15.8398014006375	-3.72943797589261	19.7103956400423	15.6893960816143
PLA2G10 PSME1	-1.64642630183838	18.6135096104769	14.8093111993487	-1.39595302066167	17.5532488398867	14.1906654440051	-2.14385326757068	18.6769614751282	15.1174399275656	-2.17312876962996	18.5720876622196	15.0332054956922
PLA2G10 PSME3	-1.20956648914621	18.5039809493268	14.2747031834799	-1.38764652005776	18.019397331131	14.0930448551531	-0.959385341391131	18.6357859201025	14.6993304720538	-1.48890489417869	18.5174133379344	14.5508553215242
PLA2G10 PSPN	-3.51945125839786	20.176183196506	15.5233878435161	-4.00368130611856	19.1006164798229	14.6074557593749	-3.39682239281217	19.6584712800658	15.3489292387187	-4.09897470321929	19.7125363805326	15.2971991305993
PLA2G10 PTEN	-2.87955277272446	19.4277325576003	15.0811966925	-0.614287795625115	16.5057652196832	12.538663826773	-1.39547151977112	18.4231040441226	14.4553858207618	-1.35912136413714	18.3607073585736	14.3175061116864
PLA2G10 PTGS2	-5.12241501840229	20.2736875694794	16.6662274639794	-3.03627436791936	19.0046021144493	14.9505674326496	-3.70748595457553	19.9326364634369	16.031874295278	-3.9143661138475	19.7152484010897	15.9569137777247
PLA2G10 PTH	-1.84761305286809	18.834646019106	14.1055380862273	-2.13805709940769	18.1662636813702	13.8282637088759	-1.65594115893801	18.6963144004637	14.1316402343517	-1.95229307481801	18.8137859068275	14.2600377192877
PLA2G10 PTHLH	-0.52542718618363	16.7835027704224	12.2847578119668	-0.66170270409189	16.8910936946216	12.6417965641986	-0.808266346342803	17.332884203121	12.9542025263951	-0.687945154593103	17.0758522488214	12.822219938972
PLA2G10 PTK2	-2.01964843273044	19.3972101654959	15.0214463283466	-1.55206987789951	17.8562910999061	13.7973759016321	-2.81128337033407	19.0965459009187	15.0947591934835	-2.33255122213762	19.1656993919934	14.8982864691732
PLA2G10 PTK6	-1.98014740015405	19.4983098386639	15.5437123066521	-1.80656972759967	18.5925823138899	13.4251030649578	-3.08913183396786	19.8013343948057	15.5072280382214	-1.9730473091628	19.4962089533525	14.9125190682906
PLA2G10 PTN	0.685797852476747	10.3694122145491	7.79913981782007	0.608669266724263	10.9676339976455	8.09332486402159	0.61209671702226	11.2031213171577	8.47004558977045	0.649892621394752	10.8810118670728	8.11948800797848
PLA2G10 PTPN1	-1.17240140325961	19.9353258138919	14.533422146306	-1.42266373090182	17.9697963005032	13.8404706642784	-2.24527527573264	19.7308148953716	15.1724852992413	-1.71390366874988	19.0089775247384	14.6288200005699
PLA2G10 PTPN11	-7.4906449985371	20.3366042053388	16.6315557965631	-2.11133149477309	19.094456060829	13.8250811926218	-4.68370162717938	20.1997703892321	15.6331559384956	-3.82307964369915	19.8309304010477	15.3764618303787
PLA2G10 PTPN2	-3.40413537697391	19.3148306951049	15.1029321964818	-3.47165877295582	19.2984440575543	14.779172484263	-3.77830206206013	19.696176536506	15.7325930604809	-3.44585774630898	19.4029000386844	15.2860993072584
PLA2G10 PTPN6	-3.84872139885633	19.8268123665799	15.7267894197383	-2.17907719566555	19.2480068070969	14.0426857184712	-2.81691334469926	19.8604867756072	15.5471857539493	-2.66210799242531	19.7365356791056	15.1512885544379
PLA2G10 PYY	-2.35719034860216	20.0718144076613	15.3348564721372	-2.51786759330657	18.3240179434602	14.5351571101185	-4.231157303066	19.6851154143858	15.6605683079333	-2.71012280677888	19.3477249395165	15.2694533554686
PLA2G10 RAC1	-4.44562025596551	20.1782681259958	15.6979081147753	-1.39129591965678	18.6844670960639	13.9987589671379	-3.31654514621854	19.6201212818209	15.5222825419383	-2.5332457195423	19.4173213481397	15.1065581207297
PLA2G10 RAC3	-2.94103332402904	19.389803368699	15.4879126006257	-1.68585308369606	18.6831385988969	13.726418407996	-4.25012597794523	19.761361537758	15.9607677535103	-2.15008168669992	19.5727883954507	15.1665111283892
PLA2G10 RAD51	-4.50545374662066	20.2427066221655	15.8078965987087	-2.48811942300339	18.741163233243	14.0524669329489	-3.57464711592166	19.7452995135441	15.5420354833702	-3.66094850150678	19.8771402401585	15.3538791513797
PLA2G10 RAN	-8.32463915372229	20.2898758587963	16.3160072384212	-1.68995468119022	19.0135326176106	13.6554322187393	-5.91960726229487	20.1591815749163	15.7480162272234	-2.87411223105545	19.8493970690467	15.3085564656838
PLA2G10 RARRES2	-1.09064666081902	18.2290130502746	13.8350272517003	-0.352898040272937	16.0874642023313	12.4046324206884	-0.875390628162726	17.8198104142484	13.8805688997496	-0.772543236027665	17.5673595792654	13.654691416334
PLA2G10 RASA1	-3.7438529072471	20.0744431696256	15.2534626028227	-2.18337782820466	19.0156154270708	14.0492112354283	-2.38533434212848	19.8874298121224	15.0459083446446	-2.62155572830539	19.6802838270485	15.0536753259673
PLA2G10 RB1	-5.43419819752173	20.2360616835168	15.9670645344551	-1.30784386277804	18.1405623733812	13.8673907047001	-3.03973617471405	20.0436529627231	15.5266279698472	-2.74327847070096	19.4511972454128	15.2463209282373
PLA2G10 RBM39	-1.75960921723407	19.6979908878622	14.7587414962655	-1.22222446439877	17.1317267858179	13.452294174117	-1.4522540555984	18.8849457763478	14.9424324832177	-1.64083126331161	18.8295934708601	14.5597271856849
PLA2G10 RBP4	-4.35083418176763	20.2709043808897	15.9401555740062	-3.06037053344819	18.5973904752019	14.7967197754516	-5.07787519479279	19.9276199471763	15.8759393182809	-3.70586969392952	19.7891564905006	15.7132619571139
PLA2G10 REG1A	-0.788681631970292	17.6244861041582	13.4829526267197	-0.459569213415942	16.9382829156893	12.7490484203701	-0.625358900063775	17.7034010633092	13.6700937020072	-0.533295668958083	17.4900503182865	13.2846817013766
PLA2G10 REG4	-0.850757663130816	17.2143163261984	13.4692194012646	-1.02272468175815	17.7383061073754	13.6830803502683	-0.855992213056215	17.4372973459182	13.762444095505	-0.765011583282109	17.5568380944094	13.879945140788
PLA2G10 RELT	-0.225836165552752	15.9150663164614	12.0492784419529	-0.5110706477231	16.105523851922	11.59979841438	-0.306975432839757	16.3608589776801	12.003877082684	-0.399206130126244	16.4175529484963	12.1186650930068
PLA2G10 REN	-0.821457447146218	17.9669120106675	14.0540709599865	-1.14226814303994	17.975834194869	13.9509818286271	-1.05515957229645	18.2230234157354	14.3771526915967	-1.16614737115342	18.241516715893	14.4598774453465
PLA2G10 RET	0.37365247133117	13.4629125740703	9.96397700174436	-0.0662572608086804	15.804858220492	11.5493468019025	0.124393114245735	15.301173873232	11.5076513551182	0.199187222128673	14.8614858706218	11.0615477237044
PLA2G10 RETN	-2.4424122614941	18.7441818236265	14.7075350641643	-1.19835375697336	17.542538382683	13.6965420263071	-1.57651213304356	18.8475645373648	14.6093567839042	-1.67491355646164	18.5641032618552	14.6973192020027
PLA2G10 RGMA	-1.05748138500011	17.6695540231911	13.4105909609624	-1.5440347851231	18.0993333615285	13.4909797185881	-1.21724757679608	18.2793185821608	14.0414085172556	-1.48644582967311	18.1000680109347	13.7981501714847
PLA2G10 RGMB	-2.17971680249983	19.0356368730996	14.2442971741512	-1.95582829547666	18.4339813183873	13.6690522486619	-1.71763468015558	18.887141808818	14.3931852274048	-1.5641006031468	19.051046936627	14.3538750637726
PLA2G10 RNASEH1	-3.27920245867623	20.0675212615011	15.7254144241331	-2.10393914755577	17.8052301865727	13.8944319001074	-4.43696681861301	19.7145956813011	15.7202151316274	-3.00756247677371	19.0793809594787	15.0414643554044
PLA2G10 RNF43	-3.44343681005428	20.052875494783	16.1810579800615	-3.08608017709527	19.2012552638195	14.743309026834	-4.92377985316914	19.9028622699518	15.9022950471904	-3.87722213481895	19.7378003777783	15.7578587595876
PLA2G10 ROBO2	-3.46824086864422	19.5678010978889	15.3057397942659	-0.670529100523004	16.5842650611504	11.8184030673051	-1.87545466697147	19.3011956021117	14.7106924704351	-1.80039139026331	18.3290483054094	13.8870964602557
PLA2G10 ROBO3	-3.72969868718502	19.6191256003615	15.7976229168991	-1.76068794915154	17.707032752951	13.7791556122289	-2.86738945381773	19.1391256076332	15.436016432306	-3.26903250882388	19.1393467193324	15.3339743559827
PLA2G10 ROR1	-0.568800892670651	16.4353879927128	12.7450549462998	-2.06523158339708	18.2879843463999	13.6893921240303	-1.0781784363026	17.8680460147188	13.5862463043272	-1.1566629586427	17.6653960546837	13.5966251888528
PLA2G10 RPS27A	-1.75445702151174	18.2595028468137	14.8204557843066	-1.24465688768221	17.7310961534522	14.0419908738798	-1.9081414587271	18.3588083630171	15.1389574004314	-1.54548029070267	18.0534316464162	14.7222777980713
PLA2G10 RPS27A.1	-2.25494384699969	19.0386235012662	15.4047971293305	-1.11796040751508	17.2884387674425	13.7683611701217	-1.83902580146724	18.2201861017325	15.0445928364596	-1.64876794210822	18.5478424624142	14.9877954182656
PLA2G10 RPS3	-4.83859121327827	20.2258874199365	15.8498219862763	-2.2335869894231	18.4532224059495	14.0945542309435	-4.10307352790633	19.6491762072308	15.5686037334398	-4.47727507079476	19.6834404646534	15.4148788836458
PLA2G10 RPS3A	-5.16200104977502	19.93374864932	15.9353624599368	-3.78563566484623	19.1533822494752	14.7357143911045	-6.14193317663921	20.1670706034423	15.9206449269718	-6.47887124662467	19.974642157819	15.8337250586636
PLA2G10 RPS6KA3	-2.73095011949161	18.626165500097	14.7411746083451	-2.00419097663141	18.5739273920268	13.7232059860257	-3.25726088409902	19.3833197681324	15.1805415831774	-2.35920582956645	18.8577218901781	14.6274838467895
PLA2G10 RPS6KA5	-3.95309831097067	19.5137078445277	15.3765957617937	-1.04209086413284	17.320192948512	12.9444932785339	-2.33797032169831	18.8673567866298	15.0169790021077	-2.4186893282765	18.8081313265261	14.8894255113269
PLA2G10 RPS7	-6.30060271802463	19.8875065391811	15.8573591786637	-2.20055247769162	17.8986029345527	14.0804695237958	-4.01046606552756	19.4097858199281	15.7067360212665	-4.12923707356498	19.2304841163502	15.4574700897699
PLA2G10 RPSA	-3.61671996275446	19.8113764796711	15.1403248570216	-2.95577125649616	18.6523685336206	14.5436103514522	-4.06640886880033	19.7317905911271	15.6524279956738	-3.79789277024977	19.4697482712395	15.1559212175561
PLA2G10 RSPO2	-2.97123292163284	19.4587431622281	15.3329958934445	-1.17570449037969	17.7440205415021	13.5898585924254	-2.26530251353696	18.930213112015	15.2950507975141	-2.2328950658822	18.7865896798544	14.834813611247
PLA2G10 RSPO3	0.395550062586389	13.0727374352348	9.34191874820463	0.104346457991493	13.9987056969068	10.0163906650156	0.355458352207077	13.6655555540556	9.8744487167457	0.294485642259307	13.7226646056591	9.90768543425022
PLA2G10 RSPO4	0.180088674763946	14.815955939214	10.8653954979309	0.294346821424934	14.4694165815918	11.0097509783152	0.341337446839038	14.9583074149432	11.1347250878962	0.28678953485558	14.8017112478459	11.0335025552517
PLA2G10 RTN4R	-8.30568369857584	20.3731711121579	16.4652929590354	-3.36125561735087	18.6421970543217	14.4862484484318	-4.79507719556534	19.6318516715627	15.5059207378421	-5.29744677357326	19.8057004553622	15.7801181425117
PLA2G10 RXFP1	-2.82343288791785	20.0112736435025	15.2122039091278	-2.19066774622891	18.7327203106705	14.3582282952691	-2.16176563427766	19.4141767261001	15.0945658408249	-2.6993176336786	19.534632117405	15.106202264389
PLA2G10 S100A12	-6.0978178560826	20.0884472711951	16.1525620196726	-2.84825053069432	18.5170304221951	14.631026643025	-3.75773284508113	19.3818676325481	15.7361365609974	-4.35056722898058	19.5081890114309	15.7030498326391
PLA2G10 S100A4	-4.05794505017186	20.244541858454	15.9899329368953	-2.21070959780341	18.0438175582453	13.7584634789899	-4.13312011254776	19.7707159284046	15.6689596395966	-3.71606936677642	19.4863642756882	15.3455866631278
PLA2G10 S100A6	-4.72501681582345	20.0090665243984	15.5206117338949	-2.09569996993296	18.1933690915532	14.0646814642902	-4.67826218625734	19.7653643141503	15.3983639377452	-4.22222344157262	19.4925156103575	15.1980937486464
PLA2G10 S100A7	-4.28138773466722	19.4660601185111	15.3929522783057	-1.46627948139794	17.6222098149135	13.8305522450708	-2.88056964571263	19.5066151657668	15.4283771844276	-2.77184906446224	18.9644999243343	15.1179940955649
PLA2G10 S100A9	-1.17215650332884	17.582582877565	14.1004462645588	-0.802790775264517	17.2288382647948	13.6381866684898	-1.04862962556974	17.7101165884608	14.4951865789814	-1.01026783363562	17.6036920507703	14.30091355063
PLA2G10 SAA1	-3.0236066737745	19.5461376029666	15.4560670017513	-2.52758750304374	18.4473538219253	14.4675039388844	-2.72168647439295	19.3874144188095	15.2950704406166	-2.57068696669252	19.2879572318381	15.3052190192175
PLA2G10 SBDS	-4.27779420626055	20.2115658467727	15.4826104590269	-1.11876553734887	17.675837492885	12.8240638912248	-2.21964676811524	19.327932004712	14.950053568023	-2.35161538317441	19.045886590232	14.4965192425931
PLA2G10 SCARB2	-3.16385652115674	19.9406868243432	16.0707578470977	-2.1342716773239	18.2641785287571	13.7486859153686	-3.25095557348675	19.7336925071789	15.6241060681706	-3.17017579002665	19.4157764402442	15.4113959720421
PLA2G10 SCARF1	-0.575202096470423	17.2561146159333	13.3058581033995	-0.0983236569260313	15.5911945481746	11.6752335295498	-0.260464517278848	16.71395751492	12.6544888679185	-0.287700087233659	16.6165169474127	12.675954555811
PLA2G10 SCARF2	-3.73950981626554	19.8905476974042	16.00312132969	-1.36685530866174	18.3019087544135	14.4181149690442	-2.87654205210109	19.4019641827775	15.694462149124	-2.38552596565516	19.2422056295233	15.3893275739523
PLA2G10 SCGB2A1	-2.56811076099201	19.0334220329822	14.9163885783781	-4.15589917986681	19.382947666365	15.0063918546624	-3.74247324606926	19.5590124848109	15.534980280817	-3.35684646974091	19.361585879975	15.3279907970042
PLA2G10 SCT	-2.54452152318133	20.2741541194045	15.5404712687974	-2.47681144303802	18.4311911646249	14.3766912144847	-3.03042605587536	19.5616819870074	15.6840046714959	-2.69382489084826	19.6183570026619	15.351597433857
PLA2G10 SECTM1	-1.52749099538954	18.8606141486721	14.7653335544532	-0.725116238495933	17.4236138255858	13.1764209563813	-0.945695467667423	18.3368881371834	14.230608320314	-0.895537122865671	18.5211806476207	14.2876725191128
PLA2G10 SELE	-1.20395778702132	19.2187752557949	14.5812892549131	-1.67349134899333	17.6383485186635	13.3533936700557	-2.19947412529215	19.0442397108088	15.1413371051147	-1.54740253946108	18.7027216268256	14.3368467948286
PLA2G10 SELL	-1.54255516125072	18.8280261614621	14.4687972282022	-0.552718569057967	17.7210561504733	13.0018370206582	-1.10783766701059	18.4464032804006	14.2101822798708	-0.822192252616966	18.459165018931	13.9840730214193
PLA2G10 SELP	-6.50793203960847	20.2531963768777	15.7933446887264	-1.23987542207423	17.9352968101176	13.2120722441575	-2.73400218377587	19.4593126551599	15.0670215074494	-2.69708020498297	19.3676147846126	14.8889281771814
PLA2G10 SEMA3A	-5.53201621930765	19.8523415671465	15.4648303083192	-3.27943441695907	19.0684782071238	14.7755981690632	-4.31051133974618	19.9250131030823	15.6193279793817	-4.750439614259	19.6594405844446	15.4447849304346
PLA2G10 SEMA3E	-0.793123087967205	17.8721975798482	13.3804650178052	-1.10679887151654	17.9453687836666	13.6829457684336	-1.10929971142703	18.3122935331847	14.2117923736501	-0.910750405479176	18.3122217248097	13.9294236505484
PLA2G10 SEMA5A	-2.76911978959539	20.7017640133531	14.7854351069724	-2.27691299508975	18.0794232957353	13.7764665208679	-2.9565479604651	20.2151058282646	15.4402424645929	-2.89201593012508	19.9710029416156	14.9421741742158
PLA2G10 SEMA6A	-1.7426776964221	18.8570964114971	14.9453054230525	-2.17854630646064	18.3573486093816	14.4578785311558	-1.90860742588912	18.7677906408622	14.9920394832733	-1.83007383515828	18.8968836783515	14.9433843395336
PLA2G10 SEMA6B	-5.47906633375953	20.5181684530395	15.7110360418069	-3.14618527277388	18.7849530043098	14.5570826072599	-4.08442251906231	20.059536670739	15.6625061413156	-3.81346161383723	19.9043210252012	15.3781238604264
PLA2G10 SERPINA1	-0.781833660895695	17.9535526477124	14.3671283354636	-0.536530215785352	17.0179150711411	12.8395516599164	-0.705568907900887	18.0594000931258	14.4296228964056	-0.630337646180638	17.7213460905116	13.9116412832856
PLA2G10 SERPINA10	-3.40270444494138	19.4759312486513	14.8688624074893	-1.29191313180319	18.3762959680079	13.719013642204	-2.20226126969013	19.0957218042711	14.7235832606061	-2.28180106783025	19.0685429955164	14.6202196679852
PLA2G10 SERPINA3	-2.46097123358109	20.128571914603	15.6104788693882	-1.66809971285547	18.7681549931432	14.3314294916424	-1.72750188687576	19.5005312568082	15.4080326785168	-1.84974727733722	19.7181925920763	15.1971144426392
PLA2G10 SERPINA3.1	-0.607961342479577	17.4302287235002	12.7679744285339	-0.13585597404657	15.7664039148463	12.0830524381345	-0.359285721864566	17.2982350971705	13.0635137519523	-0.511719463542061	16.9834558130523	12.8028374280573
PLA2G10 SERPINA4	-3.71024638200053	19.6273999023937	15.0453809023638	-2.1433591656916	18.9970122515709	14.196842460114	-2.12258950012426	19.2192071752619	14.8569857324936	-2.41004004218305	19.4302000432262	14.8670071616934
PLA2G10 SERPINA5	-7.07292855595721	20.4910420993788	15.9790715358269	-2.98007912240828	18.9109623029529	14.7222364275648	-4.74163711451004	19.9961574809626	15.8862266504943	-4.71177997550563	19.9142399829892	15.7965502362288
PLA2G10 SERPINA6	-3.33959179159272	19.7167167866078	16.2166663772763	-3.05472153500975	19.2238001915417	14.8876461699854	-4.3180105981329	19.7137157747759	15.8305216491244	-3.6726337516509	19.6744839905495	15.7526852798935
PLA2G10 SERPINA7	-7.07067652733703	20.5621663003939	16.1379366362613	-1.82077126487659	17.7772870597213	13.2928796871705	-3.16404769149085	19.3039376632823	15.1820200863364	-3.80850820892139	19.3345254593914	15.1578613888028
PLA2G10 SERPINC1	-0.567110724080775	17.4075055493129	13.0537075675606	-0.732489484959769	17.01325246711	12.5397689605285	-0.741261031954313	17.4847411191072	13.3658105272025	-0.677396418030088	17.3652961773566	13.1805801635813
PLA2G10 SERPIND1	-3.14670221271346	20.3327062021457	15.4664845104546	-1.60848872659188	18.5202129366561	13.4130701617159	-2.11283745239576	19.4514712995611	14.7580011474059	-3.04976900982189	19.6373176418663	14.9081641776028
PLA2G10 SERPINE1	-1.73642996318438	18.8793955866952	14.4632277943084	-3.81003789172906	19.1481735664992	15.0303669034229	-2.96076568766667	19.8318810858483	15.3583535284032	-3.36358644542043	19.3511479948882	15.1617820061473
PLA2G10 SERPINE2	-5.08177015744203	20.5834291067191	16.0888644246617	-1.85804275292203	17.9526215378105	13.8874529248593	-5.34868698007	20.13453040441	16.0711462660341	-3.61531857041625	19.5367915494195	15.5226516687565
PLA2G10 SERPINF1	-3.02779445137045	19.4219674918644	15.5095497497505	-0.724584393636559	17.1857540049327	12.4840356257975	-2.82155756592099	19.1805342385459	14.9837368620805	-2.27342867426898	18.8322289071463	14.6915562006518
PLA2G10 SERPINF2	0.466200682545337	12.6784699878479	9.65130302825324	0.0669670529751246	14.8601265904135	10.5513772195527	0.334313253858532	14.134248903978	10.3444368952092	0.248406549626412	14.0762348399361	10.4487868202783
PLA2G10 SERPING1	-3.66895456547245	20.1501050843795	15.484547614534	-2.940924343303	18.8337203822549	14.4946329099423	-3.10602385495547	19.344826930293	15.4729230749826	-4.57737503159106	19.7887614381834	15.3182036850001
PLA2G10 SET	-1.47448477599057	19.7363292834591	14.5815882428422	-1.91860055170843	18.3061561544445	13.9313657121909	-2.07429884495186	19.1920119202005	14.9771965923671	-1.87336192912079	19.1320871407549	14.6498552706364
PLA2G10 SEZ6L2	-2.21541096131308	19.7762827108161	14.9339618520991	-0.785188975280309	17.4544409892479	12.7835364303865	-1.61875202400029	19.1948936035871	14.8268865389822	-1.72482066834782	18.9763222906979	14.3633946524273
PLA2G10 SFN	-2.79895115251112	19.1965632501865	14.4565673683381	-0.945434506511176	18.3048553074461	13.5861071615903	-1.58272167941874	19.0878398947544	14.7518741256274	-1.52059422255394	18.8574965437462	14.3805044291186
PLA2G10 SFRP1	-0.674981561874596	17.4208941542125	12.9006268415865	-0.694890107217272	16.460043646596	12.595569279283	-0.487310387835197	17.4218860676479	13.446476453175	-0.541994050554677	17.3111652612293	13.2046746924242
PLA2G10 SFTPD	-1.84284315489235	19.6757102793834	15.2409541680151	-0.442327096766551	16.9316955120069	13.137157305501	-1.23551535243698	18.4755781794884	14.8620880691438	-1.18995702949827	18.4488163533096	14.6632387081662
PLA2G10 SGTA	-3.37596426856123	19.5571159023929	15.1449515198356	-1.55788703983468	18.1045463370822	13.3260850693911	-2.65886962334694	19.4038280706917	15.0721685837543	-2.60219527463799	19.0397692007556	14.522621112528
PLA2G10 SH2D1A	-3.0892780143386	19.6899010969457	15.5478065047955	-1.89691657118093	18.0866476385453	13.9573375378834	-2.26560709328017	19.166451310595	15.441942591043	-2.26881641470473	19.2753335122283	15.1963616374596
PLA2G10 SHBG	-0.516700844510585	16.9188388191614	13.4926983039968	-1.71582504506726	17.7596832688317	13.2751059375372	-1.70148079641965	18.3392756542681	14.2008134856915	-1.19006816232801	17.6521201481614	13.7357441486716
PLA2G10 SHC1	-5.30369217921042	20.7807974499262	15.9551949329067	-0.900163263548525	17.6772755876553	12.8865023221021	-2.53204585742213	19.6290843770475	15.1197696878148	-2.21556771150479	19.4262488107318	14.6847050272966
PLA2G10 SHH	-0.799354871971242	17.6574516980472	14.5937888499746	-0.638348309233236	17.3146934124808	13.4501149219736	-0.769110505307256	18.2299440804546	14.5434296452218	-0.88987993548188	17.8466497567936	14.4503898651642
PLA2G10 SIGLEC1	-2.44070534216612	19.9255574728296	15.5706447110509	-3.71525854467432	18.9869093333127	14.8485568564855	-4.5013264411065	19.5865526710326	15.6700385875679	-3.16741920152499	19.6332791870134	15.4535093141529
PLA2G10 SIGLEC14	-2.44175957522782	20.3388381213669	15.4534186438234	-0.789359591426192	17.125218026958	13.093656747159	-1.10394545959885	18.9535027723336	14.3008732979034	-1.52183023787589	19.0355281530597	14.5126394265209
PLA2G10 SIGLEC6	-4.58737918400858	19.3167044142708	15.7857203421447	-1.96960108451815	18.3601054167732	14.0478108304567	-2.78262597326321	18.9625475027007	15.0443465843887	-4.04566929788963	19.2108874566944	15.3546147731372
PLA2G10 SIGLEC7	-5.54973394530532	19.7834821969569	15.5132827556796	-2.26680471421902	18.4031472765514	14.0108109088038	-4.08390091766482	19.6349544647487	15.7339324172321	-3.69955964788274	19.4007005670687	15.2251716250658
PLA2G10 SIGLEC9	-7.0789120347344	20.5750198699105	16.3031613080115	-1.99856307319653	18.0793976571939	14.5871795027208	-4.22875894567705	19.8353856425552	15.8683176192507	-3.90191063851994	19.5233768933738	15.6741408250919
PLA2G10 SIRPA	-1.48561671202712	19.2771365414528	14.899660320132	-2.45631842584814	18.6089725422571	14.3230786923899	-1.96075255673822	19.1157483320865	15.0016128565989	-1.99008640701004	19.1195136963796	14.8637654286913
PLA2G10 SIRT2	-2.23854807687147	18.3838064855916	14.4842794242838	-1.2960648226379	18.3222717656747	14.3593950465635	-2.22834451593198	18.9205823367086	15.016449581456	-2.17295440708524	18.9258391481821	15.0140290664403
PLA2G10 SKP1	-4.31866341746976	19.9070160960049	15.5534885761574	-1.24603535047963	18.2914225398372	14.0836839238494	-2.73245471432421	19.3549274466974	15.2476216963185	-2.74068137953915	19.1690699064062	15.1702053096105
PLA2G10 SLAMF6	-3.62273041397713	19.7401019101481	15.4971864631837	-2.08345349418812	18.3723681118951	13.6951747804524	-2.72194096050462	19.645855289389	15.202583885939	-2.53427522251931	19.3866193366851	14.8657307909498
PLA2G10 SLAMF7	-1.59642348494011	18.0967854669707	14.1513765216798	-2.68005384418985	18.6108197301375	14.4352899580252	-2.44523545387742	19.1619581062518	15.071870829495	-2.1678271984498	18.7823255422351	14.7081766578803
PLA2G10 SLC25A18	-5.78514787302572	20.5009742503876	16.3558397489497	-1.14553959061185	17.8942714564004	13.1209762573894	-2.07128768407006	19.5408323714352	14.9376107572831	-2.71361606662519	19.4993127615715	15.0225795270039
PLA2G10 SLITRK1	-2.64396983599085	20.023009011342	15.9614255299819	-2.60938176227259	18.7297505949395	14.3068261781508	-4.46762686232043	19.8401200143286	15.8081146596135	-3.43254319560257	19.6167280456297	15.4537691457547
PLA2G10 SLITRK5	-1.68287712927668	19.1805772617562	14.8174759461584	-2.09330490553742	18.4021360096938	14.2319713103822	-3.32613212612928	19.616202280875	15.4858103731387	-2.07568942184881	18.9796820932403	14.7394428028111
PLA2G10 SLPI	0.0957295836760483	14.5377172870338	10.7498123886784	-1.57951702871442	17.830317795318	13.0372895453385	-0.490285374814682	16.8861796389708	12.8875512107577	-0.460304122080265	16.5272486986315	12.2631061971795
PLA2G10 SMAD2	-4.46048698894026	20.559377909508	15.6808621673404	-0.924006916997646	17.4905034161772	12.6271067745461	-2.14266894650784	19.3800901132897	14.8867024844914	-2.30490378388832	19.1556684463401	14.523831368272
PLA2G10 SMAD3	-5.13762550618449	20.060797174046	15.7377894600128	-0.687625429940764	16.8866188852894	12.0597652909214	-2.08817883033838	18.9180420195492	14.3762537136456	-1.92474846183007	18.6239104300113	14.1124500746722
PLA2G10 SMOC1	0.291589814184121	13.8384232190361	9.85761906935039	0.150597150304681	14.1520984257267	10.0235052229023	0.252197726151069	14.2620879515226	10.3395630977972	0.233041350181923	14.0861129878943	10.183058138032
PLA2G10 SMPDL3A	-3.73675983007056	20.5809570870572	15.8547773897583	-2.4308228401694	18.8083095465978	14.5569297947117	-3.10875926791056	19.6269726543708	15.7296618201379	-2.99343415252177	19.7275062148848	15.4833243071704
PLA2G10 SNAP25	-3.62144340090578	20.0518300572594	15.8121450866112	-2.44627774657728	19.0646655745945	14.4368813388442	-3.39635936934728	19.7234769533675	15.6302338502636	-3.28522341254423	19.8120560101183	15.4064058233839
PLA2G10 SNCA	-4.23909709539305	20.2326465678816	15.4167574543562	-2.303521984773	18.4227661776069	14.3700231534823	-3.14766150412233	19.7376399890868	15.3684813085698	-3.34371266987629	19.5266809905783	15.2632246225411
PLA2G10 SNRPF	-4.25159498666506	19.7017046664954	15.9059002759322	-2.03663134278758	17.72123844508	14.0676124937585	-3.70258723023205	19.104230406847	15.3972402427593	-2.84147683971272	18.8641608744018	15.1646137880507
PLA2G10 SNX4	-5.33463488005391	20.164606450207	16.1446818387179	-1.47895582947619	18.8673794562511	14.0171677608166	-3.22019372736566	19.7218265773289	15.7944862743405	-2.80282969795062	19.5770309681698	15.3606191405192
PLA2G10 SOD1	-4.63247173382313	20.1632115647453	15.6308957885565	-0.855093329927331	17.3703123967735	13.4376381131188	-1.6260281563598	18.8801353126375	14.7929726664406	-1.77244394501396	18.7975100109945	14.8156741066154
PLA2G10 SOD2	-0.37429188069871	17.6876415481027	13.0860180866537	0.164323596483486	14.8501711788755	10.7936657833682	-0.1986111535786	16.936330194187	12.6768769785056	-0.282155731280873	16.7181595631695	12.3928179053893
PLA2G10 SOD3	-1.28334052882665	17.9156464380395	14.2447951349137	-0.893388734872766	17.1257154081319	12.9614392839627	-0.772583895482891	17.9419488232429	14.0793273633771	-1.24160038792406	17.8958163028236	14.0319737004035
PLA2G10 SORCS2	-3.0101988801619	18.8749585377566	15.451007781448	-1.29861961790846	17.4206254024351	12.8911306995813	-1.94943621591577	18.9635140143915	14.6786703767145	-2.46676978727374	18.4904082519843	14.4736747197232
PLA2G10 SOST	0.436004205228451	13.6290395027371	10.1217578863278	-0.122559120634598	16.1982754694579	12.0740009702425	0.0362780569714549	15.8863319737491	11.8727375560541	0.199534111697545	15.286592474916	11.3420454970902
PLA2G10 SPARC	-4.03037350042263	20.14829970134	15.5635201741795	-1.92702794381423	18.2118641425207	13.9841390420725	-4.8368235837759	19.7671530799318	15.806005144987	-3.4058761999725	19.5284971762092	15.2018539402671
PLA2G10 SPARCL1	-1.62342763820981	19.6223132502528	14.7505511515121	-1.56972273951762	18.1602715593236	14.0987051365297	-3.21098971591576	19.7472805136677	15.6776070782161	-1.71310058709045	19.1507035918052	14.5809867301482
PLA2G10 SPHK1	-4.70006376675216	20.1775923859312	15.8604343876611	-1.05144330242825	17.6706468698127	12.9228085952273	-2.87594730209189	19.7878700629383	15.2804764180405	-2.28157465479642	19.1001131677726	14.7429816589889
PLA2G10 SPHK2	-11.0368839417959	20.7774239124946	16.4038327988837	-2.60796528180065	18.8088467630407	14.920258274516	-5.32736058264423	19.9968815348363	15.9054623302646	-4.59167176321044	19.8196279329341	15.8452729800763
PLA2G10 SPINT1	-1.67994196049809	18.7853513460358	14.817719017857	-0.668331116243881	16.2379780792129	12.7204386218149	-0.92385623168224	17.581338666131	13.9786673683589	-1.01602147160422	17.5220418914445	13.8671202664167
PLA2G10 SPINT2	-4.74527271084151	20.0111529665012	15.7002846121073	-0.690357450564911	16.5086551963546	12.7486202669628	-2.12104363870614	19.0132437368473	14.9814882450817	-2.26153732909642	18.720073352694	14.6764625365116
PLA2G10 SPOCK1	-2.31892997193848	19.6212273291903	14.9128935683352	-1.75039519215869	17.8438006912649	13.9151128204109	-3.90014204513841	19.6559530024491	15.3437472524636	-2.76415337361308	19.0295510290805	14.8885314476527
PLA2G10 SPOCK2	-3.01801236866061	19.7273309292893	14.5359242389768	-0.626113716910662	17.4954669287872	11.7762054533368	-1.6887044305502	19.0120973711423	13.7757381909824	-1.64670507674541	18.9500441763966	13.485983666283
PLA2G10 SPON1	0.141412559122283	14.8676576854277	11.1311328780242	-0.673274151474503	16.6200002000225	12.6133824421855	-0.193110870316806	16.008854162429	12.1007596220788	-0.158794201298758	15.972981991257	12.1238970524638
PLA2G10 SPP1	-0.90693030093864	18.9210423856009	12.9836618215872	-1.39783961514302	18.1054105539611	13.2291692759013	-0.901544665212861	18.6828367963439	13.4946270889319	-1.15676761463994	18.6454521216598	13.3710255403919
PLA2G10 SPTAN1	-4.3757243440859	20.8179451371815	16.1637445886773	-2.14155686346009	18.2548377226213	14.2268963851414	-3.13835075572566	19.6432048382771	15.4528153016763	-3.77643968441678	19.65396709094	15.5882192340326
PLA2G10 SRC	-2.62719997800623	20.2097406322817	15.6961295657369	-1.33501302518433	18.6054480519202	13.420605243534	-3.54353883357846	19.8350213077514	15.5640346127632	-2.18834339133201	19.4572319601932	14.8289407785748
PLA2G10 SSRP1	-2.40870407479943	18.6267176620562	14.8478620111025	-1.89215395893744	18.1559384846397	14.2838570128326	-2.09423525141517	18.6233464101658	14.8946228461838	-2.65898764044101	18.7852518141718	15.0090218339439
PLA2G10 SST	-0.282691006156735	16.6636870667077	13.1103024634641	-0.836942806529899	17.4590889987665	13.2188889633293	-1.13791314653236	18.2423766223847	14.4481361751905	-0.594590953157754	17.4709605026586	13.5141449904976
PLA2G10 STAB2	-4.22125528437856	19.9796283688991	15.9212250627782	-1.70417721980758	18.230495585071	14.1077045209547	-2.78668381320772	19.2173492701394	15.4321072335215	-3.39778028218726	19.307733409781	15.3600686965785
PLA2G10 STAT1	-2.78638927019542	18.7962979676015	14.7340505845897	-0.352310900545153	16.441954570579	11.8185544987955	-1.14532171824323	18.0807159442274	13.7005956566401	-1.15355074242893	17.974432312254	13.675967828084
PLA2G10 STAT3	-10.5743197060363	21.2423193591133	16.5669729196479	-1.05279735586137	17.6715591207421	13.2357442778224	-2.75497675201685	19.8088047953425	15.2596706147091	-3.05607405696587	19.6466186306526	15.0867460789344
PLA2G10 STAT6	-3.55630712513954	20.3600157880511	16.2994814580561	-1.30967645146842	18.0559816616787	13.8852562700871	-3.997306858605	19.4980232906151	15.6018808996469	-2.11437015796239	19.5151445545905	15.2947842932898
PLA2G10 STC1	-0.222301087174171	15.626954153873	11.7647980749195	-1.22962455876249	17.8052605429213	13.7196256190861	-0.567863932941333	17.2111130358624	12.9272263565351	-0.510321121456108	16.9757277227581	12.9480189468727
PLA2G10 STIP1	-3.75947929888612	20.2097774531107	15.1690348414103	-1.14388904783558	17.6452781047275	13.716979648806	-2.8226417932031	19.5054381585515	15.0025467190619	-2.39865270273566	18.9846935354185	14.9146772450569
PLA2G10 STK16	-4.10688147106635	20.0853610790162	15.5014511989681	-2.46111248183764	19.0332154423038	14.3522789136956	-4.13842293066327	19.6705840926148	15.4765696380876	-3.84974522707232	19.7586719826093	15.3621581082148
PLA2G10 STK17B	-8.52663945922435	20.901580505582	16.3793215496858	-2.0947384302943	18.2993023261808	14.1333155856122	-5.5977057563156	19.9082747514499	15.7495659842743	-4.53900529091094	19.8003010762429	15.4948577573652
PLA2G10 STUB1	-2.36625880996299	19.7510112358144	15.778948516756	-2.09520633524508	18.8056474657703	13.8577547322257	-2.46581717104513	19.5142623514374	15.057332293665	-2.45038208211666	19.4704362323736	15.1033767247235
PLA2G10 STX1A	-6.0642999081981	20.3401421742334	16.237967252415	-3.48316414388947	18.9334656203548	14.894269082652	-5.0749708328768	19.850323910222	16.0265856689153	-4.79193895219047	19.905688495809	15.870591743136
PLA2G10 SUMO3	-5.66412651958768	20.2991817402743	16.1743946627602	-0.381853577747159	17.4325713839364	12.8389732511624	-1.7331445947832	19.2212622161877	15.0660002748652	-1.63717963864616	18.9522355412962	14.672608166213
PLA2G10 SYNCRIP	-8.55214795752459	20.5148463923705	16.3005553189176	-1.47304287296546	18.1655159742256	13.9269811885354	-3.17823673976233	19.3993737350052	15.5530871692976	-3.52037761997414	19.5782607820949	15.4384481685907
PLA2G10 TACSTD2	-5.18377655294519	20.0133470657471	15.6388152079109	-1.97035825584157	18.7975362614316	14.5892315711981	-3.53993197363091	19.7624307337147	15.6404795908309	-3.34893284108932	19.5191703562512	15.4817498412161
PLA2G10 TAGLN2	-2.34875369153962	19.8163948683335	14.6162235777631	-1.93271124106995	18.30822389295	13.7384886048641	-3.02642290037226	19.4109611341238	14.977467269547	-2.44423610805487	19.3309490879369	14.6167830019448
PLA2G10 TBK1	-4.25112063631069	20.1945196593092	16.2448278369593	-2.52244957635231	19.0629788606824	14.7940143257696	-4.40195618629509	19.8889825799588	15.8812597702934	-3.46544448620411	19.7222909737518	15.6755683311006
PLA2G10 TBP	-7.51704301864752	20.5445095351297	16.4693158339219	-4.14715495180487	19.0609041959722	14.8202194527747	-6.49771749880541	20.155419781486	15.9909500384986	-4.95133647444742	19.8431011216683	15.8171604805451
PLA2G10 TDGF1	-9.37687095761494	20.5540041200078	15.9674175483033	-2.64079951957308	19.0189544927722	14.6472710202038	-3.47733805557258	20.0526141740417	15.8729812415968	-4.87827526894618	20.0006205525257	15.6515940352104
PLA2G10 TEC	-2.82276150806498	19.9830846548341	15.3035826970992	-1.37393719166362	17.85197383119	13.274640227174	-2.87539904686306	19.5868232182486	15.5259504259314	-3.01700594090525	19.2091499669374	14.9306379835277
PLA2G10 TEK	-6.90539347149773	20.7273913910889	16.0156257089404	-2.34508763973407	18.7593176977484	13.9707712134194	-2.95970319529465	19.9900909030754	15.2941780795336	-3.83210710251321	19.9531320072917	15.2616865773497
PLA2G10 TF	-1.59011121731756	19.0122247954617	14.4894636068721	-1.21497021875605	16.9348095221057	13.6720337717986	-0.917948421255583	18.1829591445448	14.4535123862431	-1.26418580930401	17.9953498365094	14.3220529560943
PLA2G10 TFF1	-2.42544516264369	18.6782451646231	14.828605995359	-1.47834494767733	18.2541050221659	13.4776212847641	-2.38169594459104	18.8826778822143	14.9012824472615	-2.20336908592369	19.0192035466429	14.8792206539815
PLA2G10 TFF2	-1.07691719534343	18.7104911420093	13.6135173798234	-1.48352059110409	17.6511881228158	13.2040998085047	-1.17388176579422	18.9187852030219	14.4672193478414	-1.33424347511301	18.3631946864895	13.7612767429001
PLA2G10 TFF3	0.258560020442821	14.2756011933275	10.2183866295675	-0.380394798915082	16.3764704241518	12.0898460970516	0.0624153348095855	15.8272351680667	11.3847966719674	-0.0526977011657999	15.5751352384981	11.4201663209178
PLA2G10 TFPI	-2.52513894085207	19.8625226346296	15.1716787757899	-0.551521111772184	17.2972771784944	13.3480587721587	-1.2749649221779	18.8936373158715	14.6453897843711	-1.51397370718267	18.8342763955934	14.6465169296944
PLA2G10 TG	-2.45321928092577	19.9405438281797	15.3927646550592	-3.1197006288207	18.6762919687143	14.3747756290087	-3.77754726342631	20.2010986734546	15.8276071955167	-3.47538890551105	19.536833047639	15.221681613473
PLA2G10 TGFB1	-2.40052903722961	19.6083268245199	15.209697578249	-1.72681197831986	18.6435311981357	14.511669303416	-3.14126423424505	19.5139129170005	15.5970235304892	-2.56508857942521	19.1700151889063	15.2919795457133
PLA2G10 TGFB2	-3.61766246877075	19.4475131133295	15.7654576112784	-3.85869085527454	18.9328593525905	14.7537737941244	-4.27785214250953	19.7437481986051	15.832076033781	-3.94289641860057	19.3660420065101	15.479287466338
PLA2G10 TGFB3	-1.88733085055931	18.8854975496624	15.1123308321565	-1.64563044221182	17.9582638815127	14.3295758026886	-1.82736691826873	18.5263531007925	15.0556366741245	-2.01745374119695	18.6072416625003	14.9846303876934
PLA2G10 TGFBI	-3.68783042182775	19.8341187130768	15.7766559014416	-1.71156810147707	17.9555816073933	14.0938140537016	-2.43589384037468	18.9487703496953	15.1486809232277	-2.74336783902701	19.1045121538759	15.2797559940821
PLA2G10 TGFBR2	-1.52143546642658	18.7008576766067	15.3987298433985	-1.64055136642493	18.5568308076975	13.8017742196349	-3.68534482070484	19.5836550499629	15.6352985766539	-1.6816098451561	18.9081534969497	14.8247430713648
PLA2G10 TGFBR3	-2.26989211492152	20.3191646462416	15.009648887896	-4.10562076729544	19.3427502953918	14.6551147618998	-2.40227983849137	20.0898608604699	15.1759572675608	-2.98636252482888	20.1190236675874	15.1666597357063
PLA2G10 TGM3	-1.81381842602734	19.1889805453284	15.0321104254652	-3.10939483560929	18.3146702929259	14.061067649553	-3.13248299030916	19.3434257714754	15.2303003399973	-2.71043456178092	18.9562920995465	14.8981246943032
PLA2G10 THBS1	-3.31010806704529	19.8287290133167	15.600818144175	-0.979465552232319	18.3541771490247	13.2175448267473	-2.84686232916401	19.2965889044341	15.6624064975531	-1.75748336499682	19.2696540945141	14.7150637076039
PLA2G10 THBS2	-0.843113195814214	17.9018675086459	13.6627842405492	-0.854979575838456	17.6142632995805	13.1690612258529	-1.00365924979496	18.3334672780907	14.0225770798537	-0.793891688966689	18.0707387741675	13.5492153777894
PLA2G10 THBS4	-0.0945850464385811	15.6643803457224	11.9539607203241	-0.394205574028385	16.0426319519103	11.8286798432797	-0.277734265944437	16.4586279977556	12.5737953796103	-0.268844502664689	16.0828612853339	12.1988986965158
PLA2G10 THPO	-8.90441634254205	20.1027750126104	16.413550253035	-2.61352223105323	18.307177934731	14.2147365509579	-4.27018780322569	19.46103823691	15.5350125019043	-5.22155077400131	19.632037535661	15.7432899483638
PLA2G10 TIE1	-5.86003488573619	19.9086346634553	15.6197111910495	-2.0702693349993	18.7835503292083	13.6066682838098	-2.80053819063093	19.4450364247075	15.1233630382953	-3.02977076641031	19.6192322734748	15.0012589938968
PLA2G10 TIMP1	0.116661607808368	15.2476965850882	11.8908464586125	0.0613781946297681	15.9768944364384	11.0962759343897	0.170967614607415	15.861840352576	11.6277387433464	0.0559303955188044	15.9971801709682	11.7280013179593
PLA2G10 TIMP2	-1.27014960332148	17.5927585989853	13.9468096370232	-0.765788205828302	17.6155457789829	13.2389335227059	-1.14584722062133	18.3704639760916	14.0872811905745	-1.027332834149	18.0185836321936	13.9690861083034
PLA2G10 TIMP3	-6.06033897600211	20.0705604471993	16.0957369407673	-1.71158890048068	18.192549349913	13.4841925548094	-3.67105377413317	19.3309750540301	15.3819641167077	-3.03157597880357	19.1923899973567	15.1430525922106
PLA2G10 TK1	-6.65816975214882	20.5190300529727	16.3852990856814	-2.28020384569113	18.7967954865028	14.4364203178307	-4.03425843800409	19.7742265191352	15.8677058345642	-3.89033365467121	19.9147265966487	15.6399292175315
PLA2G10 TKT	-3.30732492548606	19.7049665266245	14.5165002687515	-1.56710332121958	18.4090779653839	13.8201839063793	-2.42255821149991	19.1591704818949	14.9493976150017	-2.0698883312872	18.9511928385282	14.5353779613494
PLA2G10 TLR2	-2.51619200757865	20.5211558209814	15.9499789604849	-2.88350239370736	18.8140537786433	14.4376382475837	-3.32589750600935	19.9065470215833	15.8250642036051	-2.82333650201536	19.7773406167387	15.5107390766788
PLA2G10 TLR4	-3.07021699865745	19.6053077814081	15.6187322668781	-1.79812867579539	18.658857898203	14.1987034215153	-2.18926128090166	19.433258618148	15.4425570082198	-2.62947315538812	19.3791399954231	15.1680966608312
PLA2G10 TLR4.LY96	-2.30098217286072	19.5963171533466	15.4203314855701	-1.92902155678925	18.2651364031603	13.9500332337432	-2.77454449304782	19.423465290774	15.5216528491809	-3.06860911647944	19.3215590005492	15.1087685178508
PLA2G10 TMPRSS15	-2.54256028126136	19.3605286816054	15.8176212985565	-1.89801694995945	18.182555731625	14.2600937325716	-2.23934249691538	19.2541741963218	15.2447172634919	-2.68919127187586	19.0702713326158	15.3505984209561
PLA2G10 TNC	-2.70362280743551	19.9211327356783	15.1402389219641	-1.91606322358719	17.7789038086429	13.5449371161552	-2.61137165995045	19.0621269567552	15.0878881659396	-2.43999505481684	19.0954507559575	14.6569979552017
PLA2G10 TNF	-0.292357280922364	16.4559260823743	12.6895723068516	-0.976770373681525	17.0287201212821	13.2939545588015	-0.618627520386308	17.7006577958882	14.1013531820199	-0.521143735425608	16.8709832439679	13.4825918310993
PLA2G10 TNFAIP6	-0.265366738072662	17.0843704143231	12.8488837004529	-1.03020170137915	17.5766648003336	13.4266574881217	-1.06985951718629	18.2954693964334	14.3298440593288	-0.614123409550155	17.5565102297649	13.5073328625903
PLA2G10 TNFRSF10A	-2.43609327389561	20.2813741992714	15.5423494419972	-3.15632781154826	18.6306366118307	14.5047138060067	-3.31292499517228	19.4773673312065	15.5123282615576	-4.1799229479432	19.7332922045541	15.5708717554912
PLA2G10 TNFRSF10B	-1.49277797350859	19.2206963227297	14.8792244270179	-2.65041413003789	18.7816817165268	14.5516369749557	-2.10159420559366	19.056023610383	15.4301919722469	-2.35194162909615	19.0754124237928	15.0706965377707
PLA2G10 TNFRSF10D	-1.29609573356012	18.8753295519309	14.6912013137041	-0.812667250445897	17.2226031224014	13.2885673638869	-1.03562331111637	18.6344481704916	14.5797906642771	-0.950192573250277	18.5216124463335	14.4879244044885
PLA2G10 TNFRSF11A	-1.27232016523147	19.5491885717149	15.2063962987608	-2.0463251799355	18.2036422655819	14.573977928781	-2.24532899677395	18.8846388735325	15.5454010468219	-1.75744362792033	19.1017029913009	15.2364756540651
PLA2G10 TNFRSF11B	-5.41275444822024	20.4376007768172	16.1739575058977	-1.88673627406951	18.5836142063365	13.8575918763379	-3.48633099149958	19.645552654648	15.3445600033499	-3.27869314896717	19.7906896697289	15.351619650256
PLA2G10 TNFRSF12A	-3.48282036677846	20.1196381631566	15.8694395751769	-2.92917701512966	18.6217215423874	14.5367489764833	-3.44473833094267	19.6917402982009	15.5812411795322	-3.49228073064429	19.5839158411234	15.4963134825722
PLA2G10 TNFRSF13B	-0.853787074242161	17.5327391604652	14.0107636679144	-1.58561117326688	18.039203428069	14.1917151829662	-1.20122093556664	18.2428690991607	14.8086912779398	-1.16512914110663	18.0621233354499	14.472226504234
PLA2G10 TNFRSF13C	-2.30612782425348	18.9040478089969	14.3892135935413	-2.01922306675113	18.5644045768015	13.629144924372	-2.19066245635988	18.9224370792476	14.0973037255834	-2.45762744485023	19.110207132203	14.3541105388479
PLA2G10 TNFRSF14	-1.99914726811565	18.2199511931604	14.5152354584962	-1.79123948638299	17.8428710734674	14.1303051368391	-2.45471060229304	18.5017908762124	15.0409449408151	-2.0999106190407	18.3904422289048	14.8086070263762
PLA2G10 TNFRSF17	-1.7567628959432	18.248069172011	14.7526788703583	-2.48935132891497	18.6566233727918	14.1480751503647	-2.12797911685344	18.7192176450276	15.0491148920318	-2.03864030993358	18.7733583161062	14.8173280646496
PLA2G10 TNFRSF18	-2.79350787229745	19.0318920668746	14.7952261600671	-2.07980754780653	18.433307183363	14.2628721465232	-3.6401553187783	19.3261381361702	15.350444112417	-3.00660264069683	18.9906474051296	14.9869814528026
PLA2G10 TNFRSF19	0.0442696117904956	14.9813370999149	10.9816082755864	-0.45732293227779	16.5249606058202	12.1683222732917	-0.0911886186181006	16.1103091753555	11.8455484896472	-0.140022405368183	15.9173229371217	11.8117232113738
PLA2G10 TNFRSF1A	0.357892031941421	13.4558891724642	10.1017570528106	0.0816990399589813	14.7451819548407	10.6538887418585	0.18997558610626	14.5119948696631	10.5849297966062	0.20311070945996	14.4860007147266	10.729832829334
PLA2G10 TNFRSF1B	0.010789519638161	15.4877281217792	11.1567345527234	-0.0676387480322245	15.1340895704984	10.9357604152864	0.00475696701618955	15.5799482148914	11.1761282268913	-0.0293061701961352	15.5847081962094	11.2917545140662
PLA2G10 TNFRSF21	-1.31207516310485	17.84917769016	13.8860388621674	-1.60886767188931	17.5067113059975	13.5377267841162	-1.28869612035845	18.3349713220198	14.5081218058775	-1.491865177687	17.99674616935	14.1160122310393
PLA2G10 TNFRSF4	-0.163278739770398	16.2623216634176	12.1938441076602	-0.00636369551099847	15.1361724708955	12.0459880522912	-0.0526676530531054	16.0936920703037	12.3198423324693	-0.100352133544349	15.9317823495361	12.3513754278595
PLA2G10 TNFRSF6B	-0.990234204316438	18.34085281104	13.9364126511451	-2.25310020911732	18.3491937385563	14.3924612405593	-1.28512878603947	19.0213771160354	14.8797049725687	-1.45558295043659	18.6240012057236	14.5187856595566
PLA2G10 TNFRSF8	-2.48712059941377	21.4144209518732	15.2805496937316	-0.728203397014602	16.8593378419518	12.9465338901218	-1.38129661505288	19.5193645212736	14.5319305051431	-1.37650836794094	19.4096485360676	14.4161974253487
PLA2G10 TNFRSF9	-0.548085875191376	16.4035207192915	13.2316222479181	-0.199468377214214	16.1149684079722	11.9897419549006	-0.393250964502338	16.7440648264178	13.1330532975046	-0.53434649661307	17.0584975493161	13.3133493011774
PLA2G10 TNFSF11	-6.07501138501365	20.0137655417736	15.977694501137	-0.828142829228532	17.8933837858662	13.0861707311686	-1.63389994696889	19.1891425896937	15.144584446237	-2.07633594968459	18.9756060825366	14.8669155213408
PLA2G10 TNFSF12	-2.9007958849216	20.0378866753896	15.4332269138792	-2.75074028285212	18.6785430443742	14.0979608582602	-3.42180377943688	19.3233049745137	15.1270530782534	-2.86909230895896	19.4030452303206	15.0451671232867
PLA2G10 TNFSF13B	-3.09409903387184	20.5518263031135	15.4695241811006	-2.31805148628562	18.8213927279585	14.5048368830617	-2.74066694247332	19.681362538392	15.5018540717491	-2.89811469992551	19.7519153341897	15.123103994206
PLA2G10 TNFSF14	-6.86975238569988	20.6616322048607	16.5338748777858	-1.90991632080619	18.6888023843398	14.1878215170387	-3.33974024299495	19.8176031084931	15.5834240519693	-3.5229415604434	19.826540286309	15.577118396037
PLA2G10 TNFSF15	-0.846409225372901	18.2531799244843	13.0492607651278	-0.569307347571146	17.576700803794	12.9033034860525	-0.749056600156555	18.0817192276795	13.2961271757844	-0.755828994672752	18.0447454958171	13.1531226033746
PLA2G10 TNFSF18	-2.45166711728065	19.2513814917232	14.7127575566379	-1.9147227378277	18.3234864366494	13.7145059559852	-2.79910477618047	19.5119289573816	15.3970215438957	-3.13588659782273	19.3078317324214	15.0181693825313
PLA2G10 TNFSF4	-8.31025973718067	20.9417011723647	16.4704683595488	-2.39010497467519	18.5643637938133	14.4253335266952	-4.12451895357717	19.9879768208258	15.8023554142046	-4.02103040449922	19.9322601009664	15.6665127355236
PLA2G10 TNFSF8	-4.30240554702016	20.020909732332	15.6239491034797	-1.95469794622804	18.4635373700197	14.2915954255403	-2.07954665278178	19.5212503674998	15.1899887534335	-3.04713610712555	19.3194244296622	15.2229601820452
PLA2G10 TNFSF9	-5.15999218595128	19.8801984914635	16.1586238920272	-1.42670476188728	17.7070681915974	13.1985941546313	-2.81645770558682	19.061002745394	15.0395087214247	-2.95316726677584	19.1931502094273	15.1057781230294
PLA2G10 TNNI2	-1.97720758930569	20.6391618814602	15.1650392077795	-2.58116116321339	19.1702925937033	14.1553013138978	-3.30801756927473	20.0499567740997	15.4992365272144	-2.67547695956416	19.9733640555739	15.0540203891004
PLA2G10 TNNI3	-0.582003086119718	17.5702577434847	13.4760263116036	-1.68146489008322	17.9294258507005	13.8746366993964	-1.27129864325545	18.1226625093202	14.2873558237939	-1.06092811013057	17.9793636073321	13.9583706618023
PLA2G10 TNNT2	-0.387853659430502	17.3008148231112	12.3462152097165	-0.334112885333973	15.4770194881677	11.1747107075765	-0.355867161301527	16.726290763809	12.5063510144015	-0.349195643070064	16.5061205441605	11.9776811867645
PLA2G10 TOP1	-4.49186762082328	20.247037452647	15.2060694699263	-2.8473897809262	19.0563547004569	14.3037130364175	-3.4584314068142	19.8953142038628	15.4242364707158	-3.93518061712327	19.6802527842709	14.9519729334285
PLA2G10 TP53	-2.94607981291444	19.2896090942653	14.9754638963885	-2.83290470171159	18.7852597274625	14.3457120936495	-5.74196615920622	20.3044196924826	15.9587206747484	-3.68228300789308	19.3319504744382	15.2366562829587
PLA2G10 TPI1	-2.67491815695683	19.4822878950954	14.4705227422619	-1.46222680675995	18.3188405032152	13.9189316245759	-2.09426298507384	19.1177748273691	14.9779108624086	-2.13802354610171	18.9054561017863	14.5690719459063
PLA2G10 TPM1	-4.54612791566832	20.0381340745999	15.7455379610386	-1.89525566871759	17.962709864723	13.8861071536097	-2.84356703124079	19.4315943344835	15.1097590021774	-3.38413137799333	19.260322717029	15.0193659332429
PLA2G10 TPM2	-6.72515519402215	20.5399074865197	16.2352998200505	-2.55061315653047	18.8786147691801	14.1032153509326	-4.26116351706308	20.0998647213427	15.6421086935865	-4.11413682848398	19.8453278595367	15.4745911716895
PLA2G10 TPM4	-4.4595290942987	20.2397223847737	16.063103116262	-1.59839931811507	18.8295166657562	14.2979167990695	-3.150264254899	19.8155051742834	15.8830186670294	-2.79799221805606	19.7629957656	15.4863554488797
PLA2G10 TPO	-11.490290864917	21.0249401508045	16.9110823957332	-2.26458029975259	18.9389366533268	14.4448996755872	-4.70483120967398	20.2763163155065	16.0629337765366	-4.70589835884388	20.123169049298	15.8609925581724
PLA2G10 TPSB2	-2.60762203814999	19.4555344390587	14.9135950052689	-1.42300799114876	18.4031095422943	13.557582890543	-2.78224488166444	19.7362358880392	15.3121685322725	-2.64433308292323	19.2608209254769	14.8848471800618
PLA2G10 TPSG1	-2.07956990918882	19.6935648683403	14.7498787607262	-2.29618592298916	18.2587241588885	13.7121363912997	-2.58268272607044	19.3011668151919	15.1700319683129	-2.54567576434633	19.3465430056259	15.015397507893
PLA2G10 TPT1	-4.84812855798466	20.2697352551233	15.7234724017494	-1.17943746402897	18.2831263619949	13.7697906388538	-2.74230642168765	19.7397456521709	15.4549200545814	-2.44772517056033	19.4671298864803	15.1005563939061
PLA2G10 TSLP	-4.60239938703748	20.55777756353	15.8911261954427	-1.35053468702792	18.4138363937483	14.2036037791818	-3.08635722273327	19.5251276236917	15.4622978244301	-2.94870945384073	19.5692255916675	15.3789109421303
PLA2G10 TXNDC12	-4.71177857273904	20.2087596903822	16.1658597789405	-1.6348517020438	17.646545195602	13.5983900776412	-3.90296244943967	19.5322946262693	15.4918452547047	-2.98812617804682	19.3097983773245	15.1233117948859
PLA2G10 TYK2	-3.02474686714637	20.080998128529	15.5021697585215	-3.25628226382026	18.9298580719325	14.3684099720166	-3.82725615821468	19.7085913794151	15.4879569096923	-3.16743652456993	19.6320501095158	15.2289617405146
PLA2G10 TYMS	-4.70063684336377	20.7094386942618	15.7797752693242	-2.68352691541295	18.8201458724306	14.5682486677167	-4.8438565111277	20.2944049761991	15.8657604144914	-3.73623390414726	19.9357360715372	15.4895981509993
PLA2G10 TYRO3	-3.30378424224998	19.1545375893843	14.7710316770666	-1.28373122196408	17.4697336379091	13.7166221803434	-1.47884930067113	18.5261480610797	14.7167302030104	-1.66824947695222	18.6316967332776	14.8716967394054
PLA2G10 UBB	-3.01894162163299	19.7313856139088	15.0515733376371	-2.57361151824431	19.1341663581002	14.6078218526227	-2.82359513336042	19.6028087060727	15.2921367049924	-3.70929957884623	19.5153724654872	15.2873530268025
PLA2G10 UBC	-1.13796966334184	18.3192231157544	14.0507981873451	-0.688698258960688	17.0530785593106	12.3970681628431	-1.09823143430863	18.1883866292692	13.847368622495	-1.07769150539559	18.0316626423287	13.7928609191575
PLA2G10 UBE2G2	-3.52449762028596	19.6649575632448	14.8615422349569	-2.30825387705978	18.3447830863481	13.7811422035969	-3.00380784817978	19.632112591773	15.4542105106555	-3.15179648734705	19.1086083028555	14.7657648121356
PLA2G10 UBE2I	-5.36436353526064	20.2347702914141	15.9075892104299	-1.16560994148053	17.8387930842423	13.6013235566977	-2.97395769813771	19.1371555022353	15.2398104481997	-2.85478653262354	19.2815829429208	15.021112728495
PLA2G10 UBE2L3	-4.28659901610269	19.91960909638	15.1622910641413	-0.59522480343381	16.7960971060027	13.0286773885801	-2.32853605340386	18.8824843123261	14.9571324060394	-2.06189744153528	18.5348533185639	14.5267346036223
PLA2G10 UBE2N	-3.75335579254729	19.5544719437959	15.032938827677	-1.52785558957286	18.5828625264522	14.2263624451916	-3.3156375466511	19.2752817071539	15.3019719742315	-2.49384185768115	19.1812948090041	15.0170609620635
PLA2G10 UCHL1	-2.24922181922025	18.9932719409055	14.4747860231461	-2.56295238817691	18.2945471838917	13.7615660288463	-2.95551359080275	19.0352940062217	15.0894747065953	-2.42227430276202	19.0745231836298	14.6968043212015
PLA2G10 UFC1	-3.93304586540087	20.1583952611956	15.8728822865673	-1.57253812353082	18.3657658021786	13.2615474793335	-3.76367684010613	20.0129578542959	15.4593397579066	-2.58586278172139	19.6458474617974	14.9865476999476
PLA2G10 UFM1	-2.66397079739498	19.4178260845264	14.9811794422538	-1.7537854633747	18.7421704556032	13.3984754676314	-3.02957962402212	19.7875963072297	15.1062656198645	-2.64909256452815	19.3429385830297	14.631929782513
PLA2G10 ULBP1	-3.84589324202411	19.8879294491175	15.9037949320985	-3.07424372250357	18.8313289008162	14.7242158790632	-2.85351615726259	19.3871399942821	15.4315339791678	-3.42961799555114	19.4259075022913	15.4307536160632
PLA2G10 ULBP2	-7.7968500668822	20.432054133413	16.5343256086801	-2.30857296015777	18.156603533403	13.6516945721648	-5.06787390797012	19.9518749749538	15.8811472425771	-5.63666610363496	19.8893580646626	15.8826638425911
PLA2G10 ULBP3	-5.15534735138629	20.0984539414078	16.0710267400721	-0.799963557978399	17.1159509276815	13.2957293187036	-1.84446619461781	18.8337228349066	15.0583951421092	-2.14750549711023	18.7518121744985	15.037430695182
PLA2G10 UNC5C	-0.407052614057063	17.3104557327548	13.2455667203741	-0.45276573956581	16.1744222208073	11.8785684748842	-0.380000709684999	16.8598411269123	12.7963747857772	-0.407093218626605	16.9433951295183	12.8051590057572
PLA2G10 UNC5D	-1.27975429456865	18.8947037292714	13.8275976210009	-2.79615555485278	18.6480209143829	14.3171560817889	-1.4582847717105	19.5405448158562	14.7831915594411	-1.80989012386238	19.0901765774791	14.4454919908823
PLA2G10 USP25	-3.0846166512124	19.4290993180338	15.6864364881452	-3.56128557363381	18.9581639134924	14.7447607000072	-4.38512746012561	19.8658498426851	15.8329797282019	-3.24063869741486	19.5429442367226	15.5339913274426
PLA2G10 VAV1	-3.71924742523714	20.4046098958683	15.755019087369	-0.999133062751252	17.9538487144032	13.0876231340298	-3.61080545716268	19.8362566620409	15.4612620167013	-2.37019666239331	19.3660886313786	14.8248072805711
PLA2G10 VCAM1	-0.804565208563733	17.7815431070205	13.882873874353	-0.752190106563183	17.4302717382984	13.0750714951177	-0.638350660888193	17.8372211280535	13.7976533474593	-0.637256668898186	17.8447226673192	13.7340871614238
PLA2G10 VEGFA	-0.803222967562908	17.503302502898	13.449488086036	0.00171920769394418	14.9703711857112	11.5822247117542	-0.253467758942135	16.4052757584759	12.7257272095926	-0.336869099842529	16.3695032779314	12.7222107955955
PLA2G10 VEGFA.1	-4.67834063143907	20.3090045205107	15.8480981246585	-1.87816744994238	17.8601429591917	13.8906303939377	-3.17851348817973	19.331743119937	15.53270213755	-3.30680491079218	19.2706151591542	15.2696260189302
PLA2G10 VEGFC	-1.57006164747005	18.9656821355458	14.8398543880862	-0.479883162386678	16.5509755103565	12.5801451675893	-1.18915276374262	18.3314690820419	14.3531800664055	-1.01040923410607	17.9469207460644	13.9600064808393
PLA2G10 VIP	-7.54034859978518	20.4099852219756	16.0004795429136	-0.693469258776232	17.0394911777437	12.6928120942378	-2.18840345811403	18.8000072991697	14.9921169068195	-2.09642088202544	18.9210452492037	14.7702891294553
PLA2G10 VTA1	-3.622688172688	20.0861086670341	15.0885838981693	-1.23813709574239	18.2603175064896	13.6666309807144	-2.74430779847686	19.5239227592188	15.1764535869864	-2.05669646983742	19.2043447419797	14.6849492246869
PLA2G10 VTN	-2.37039279289447	19.9469306305893	14.3699271858906	-0.376224697644834	15.8712460190421	12.1721201260655	-1.22992456072573	18.3854338197917	13.8552962847587	-1.4622183435083	18.4127612895619	13.6741625771623
PLA2G10 VWF	-3.78451984006196	21.1475218454704	15.6139425997056	-2.42845241191789	18.7980999626998	14.0012897595166	-2.73010448261363	20.0448456085867	15.1488706075655	-3.17880670270849	20.0245041023965	15.0315695253098
PLA2G10 WFIKKN1	-0.936001065882013	18.1287193317847	13.6173343772577	-0.865186763018329	17.7818953214217	12.8511393741245	-0.906912600389232	18.2791435587539	13.8762086442538	-0.884760388783701	18.1147545398113	13.5531282152461
PLA2G10 WFIKKN2	-2.67907148303792	20.2243735050118	15.339789094752	-3.02823027779526	18.9006716080141	14.4475301825355	-3.59375892576003	19.9361229738736	15.2623730461923	-3.34418494120665	19.875008736484	15.3241366880645
PLA2G10 WIF1	-1.80473597743445	19.3890462699165	15.03552575235	-1.66422762007537	18.6422214598061	14.2318247987827	-1.52463256207805	19.0761231730762	15.0405765317282	-2.11823044233655	19.2506008393667	15.173788884455
PLA2G10 WISP1	-1.46316701044629	19.1483481857706	13.9440502830469	-1.13445734470405	17.5594008917842	13.2411932057915	-2.08227904505628	19.1775621862937	14.7806696410007	-1.68819838618882	18.8567375226537	14.36315001864
PLA2G10 WISP3	-2.8977970171109	19.1028563492109	15.199724193319	-3.27754240998039	19.128035815056	14.6865476591904	-4.42183909688644	19.6389583276128	15.9531538330062	-3.48632715401102	19.2186515105866	15.1956953246781
PLA2G10 WNK3	-5.64358484301385	20.1747316828945	15.681447776583	-2.19994473033552	17.9051797574841	14.1372059950995	-3.34463614332657	19.2486437493459	15.486430559701	-3.7864038791385	19.2108612754444	15.2930946912525
PLA2G10 WNT7A	-2.9654258513482	20.4778862552564	15.977039052599	-2.98644916592315	18.9096608520266	14.6335133246068	-4.95246699785322	20.0412552763874	15.9579398324272	-3.85028381894521	20.0016688096996	15.7526919671995
PLA2G10 XCL1	-2.9527408475273	19.11873886195	15.002180436813	-2.60960037922356	18.6369704616992	14.4235646267041	-2.0824202885971	18.8395347106625	14.9835251238326	-2.35970709211713	19.1054152712897	14.9938581334879
PLA2G10 XPNPEP1	-1.89062662038931	18.5100954905347	14.1701187179285	-2.11986837769385	18.5213168361112	13.9671568497965	-2.72126161464391	19.102158290614	14.976910429449	-1.84707422305339	18.7341980832246	14.4777160886119
PLA2G10 XRCC6	-4.7741174590269	20.7161354805429	15.5507194116355	-2.38584531820583	18.7909835846067	14.0448937204294	-3.42888773276568	19.6495298568511	15.3719735535722	-3.73634315278321	19.8538996601036	15.1731782774659
PLA2G10 YES1	-3.41792464711733	19.6848717389333	15.3101866917982	-0.3100504601561	16.7810470073827	12.3395850316688	-1.38039600533714	18.5750737950782	14.2604457508086	-1.31167795057608	18.4516244201331	14.0316453487592
PLA2G10 YWHAB	-9.18062411424207	21.1404911861527	16.3840026998236	-1.35914405417664	18.4607954718182	13.8916053530635	-3.9085254541894	20.0084774437453	15.6546116528941	-3.21102699757093	19.8484929242986	15.4245594327518
PLA2G10 YWHAB.YWHAE.YWHAG.YWHAH.YWHAQ.YWHAZ.SFN	-6.70437658906976	21.1519529874596	16.2366532825019	-1.32138933116375	18.3536066816398	13.8609467408156	-3.06955175097732	19.8564590523455	15.5987217842757	-2.76656239650537	19.8694533263066	15.2819677755432
PLA2G10 YWHAE	-3.18997821102805	19.6046729763957	15.2908651638517	-2.00846765744558	17.8877520530591	14.0673166386983	-1.95625809638799	18.7593941573212	14.9193148145319	-2.74988030608137	18.9977893419503	14.929595525504
PLA2G10 YWHAQ	-4.49776351949564	19.9896468581322	15.9636645341447	-2.94376382292059	18.7461307145007	14.5291814285369	-4.77765234143115	19.8471965376593	15.8558779186829	-4.06238591582695	19.6095462781457	15.406336806949
PLA2G10 YWHAZ	-7.02863742019735	20.2997195187981	16.3404900178284	-1.71815334645233	18.652244012246	14.0652983307395	-3.43303634832347	19.6594641487147	15.6624764894145	-3.3586269086264	19.7858403273926	15.6562479596878
PLA2G10 ZAP70	-4.2934658930357	20.6901679678492	16.2795223671643	-2.44200626839666	19.0362005998324	14.1387226322117	-4.21026045628716	20.181872782086	15.7840234232749	-3.64010265387808	20.016810380364	15.4554668013243
PLA2G10 ZNRF3	-4.5133478952949	19.738429891857	15.7167716853523	-1.55346380177297	17.7689604759127	13.3546610887099	-2.28640788306573	19.2539470765349	15.1536435642959	-2.8502495621932	19.0622603732998	14.9850155952097
