protein_name	r2_male	rmse_male	mae_male	r2_female	rmse_female	mae_female	r2_all	rmse_all	mae_all	r2_all_sex_adjust	rmse_all_sex_adjust	mae_all_sex_adjust
PLAUR PLCG1	0.558758554006689	13.437942891454	9.74768407159695	-1.53746496867284	18.4807779798698	14.2458304423214	-0.0419511965437389	17.2388210425465	12.6042220056751	-0.0810858936249992	16.6373649596753	12.5161843233581
PLAUR PLG	-0.00453422107277879	14.7118854978796	11.1282166987333	-0.683662555639628	17.4205718394972	12.306133639015	-0.420526376479921	16.7602819770258	12.4695172132781	-0.306633752892332	16.4292556546971	12.0069585512498
PLAUR PLG.1	0.26368250355509	13.9613497540077	10.7325192588696	-0.380045024377166	16.7725192148935	13.2154451416623	-0.0210984469006241	15.9861650269869	12.1747628538234	-0.00588722070641623	15.6889592658428	12.2070669286614
PLAUR PLG.2	-0.100829713009987	15.1165479820094	11.720192684902	-1.12028347408513	17.2425198284247	12.8733265786701	-0.567166623139832	16.7596272709505	12.7405761444144	-0.487672748206124	16.40116883868	12.4576837750639
PLAUR PLK1	0.0850080104439314	14.4863672256261	11.0697047578654	-1.57356892318078	18.134110558842	13.7713388445771	-0.438563967270141	16.7254086221351	12.5687589659407	-0.530995066482954	16.7320183345921	12.7903732486386
PLAUR PLXNB2	0.213310243948296	14.4624301613095	11.1222117505666	-1.88231063669129	18.9270725349428	14.2875645884882	-0.489351407194043	17.0646778874033	13.3175095372502	-0.558454059024013	17.1567377569597	13.0694205974047
PLAUR PLXNC1	0.120911945249767	14.7097018764923	11.204457951336	-0.981486161464015	17.418826424257	12.6165172672092	-0.399610461161965	16.6386636110302	12.3447745705457	-0.441752410545746	16.5546968292616	12.2447516870192
PLAUR POMC	0.180509145712637	14.5284729416037	11.3581223090353	-1.15479671652609	17.3112990103516	13.4053390182499	-0.334280945306269	16.6815403759716	13.0801514423239	-0.308734841562918	16.3654797452181	12.77142603963
PLAUR POMC.1	0.308344232640597	13.9880484841643	10.7594777037107	-2.20841549310981	18.6147161670837	13.9712528464423	-0.303030800099752	16.5920571250041	12.6943016132587	-0.370134203936254	16.5676215538478	12.5632751007786
PLAUR POMC.2	0.151693237876358	14.5224697986721	10.4998305136106	-1.34484285148537	18.4548466606778	13.6648271475274	-0.509862685710353	17.0837480632137	12.7601034780474	-0.462126609896566	16.8207241711617	12.3416333994272
PLAUR PON1	0.283893096394283	14.2727042963274	11.0271842694104	-0.727123459321543	16.9232569142051	12.472824760609	-0.0749638491185736	15.9036255464691	12.110567232087	-0.156872088495869	16.0779501677638	12.1717851956886
PLAUR POR	0.356170539040228	13.4910055823374	9.88897580018605	-1.28675837246584	18.3761773686921	13.3038781453764	-0.168123120162723	16.5953707825543	12.0003284889814	-0.214404012196375	16.2225048608304	11.7449877240505
PLAUR POSTN	0.436885107072014	13.1100244622058	9.74560273432427	-1.25439579346696	18.4559294056061	13.7777735872703	-0.205112642492071	16.3095067607242	12.1864591090401	-0.177556195587063	16.2577904256662	11.9968673773448
PLAUR PPA1	0.353988224823165	13.6708220430141	10.6582496051744	-0.891501612153275	16.9101971395751	12.4395431637805	-0.235583144225761	16.1712640099282	12.2565681849045	-0.266919489043043	16.0520942063352	12.2189555102676
PLAUR PPBP	0.500908179053777	12.7726795578522	9.76683520141381	-0.336357172921467	16.2023484835687	11.9371719583489	0.223555664240143	14.9581449645025	11.1446883345974	0.169497147480286	14.6732741231186	11.0688176252808
PLAUR PPBP.1	0.47546055174916	12.7608288876817	9.73150496159929	-0.302846908790094	16.0348602108672	11.800412145385	0.209258472314354	14.8608377806228	11.1030474136221	0.184090106046745	14.570912554014	10.9786146228443
PLAUR PPIA	0.0403785907306895	14.5629748970303	11.4481703527175	-1.22550945308962	18.3093807142479	13.422045009007	-0.465161241861378	16.9942241216948	12.967733312857	-0.471756371028908	16.721276879506	12.6044587767331
PLAUR PPIB	0.249651564392191	13.9268884922819	10.8102248202344	-1.00023104699098	18.0474899574492	13.6476548034995	-0.231652247842261	16.3962210131671	12.4230188089163	-0.275790527605841	16.4168279432384	12.5321577327827
PLAUR PPID	0.0666353913635314	14.7858355468797	11.4361687958808	-0.614282180915415	17.3783030459758	12.3210339316903	-0.224178354769333	16.4108945608422	12.1023643202039	-0.248942203643931	16.2338702580474	12.0765197168448
PLAUR PPIE	0.180811639397343	14.219248726984	11.2299299252099	-0.439554902260269	16.4943731292434	11.7688634512289	-0.140741599592789	15.8364529562013	12.0833884928863	-0.0990373799956517	15.5971737743135	11.720880960631
PLAUR PPIF	0.181003285738331	13.9445020240324	10.7397310117697	-2.52278789933693	19.3185191385825	14.4008385013044	-0.546060594957897	17.3098228593868	12.9735003809996	-0.708101343897198	17.1505582916108	12.9192409931843
PLAUR PPP3CA.PPP3R1	0.0814225199395362	14.4799087386188	11.1106286628417	-0.566666516545367	17.3144791240297	12.4509186034177	-0.129162546396155	16.3223853195812	12.1512473689308	-0.314313673172908	16.2819442062662	12.250961308773
PLAUR PPP3R1	0.194178697875122	14.4352386907277	10.9888979299271	-1.1206295527405	17.963991417461	13.7545324657676	-0.299588336157801	16.9187053535799	13.060618121696	-0.394086863242973	16.5713665772757	12.6971968679624
PLAUR PPY	0.313247156770238	13.1670024808204	10.5747445113559	-0.551640665675724	17.4538207364462	12.8671243383028	-0.0395647497294822	15.621280715575	12.1999331604057	-0.158408944693743	15.7470247377314	12.0792501355038
PLAUR PRDX1	0.516090980229754	12.8776644247092	10.0780501793816	-0.350781983507239	16.2169657592757	12.0472059978239	0.0491026861093646	15.3775285289308	11.6401680033144	0.181139926563389	14.8583585335506	11.2996450072867
PLAUR PRDX5	0.0907775931895685	14.5804656736365	11.3316367546144	-1.52179920298938	18.8474293226527	14.2910920124222	-0.473691790110994	17.1692197239145	13.0951223052866	-0.526472015482595	16.9880271118179	13.0455567335245
PLAUR PRDX6	0.273499438984013	13.8952087089539	10.5231556649139	-0.47046826183028	17.2128467590977	12.4676553979327	-0.212235117412816	16.2028954410186	12.3859815182178	-0.0996496147883392	15.8619169999786	11.8760341199771
PLAUR PRKAA1.PRKAB1..PRKAG1	0.614761345740949	11.8361117980741	9.11088543004356	-1.09606476976316	18.0597082511586	13.8662829029757	0.0825142581436482	15.5961960551646	11.8677302692012	0.0536979355756414	15.5126515573867	11.714198961956
PLAUR PRKAA2.PRKAB2.PRKAG1	0.151126995693055	14.1957563981761	11.0695893601293	-0.659145697995851	17.5814810042096	12.301055493401	-0.468899045265734	17.1176541633046	12.7145990741448	-0.231415495223062	16.3541821382232	11.9419488302363
PLAUR PRKACA	0.319984894835579	13.3638711404371	10.1400936504809	-2.27512980165113	19.0644203058093	14.2604075997386	-0.461364594041173	17.068581360694	12.844077817758	-0.378072818457992	16.605748066798	12.4548571593555
PLAUR PRKCA	0.0158650045483032	14.5888328841992	11.2209796118278	-1.21910043626092	18.5932768764918	13.1977360566027	-0.496491632505417	17.2068503087006	12.7290541658085	-0.502799263599758	16.8798191004979	12.4468096233934
PLAUR PRKCB	0.122272992194525	14.3502780501781	10.9527254074053	-0.51149695222749	16.8873944434855	12.0959502458342	-0.158462649325986	16.0287078003682	11.97210331158	-0.200143236678447	15.9041734405543	11.8757000420926
PLAUR PRKCD	-0.0516864674068647	14.7603180722702	11.3150923211807	-0.52877488010683	16.5408206237426	11.4337052805575	-0.335607114613151	16.153212419153	12.0157506782315	-0.300939953154988	15.7528599202442	11.698486215342
PLAUR PRKCG	0.176879632804989	14.4658514379837	10.8975310553669	-0.930646009242336	17.314263017029	13.2097007521286	-0.408786138992022	16.7652082901189	12.6635114478609	-0.288197668874169	16.2800797479123	12.2375881026714
PLAUR PRKCI	0.137790938878567	14.4114093207647	10.8759644658876	-0.904655932919644	17.2010604993435	12.4353982083285	-0.186158967216921	16.2708605611339	12.0575568355303	-0.258921893691668	16.158542135766	12.0444905248222
PLAUR PRKCQ	-0.120329575094938	14.8770959480265	11.3115968236236	-0.825341261097718	17.7668884018038	12.7730443450416	-0.32983235409459	16.8555691715587	12.4527370269971	-0.388780101846784	16.5642433984017	12.2356036413934
PLAUR PRKCZ	0.142465644202908	14.0710453220091	10.5610091166171	-0.239741425656045	16.296281316513	11.8312431002647	-0.00950521284694772	15.6509455772229	11.6285149927726	-0.00773627468247562	15.47209227682	11.5684432205024
PLAUR PRL	0.10620908098988	14.4637576027078	11.1685994641345	-1.02084979834919	17.494591192837	13.2317260509911	-0.680600121727916	17.1376583508395	12.9459280622181	-0.355017894241357	16.3662697637516	12.4609132714613
PLAUR PRLR	-0.0020875986775728	14.6960468347075	11.3771089527471	-1.60684260179008	18.2212382367506	13.3303337661244	-0.607669289591395	17.0895757996475	12.8676622678319	-0.659963692182474	16.7984197736396	12.5991645019763
PLAUR PROC	0.30671573043157	13.8835211315186	10.1666032421302	-1.32715128887804	18.1409483218137	13.6092859542476	-0.224949452535198	16.6138182624355	12.0878542786902	-0.280337914842224	16.5000792089735	12.1695341117278
PLAUR PROC.1	0.307137471739773	14.1494033262578	11.2199440931235	-1.40586902791389	18.2375336258129	13.7504925524164	-0.333788418545054	16.7736598896785	12.7959496558336	-0.182875161587664	16.6732078493985	12.7844746086997
PLAUR PROK1	0.222461276438747	14.3436154114302	11.0759545913165	-0.677254581548843	17.5705986679312	13.4613528584355	-0.128331957124335	16.4513826191615	12.723339404559	-0.189955032864116	16.2523593295614	12.5289323802232
PLAUR PROS1	0.191478720625159	14.24402018692	10.3519554064762	-1.8755773178636	18.328850337667	13.9165835567112	-0.495337610629603	16.8267775570253	12.6376906753617	-0.460742777415636	16.8221393152526	12.6533152679737
PLAUR PRSS1	0.214710695375847	13.6755745635539	10.1985660790134	-1.80110693729782	18.5217818994634	13.7909817269247	-0.258819115981119	16.4651276609592	12.2604200060125	-0.448661056993276	16.384154590982	12.3539391904788
PLAUR PRSS2	0.219294852437297	14.0179243031536	10.742596794137	-1.08891583519067	17.7103222778776	13.0742079562103	-0.387614678832352	16.5826200020966	12.5233133892273	-0.30715514094617	16.2837352697227	12.317179244416
PLAUR PRSS22	0.102875710706444	14.3150894873175	11.0836347474464	-1.82680453959511	18.6731428645682	13.6734493533928	-0.416902387920081	16.8217542761697	12.7728319444158	-0.596006932843964	16.8092372260567	12.6262736410031
PLAUR PRSS27	-0.0914488448714015	14.8925504179938	11.0044760780016	-1.20838716274021	17.7757795739671	13.7529871600638	-0.413939297718797	16.5675917664684	12.7734403412316	-0.433739760754081	16.5826630888873	12.6069474074704
PLAUR PRSS3	0.0046549169223612	14.6780907027961	11.5463680438106	-1.91619063769669	18.8308262462212	14.5192608598241	-0.686710768779386	17.5124043053912	13.3895187494868	-0.611489747509881	17.2229033659118	13.2806078177208
PLAUR PRTN3	-0.00340112362303424	14.9353457288087	11.505247392578	-1.71067716350068	18.4407200132961	13.8250047314473	-0.533752048374271	17.1108144892592	12.7903416765661	-0.528266776376319	16.8266258183176	12.8242219943281
PLAUR PSMA1	0.290702472135328	14.0259186850649	10.9298594409813	-0.542493694209738	16.4065713396584	12.2423657398858	-0.135491924748587	15.854996219407	12.5865807838059	-0.0489771437505395	15.4572407909988	11.9048125279811
PLAUR PSMA2	0.219671787543764	14.1987003188074	10.7354633980307	-1.42457350989278	18.7606044899193	13.840009340465	-0.322477581057642	16.8847530523016	12.6081923730867	-0.350008160957184	16.8004962680423	12.5536879834813
PLAUR PSMA6	0.130205931850707	14.2792007228455	11.1635370600112	-0.190846803412962	15.723199091384	11.496266101773	-0.030140089113557	15.4722806923629	11.7944271735482	0.000192668008046404	15.1495424405993	11.540789752115
PLAUR PSMD7	0.116830323737144	14.5013951600707	10.9858507899368	-1.87697623139687	18.6450879520516	14.3187561957824	-0.423716125854972	16.9244549779151	12.9693802881283	-0.548428621875314	16.9663991533214	12.9603734448212
PLAUR PSME1	0.583451968148737	12.0373354083721	9.48622816854181	-0.0767942500474308	15.8119962102543	11.5709940610278	0.264695934458049	14.7602209743773	11.1222850662867	0.251969900254678	14.3642476349056	10.9561700967739
PLAUR PSME3	0.432902443404626	12.7312838729456	9.8829848546045	-0.325083264957764	16.6192752166362	12.4192161279385	0.111188442984329	15.2022290755543	11.6060573264963	0.136199703315902	14.8986578548007	11.3281464539585
PLAUR PSPN	0.304435585136255	13.9784811867969	10.7603508175492	-1.23937158066496	17.9055198540073	13.5465566573887	-0.21366110473116	16.3283531113039	12.5745706023434	-0.22964859099061	16.404133897459	12.6170959372714
PLAUR PTEN	0.359660515106562	14.0136436840363	10.7737761482634	-0.757331080344267	16.9558959423715	13.275800065783	-0.15800271822545	16.2310720356221	12.5442565483144	-0.10142799767818	15.6626830859418	12.1779117465941
PLAUR PTGS2	0.347403773032265	13.7587982715168	11.0303357120557	-0.817478007799551	17.2946121897295	12.9753537679233	-0.177706338764147	16.6128359414682	12.7462329552006	-0.0968951120425541	16.0161395884917	12.4515976524039
PLAUR PTH	0.0175519985440751	14.9197427465366	11.3591462290761	-1.62143547696093	18.4961767504323	13.5922474604441	-0.578303962956752	17.0837401585605	12.8451808193765	-0.49301179429867	17.0530603006468	12.7942295980982
PLAUR PTHLH	0.28110844864125	13.5682358906904	10.1004617361211	-0.349321813476927	15.8339455725395	11.9416015973004	-0.0937749197904649	15.5642808143157	11.6538284318773	-0.0780038763866344	15.2197189474641	11.4923985373328
PLAUR PTK2	0.396495128628671	13.585124099207	10.2953629602226	-0.937666487737563	17.1986383696088	13.1917920880809	-0.106933796178171	16.2387733506503	12.2464222516812	-0.0806851956867225	15.9986808610204	12.2488183911584
PLAUR PTK6	0.333616613781915	13.4393138483692	10.5451823666438	-0.979185438018176	17.2716510416963	12.4015063356419	-0.157094861045168	16.0774803056737	12.2891587958812	-0.268570069326578	15.8763519274714	12.0110078537525
PLAUR PTN	0.751053535007026	9.52695883392777	7.20341293071937	0.510836632175711	11.6046007180961	8.61064945332613	0.644175440223868	10.9739473431026	8.16016896962995	0.649396196645614	10.6041055846648	8.00069689776319
PLAUR PTPN1	0.294224141342503	13.9122161180754	10.9919007789491	-0.709776330823124	17.0525819231561	13.0688205427832	-0.20947635113239	16.307352227202	12.4394630077017	-0.178588868351755	15.9674841117453	12.4405241964475
PLAUR PTPN11	0.219443107378969	13.90930507912	10.6818388307936	-2.17804663077293	19.3956089362212	14.3568144696856	-0.447220583969524	17.0893454184356	12.6536623230665	-0.527096104663509	17.1131888577907	12.8017128939889
PLAUR PTPN2	-0.0204391000352155	15.0697527780891	11.5173692391928	-1.72961144915336	18.3838834160937	13.7192579813525	-0.708244913202867	17.4740633872412	13.1880096755844	-0.580149405500964	17.2936422666053	13.0119650618446
PLAUR PTPN6	-0.150845624850499	15.079280567019	11.8303307806787	-2.63305198712105	19.0241664530445	14.093199302933	-0.750272188678855	17.4976303413908	13.4882383832473	-1.03569371250807	17.5084018479762	13.2432854311136
PLAUR PYY	0.224051793356424	14.5249413214147	10.8243221806953	-1.72291955090206	17.9795698787754	13.9962976783848	-0.616556046640544	17.4070592891859	13.2769518793643	-0.396512112059806	16.6676322649345	12.8055496359229
PLAUR RAC1	0.197429922037237	14.130980738081	10.6130004446524	-0.957767959189948	17.7703672607382	12.7138682913967	-0.206567961899496	16.5157386062641	12.367660747888	-0.268415861784397	16.1865034403078	11.9035460964353
PLAUR RAC3	0.0453360028864037	14.4973425828893	11.0439955981355	-0.784090619206044	17.8524611131738	12.4602777764374	-0.544383009682468	17.1845292716508	12.9479261425528	-0.364382752883262	16.6653434842447	12.2030944578411
PLAUR RAD51	0.162741936917029	14.3875842049697	11.003466670882	-1.08671188096422	18.315153528809	13.2880186047621	-0.370714977746266	16.9360798845712	12.7756827628079	-0.371892212697223	16.7278101911295	12.5816617948944
PLAUR RAN	-0.0321695277415808	14.8803240407658	11.5569768934444	-1.00655536615147	18.449404254272	12.6756887360841	-0.508372283089295	17.2077633927066	12.6594553172544	-0.489353113819334	16.962950162384	12.436112145583
PLAUR RARRES2	0.425538781416311	13.3158184836164	10.1188561135057	-0.0447664807874733	15.5476290268301	12.1203369982916	0.143878076605065	15.2782982795795	11.4548484207112	0.133870932035004	14.8760555009489	11.430146729235
PLAUR RASA1	0.0344344943056502	14.6206972486676	11.1808523605541	-1.39308046348461	18.2922837742051	14.0456790145944	-0.462869242652782	17.1055604370822	13.0821888732029	-0.577277551447961	17.0535601625801	12.9400417282819
PLAUR RB1	0.17602200055769	14.309396969207	11.1867225635157	-1.8099413263245	18.4299603398265	14.2359138823195	-0.520776956917132	17.2257671613459	13.0832873290585	-0.530169471525893	16.8626624269845	12.9801493227137
PLAUR RBM39	0.087666594403676	14.5193452329542	11.0669049586784	-0.662828662314382	17.2928462675365	12.5343084676442	-0.226988769935865	16.4625748710763	12.3719329309004	-0.441548425583761	16.4899152937718	12.3323587774162
PLAUR RBP4	-0.0453255228335165	14.771860358767	11.6445580516876	-1.36524171699145	17.6408339347264	13.5936249860488	-0.560337566727289	16.6844265376894	12.9283602246349	-0.597480433875825	16.6495005729862	13.0350828128984
PLAUR REG1A	0.192318791920788	14.1750588563623	10.8826563390089	-0.846065568575397	18.1523996617437	12.7834514222533	-0.196273970956795	16.3281418655543	12.4181004149446	-0.231926216373237	16.3739774093255	12.1511386142508
PLAUR REG4	0.368892997412921	12.9142377187148	9.79405107840193	-0.645201283153459	17.1091798995428	12.7932005048294	-0.165401376714968	15.6745895366053	12.0684880805811	-0.0818829425729837	15.3155595630368	11.6672004589107
PLAUR RELT	0.176324508225937	14.2932973211601	10.9523491886015	-0.757879674860247	17.5012340726136	12.5685634928019	-0.282878947133936	16.2357544474475	12.0115068753504	-0.284135666744591	16.3165680225021	11.9919170256507
PLAUR REN	0.279930605081999	13.9779496845124	10.8188687238494	-1.15094237547548	18.7596776798678	13.9973221499119	-0.36971754901916	16.7420381623815	12.7468338196436	-0.330147521563553	16.7212025341416	12.7109247554629
PLAUR RET	0.630341189081474	11.2681648610708	8.38320212756029	-0.313732697547501	15.7391145083657	11.3053010839456	0.266034571757105	14.1369602471917	10.3635452289717	0.272766472271349	13.9332144398472	10.1126843228163
PLAUR RETN	-0.00607137236013022	15.1547658045756	11.3797952264403	-1.4962080036119	18.1376701562382	13.6852618218757	-0.679293335957837	17.1837656928487	13.1069227191783	-0.541777045787318	16.9944559216663	12.8772875872612
PLAUR RGMA	0.499401555037081	12.34563378225	9.43683910099925	-0.722500233726463	17.0443603654588	11.7239320887159	0.129391909570703	15.2285778757732	11.2424019342452	0.0654266345462539	15.1732254055631	10.9536002734361
PLAUR RGMB	0.191735816561354	14.109609399691	10.6929600706781	-1.18460739286926	18.6737384292815	13.6737449569593	-0.411607254279613	16.9661001373059	12.7226424249911	-0.401498241571328	16.6287694552415	12.5198571025083
PLAUR RNASEH1	0.357994239825825	13.5082312803637	10.3345825270013	-1.13218733886472	17.8269046988984	13.7484209085544	-0.228051369803025	16.4506110660123	12.5888014956864	-0.186180030982085	16.1044228213714	12.3137887831418
PLAUR RNF43	0.376476740288751	13.2463289908105	10.6501197136626	-1.61529740679685	18.4579307211781	13.9640226178916	-0.614128594421885	17.1604117867467	13.1108182455432	-0.327284451956075	16.4410748817118	12.6123709698964
PLAUR ROBO2	0.199171844936503	14.4067952913974	11.116948723512	-0.487248894222543	16.2304894843252	11.6281602064864	0.0106320232689103	15.513139713438	11.4926250544765	-0.126893024201404	15.4930018063143	11.5396215456108
PLAUR ROBO3	0.141220863921708	14.2636964071877	11.1041207506392	-1.01512284589451	17.9697743593284	13.7237922680349	-0.319619427340932	16.6271272551661	12.6347482367569	-0.325944808293317	16.3786165360838	12.7105025000237
PLAUR ROR1	0.205012704196474	14.4609610282108	11.3788872728686	-2.08333704021373	18.6854556106543	13.721603593156	-0.459528956455837	16.9612376037057	12.9967888617858	-0.535432519333299	16.9541682973138	12.9069258684662
PLAUR RPS27A	0.419492436469054	12.8820337556252	10.3920193975069	-0.0569952509980687	15.2605890050077	11.2111107508798	0.165503053279279	14.7122065147719	11.2618728019129	0.18160030932631	14.3077215070723	11.0447947980762
PLAUR RPS27A.1	0.375521079405158	13.5634736220677	10.5482615132243	-0.237059419688403	15.9923253516812	12.0691453731202	0.160898790925625	15.0223350413829	11.493006239833	0.115472561390399	15.0433820032056	11.5534722046888
PLAUR RPS3	0.263325009650531	13.8433076526131	10.4660167214363	-0.779811831282968	17.5554805772402	12.6707446220609	-0.214060377935073	16.2706218082007	11.9774611039695	-0.162827983782559	15.9993420729429	11.9306794873261
PLAUR RPS3A	0.338493315115723	13.6316410735044	10.6257942238778	-0.9354032461818	18.1001740379305	13.2876357752603	-0.117091112319485	16.3948695562539	12.3569611962674	-0.192282156396267	16.2087794999553	12.2137654417611
PLAUR RPS6KA3	0.312688594898477	13.2950895176041	10.3023062326206	-0.846476401404539	17.6020807514006	12.4952493656125	-0.284874542885975	16.4944415543887	12.5501545857021	-0.235297373595968	15.9805590684107	11.7307024309237
PLAUR RPS6KA5	0.382068800968127	13.5890438869024	10.6262162585986	-0.292382946821481	15.649281898418	11.632558188907	0.1204632136615	15.0571138708905	11.469836225242	0.0887568535895769	14.7986274296963	11.3736976592143
PLAUR RPS7	0.444399273712881	13.3485787006512	10.3028232899256	-0.625817049517835	16.3008818208886	12.2379720312093	-0.0406598454282956	15.5928339177955	11.8982085556789	0.0272837735336563	15.3092074579675	11.6839588834943
PLAUR RPSA	-0.00282518655831177	15.0776210766522	11.4559235070796	-2.14891057117214	18.7833705616732	13.990926088813	-0.622051169913084	17.3218903051595	13.0635099932555	-0.682150396399154	17.1279859275193	12.8341327056598
PLAUR RSPO2	0.387830436017716	13.3016723594833	10.4297465580081	-0.239436134796192	16.0503881937138	12.2323674517584	0.0542303497404207	15.5420697556568	12.0511011425908	0.0934903479089242	15.0341306075665	11.6619861274849
PLAUR RSPO3	0.570285038354285	12.0406261714677	8.70532218206048	-0.0167032708446762	14.9509139728841	10.57000581865	0.354887231712613	13.6871510024538	9.84046582438747	0.322524707395878	13.6495013156943	9.80053129646237
PLAUR RSPO4	0.554575981437883	12.4699189246823	8.53463882248858	0.291641314334082	13.5205366125824	10.1897306130853	0.441641952701606	13.4536185045049	9.66957651148604	0.467545650113125	13.0560256431559	9.53713143877794
PLAUR RTN4R	0.0349808312961157	14.7776305068184	11.6218127480347	-1.45415404425886	18.3010422271939	13.6478235817599	-0.575342414745559	17.2368765533169	12.9086168280497	-0.52626562418478	16.797954980745	12.8433477784966
PLAUR RXFP1	0.370825897752404	13.097768411064	10.2562248767388	-0.883584832088008	17.533442979455	13.7450085962148	-0.213601057459069	15.9222151658189	12.3168329964446	-0.0945859648944642	15.6769287860426	12.1986774890998
PLAUR S100A12	0.13357862754972	14.5031377464193	11.0919473398889	-0.761997580933318	17.6686844355522	12.8590911422511	-0.41790470371834	16.752244984962	12.9970335990042	-0.346837303568379	16.3222763121031	12.306416211377
PLAUR S100A4	0.337353110187666	13.6442086276281	10.6915689661065	-1.36357684489694	17.8998345334399	13.7451931437359	-0.127025622537237	16.3011167645258	12.5057848109204	-0.207084019644054	16.1819074000971	12.5006147689482
PLAUR S100A6	0.278933293755012	14.0341679594477	10.408768561694	-0.918366314768477	17.9061872972021	12.9457002211065	-0.166837839076665	16.3597626239735	12.1851042624241	-0.200107165077233	16.3051298516999	11.9918099015457
PLAUR S100A7	0.11522684994086	14.4599022743082	11.1670452312045	-2.09403539023682	18.6768011385602	13.9957802884089	-0.760478430307409	17.1441497884509	12.8923785516101	-0.626733027582095	16.864763112335	12.8468906116979
PLAUR S100A9	0.464919228828787	12.9691263541163	9.72045750170473	-0.555242367236101	17.0312641992699	12.0633540302347	-0.0708275019932361	15.9602959388305	11.9714632145647	0.0584555486350183	15.2388964026561	11.0821018790173
PLAUR SAA1	0.318849667920777	13.6652585251968	10.051278443164	-1.86607137874786	18.0806846466252	13.8020881143188	-0.402338826807863	16.8237371311101	12.5672677445532	-0.450188314796755	16.501928189851	12.4002517174643
PLAUR SBDS	0.172108800274042	13.9775852373824	10.5535048716265	-0.724604695392587	17.410765940308	12.4317297324592	-0.19891209014351	16.3573575658637	12.2674296069149	-0.20308844429598	15.988688430296	11.7643621819524
PLAUR SCARB2	0.273767980095189	13.7154560026036	10.7776391346122	-1.0798250586449	17.7826419348755	13.6558554274576	-0.300481951072133	16.6116736939031	12.7688596689327	-0.212137010524958	16.1471730168298	12.6095568517982
PLAUR SCARF1	0.211949974218045	14.0586401701908	10.8443068614747	-0.340473305913828	16.7575127452644	11.6909258861265	-0.0121928739025992	15.5625685142931	11.5719578799686	-0.0379887486789132	15.5417016587849	11.412736921702
PLAUR SCARF2	0.0730304393794005	14.4662141106177	11.1556071493829	-0.731479283577393	18.0847764012352	13.6272254374735	-0.282403994945496	16.3311526731934	12.5756366112789	-0.374419933707353	16.4932481208017	12.6280726164288
PLAUR SCGB2A1	0.422279052179595	13.7681355959004	10.6212290538568	-1.2705807209111	18.0919353688662	13.7663749756444	-0.110266895559219	16.5454593948664	12.8419528096226	-0.223986241928401	16.3838824327488	12.6808173069054
PLAUR SCT	0.234322583439771	14.0668262872031	10.6522207919506	-1.03423103141465	17.9103730457318	13.8390586370313	-0.386197409395433	16.6924957150799	12.7508638499945	-0.283635936766827	16.2693838090725	12.5244100703759
PLAUR SECTM1	0.114485311116196	14.5598770863626	11.2837838155952	-0.479681103303498	17.169916346365	12.8357402034018	-0.331564540827	16.5334886952427	12.583197735453	-0.198749286101842	16.1554120725893	12.2799911887622
PLAUR SELE	0.0658514703998003	14.743702692535	11.4522819173569	-1.12464593940741	18.221140880523	13.4520329822991	-0.521140617250471	17.09538651126	12.9641507134763	-0.416754887610349	16.7132162553397	12.6315156751583
PLAUR SELL	0.50774222254101	12.2751398701916	9.59942826490365	-0.266972078820436	15.3778398819839	11.5733352863427	0.330456970802863	13.895268583318	10.6631312055088	0.219253568659433	14.2163770059181	10.9347008505279
PLAUR SELP	0.158754505213832	14.1413362378443	11.0557452925889	-0.649538816490224	16.6882816528191	12.659954723666	-0.0550776347458093	15.9852739539325	12.2788243563173	-0.133090997182959	15.6181053406144	12.1031727351427
PLAUR SEMA3A	0.45187166626374	13.7547908899376	10.3920187397109	-1.18917157906761	18.0675722762621	13.6364774165502	0.117599213917073	16.3975224089834	12.2216759477938	0.0209975151973538	16.1437968805757	12.2435345151635
PLAUR SEMA3E	0.37483517007201	13.4730804879559	9.96211723354413	-1.09246917741285	18.2550007513936	13.6305090452071	-0.407766901626691	16.6163373382766	12.5097765824676	-0.189164274116272	16.2636109331865	11.9878433006907
PLAUR SEMA5A	0.0213581116571807	14.953909529035	10.7250466541213	-1.46333814497676	18.0459443753245	13.238927737582	-0.466220846925786	16.8604759706618	12.3327892482394	-0.529676980963931	16.7303622123843	12.1973660519034
PLAUR SEMA6A	0.531148021924105	12.1386306712521	9.53826477401315	0.0330001211961619	14.996797022667	11.5064877414427	0.337682723508672	14.050921208836	10.818517499993	0.309859365152423	13.9302037029402	10.7201056389188
PLAUR SEMA6B	0.428571104015453	12.9588626618162	10.4569267204112	-0.952142216768041	17.5064627824874	13.2395508445391	-0.0616299698396912	15.972289813276	12.4305088929265	-0.0891028708054054	15.665442551115	12.2148177864349
PLAUR SERPINA1	0.475653161792911	13.4434125414185	10.1787094523382	-0.188668596117649	15.9137662533313	11.7812526702178	0.176928983777542	15.3157476524921	11.3456412130391	0.182748975502202	15.0459801862675	11.3831634155609
PLAUR SERPINA10	0.0548889075535363	14.7828262463357	11.1875488329505	-1.35671818975092	18.1708721746658	12.9195098993209	-0.375449017661476	16.8026390364462	12.6625170151088	-0.448305185893656	16.6657931064012	12.5670983212605
PLAUR SERPINA3	-0.021573883380164	14.7747910934903	11.433139605117	-2.35472019679467	19.0467894876103	14.432500195192	-0.567142643638723	17.146339043765	13.2866132535467	-0.631493047850991	17.0605977402472	13.1626693777913
PLAUR SERPINA3.1	0.122834124073047	14.4367500198591	11.0437611808763	-1.19313673173061	18.0960717124632	13.0164221047128	-0.36547209596031	16.9336676601989	12.6091697086617	-0.378179545212813	16.5600159357907	12.2857683219351
PLAUR SERPINA4	0.156798267283921	14.3622854384215	11.0886243901982	-1.41832066918643	19.3892387514643	13.4542009058387	-0.520223314416733	17.3065742615175	12.954198708368	-0.524275161430869	17.1454332179335	12.7215714358039
PLAUR SERPINA5	0.291459668538645	13.5771636910367	10.5839735368227	-1.37331694527303	18.6010306222878	14.4642081871701	-0.229924486669106	16.7404454411735	12.7905191397174	-0.395559764977174	16.5970974024132	12.7419206735466
PLAUR SERPINA6	0.366052473741855	13.8204715242772	10.3800834903098	-0.751538822164785	17.6058351023934	13.630379802008	-0.132562112071593	16.1121345686064	12.470065087852	-0.0822313803213337	15.9657457948964	12.2316408920311
PLAUR SERPINA7	0.0528230356093943	14.4208793694903	10.8728511854606	-1.50969550714749	18.0490894408924	13.9243121730773	-0.558848485334887	17.1584970725001	13.1254896733431	-0.724430071352146	16.7642942719672	12.8647353685297
PLAUR SERPINC1	0.443248166253755	12.6305398275165	9.49337337808874	-0.6175261264201	16.5117475417266	12.1957986002778	0.0716559092262163	15.1347362674439	11.3986917549828	-0.0407828007285889	15.0242921965926	11.2193028278378
PLAUR SERPIND1	-0.125822231743846	15.4558321600089	11.4495888722104	-1.03004841108888	17.9994970255132	13.5596037503788	-0.539481015752039	17.4472136397183	12.9136053822167	-0.565326997637372	17.129662386388	12.7489233762769
PLAUR SERPINE1	0.353849955914527	13.6812271634566	10.578205301969	-0.813863063566727	17.2472861124978	12.9119157595909	-0.0426722682431746	15.952537435397	12.2196323254926	-0.0564825451002151	15.8042062895475	12.0076402100608
PLAUR SERPINE2	0.382325262500772	13.3639162208876	10.1614385854653	-0.433039883326125	16.2983056346769	12.6635256181393	0.0696837853888491	15.1673782635255	11.4634592046443	0.0851007461353229	15.0298796505866	11.7100417185472
PLAUR SERPINF1	-0.180421047019771	15.3048903424299	11.6006962133004	-1.17769295359876	17.5810344423471	13.0559503482572	-0.690714797463856	17.3525557631055	13.2978858643676	-0.631208400442249	16.8096500414089	12.902875636167
PLAUR SERPINF2	0.462209702778643	12.3730650387166	9.55741971904274	-0.196261312221621	15.8659765253302	11.4171921333271	0.174142531650353	14.398392370926	10.5601417958871	0.122501401473729	14.5616164908353	10.6609822973404
PLAUR SERPING1	0.102457035380589	14.9078330113447	11.5142423367688	-0.909396768051103	17.3870971227296	13.4912549162065	-0.316936504566849	16.561994795377	12.8892227044723	-0.458541448772715	16.5432953167079	12.9025933168533
PLAUR SET	0.143981098039613	14.0340384845863	10.9431400638127	-1.16151251427961	18.3785309233424	13.8065156048547	-0.602555557408335	17.1415907620172	13.1373261820735	-0.443218527628642	16.6953127799868	12.7958599202222
PLAUR SEZ6L2	0.185291601649721	14.3639030387836	11.4599134345894	-0.299985831952657	16.1228897722331	11.7798023430837	-0.081158114391769	15.8153720257809	12.1554374311877	-0.0447556703459526	15.4524568996593	11.8482881800838
PLAUR SFN	0.350870834015281	14.1865807674947	10.8582015862344	-0.483851767658485	17.0380676980478	12.484329547261	-0.138318119979941	15.9841992638533	12.1947778925743	-0.0910311024901596	15.9640414870493	11.9656032440509
PLAUR SFRP1	0.166371274746697	14.4260847531284	11.0656476411062	-0.685208638683728	17.815827033403	13.1534873338425	-0.202931796173238	16.8796092309942	12.7164066025735	-0.214447221924358	16.5331221852048	12.4394937921132
PLAUR SFTPD	0.388007911969446	13.4530734979038	10.4294746995784	-0.215988910904326	15.9380335316873	11.6325164274044	0.0818478657675802	15.1990489952861	11.7103015791771	0.0832947593509906	14.9405281056341	11.2879764911888
PLAUR SGTA	0.0966624362229552	14.196067813626	10.8742156422639	-1.08902476254357	17.6558000000062	12.6948344507233	-0.380324606731994	16.739722850826	12.6561243633004	-0.337123843285032	16.2801059463006	12.1936492373676
PLAUR SH2D1A	0.269122007978015	14.1632378089443	10.78357181602	-1.19926317951303	17.7080203943751	13.53524977941	-0.245794202067871	16.1531586217027	12.6144730568873	-0.287167433169252	16.3517587750173	12.477540007047
PLAUR SHBG	0.372268452323398	13.1674940833652	10.217492469862	-1.52296094953873	18.2587042242133	13.4008688664831	-0.390109131773798	16.7964659402267	12.708680514966	-0.316395508970105	16.2476745094929	12.2643356975108
PLAUR SHC1	0.0335354604951825	14.654559297329	11.41498952725	-0.757473279350453	17.5369635469044	12.131623535727	-0.452482723226032	16.7220936723001	12.4407489178669	-0.256505211638802	16.3373269690215	11.9438217881572
PLAUR SHH	0.321350110469374	13.8605902872164	10.8650747464244	-0.492693007472986	17.0717423439021	12.9986876186847	0.0499881501934494	15.6828816553947	12.1452467615155	-0.0168098854226006	15.7348120406843	12.0942149461592
PLAUR SIGLEC1	0.254549025677515	14.0767172176332	10.8215087777773	-1.21231062975445	18.1883474238268	13.6214447919693	-0.373491033443936	16.8028967150707	12.9071060053831	-0.345081662196056	16.7230738304276	12.5321403174388
PLAUR SIGLEC14	0.15989264507428	14.6192577009636	11.6747630919157	-1.26552533035436	18.5082278167122	13.6685881686633	-0.300287231306741	17.2512934515347	13.1011484565315	-0.304389562225089	16.7687934765121	12.8863820394458
PLAUR SIGLEC6	0.0934941346083129	14.6019781469098	11.3570978406424	-1.19117619612086	18.0293415273426	13.5221258920031	-0.462694431695065	17.0789818460164	12.9156766165555	-0.529317442594852	16.7465532328814	12.8569494403217
PLAUR SIGLEC7	-0.0940646614846601	15.1729355291469	11.7947601207789	-1.33871682105699	18.3875066761213	13.6544351209637	-0.886202498557993	17.6052861107476	13.331378656459	-0.603192542157311	17.1650336802616	13.082848837105
PLAUR SIGLEC9	0.0619092843502587	14.6857358757173	11.4573678085004	-1.75673476150741	18.3317216400214	13.6600288666504	-0.619873161382235	16.8034879367201	12.8400977578813	-0.483833206800641	16.835576891054	12.8519437567735
PLAUR SIRPA	0.039735900776403	14.4322239121543	11.2418623605154	-1.73811162159313	18.7669509106379	14.6377383215807	-0.446275791004126	16.7938351762551	12.9938035087488	-0.627191480920764	16.9638349470181	13.1938974851135
PLAUR SIRT2	0.0502183548805519	14.7600448397986	11.0020200841702	-1.4145206093402	18.5706161805813	14.2361033068123	-0.539774963411372	17.306432115458	13.1730404020163	-0.607774360828914	17.1480705156706	12.9570771960875
PLAUR SKP1	0.446175786795887	13.1484463964959	10.1841525408463	-0.240000635994268	16.0287834360174	11.9063449051614	0.124603434802966	15.2213554979448	11.7418343560459	0.18587813411232	14.7333795760653	11.337532856967
PLAUR SLAMF6	0.117278240276427	14.1715430791764	10.8860494051641	-1.10465366924561	17.4486051789942	12.6796303115307	-0.301736245080444	16.2742889042541	12.0561631061927	-0.385849940910252	16.0384939097371	12.1074335636549
PLAUR SLAMF7	0.0111491416267945	14.9445515913348	11.1055650640359	-1.2165808826125	18.3151283592878	13.8778506861324	-0.572508194251726	17.2208522775768	13.1466218883021	-0.544417766367215	16.8809341142878	12.7343433353055
PLAUR SLC25A18	0.0391839002797513	14.8439034369239	11.5761160890137	-1.49023311857049	18.1790781254475	13.4381541692107	-0.501238114029473	17.2976913746299	12.9931880004713	-0.533653023838046	16.9129338427154	12.8798541150957
PLAUR SLITRK1	0.355755648265024	13.8541315408377	10.9294885640169	-1.28562013825456	17.877208410915	13.7737377658177	-0.251152200338997	16.4550985648097	12.7097622768742	-0.226694525066276	16.2042537873573	12.5394349627795
PLAUR SLITRK5	0.181602878500587	14.2482062764304	10.9659085430575	-0.933052740028449	17.1190895100403	12.7659746356299	-0.275901649808816	16.2377565214415	12.3949623794984	-0.303038847722108	15.9669275491108	12.1070544113063
PLAUR SLPI	0.339182788288963	13.252587668187	9.96938700253978	-1.46567577712203	17.926006015582	13.3182390507363	-0.23726289264597	15.9931689342844	11.7604650700439	-0.322064004362844	15.9506620247778	11.838698130272
PLAUR SMAD2	0.0884990680662792	14.642322759393	11.220179351606	-0.560200772661722	17.1793117756989	12.0879268025732	-0.201009866462118	16.5591332559785	12.2065836316233	-0.273893996785656	16.0887493891053	11.8662285205552
PLAUR SMAD3	0.1953949146851	14.1361637329816	10.6317130462857	-1.02671501124524	18.0991535816583	12.526993486947	-0.471506191001781	16.6538614132331	12.304563209624	-0.216582374810466	16.3170150074126	11.7401745765184
PLAUR SMOC1	0.481948444799572	12.5049945326991	9.17156455455818	0.132830751588872	14.6735333545293	10.0626225247278	0.3230473462208	13.8293414408345	10.0630473072287	0.327115930557741	13.7803901362932	9.79170139891359
PLAUR SMPDL3A	0.531085824116442	12.9593296562527	9.70488305691152	-1.38917277756865	17.9834690801849	13.9206464810196	-0.00312236433416913	15.9461623209834	12.0836824994416	-0.0346458509074015	15.7941371671203	12.0245310846086
PLAUR SNAP25	0.266428715729163	14.0209331503086	10.9587700567904	-1.86204356834572	18.8209927095316	14.3026157461998	-0.407159976143957	16.9886832565557	12.9248818587517	-0.40390382113395	16.7651020108978	12.891291514026
PLAUR SNCA	0.378541133437011	13.4483343727262	10.4401681806024	-0.495644757007979	16.5809223903531	11.6997238139776	-0.0333732348981248	15.6255780251004	11.5041439800002	-0.00106483164655913	15.4773730773016	11.4549509568221
PLAUR SNRPF	0.204962633558734	14.473663433305	11.2727024510841	-1.56640067042838	17.9129851696972	13.8747661287455	-0.35951557882654	16.9751225283624	13.2263571930693	-0.380934824083071	16.5921895190035	12.8722494795717
PLAUR SNX4	0.195845509679173	14.149351155907	10.8296331149645	-1.23289936037083	18.2416478385859	13.3304652302057	-0.411139322361444	16.8075016161209	12.8358890972733	-0.35592760230043	16.5432243603351	12.401123932784
PLAUR SOD1	0.247159828203271	14.2544279507244	10.956706957908	-0.238513173466201	16.0851761408695	11.6195619040841	0.0967500621715033	15.2991437402714	11.6010133241037	0.0470249511108513	15.2398108348544	11.4123099666744
PLAUR SOD2	0.176797993298125	14.2070294556883	11.0055927147104	-0.17431060691649	15.7410718576879	11.2907973607665	0.0338805505407634	15.410963526746	11.6755090259457	0.0376422732207271	15.1552952662781	11.3775295997875
PLAUR SOD3	0.438357953501111	13.4311375369677	10.1753754678488	-1.02172255995886	17.0943477503843	12.7446387898162	-0.0556263390891063	15.8195435840618	12.1594842940036	0.0192815859430462	15.6410382248089	11.6871007018879
PLAUR SORCS2	0.104651043188516	14.7000201826432	11.1264324384536	-1.17984753722617	18.2293639909628	13.5303786036728	-0.585220621033632	17.3537330466408	13.0583401826432	-0.537123451976795	16.8989372293354	12.7345355493462
PLAUR SOST	0.732477068550321	10.1004088888535	7.76669194197978	0.0338597995311216	16.1586169233605	11.7868696509568	0.364855959889223	14.571860744947	10.8326689923435	0.428298237052625	13.9130222264762	10.1727255870322
PLAUR SPARC	0.396592723690955	13.5304945368288	10.1762068481327	-0.469849710660033	16.3508790983508	12.0515436937419	0.061047878842996	15.4448568371408	11.8037034296469	0.085500466900467	15.0655130872677	11.3928489861111
PLAUR SPARCL1	-0.0528455572598197	14.6021252204432	11.3444679694825	-1.61776258854271	18.254908855721	14.0048998817028	-0.573200992197196	17.0505524838998	13.1302748509994	-0.582289091874432	16.8360152162677	13.0030233791252
PLAUR SPHK1	0.0620745943148754	14.5415716231291	11.256316876468	-0.640291234069361	17.5264360215863	12.4932808837032	-0.278468208676034	16.5194157240969	12.4201587270442	-0.282951661026079	16.3075975636412	12.0752264161058
PLAUR SPHK2	0.0579347097215833	14.8213349353743	11.3741900579496	-1.61431836892736	18.8823547316566	14.2688560749582	-0.42214919083641	17.2588405172412	13.0770412673298	-0.576701270172432	17.1297254765792	13.1699318563848
PLAUR SPINT1	0.52058101976665	12.2557565186258	9.72351392941267	-0.00698550519293462	15.4816077073467	11.4709088581719	0.247841101973286	14.5175265205982	11.0424718903858	0.310020183332494	14.1201327200497	10.8072804586698
PLAUR SPINT2	0.180097230881412	14.286300752751	10.9854890061146	-0.515163404013906	16.8455074154328	12.9742108839864	-0.29375412107939	16.308586078228	12.692188357586	-0.160779442800539	15.9458740426306	12.4814799676031
PLAUR SPOCK1	0.22335442914723	14.4518551650996	11.2238206703496	-0.53597799718429	16.4589556997991	12.1371620023249	-0.0825965067496148	15.813070230447	12.2144156106959	-0.0596491960944336	15.5551801506858	11.9298729481828
PLAUR SPOCK2	0.0787086954007575	14.629621015783	10.7919748739207	-0.903061131580797	17.5331587379941	12.8996606785088	-0.44398912534385	17.0707979767593	12.5740384249509	-0.42421749355702	16.4724170184891	12.1915333936757
PLAUR SPON1	0.507550909088589	12.9115117345044	9.92754242933146	-0.443763007955206	16.8073874467719	12.7075581450407	0.10172260924316	15.6334143342883	11.7790188790526	0.11015344880967	15.1815681337489	11.5777952989786
PLAUR SPP1	0.557795087199051	12.1297349049254	8.78387393562133	-1.18222775328496	17.912803811148	13.2733298217316	0.0732009445225342	15.6454437351183	11.3055934938409	-0.0149681231132064	15.6058493374549	11.3085148867049
PLAUR SPTAN1	0.275158705852359	13.9147401237578	10.5225523423367	-1.23010102184624	18.3100026901522	13.7904703530415	-0.446674753288227	16.7300634176238	12.6310564209348	-0.309434092389749	16.4680296171335	12.4308962384286
PLAUR SRC	0.0932539853287886	14.4852630345444	11.4610185356299	-1.6717569316509	18.5995669946709	13.1475005211908	-0.377559213783146	17.0576701599221	12.6675183605325	-0.546582634297359	16.8796703491318	12.6286155062768
PLAUR SSRP1	0.377531771196001	13.1777746165132	10.215811813356	-0.929862919612142	18.0784754326502	13.7851751960156	-0.23590204268927	16.3130051746149	12.5031540584761	-0.205811757346705	16.133649882589	12.2804288072639
PLAUR SST	0.465199059498881	13.1734958420776	10.0297078361788	-1.01077615453779	17.2717054999712	13.4200660395244	-0.146598082802678	16.1119096722385	12.457769093144	-0.05300099543263	15.482697977732	12.0872947958139
PLAUR STAB2	-0.0291992993501204	14.7455343048055	11.6417002350573	-1.35392947745382	17.7752091877815	13.4361732634744	-0.407373212466752	16.9553089440827	13.0276132839709	-0.476426728474794	16.6181124468532	12.9565854639912
PLAUR STAT1	0.308619228060853	13.5608017261737	10.5682805595389	-0.219885523794634	16.0332549305266	10.8521669379557	-0.0364928543772982	15.4321750045514	11.5511521276314	-0.0116674682308084	15.169043145276	11.0887593434162
PLAUR STAT3	0.094626225959401	14.5059493595064	11.1970886532078	-0.565116264642662	17.3867213222073	11.9455179416592	-0.170632535714602	16.3183028700239	11.9145822054485	-0.160076762670434	16.1453154499312	11.7016798799376
PLAUR STAT6	0.147857368415849	14.6786515407959	11.2803991982456	-1.38126725388638	17.8347347536139	13.3464903673029	-0.339328830071619	16.9135259418681	12.8131410908477	-0.32216990800521	16.6777958924782	12.6601545001587
PLAUR STC1	0.531872410720146	11.9202993379953	9.29396809765302	-0.853192231358883	18.3492838337874	13.6598468786652	-0.0261889670872153	15.9004986351164	11.9408580437584	0.0236589116926246	15.6920579166976	11.7889511388123
PLAUR STIP1	0.196961280276988	13.9164812176775	10.5456576326147	-0.266818330250423	16.3949533452846	11.2688507212402	-0.124599610016989	15.9073505702018	11.805386583179	-0.0843801630892342	15.4986705441753	11.3221843313492
PLAUR STK16	0.16622739414242	14.8838825841454	11.7504603767287	-1.04746108243767	19.3415540904645	13.9138334356096	-0.610900894175387	17.5912750003499	13.2118064551803	-0.395286957970904	17.3654442060408	13.0754402975676
PLAUR STK17B	0.121666905957587	14.7119475262518	11.3115380921783	-1.28690429912409	17.7961192901332	13.4722659037578	-0.310513827960953	16.7784100241166	12.9894309669913	-0.373940083301039	16.557289054774	12.6132123819363
PLAUR STUB1	0.100944739966829	14.6830173602327	11.2286017463101	-1.14356029060066	18.3793912147428	13.6968979056043	-0.321030570196944	16.8567652512576	13.0531514769078	-0.438432177177007	16.831246792452	12.7477128677211
PLAUR STX1A	0.102748803733195	14.666880949714	11.5672258082274	-0.852278958273115	17.7107059696617	12.9312845132456	-0.313314773182757	16.8745320138665	12.7735520492363	-0.350115367623895	16.5892324595294	12.6317135630427
PLAUR SUMO3	0.0265787315788528	14.737338511448	11.326546867983	-0.243620484289919	15.878884999866	11.0606646493467	-0.0842658866659316	15.5794050752085	11.4594892350097	-0.132202759342591	15.4672856525933	11.5095130311803
PLAUR SYNCRIP	0.161290085498967	14.359120254114	11.2816511886525	-1.07300377980472	17.669428380433	13.3164805319543	-0.20909043254257	16.5211786897033	12.5188191805217	-0.22391431008985	16.2044991600288	12.3839253260036
PLAUR TACSTD2	0.313245555850747	13.6311520322101	10.4167431479162	-0.37628118421359	16.8446346457338	12.6843860092106	0.0596810816452222	15.8853710010433	12.025319797719	0.0142604969550219	15.540976717169	11.8158192573597
PLAUR TAGLN2	0.198281121859555	14.3169230354336	11.2304211125065	-1.02470877492675	17.6162321758881	12.775110287485	-0.398405661747632	16.5790525048806	12.7912349709078	-0.333573842454765	16.2520906447163	12.2709873978614
PLAUR TBK1	0.294935299086456	14.3153633606314	11.0808660717318	-0.182244344114922	15.9096857616015	11.9853022578009	0.0471039280348106	15.8057830449313	12.1478507990682	0.0584190334426475	15.5255160039927	11.9417248572095
PLAUR TBP	0.163210044054944	14.2422511743449	11.3307359542891	-1.38357419102456	18.3817231318226	14.3035182783024	-0.450035541245999	16.9201591408694	13.1375452117739	-0.447334618367296	16.7855888717693	13.0914387286405
PLAUR TDGF1	-0.119553865247481	14.9732852102898	11.5692368146441	-1.47300207119476	18.295649962145	13.7233281672721	-0.547521764301679	17.4098854306806	13.428990921441	-0.640292923239349	16.9051526188755	12.9759506964036
PLAUR TEC	0.000955855585323739	14.7462160808135	10.9971367934044	-0.634432691249413	17.3372361268903	12.2423020663369	-0.327462219992891	16.6921719115336	12.516067049978	-0.26517003143111	16.1947379927794	11.8958084114894
PLAUR TEK	0.0683405488029873	14.6694761790808	10.9489678151639	-0.654388026355775	18.2233650215347	12.996269676927	-0.314847245296229	16.9512624945891	12.3017547206395	-0.340230641885572	16.7436978076929	12.2747815304812
PLAUR TF	0.46237511056809	12.730149556998	9.76108046504129	-0.123755566943446	15.6425829517841	11.5510754752792	0.192645403556652	15.0972307518284	11.3235301357311	0.184924474695382	14.4665779666377	10.8547089412243
PLAUR TFF1	0.0498073467159876	14.6473212369231	11.3851057255512	-1.37348338815785	17.9435309184136	13.5509440187491	-0.495982128220825	16.9562503918799	12.9012151543541	-0.485223200807811	16.6503445124031	12.84001591055
PLAUR TFF2	0.213651388346692	13.9849567641323	10.8167881632128	-1.66375857302567	18.7855053630386	13.8122392532735	-0.420190076662863	16.9362918033743	12.7900923391356	-0.459703055802996	16.7381410530243	12.4823680019846
PLAUR TFF3	0.33331701565822	13.8944851369926	10.177598932053	-0.62118061062134	16.9374893210077	12.2896255843353	0.0613681327806935	15.508305577837	11.3390144793715	0.00524665504053934	15.5351393660475	11.3062587790431
PLAUR TFPI	-0.0866516744205981	15.0852160172293	11.3724083084033	-0.529118432678889	16.9091678499986	13.406813536178	-0.129875756243857	16.373865653032	12.5605754119129	-0.287828195350013	16.2108614892763	12.6585839236443
PLAUR TG	0.169016109787678	14.1862240460525	11.2256268111012	-1.41458428822943	18.4292194480551	13.389523171095	-0.459574077626592	16.9426760852528	12.8211246689518	-0.467010270471676	16.7961932093991	12.4725268948171
PLAUR TGFB1	0.244473077689897	14.4335752062172	11.1415078669309	-0.530932033087856	16.9613901330686	12.9839785100545	-0.00860113712925781	16.016163028283	12.3797519708229	-0.0322187891657517	15.9134012950056	12.2397872582152
PLAUR TGFB2	0.402819821177581	13.4334081398571	10.2065295396963	-1.04139658274838	18.591219620568	13.7726219465597	-0.151679224780467	16.4396958728565	12.4321114372256	-0.148402897803084	16.4078840235893	12.287582202935
PLAUR TGFB3	0.15144055269175	14.1986461710775	11.1975272144188	-0.45523261948224	16.542099122443	12.5263938228929	-0.0892632830834712	16.0992128483841	12.5325648774728	-0.107932833045946	16.0262039671045	12.3647300197893
PLAUR TGFBI	0.124650405214394	14.6174256534333	11.429383828262	-1.01016353137922	17.3937294319159	13.2700957788834	-0.3146113805523	16.6425346436649	12.8211463175799	-0.371565375370915	16.3879616595142	12.6436173415778
PLAUR TGFBR2	0.383483676304241	13.4529113899773	10.6628408563378	-1.16796806075971	17.8309380925336	12.8016806165043	-0.539810236037132	17.0055772658028	12.6046693287585	-0.235451998137043	16.1204832370906	12.0022020640102
PLAUR TGFBR3	0.0146375296000028	14.7176429456496	11.4780021195446	-1.65297283381752	18.6739872091559	13.9120967315741	-0.4766587608552	16.9985634013418	12.9787175434193	-0.617169431905026	17.0172382792436	12.9647518922666
PLAUR TGM3	0.143596892503707	14.3493978239303	11.2139630622042	-1.89498470466515	19.0707057096293	14.5037786676523	-0.464923487474336	16.9776718143987	13.1445792697714	-0.550672920697734	17.0441512131287	13.1810386211221
PLAUR THBS1	0.540505595298772	12.5591590218031	9.68728588214171	-0.101628978029226	15.5044708422105	11.389142908191	0.378993678767109	14.4994455022707	10.7254829132881	0.287998298261586	14.2436086391962	10.7148865322211
PLAUR THBS2	-0.0204069359179557	14.8685806596476	11.5000631014244	-0.746976150964808	17.7039527576229	12.4408798198626	-0.36950905169692	17.1294554110018	12.9352701883673	-0.379866244835766	16.595484541012	12.2539177482966
PLAUR THBS4	0.580519239503567	12.1627811644747	9.1408872377734	-0.615140479773741	16.6245243870811	12.441582831381	0.206846426291419	14.6589884862661	11.0547008852993	0.18620304140765	14.6968248824354	11.027147650553
PLAUR THPO	-0.0118689807693146	14.9264477014051	11.1761145545247	-1.18363513687627	17.7142407442623	13.661309435151	-0.511576667154552	16.9486027337996	12.8797146565705	-0.523212396836336	16.7048085971674	12.7424019697165
PLAUR TIE1	0.163178683045048	14.5403448815927	10.6488082970688	-2.00462692646689	18.1762965852888	13.1146117519047	-0.217851853763411	16.534208252683	12.4068567589027	-0.403758734585493	16.6838256348601	12.1584884925123
PLAUR TIMP1	0.5912283694391	12.4003257438922	9.43093657242607	-0.339723670443417	16.2780495857347	11.271152073596	0.215355905704377	14.5843061371927	10.687289438433	0.197716537174569	14.7580966614399	10.6813934700642
PLAUR TIMP2	0.444479853285651	12.7745445947414	9.846264386827	-0.688744772861714	17.4586325696733	12.5095407316224	0.0203692284308552	15.535465145004	11.5829845485528	-0.016019173288796	15.498850742982	11.4675510737306
PLAUR TIMP3	0.388630559904723	13.2997366740177	10.6645826327907	-0.441527060558754	16.339061960856	12.4426267947786	0.038367608262685	15.5093578866402	12.1458762473359	0.012289558492906	15.0958861874067	11.8331016508782
PLAUR TK1	-0.126754214294513	15.001038856598	11.5720166204547	-1.21891511171744	18.8220437280843	13.9155608699877	-0.606360396830068	17.247860490513	13.0810952022345	-0.632671864096187	17.2506913934573	12.9817071539701
PLAUR TKT	0.0998236156632034	14.0785771401542	10.8873229295539	-0.522198849002426	16.7376303728838	12.1693894730029	-0.231176678960062	16.1124429081574	12.3409632257957	-0.23119426668467	15.7451066285019	11.8979638845102
PLAUR TLR2	0.220048688395606	14.257535528648	10.9807515847538	-1.065853121682	17.9966909582382	13.3621879990868	-0.196042234816312	16.5748373271893	12.4154847732347	-0.252043249293891	16.4528838701807	12.3622174563597
PLAUR TLR4	-0.122738110990818	15.1831700430937	11.6005887218895	-1.97637937661551	19.1345235232258	14.3715986556597	-0.615184008341488	17.7002141345675	13.3684543108793	-0.780206514591006	17.4890203271682	13.1685574689503
PLAUR TLR4.LY96	0.238268294557842	14.2980696305634	10.3896243815334	-0.626479696386854	16.7077388032652	11.9350599710227	-0.101758845504635	15.9567149547327	11.5018365062856	-0.0655140367990001	15.5881292616461	11.4444348560916
PLAUR TMPRSS15	0.422667332837121	13.5603653706142	10.2209849073614	-0.781773600384175	17.127377325891	12.9970846851416	0.069278748549237	15.6596139940348	11.753392392683	0.0180059129484403	15.6925927290386	11.9234462130422
PLAUR TNC	0.408095367042976	13.2413160918299	9.85823629551067	-0.464498295608807	16.7737736559638	12.1312721784148	0.0333333434048688	15.7523374384279	11.6729093130901	0.0247205783725515	15.2843516623869	11.2667294733581
PLAUR TNF	0.570618876959327	12.2553306497374	9.47397197106044	-0.738424271769981	16.5135932028093	12.3713221734373	0.190995447864455	15.2235251224308	11.6752743026044	0.211201880166333	14.8341017814692	11.1042821539529
PLAUR TNFAIP6	0.103643669008726	14.3659236157294	11.5040451972156	-0.915843387333125	17.9952734504695	13.3817425853857	-0.340256408683305	17.0299515649732	13.1272383302293	-0.300501620796003	16.4857785500001	12.770101999641
PLAUR TNFRSF10A	0.234944470650419	14.1328114612176	10.7324358135525	-1.52949700349672	18.1731497910493	13.7890751805852	-0.217436691815067	16.5118172597657	12.4191205102621	-0.457267960448904	16.5412501947331	12.669264326391
PLAUR TNFRSF10B	0.452434614371022	12.6923460058966	9.64786772577901	-1.0636047212908	17.5954689500222	13.3328867312246	0.0107157829839829	15.5802483026008	11.9627210941697	-0.053222670453885	15.5729047423544	11.7962756138811
PLAUR TNFRSF10D	0.249073638264013	14.2920964482963	11.1437030464785	-1.32323426045089	18.2401622814028	14.5451569558359	-0.262072484630376	16.7341376114985	13.0228391427601	-0.282426404993023	16.5623016640591	12.9673368123228
PLAUR TNFRSF11A	0.235005990273071	14.0628759301196	10.6011449180097	-0.804445347178346	17.5129789330282	13.1005790702291	-0.109961391210283	16.0556109723593	12.0453094243147	-0.169838424142582	15.9381316980897	12.099867719209
PLAUR TNFRSF11B	0.151525216021858	14.5570669197431	11.4803201201499	-1.5307138988352	18.3392681342229	13.1415231320035	-0.354310311260625	16.9235757980957	12.3899116922138	-0.414950501924184	16.7682004099328	12.4785232718473
PLAUR TNFRSF12A	0.284201554598313	14.1810230921124	10.4683938867775	-1.42175324423784	18.4733848325844	13.5848795714048	-0.377824898405883	16.9879781104724	12.6215567724274	-0.34552023233735	16.8563946266282	12.4308339641802
PLAUR TNFRSF13B	0.342033196411148	14.098899830682	11.0705196797796	-0.547564436899805	17.1061829566176	12.9171711456111	-0.0193668802486473	15.6337459734969	11.9609380001669	-0.0571719226455845	15.884154009972	12.1806180640014
PLAUR TNFRSF13C	-0.0378339965938845	14.883742956371	10.9448193821683	-1.39056761782863	18.58034937374	13.7996658007027	-0.665523745234449	17.4723768881323	13.0247156368295	-0.507806274009053	17.1006919308338	12.7263240858649
PLAUR TNFRSF14	0.175968209220418	14.583767157812	11.3541939885747	-0.937561906882646	17.3839366009599	13.1350652899712	-0.163001428104367	16.4744555651182	12.4639347767395	-0.289036712564081	16.238615861966	12.495851256493
PLAUR TNFRSF17	-0.0163810504582798	14.982235448946	11.8679433814752	-1.34350676330582	18.5121139772453	13.7204799988519	-0.67858279233114	17.4952402864694	13.2630667382399	-0.6289207659948	17.0911876126805	13.0075236964394
PLAUR TNFRSF18	0.255703272045411	13.816255094035	10.9487664097062	-1.05947657537626	18.0601331871942	13.5898214706777	-0.167989150929708	16.3403981780792	12.4843566273912	-0.296111529274987	16.3407651003184	12.4634117639361
PLAUR TNFRSF19	0.377729787402449	12.9599231005057	9.76616490128984	-0.862054385873728	17.3851260005922	12.6104972864783	-0.0243296431481461	15.4753911652263	11.3529688384079	-0.0489018754207535	15.503419731648	11.3706854536567
PLAUR TNFRSF1A	0.496157975143168	12.6212272551396	9.5697842601435	-0.206044598837463	16.1637561113335	11.4128476413869	0.148687655200064	14.7186117615112	10.834811017557	0.235442423954938	14.5838200255166	10.7433956808466
PLAUR TNFRSF1B	0.190257642309803	14.0281751037403	10.5896313846617	-0.451507457862991	17.1028473445108	12.1760254906044	-0.0781400586582246	15.7357223494604	11.5191607627447	-0.155948142836478	15.8096658876032	11.5560334200744
PLAUR TNFRSF21	-0.106769690272006	15.2670960409503	11.9051206791989	-2.00999608649199	18.4086128067473	13.5896212536242	-0.696958611989271	17.3502748744214	13.0962051874464	-0.714086148729952	16.9947346925191	12.979438098987
PLAUR TNFRSF4	0.418071385047571	13.0366826402895	9.85694879082946	-0.146021943831832	16.1569645004445	12.2551739255795	0.153012618931285	14.995810683593	11.2998650272502	0.13612929618941	14.913302503394	11.2930960071734
PLAUR TNFRSF6B	0.397558758375813	13.3167823669688	10.4876752625209	-0.868817768782114	18.3738840783019	13.2338469398854	-0.193259506886708	16.5336942071465	12.4221353185963	-0.101501044098927	16.2787858451445	12.1523531117987
PLAUR TNFRSF8	0.213144906563262	13.8655014104285	10.9456402554908	-1.86032942094913	18.3623285144921	13.9040405586352	-0.4404059075797	16.6055521438583	12.7379099756594	-0.439394457698479	16.3319391665397	12.5597161329674
PLAUR TNFRSF9	0.0277389047254455	14.9127147784791	11.4001006148406	-0.600511565900244	17.7488653917484	13.3225277110491	-0.140934187570791	16.6053998623645	12.3394205226074	-0.236759661390462	16.4288210703536	12.474648120333
PLAUR TNFSF11	0.155723075919624	14.3596241092397	11.0148236159021	-1.5902411878946	18.4971899308138	14.068266883526	-0.350110483699174	16.8496256053708	12.964483297566	-0.486507129078465	16.8296194648407	12.8353182198455
PLAUR TNFSF12	0.333114638005372	13.4498170323887	9.90800140362999	-1.12272906668684	18.7643756588808	13.9944475915177	-0.191659578700775	16.5313846735698	12.2183682272984	-0.203379887392608	16.4408814091679	12.1193291123048
PLAUR TNFSF13B	0.309995996499709	13.7689983905279	10.6580785446847	-1.0574813747415	17.9598570856698	13.484165208701	-0.0425477039007389	16.4547887554998	12.5344572666601	-0.230658135878796	16.2356511562835	12.4139442614791
PLAUR TNFSF14	0.242520929934255	14.243892065341	11.2942245658557	-0.87437811647747	17.9229221322544	13.5214357720683	-0.263787270639981	16.5622604719826	12.6692506145325	-0.213600618166113	16.4245331082788	12.6743596069593
PLAUR TNFSF15	0.311789088758106	13.5143900198591	10.3643928936068	-1.64451213919364	18.1536134732019	13.9410004252244	-0.219553080674779	16.6835263008299	12.6065848628458	-0.461796770489329	16.4929078638061	12.5561045791791
PLAUR TNFSF18	0.13148608328562	14.4756592568793	11.0399827903687	-1.12330202245987	19.04372597563	13.5611554128927	-0.554547971169772	17.2751506519565	12.9533765864806	-0.508213245624515	17.1970057895415	12.6876488778413
PLAUR TNFSF4	0.0681491836717357	14.9335984862787	11.3169090650359	-1.08941830703647	18.2252384221075	13.6017318555993	-0.593338191479235	17.3271694195272	13.2800614326522	-0.535665658897841	16.9851264961346	12.8597473120833
PLAUR TNFSF8	0.117583207803439	14.2863038005822	11.3782477727478	-0.919351307817408	17.7394686467947	12.8004307627018	-0.540959985878832	16.8522831134018	12.8547336857042	-0.345820190354957	16.4542637179275	12.4769656804429
PLAUR TNFSF9	0.104420853873747	14.6294875970707	11.6008846966292	-1.25266372210475	17.218947648888	12.5425119116618	-0.42811476251921	16.5186926587278	12.6303657906074	-0.445910476372424	16.4264267918808	12.6535471385508
PLAUR TNNI2	0.32917794087693	13.4952205142498	10.1637317760925	-0.921841445092935	17.4379493389529	13.5154435559984	-0.168896183936586	16.1000463087259	12.2682013409267	-0.176840519151613	15.9207613255652	12.2834253336362
PLAUR TNNI3	-0.043200845752712	14.7434594533784	11.4338543632163	-1.20134372720626	18.1025600108758	13.3761879932683	-0.54261645660892	16.7160014700586	12.595562348063	-0.476949335555382	16.5924642252015	12.5371108948981
PLAUR TNNT2	0.327396280504386	13.7754503214542	10.5964061082135	-0.457180627476064	16.1016476250785	11.5287219080241	-0.0265609622186262	15.3332649968361	11.4128502620262	0.00677910042363405	15.3103084124973	11.3969605527584
PLAUR TOP1	0.113556034442554	14.335454364154	10.7674369978704	-1.18848044995534	17.938918958109	13.149697045754	-0.346961481966302	16.9028319744873	12.530950129522	-0.369008400399817	16.5538429231634	12.4093905187846
PLAUR TP53	0.236853797015527	14.0290238401065	10.4808579224918	-1.2862542789886	18.5539892234651	14.1015893191091	-0.528139020533386	17.0260739946362	12.966544267991	-0.332310381151312	16.5913459694966	12.4928116448889
PLAUR TPI1	0.118679745922544	14.021179102073	10.846217897704	-0.462794633166893	16.4951716509377	11.9570217184848	-0.165848664358555	15.8273140187167	12.1492458896899	-0.141535549451958	15.6098492189887	11.7906471470364
PLAUR TPM1	0.0515992232171013	14.8332550369974	11.4221872054784	-1.50395045072922	18.613662293335	13.7802616794001	-0.606379753995939	17.1592120976517	12.8210898382159	-0.600735084042135	16.948604105394	12.7408244519151
PLAUR TPM2	0.257367208516625	14.4718484829926	11.4680553128941	-1.31977617467581	19.2356076716699	13.6743552642843	-0.37512389398995	17.2035345188656	12.9748736477183	-0.322351329713678	17.1369488411409	12.8022972469675
PLAUR TPM4	0.115236583226496	14.4717195936514	11.2995709293807	-1.60696636564734	18.7069240716756	13.4776392061409	-0.404113615414221	16.9573965576212	12.8003285768608	-0.489322402287637	16.8202356995504	12.682272303974
PLAUR TPO	0.214051655095896	14.572034391452	11.3867379817523	-1.77541718780762	18.5618133692919	14.426178329556	-0.454814841945773	17.2711336897511	13.3235691018875	-0.480621375163206	16.9620536035938	13.1773899775145
PLAUR TPSB2	-0.0196700629587021	15.1748858122781	11.7612387881046	-1.30881192971638	18.3228825033746	13.2757918174841	-0.563004694438092	17.5442432800389	13.1825711256783	-0.509002905312098	17.1023234137854	12.9703873063954
PLAUR TPSG1	0.289206957632006	13.5339985923035	10.6653696474563	-1.68236010946114	18.3769374353726	13.5264300374944	-0.362635736994481	16.7666380963364	12.6539163746898	-0.375940710862732	16.5517120779647	12.5846087376476
PLAUR TPT1	0.209256167454805	14.0162489028652	10.7551081916254	-0.473885449221168	16.828389776931	11.9615768583189	-0.251367918934673	16.0396748712815	12.1056063031484	-0.0573929901878005	15.5086258520569	11.5460463105439
PLAUR TSLP	0.168140069111828	14.432395876216	11.0027325791916	-0.0528535751683967	15.0355933362792	11.1891979207583	0.058819709424606	15.1764378243283	11.7079790519986	0.0974898060194481	14.8553653519231	11.346031225543
PLAUR TXNDC12	-0.0550601650777358	14.9626100921502	11.6269495765076	-1.04049898201968	17.979753907055	13.6717143376746	-0.663706925292733	17.1502369116795	13.0169109641954	-0.487301579663654	16.7648354521362	12.8511566221467
PLAUR TYK2	0.202077596438761	14.3257256350785	11.289048121465	-1.09609907431147	18.0771983307722	13.2742937706131	-0.575340449937737	16.8989550285567	12.8468122000003	-0.321700012437424	16.4931483657265	12.5820371217914
PLAUR TYMS	0.027623723813052	14.9482171348284	11.2325211171734	-1.25199377160085	17.9424369400595	13.4701113521329	-0.66555351459888	17.1919887794395	13.0127331710748	-0.54366535297617	16.8721939419925	12.7982852070558
PLAUR TYRO3	0.308410470779782	13.3197384045281	9.8423595906862	-0.515299697082283	16.6512527650948	12.1920557761446	0.105562779198228	15.2306138774768	11.478682887987	0.042499607009979	15.0671464933602	11.2871660794567
PLAUR UBB	0.394458246252512	13.1425259250018	10.3436021133538	-1.38343080163072	18.533966959329	13.7430259885734	-0.270434448740989	16.6901778659076	12.6770833676284	-0.315649931970851	16.385627141646	12.490346583223
PLAUR UBC	0.331999771709214	13.8258742149283	9.98650306810381	-0.587923608332711	17.1514275600807	11.9920072162401	-0.0535890310145557	16.1619228048663	11.50548487766	-0.118550403794232	15.8584163183241	11.3193363041197
PLAUR UBE2G2	0.162215956249136	14.526673426018	11.2289332483119	-1.56887602431987	18.4211908384584	13.4488644822917	-0.612640346006591	17.2016197866768	12.9024570589607	-0.499599055901476	16.8500953874312	12.673845921347
PLAUR UBE2I	0.172340992061696	14.2390484566982	11.3888486024508	-0.19999525570063	15.5665022227648	11.1407901951215	0.0123199022484948	15.288543113831	11.602386142278	0.0115568689723677	15.062449374603	11.5555357872008
PLAUR UBE2L3	0.148554210600472	14.3116092657965	10.907271031002	-0.068259093122844	15.7259824700704	11.3312522163571	-4.24468438331438e-05	15.702304110772	11.8707081257297	0.0345649310979966	15.257877853403	11.4526536007321
PLAUR UBE2N	0.200606144334269	13.7335283793345	10.7139147966457	-0.374649074228735	16.1282042674752	11.6792061639776	-0.0761997915651982	15.6690887463202	11.8790317421163	-0.0932214180761202	15.2656102252351	11.5903422873889
PLAUR UCHL1	0.106622125101658	14.410067592205	11.3324782735143	-1.33531743220846	18.3245014214018	13.5103854377054	-0.415874991055896	16.9161892253665	12.9178455525341	-0.440397374925334	16.6628335622201	12.7750521275017
PLAUR UFC1	0.184388315677323	13.9732005612082	10.5734381722863	-1.15334786868977	18.4058317564668	13.0574333200822	-0.433081846636998	17.0762283130283	12.7484022885055	-0.330971701607527	16.5002176004455	12.1506123887027
PLAUR UFM1	0.227899561288631	13.6888417196806	10.4017504344949	-0.87760422661216	17.5114979253494	13.046801291402	-0.283755508605307	16.6848351704083	12.4714868303121	-0.315113842862487	16.2518181990322	12.21661325016
PLAUR ULBP1	0.39744027994495	13.0012909522287	10.0806221658158	-1.39300008025615	18.3495358134385	13.9053812039462	-0.153352106075166	16.219180471341	12.5417599588385	-0.172399382167091	16.0939866409313	12.2723919140934
PLAUR ULBP2	-0.0233040197309953	14.9437270334655	11.8164554745425	-0.764316049497388	18.2020566252252	13.3119640987994	-0.403555512792844	17.2115910896538	13.2823568022688	-0.426803132124261	16.9336983679104	13.0512717045018
PLAUR ULBP3	0.422036121227012	13.5208722449714	10.6173334606225	0.015164389736442	14.7040870978156	10.6920993978836	0.207080175067396	14.6714441322314	11.0906780362893	0.261566104806439	14.3403655618153	10.9188936642932
PLAUR UNC5C	0.107614514463856	14.5533028185655	11.3134252009467	-0.551129130078965	16.9569087813232	12.4957970380286	-0.132853289360594	16.0989529712795	12.4014873034172	-0.20864925622531	15.9113661173313	12.093042534651
PLAUR UNC5D	0.481347414708316	13.2673368761929	10.3379234727003	-0.977278423477765	17.2030810555906	13.4596647585355	0.125714743733303	15.6260601174695	12.1255634343135	0.0714091961880643	15.4962921314225	12.0265211135713
PLAUR USP25	0.291989358148481	13.6190213101094	10.2866872934363	-2.25747474684046	18.8149185976978	13.7481851904643	-0.460491935878591	16.8895283584345	12.7988627493334	-0.457063400632266	16.521387430543	12.3083737705854
PLAUR VAV1	0.150447667345704	14.3221825334819	11.1199137971872	-0.675311715040186	17.37771418339	12.3011944608538	-0.311521254462766	16.6473839443466	12.3300521254813	-0.240295996253891	16.1093189538075	11.9381365852077
PLAUR VCAM1	-0.118322755433856	15.1871112451121	11.6907204546286	-1.18195751455267	18.6129646217852	13.8242119104098	-0.56511690985016	17.3328695490253	13.0853382469814	-0.555289904555248	17.2602282752573	13.0000113735169
PLAUR VEGFA	0.229394294303572	14.1803227418173	11.180000908804	-0.137638220384347	15.7962136905467	12.0392893937124	-0.130208651580066	15.493337539699	11.9767288158923	0.00733005950401489	15.1769856631338	11.827399887813
PLAUR VEGFA.1	0.316611534619099	13.4997775893134	10.657297061224	-0.935695434794125	17.5249508314855	13.7225716167071	-0.105564484459668	16.0943354252533	12.4853242684384	-0.184824781884149	15.9363734318406	12.4604048462348
PLAUR VEGFC	0.384304413837555	13.4741405441064	10.3897954695272	0.0337038319984326	14.9719434666456	10.3949506093902	0.219935279203944	14.499191189276	10.8063504686418	0.241437267474584	14.228200701346	10.6452919993327
PLAUR VIP	0.362712823223935	13.4995006419293	10.6751326354802	-0.179294013289317	15.1646062517161	11.3703777380303	0.0888170268918043	15.3148983685153	11.768193840931	0.130619040817574	14.6303965742317	11.3248181333359
PLAUR VTA1	0.122768347512804	14.2559766342218	10.8160079907841	-0.860315655638639	17.4872990579459	12.2725209941496	-0.268578445278707	16.5084432751729	12.3251874860632	-0.189271206533059	16.120378339555	11.7350561188881
PLAUR VTN	0.139670488064484	14.3909268326183	10.3090795442808	-0.817544170884527	17.529383032111	13.1911285819115	-0.282987860022397	16.3975301823338	11.9560536517444	-0.318734625453776	16.2944249555106	12.1525280370084
PLAUR VWF	0.258888643550771	13.9936342088142	10.7841970523489	-1.76373197899796	18.6245150568547	14.2438512226554	-0.327102787322017	16.8168058913465	12.5533132373602	-0.526962895723004	16.8506151502969	12.9456308159699
PLAUR WFIKKN1	0.0622857332552155	14.5564522219039	10.5561670399247	-0.527656977177053	17.0609434892884	12.6084031842047	-0.460499677137161	16.7463230038598	12.330064084808	-0.250189936062712	16.0309348949599	11.8222912517293
PLAUR WFIKKN2	0.0276010934819061	14.7215979584395	11.448680859382	-1.01133795091596	18.5164695469121	13.5954747596784	-0.351001094445343	16.9021628382998	12.6747238669333	-0.375775390757316	16.8417186278369	12.8006007472948
PLAUR WIF1	0.0012342555240612	14.7410817742332	11.0137628972494	-2.12873967914508	18.6395262133138	14.1437051585603	-0.459973738593	16.7743501083782	12.7443626405948	-0.590904460892525	16.9116693071317	12.7557689042655
PLAUR WISP1	0.0125455287120246	14.794280697593	11.4586714882453	-1.29092917841469	17.7852478324381	13.0729936536283	-0.533844534134409	16.6189990124162	12.7413194857045	-0.451451903472784	16.4946069576514	12.5738327066027
PLAUR WISP3	0.47918979355531	13.1520351338391	10.3376307875999	-1.61035592852138	18.6611343701983	14.1618108998167	-0.0871233788078163	16.5374822094676	12.7319285465212	-0.165812912505892	16.4034632418013	12.5429120449775
PLAUR WNK3	0.234829870261926	14.3767722577775	11.062528650142	-0.578635913923148	16.8348225098614	12.0366052289828	-0.22782620561672	16.448513819678	12.6345379307925	-0.153306425231811	15.9641467451091	12.0059779417679
PLAUR WNT7A	0.358049693993481	13.5644838318958	10.8112029282486	-1.88661639452559	18.7879534854776	14.4956941229659	-0.263791789664143	16.8559786612749	13.0075139357397	-0.354347080160923	16.8271673027726	12.9486430859522
PLAUR XCL1	0.471065683476369	13.1276400482328	9.8296047139196	-0.761545494363905	17.6510408027254	13.4401941860466	0.0721836248999931	15.7944672673173	11.9338017388101	0.00861976185599633	15.8417178171464	11.9415381045365
PLAUR XPNPEP1	0.17008495203687	14.6148498249259	11.1071634104277	-1.41642211575936	18.1918980759364	13.5344983199246	-0.35935580352045	16.8788612850924	12.7546789138252	-0.36905343989987	16.8346089717246	12.639140838034
PLAUR XRCC6	0.0697515261693419	14.3049104757082	10.8214908351432	-1.17396924524072	18.0081740487457	13.7491075964694	-0.54947563879203	17.2191004313424	13.1193270947122	-0.437930049749973	16.5533298825806	12.5205358281492
PLAUR YES1	0.0309067813232781	14.6112124654267	11.2483298259326	-0.0985871842886432	15.339601401471	10.6788800354455	0.00458456978951127	15.2977755490462	11.2170804369651	-0.061985746649639	15.1839602406974	11.2748127922713
PLAUR YWHAB	0.0814183324546829	14.5257910235693	11.1413025358364	-0.685639574862862	17.6909882653783	12.4327055071014	-0.25555532275436	16.4086794115698	12.4805478389666	-0.283625854846539	16.2458960858434	12.0045513775337
PLAUR YWHAB.YWHAE.YWHAG.YWHAH.YWHAQ.YWHAZ.SFN	0.112192753612633	14.2502321997957	10.962220477044	-0.595851951728279	17.311458592533	12.2571502536285	-0.193531002507635	16.0163262548242	12.0248103019781	-0.222303209218542	16.0141524425943	11.8566931466084
PLAUR YWHAE	0.26595017322821	13.9182427811753	10.7240964926189	-0.343353345173492	16.0158906012865	12.4231766536444	0.0894442414357123	15.3342521448712	11.8289760470404	-0.0491726873971337	15.3756500253495	11.9750825518359
PLAUR YWHAQ	0.0857225818595777	14.584262523221	11.5114711117373	-1.05843194385448	17.6801384641572	13.2830328040068	-0.343354119797182	16.5571390434086	12.8282451456988	-0.376918932574202	16.3433488783217	12.5812895360736
PLAUR YWHAZ	0.114092607497129	14.3690105528855	11.1957819084922	-1.70621243055779	19.0297737603406	13.6938419099842	-0.535594250499722	17.3190256902524	13.0226195068442	-0.533247316607261	17.0600777118589	12.7351074685083
PLAUR ZAP70	0.163608274047201	14.6154812677002	11.4547126517958	-1.34019365075578	19.1848588233422	14.0851404587362	-0.465402440201949	17.1209665854299	13.1772558337441	-0.475530353371331	17.1359911871771	13.000931925569
PLAUR ZNRF3	0.306726046363127	13.6169695981268	10.6904870784923	-1.60473758615116	18.2787391521075	13.8277636945633	-0.274957180743429	16.4863988157533	12.9352119647665	-0.32459406151588	16.4497694415064	12.6516411013251
