protein_name	r2_male	rmse_male	mae_male	r2_female	rmse_female	mae_female	r2_all	rmse_all	mae_all	r2_all_sex_adjust	rmse_all_sex_adjust	mae_all_sex_adjust
POSTN PPA1	-0.210806100429962	15.8826344334717	12.5044315419941	-1.62184543435842	18.0545736430975	13.8162200539187	-0.896727430557588	17.6819416473356	13.5787419534293	-0.90901179417148	17.3919484545396	13.4820851115324
POSTN PPBP	0.157930151076061	15.9530509258136	11.445849422454	-0.844020872284795	17.6301052797529	12.6747587132241	-0.586304396138785	17.3872254794309	13.2711642736477	-0.227199343252023	16.8902520302391	12.3051774080279
POSTN PPBP.1	0.129548807857868	15.9286033663008	11.4758904401749	-0.848784548009526	17.584960701822	12.7369170773437	-0.561068716316991	17.3813251104865	13.2937306803629	-0.262817660191199	16.8696827039216	12.3157575087214
POSTN PPIA	-0.3415853247881	16.2969393799727	12.3467016148669	-1.74669492290879	18.3002528144743	13.6223538342043	-1.05713535701939	18.0171226701854	13.5406541902964	-0.952493875974164	17.5793397456216	13.3297591548189
POSTN PPIB	-0.231583700883071	16.5029145047892	12.6939012861856	-0.929512500794015	18.7958055682397	13.8061480701826	-0.714472987197579	17.8019127400337	13.5159751871204	-0.612581289775562	17.9452818544015	13.4534824038223
POSTN PPID	-0.657596522431754	16.8031746493333	12.3450774426223	-1.01601722909801	17.6653253964788	12.9734945766931	-0.679858132976273	17.4704918014078	13.0520325630988	-0.865779478922345	17.3363059757488	12.9639260464332
POSTN PPIE	-0.187695913286314	15.5884709876884	11.7801587910966	-0.937185108703394	17.7908841559865	12.864600737465	-0.783696567232921	17.0298292499665	13.0207621153946	-0.551606007200078	16.8943487960775	12.6971613471616
POSTN PPIF	-0.266894913295898	16.239791650119	12.1331663741588	-2.39422725051759	19.5851180309745	14.5409058597704	-1.28791140637174	18.5726801549516	14.0355468931391	-1.10929421725296	18.2941654890756	13.775732825426
POSTN PPP3CA.PPP3R1	-0.459093182010819	16.8983497232401	12.3491045931593	-0.571667285617889	17.2695608752228	12.481449782037	-0.655350806586503	17.6363187771726	13.0479854556477	-0.649306800215306	17.2474886652597	12.73740794465
POSTN PPP3R1	-0.39091771139097	16.6672161591333	12.4141605623125	-1.60311123042047	19.1795314193971	14.1485447414594	-0.861317192691765	18.035091144136	13.7167728539669	-0.838528087894661	18.1196830416386	13.5726594984265
POSTN PPY	0.35355920718125	13.9667224110553	10.7320587699807	-0.563194327434352	17.3806778119163	13.1824038496102	-0.129230857794618	15.936366405329	12.4485681786189	-0.0616347162827968	15.9993492996764	12.2868522317126
POSTN PRDX1	0.0442119295213251	15.5348870736637	11.6796770617029	-0.643093101257544	16.8642277628037	12.5535661892935	-0.439432841413813	16.7940851314311	12.7995917409929	-0.265198820662191	16.4758036392148	12.5197088860932
POSTN PRDX5	-0.0593395744031961	15.7672914568188	12.3125041348795	-1.90329345491257	19.3587505994085	14.1813640092478	-0.946581968189417	17.9718381626659	13.8332022163946	-0.772838022647053	17.8072742187418	13.446804516125
POSTN PRDX6	-0.212264711244206	16.1277150960249	12.2225322822845	-0.666090988199525	17.5274772231508	12.4165183163356	-0.826424125930107	17.6067422559874	13.2892636243346	-0.502072944389711	17.0520767682128	12.5798544606712
POSTN PRKAA1.PRKAB1..PRKAG1	0.172954897951912	15.3292027242111	11.1829241046351	-1.91780352943872	19.5179727250684	14.680600313422	-0.645475020219928	17.6454605661349	13.5682080887075	-0.758618065040593	17.842053789762	13.4924710398517
POSTN PRKAA2.PRKAB2.PRKAG1	-0.46956342347566	16.6284917888081	12.4366825030748	-1.11713970710522	17.6771297137031	13.3190250677379	-0.92429806532385	17.8347147424778	13.3912748400012	-1.06007975303861	17.5119448620541	13.2908285137027
POSTN PRKACA	-0.181494092203156	15.9828460984461	11.9350857761093	-2.5516727224558	19.4230145359905	14.6451092700728	-1.00839447232041	18.2096991686021	13.7586911898298	-1.03178545571705	18.039417004238	13.6379039098936
POSTN PRKCA	-0.558495382473528	16.8310297942989	12.3654165952639	-1.54863858892327	18.5943862992991	13.8658641106343	-1.38209492609628	18.3029521967771	13.8194123035651	-1.08125725772874	17.9073690482351	13.4163238494772
POSTN PRKCB	-0.488297302101123	16.8107813107065	12.2481078156474	-0.669707424611636	16.7177605300944	12.2951646258902	-0.740513158167871	17.2774020267585	13.1014056654372	-0.611945495592089	16.9033428415624	12.6138632152454
POSTN PRKCD	-0.323350110287742	16.258855373018	12.4396638308758	-0.731829003747991	17.5174763601026	12.3746531323975	-0.639700952349621	17.2813436096205	12.986571566201	-0.612112378546509	17.1761296714252	12.8437300008334
POSTN PRKCG	-0.359669456844489	16.5882295157509	12.8780302818195	-1.33753243849233	18.3159766934397	13.5161756020036	-0.997612176812571	17.7099541333168	13.5470692327394	-0.924017615031403	17.8452099511421	13.5087521897002
POSTN PRKCI	-0.163974312595424	15.9108198182268	11.918494531212	-0.811875213289687	17.3263311926333	12.5595482718131	-0.580779341177818	17.0384870642758	12.6335474293338	-0.494864399344212	16.9299990964794	12.5359395845202
POSTN PRKCQ	-0.500526997588974	16.8094414293336	12.4917081845586	-1.04584011371767	17.47869611976	13.0068228556223	-0.872345047460919	17.8866032819448	13.23115931424	-0.928107791244662	17.4347179798417	13.035499077726
POSTN PRKCZ	-0.237853120581556	15.7057856438984	11.1972200325535	-0.836180074262388	17.0896869057475	12.3296420010113	-0.541318497785273	17.0103424484373	12.3866853914196	-0.418071139756899	16.6865889354705	12.1888186376246
POSTN PRL	-0.159443960071897	15.9024002809075	12.0831098911721	-1.41169983004188	18.4198076025137	13.6072632576226	-1.16298494565171	18.1692930947449	13.7317323496772	-0.740589988721545	17.4402150825419	13.2220991499645
POSTN PRLR	-0.164078321834165	16.3495714734081	12.668708917058	-1.65068124762861	19.4543886815343	14.2179802599599	-0.879004311656628	18.3536072528938	13.8254336809738	-0.705725831006826	18.1353812383869	13.6938705697043
POSTN PROC	-0.145436609565527	15.5717818433703	11.3832732264219	-1.82594941745917	19.0446964113052	13.6823669244046	-0.781562403071185	17.5861027724882	13.1346698381022	-0.715626107825727	17.5435318457383	12.8095604539413
POSTN PROC.1	-0.227649889784126	16.4132793773411	12.4897025692187	-2.1160374316748	19.2375059555807	14.4523982608862	-1.5473006968787	18.5871138341532	14.1658623103281	-0.987804723864423	18.0529447350091	13.7958706632672
POSTN PROK1	-0.327681153521069	16.6342796897899	12.5838391400635	-1.67466345701665	18.2259276656116	13.9909551779825	-0.81829935959491	18.0950086816837	13.9760329798834	-0.775969805020067	17.700077485613	13.606600059159
POSTN PROS1	0.0104377238069376	15.3836737598489	11.3980121737485	-2.41685042442227	19.171309886227	14.2905416690441	-0.779127859215796	17.6781673688141	13.4531892162707	-0.789543040133392	17.5878741027474	13.0906341956356
POSTN PRSS1	-0.0582521769351887	15.2330517235946	11.305134302322	-1.41013676768057	17.7373217751443	13.1527326550193	-0.56486571734669	16.8491356647113	12.6371972481723	-0.692216036973466	16.83794049212	12.7244247543269
POSTN PRSS2	0.101262997864979	15.0096261634876	11.4770273196255	-1.65059656645671	18.5368390713634	13.2585022821777	-0.65983854294608	17.0550843932772	12.9895852739764	-0.67054147020216	17.0211571281907	12.8374876165122
POSTN PRSS22	-0.331871971413137	16.1744492468382	12.5296115702191	-1.46056200361163	19.1604693937859	13.8566958927954	-0.843963427324179	18.296123926264	13.727846805222	-0.834351675642359	18.0493505173299	13.4168725728188
POSTN PRSS27	-0.107312065393107	15.2185419998797	11.2129277551261	-1.7141420747621	18.8082419674757	13.6571146085407	-0.86207636267177	17.3923178878145	12.9294111108992	-0.826906499339409	17.3870715410457	12.7143703592375
POSTN PRSS3	-0.297050629714156	16.1573368484862	12.0123590840106	-1.96377887536932	19.1661197263082	14.196587556061	-1.10346663113712	18.1589081772179	13.6237966379349	-1.05572120554465	18.080550266154	13.5695878293071
POSTN PRTN3	-0.2695054839403	16.163065806918	12.6112939055648	-1.53496403285876	18.4944834392509	13.4844683407306	-0.762977643919509	17.5860913205277	13.3316329156692	-0.722067964252447	17.6098268254996	13.3239121623374
POSTN PSMA1	0.0496451260536938	15.4718114720852	11.8389795385899	-0.918383716898266	17.8396188231451	13.1074848320624	-0.852849806060099	17.6406339245679	13.3696317945073	-0.470360261636942	16.9198676288205	12.8080288135382
POSTN PSMA2	-0.155343566320075	16.195804123514	12.3721549937551	-1.59126070532945	18.9063799024839	13.5979418720377	-0.834436724379103	18.0218637649123	13.4098163382242	-0.83461184801179	17.8571474278536	13.4730187518576
POSTN PSMA6	-0.447277932890025	16.6284697758334	12.6243209556555	-0.323525818344549	16.2062410106953	11.5880290215354	-0.541567396931816	16.9691499885663	12.6266837681287	-0.376184967333299	16.6216954803994	12.4009800154207
POSTN PSMD7	-0.196309559926967	15.894149858951	12.2430475222349	-1.33938739995945	18.8982186138105	13.757231391325	-0.891720135520943	17.6781937644323	13.3941405387209	-0.724939397030736	17.720750588705	13.3920854739063
POSTN PSME1	0.0919003270700248	15.4441566670584	11.1853261300088	-0.184701832758007	16.2030826161942	12.1641463811923	-0.226279973683162	16.3348967499754	12.4782622799697	-0.0684569531126094	16.0035162221515	11.9281193335484
POSTN PSME3	-0.0280564991361061	15.2712537657486	12.2351585739491	-0.551675554936061	17.5212262437456	13.0676250991853	-0.212149713484558	16.6332834829884	12.6319635535924	-0.337392076274135	16.6791424471751	12.8764338698882
POSTN PSPN	-0.134291523242054	16.1111964062615	12.3172880191995	-1.54242341808124	18.5106341029454	13.9419763805452	-0.622150014978377	17.7870771142009	13.4570033048779	-0.643353770926212	17.585198861631	13.3521957939236
POSTN PTEN	-0.0808429509601376	16.1225059595791	12.1485183447655	-0.469221863130605	16.5320085591436	12.5696004730358	-0.684841126103881	17.5392299568337	13.5870505784747	-0.369836271902953	16.530697821012	12.9375334825701
POSTN PTGS2	-0.38883503611966	16.2220824304624	12.3745025958361	-1.12233304612735	18.0798157494204	13.1361813282567	-0.895602855968054	17.7860784150523	13.4329697035481	-0.836908903555118	17.4642410765761	13.2289943182878
POSTN PTH	-0.37864172213063	16.2342907102254	12.6904871967393	-2.02542623498555	19.040232304388	13.9622010937697	-1.12760923064774	18.044135716717	13.9326670616698	-1.20113037530638	17.9965960520272	13.7522589391568
POSTN PTHLH	0.135821354946273	14.8699490740134	10.9016885455887	-0.655336778753252	16.8369753002158	12.1234461192746	-0.322989910836987	16.2871204581644	12.0442615148671	-0.234803242323381	16.1966899081906	11.878481642612
POSTN PTK2	-0.127007458066072	16.6222675677427	12.267890654642	-1.50577744462809	19.0136719629225	14.2227892083641	-0.638462121653976	18.0645064501403	13.6416066237921	-0.647639207736693	18.107746220105	13.535660640799
POSTN PTK6	0.0411087932144327	15.1865418786923	11.6906576872688	-1.68716793160455	18.1990806339953	13.2890234256045	-0.492025738421374	17.0033626808996	12.7931155712368	-0.553001626178615	17.0480656338239	12.7839489604164
POSTN PTN	0.691771577819042	10.3826967682011	7.41916289737599	0.631895181446978	10.8332005887379	8.10710003439554	0.622705226615682	11.1157479661415	8.33824846674531	0.662333134987816	10.6341111359729	7.8735652053818
POSTN PTPN1	0.0473058611249333	15.433538989095	11.7200732955182	-0.652254237142173	17.3342951727131	12.9683720146294	-0.714280409441213	17.3276328507425	13.3603954088305	-0.495092575540267	16.7750398084411	12.7010309759072
POSTN PTPN11	-0.361197834587651	16.3890502838293	12.6236442588944	-2.66849409611179	19.3309144275533	14.480155168995	-1.08180343156567	18.293743228477	13.9237906930964	-1.2165119564653	18.187190713912	13.8830821714941
POSTN PTPN2	-0.305620408729837	16.1883669924417	12.4564285815321	-2.66215158594792	19.5806784651853	14.3289113437476	-1.41992209325031	18.5316960868397	14.0896771208369	-1.22276964948518	18.1723937761365	13.7547254818778
POSTN PTPN6	-0.484736039200094	16.6927173197472	12.8192680908382	-1.91504707002768	18.3865892696369	13.4781540882127	-1.453066461848	18.3572273249229	13.9478949533044	-1.14516539070439	17.9737748784511	13.6264215960854
POSTN PYY	-0.0670467576442411	15.6891215952717	11.7614181484883	-1.3485623280245	17.7960557255408	13.5770454427865	-0.921645749027245	18.0748268263745	13.5835634918459	-0.603511737168783	17.0194354897502	13.0438992827966
POSTN RAC1	-0.388916356123243	16.3104883987421	12.3323282135652	-1.02262807910046	17.5952222048448	13.1055881626667	-0.915651244732556	17.6914061231694	13.4739965670699	-0.761571660311076	17.1733087606227	13.0871780943438
POSTN RAC3	-0.286475756060437	16.6592153986331	12.6914422538911	-1.09277506521098	17.6947787726856	12.7535305984572	-1.11593966791384	18.2737519811483	13.7284921029041	-0.756643463293112	17.4695761007541	13.1432221080682
POSTN RAD51	-0.123670976789899	16.4520733921061	12.3164570936797	-1.50180363846086	18.7107692120263	13.0264090614381	-0.803045927248922	18.0373840016671	13.2786603112228	-0.765185584257479	17.7910085966294	13.0325761408355
POSTN RAN	-0.339432570265572	16.8481668714506	12.1108505015435	-1.69900220409041	18.7726887349174	13.9164515020516	-1.03449834584825	18.3432510624506	13.5663863995643	-0.898297450043702	17.908068964791	13.3354228028144
POSTN RARRES2	-0.231107384994268	15.9859712026292	12.3566568089944	-0.450247228747678	16.230718144716	12.6839237870174	-0.363134564639322	16.5639407151149	12.8872969297437	-0.352307825087392	16.4364880835259	12.8031560168783
POSTN RASA1	-0.195427111770773	16.0390429469532	12.2256293970224	-1.91315035067627	18.960740216969	14.0887993845055	-0.993416919439452	18.0310443894997	13.8115484737366	-0.849308515479583	18.0081090658687	13.532695955613
POSTN RB1	-0.404470264362512	16.1971657139905	12.5954744131901	-2.53100591098946	20.0551856592814	14.7500924809946	-1.13473094502525	18.4072293530685	13.9925276303687	-1.22696939619783	18.2914805286084	13.9180747612287
POSTN RBM39	-0.14121398820789	15.5879835191999	12.1344568297814	-0.952231329671759	16.7257680262335	12.3876070633974	-0.52661764797722	16.9439222426408	12.7720602402414	-0.558145307606393	16.7632799352052	12.7000304714978
POSTN RBP4	-0.272055704407891	16.5449241374441	12.5098159333609	-1.32675096865848	18.6242728248759	13.8883609822661	-0.808442936356819	18.0640293403195	13.6988189341511	-0.71371890220743	17.8551569290379	13.5596528340649
POSTN REG1A	0.1588818525324	14.8391863071493	11.4837382180501	-0.906746151478327	18.2454247718676	12.9606501459622	-0.418615276020351	16.7235769593202	12.7960223166303	-0.370058749746595	16.7215418600791	12.4865591699904
POSTN REG4	0.0861471419954855	14.8732730966003	11.5066964195385	-0.863522921738334	17.8674222903523	13.2450573370982	-0.383100932070045	16.8320313998328	12.9282828544906	-0.455252605142163	16.7800070113752	12.7970703201203
POSTN RELT	0.0703407169289761	15.1214656844293	11.5175326160924	-0.756164232237629	17.323418197487	12.2288788559802	-0.294503580107894	16.3226311224329	12.0758376246999	-0.303024246990859	16.4701070177249	12.1340716211816
POSTN REN	0.246412784433781	14.664843605918	11.0357150061485	-1.7738700154402	19.1277711800972	13.9572510649814	-0.503770393546479	17.4000853356247	12.9281479089585	-0.411895387638396	17.271202537245	12.8020631331126
POSTN RET	0.432686765573172	12.8553607999617	9.80966763243655	-0.517199144833492	16.3792879559032	11.4574435317475	-0.0756296481487451	15.5109547850466	11.5241311614536	0.0356685542668116	14.9687516522826	10.9921380605051
POSTN RETN	-0.0181535894835194	15.4629890016102	11.8359194706747	-1.60885101668848	19.0251534213843	13.9598494960622	-0.82823880865983	17.5756387763969	13.157605710868	-0.707198761830397	17.527923626789	13.0800153047816
POSTN RGMA	0.358139976485971	13.6622537369419	10.5079077571453	-0.950024297853278	16.8182507781839	11.7700133108108	-0.108359655836686	15.5866488071638	11.6351132531805	-0.0957167915351129	15.6579904620402	11.3802662801665
POSTN RGMB	-0.134141779135681	16.445798543758	12.5460310578667	-1.63472839607561	18.9803450244101	13.7100996739486	-0.673861449484259	17.8596494818556	13.4215239067062	-0.747368653089356	17.9137841999077	13.3530614830589
POSTN RNASEH1	-0.0178853327325657	15.6545819874522	11.7264152143495	-1.79251756995584	18.9733860519311	14.1663107862839	-0.838209596966114	18.0220701519238	13.6879401548405	-0.788260477766058	17.6896075289433	13.365432970275
POSTN RNF43	0.045519804049032	15.8117363887249	12.5043595055594	-1.91946906885959	19.6481922984715	14.5748766991476	-1.2222340721514	18.5751025835399	14.2770899040783	-0.795738095894372	17.9980871955662	13.7707049460118
POSTN ROBO2	-0.114456656639875	15.518297247439	11.6660774228493	-0.485153813706187	16.4939012607019	11.901863017186	-0.411058356934773	16.5181258670387	12.3834059733448	-0.303916782199358	16.2263208613697	12.0725231976521
POSTN ROBO3	-0.186224184077753	16.682402099605	12.7427060511221	-1.60389460873224	19.0603431907968	14.0158628416438	-1.05348009193269	18.16336747086	13.870142242324	-0.863730473323278	18.0789897000805	13.7726407509534
POSTN ROR1	-0.180219103654968	15.3621002359846	11.7894164393781	-1.94119488416138	19.3272604862888	13.9825522113279	-0.809323741335088	17.4897875188125	13.0517617279489	-0.730926024678384	17.597326169888	13.0560592661088
POSTN RPS27A	0.112729373338578	15.0800243083497	11.540629694526	-0.307713511951949	15.9017123777914	12.0687664929966	-0.181518427700182	16.193381114787	12.4193913819883	-0.0871461364598236	15.6140079348703	12.0016840088988
POSTN RPS27A.1	-0.0155141639957872	15.1334170685444	11.3857981849352	-0.0918084078495891	15.4348424138217	11.4484300221776	-0.135987625498335	15.96342871934	11.9219589611838	-0.0991901686793386	15.4895794808005	11.616305213204
POSTN RPS3	-0.236890912797829	16.5447190712843	12.5538455182753	-0.896238228329449	17.597214692009	12.5755087206874	-0.672031178791022	17.4775951269094	13.0585767222733	-0.573462176050874	17.2094012482762	12.8313089596639
POSTN RPS3A	-0.0188458886574172	15.9663637833535	12.2149039360129	-1.75116558764884	19.2867264091261	13.9997603500717	-0.887551698166779	18.16633144883	13.8017017749343	-0.942163976436157	18.0413469202355	13.6680607888809
POSTN RPS6KA3	0.0181538490481152	15.2189903155537	11.4161081932202	-1.27926644551541	18.0603128517421	12.9365258893996	-1.05742839681574	18.0462796589424	13.5285443524171	-0.660042575218896	16.9530021373223	12.663205898557
POSTN RPS6KA5	-0.0849478560829569	15.8596696641666	12.2033738006044	-0.166215229812445	15.9633422855413	11.7656299120271	-0.357711959057555	16.3872408858789	12.4918201014546	-0.230881300789091	16.1798380092066	12.2236799106523
POSTN RPS7	-0.289779856802477	15.6697548164037	12.2978896901094	-0.859849894065868	17.4671156620218	13.0260368776214	-0.56172760882713	16.7583192155387	12.8045105793686	-0.664872637684193	16.8452971757225	12.9669890004067
POSTN RPSA	-0.183717014834807	16.5283102129405	12.6516794674109	-1.83198939289647	19.5841135270105	14.3020619012453	-1.19640877344957	18.2965790345514	13.8858784643611	-0.894099559029637	18.2169393889421	13.6135675620474
POSTN RSPO2	-0.274904719526762	16.227136243147	12.603485228113	-0.512235580645553	16.8599951731777	12.428016604188	-0.399464173985683	17.0445449019239	12.9359428597377	-0.430113713591997	16.7421363194044	12.7107344108733
POSTN RSPO3	0.488735920245276	12.5177911525543	9.33512517184471	0.0874855457080751	14.2208096056666	10.1127906194641	0.342904707065349	13.6106939847445	10.0604324682086	0.29597412830847	13.6438796447646	10.0308009554587
POSTN RSPO4	0.540513588019042	12.2467570366708	9.24014280353432	0.392404812563235	14.2812442676022	10.9057610066806	0.386979826473703	14.033616830743	10.7866216474947	0.397184063773001	13.5939858776313	10.4712495720746
POSTN RTN4R	-0.261527278223701	16.1983458208103	12.4818861622531	-1.98366835082445	18.8961660523899	14.1413574473796	-0.681574355589936	17.7084583452925	13.4474098940341	-0.840336607668181	17.7628446228546	13.5611690982903
POSTN RXFP1	-0.0144796253290684	15.8512176430832	11.443115094163	-1.34073050712197	18.5108946718583	13.8899340298637	-0.482280185549141	17.4703373999456	13.1355014877427	-0.5559635053336	17.2843711114181	13.0547665923343
POSTN S100A12	-0.302076534200027	16.0937684730566	12.701242871321	-1.20561751476016	18.1520157186133	13.7516112113459	-0.669444993119151	17.3717697170537	13.3755320192807	-0.694404511050083	17.3254295128349	13.4758355303009
POSTN S100A4	0.0343164819368044	15.5913378671736	11.4014053162803	-1.47688400524205	18.192616367451	13.6406420568244	-0.622845586212834	17.726837789891	13.5234729174023	-0.647159221409819	17.2003235856305	13.0333002643514
POSTN S100A6	-0.112163321826756	16.1001378789315	12.378454400105	-1.61999563767292	18.5736574519073	13.5978029452859	-0.746529528579714	17.7488754044529	13.489881349272	-0.811191333293781	17.5245837608669	13.3345139669768
POSTN S100A7	-0.141595443115489	16.198839542058	12.4713470410275	-1.72923587945509	18.7190327292955	13.9778812628463	-0.978423660894508	18.115963011774	13.9663217753233	-0.777028528588851	17.7585942079793	13.5246001607294
POSTN S100A9	0.0291974032189196	15.0234430559195	11.4472980117461	-0.886223099225645	17.0810713073966	12.4868818622386	-0.401942760569818	16.6020003321553	12.4965617774499	-0.357175716637137	16.3510310463702	12.2995197012916
POSTN SAA1	-0.0322076804415268	15.5835153180554	11.2791269754057	-1.14254073726683	17.6461224682133	13.5192265877784	-0.735776223802519	17.4826119584809	13.4533668752127	-0.613144763562732	17.1955068666896	13.0211646530355
POSTN SBDS	-0.735068160059078	16.9299266393005	12.6834990080469	-0.836240209218328	17.2078007338584	12.5386279254869	-0.778368909370386	17.335006296493	13.003559219858	-0.646286580511229	17.0994970052864	12.8284094802922
POSTN SCARB2	-0.00515092355839553	15.654237009891	11.8707694734886	-1.84231221095753	19.396687961697	14.081064159669	-0.799692712216351	17.8958642489178	13.6865231295954	-0.658178664090246	17.791083909219	13.394682240972
POSTN SCARF1	0.0515391594763043	15.4881901422434	11.7091520454218	-0.144591193338869	15.5631007843743	11.3645978520837	-0.0808314266235981	15.5713132035575	11.6736587166812	-0.0461738404215455	15.6934836622476	11.7181012211597
POSTN SCARF2	-0.432850870168917	16.4714701571099	12.8801768035132	-1.49860446879415	19.1188256806407	14.5010892785805	-0.627504280584244	17.7192278747824	13.5810572716383	-0.965256299154854	17.9840515129644	13.8841178505725
POSTN SCGB2A1	0.13569338812466	15.8737287201055	11.8666451763538	-1.73806882263397	18.5235285965144	13.7704612829959	-0.505999992655458	17.3891318012748	13.2446518247735	-0.492229693699638	17.3317560580626	13.2206205103859
POSTN SCT	-0.0455141818528333	15.8105494134685	11.4945976574593	-1.35176378388202	18.7771198401396	13.6889372012671	-0.486857159367697	17.7270568785241	13.0165672167289	-0.534710645300323	17.4764328208199	12.8439844804575
POSTN SECTM1	-0.00383009442070614	15.4134176921883	12.2117212936275	-1.28863709617091	18.0905764688746	13.4377497798864	-0.660529776973767	17.5334135713138	13.3112155261542	-0.558551816084919	17.3002535884393	13.2478834640569
POSTN SELE	-0.0379069976325315	15.5230097210688	11.7667676229805	-1.17712436972697	17.701825318737	13.3917805564213	-0.467395424619767	17.1315256626072	13.0509493471844	-0.606920864930509	17.0318928789219	12.934607995434
POSTN SELL	0.275621859228915	14.1190675786201	11.5563768925465	-1.71096765376691	18.4501366963338	13.7544364597725	-0.600928104922703	16.9961748729951	13.2077796723858	-0.478443106968161	16.7161591434176	12.9620016026864
POSTN SELP	-0.183128880201266	16.2132130498496	12.4782324058016	-0.727350942690371	17.2593183588261	12.4664539717548	-0.595724107373963	17.2405502687643	13.42012159319	-0.41942933567866	16.7692707598408	12.7667908232088
POSTN SEMA3A	0.14797420040203	14.8430892032982	11.51780344518	-1.72242828744714	18.5452917152923	13.8650217551789	-0.405844228518685	17.0131669129119	13.0290859991876	-0.575973515475772	17.024688570733	13.0575011282123
POSTN SEMA3E	0.145194577545034	15.4548162853055	11.575245997377	-1.5060876292122	19.0898845586729	13.857007008664	-0.684401356519365	17.572956144679	13.3097434667748	-0.465754833171344	17.518873211917	13.0386052616528
POSTN SEMA5A	-0.613933899643633	16.2644600799946	11.9092334882428	-2.2606025472392	19.2363175117574	13.8210161568158	-1.24852100514895	17.9672406287854	13.315290547597	-1.18662018988784	17.8627618300795	13.0907474978572
POSTN SEMA6A	-0.0400056703062797	15.6620705788179	11.8690002746372	-0.85736647551899	17.287964545965	12.9306215216894	-0.396630817384806	16.782449925307	12.8304251788427	-0.280793501914289	16.547747791491	12.6066480703672
POSTN SEMA6B	-0.318873866727009	16.719485892562	12.664329153452	-1.98624449989102	19.1401090966843	14.2825881032713	-0.975001299955421	18.2485217386923	13.9694349810034	-0.961915066171805	18.1705747719969	13.7645742683831
POSTN SERPINA1	0.0216825702737072	15.4192249404077	11.9164149109534	-0.357936260768607	16.5660593632896	12.6666567325235	-0.109834387584189	16.207116323063	12.4224069864833	-0.136816501367074	16.2192356016861	12.5457686362071
POSTN SERPINA10	-0.374852344390979	16.1505173904397	12.1091863353832	-1.59333118026182	18.2113908653892	13.446491424131	-1.07887527696511	17.8668949399331	13.331895753203	-0.988269515798688	17.5629161815502	13.1666417936689
POSTN SERPINA3	-0.169094204411012	16.1624279812535	12.5253355540501	-2.30293650808724	19.8163393427845	14.8002613570104	-1.07646007269554	18.2521854595486	13.9143828224526	-1.0113272273205	18.2358631746946	13.9255211122814
POSTN SERPINA3.1	0.210080441303774	14.4544530444876	10.8621692771301	-0.693309418292611	17.1032249328337	12.5564647559476	-0.305647477972832	16.584944971676	12.4047703895529	-0.286138889409329	16.3417050330564	12.2145473488894
POSTN SERPINA4	0.17500198981362	14.4753687054208	10.781034328645	-1.92834519760353	19.2562519244997	13.9109190336112	-0.579441572467101	17.5876855444971	13.1908942495577	-0.503293582006429	17.2999298390335	12.7843349535931
POSTN SERPINA5	-0.0582210050161707	16.1549053760342	12.1513778351162	-2.02768449718495	19.6414499575397	14.8423125828287	-0.870185143331342	18.1813072337619	14.004336093353	-0.825605951460924	18.1275376400917	13.7618143512926
POSTN SERPINA6	-0.143684223394943	15.7183204540157	11.9763700990345	-1.05517188185519	18.1759644858717	13.4428952255098	-0.487943415808448	17.262870431159	13.0595590863891	-0.583072040660079	17.3167338143073	13.0278084867464
POSTN SERPINA7	-0.207731522583825	15.6588400406807	12.0158544816486	-1.69256149617464	18.5271955120433	13.5521388572737	-0.618528547340941	17.3580363327831	13.1885771321845	-0.717999530195092	17.4136852981744	13.0922851105408
POSTN SERPINC1	0.255786748545107	13.558037296419	10.1942185873503	-0.874841405102775	17.1393742062851	12.98605864055	-0.237435657128571	16.0799930041453	12.2484073915594	-0.186422752069006	15.7302240939948	11.9630849240996
POSTN SERPIND1	-0.356777594354873	16.4865695002466	11.6859564767883	-1.29659836390133	19.1169644070036	13.6139605990236	-0.941251818286843	18.1714699991895	13.1283562236985	-0.787224132890967	17.9216906500998	12.7780534810431
POSTN SERPINE1	0.172564617957011	15.014206860568	11.098951749989	-1.57652716931365	18.3464499989882	13.7645973912628	-0.971630672690583	17.8547543879822	13.7840451220121	-0.495835295166421	17.1002023788238	12.8201348695775
POSTN SERPINE2	-0.247299387142113	16.5069502079739	12.510078825491	-1.06279938385038	17.9748790238358	13.3340615519795	-0.816946652242721	17.4777414911394	13.4347160137105	-0.61924090466842	17.3370229883284	13.185283945335
POSTN SERPINF1	0.0442404645962499	15.4137780783333	11.9043621052679	-1.48338658923744	18.2121470049006	13.4647715507992	-1.00892003672425	18.1442960169317	14.0421502406139	-0.599463837517184	17.2736360849833	13.148216797313
POSTN SERPINF2	0.385601614992017	13.0652414517619	10.0973254943233	-0.49332740607937	16.7908219056431	11.5962473155754	0.00674983566129805	15.1247269572064	11.1008950394914	0.0273994119780951	15.1918823620498	11.0630688818318
POSTN SERPING1	-0.219128239834875	16.3439309377243	12.2573688715225	-1.33501388829967	18.791718854348	14.0254860238843	-0.669361384921031	17.8585475766003	13.4104426928413	-0.716084341475274	17.8526526122403	13.3959885704055
POSTN SET	-0.000739027992138874	15.9115652661453	12.061440552645	-1.20632356443602	18.5526192290559	13.7267688600693	-0.907704605712878	18.0292709598907	13.92639928009	-0.640312417297215	17.4458617894016	13.2926544063212
POSTN SEZ6L2	-0.424322369845094	16.4353425566608	13.1058866112635	-0.455378774845865	16.6770578721583	12.2288471527059	-0.617584387674405	17.2469906345093	13.2191225988924	-0.472296668918204	16.8254965083782	12.9012436865837
POSTN SFN	-0.201760486235334	15.8996572428133	12.760189442718	-1.09022326440663	18.143587131965	13.5564928142457	-0.814586020955706	17.448165216748	13.5695194044141	-0.673863783276754	17.3556470694724	13.4100477290954
POSTN SFRP1	0.0487577997058637	15.1618560170392	12.0650379144425	-1.06016396571812	18.0378670793617	13.3729154227882	-0.402605173262851	16.7943494093175	13.0015939501675	-0.530770867080798	16.9543194298401	13.1402679500597
POSTN SFTPD	-0.017409594031188	15.5181937886047	11.9972209869039	-0.38937074157012	16.005281825598	11.8494485864271	-0.236618351714274	16.2696384712663	12.4709467812609	-0.235451034898826	16.0428948093391	12.2883165629656
POSTN SGTA	-0.568802600980406	16.6756567267264	12.4073061416164	-0.858369155004459	17.708764110579	12.6161943213172	-1.18275447288696	18.1951480809493	13.4230502980925	-0.807008722926108	17.3702331773369	12.8030283313863
POSTN SH2D1A	-0.141158288025073	16.3220194648432	12.6079197513351	-1.08453613559548	18.3275991587057	13.4392588931267	-0.706114805664404	17.859313334779	13.597197822587	-0.660991099971794	17.6581633122641	13.4454709210599
POSTN SHBG	0.251056973022173	14.1921571633087	10.8036333785116	-2.45625541945223	19.7612081818847	14.3388091897649	-0.768302181893496	17.6796944748591	13.6527160631442	-0.620418474238372	17.5276229819168	13.0144741239209
POSTN SHC1	-0.414812580577108	16.7826569977039	12.1673547214853	-0.544134115640631	16.8337804230203	12.2423251637773	-0.857025795617993	17.4291528788368	13.1386295099786	-0.586350676148359	17.0385079700504	12.5922759479784
POSTN SHH	0.0329267498756688	15.0638083875491	11.7610581617459	-0.53360560374313	16.702103171925	12.8638685212852	-0.265131536013256	16.3671241344565	12.6791413350298	-0.244406006978384	16.2010355550927	12.579393411282
POSTN SIGLEC1	-0.367590074985839	16.3206639243429	12.7920018203895	-1.40537379168602	17.9718651806228	13.6355512032653	-0.875146721303306	17.6304042629284	13.6237899581867	-0.84911476188735	17.536480696732	13.5037223302816
POSTN SIGLEC14	-0.0517390679766221	16.2402382854532	11.9673314214142	-1.01152641374396	17.4931350579479	13.4037538831191	-0.422890239519883	17.0751009360757	13.0693557251617	-0.500776818857751	17.1161476389009	12.9051735817092
POSTN SIGLEC6	-0.454948136936827	16.5327181849111	12.7870436551402	-2.30260028101104	19.0067903706295	14.0011876337598	-1.198103060883	17.9267468167253	13.6694338013165	-1.143258811024	17.9119333117162	13.6814249125103
POSTN SIGLEC7	-0.398848512344083	16.259125025632	12.4079161088812	-1.67888809369615	18.7982830546656	13.867555932214	-0.861830788730784	17.9429335880795	13.495420381178	-1.04345009457683	17.8276395321966	13.4553789741374
POSTN SIGLEC9	-0.309210921079842	16.434001532034	12.4014980740242	-1.9535532859366	19.1692142351526	14.0837730958642	-1.2778578159969	18.3108065783672	13.7857451713451	-1.03756392476446	17.9022790185874	13.6358078267233
POSTN SIRPA	-0.193010497339831	16.5305677926233	12.9143764189671	-1.6577118551507	19.5032433237524	14.5502327946581	-0.870503873314925	18.2372944702623	13.9803007791696	-0.861280148804361	18.136064093593	13.9140414263904
POSTN SIRT2	-0.474930820953525	16.3435539611466	12.4256193257464	-1.80429957934189	18.7175735815049	14.2706014042397	-1.2632444105746	18.1785628731642	13.9238540611457	-1.02842439114593	17.7263339980941	13.6296428165873
POSTN SKP1	-0.0242087027055782	16.1667870010639	12.2231936718608	-0.55949243025651	17.6382228395799	12.7789742167898	-0.503367625584682	16.9588490693414	12.8491986625289	-0.307704532759834	16.993911836775	12.7592885333687
POSTN SLAMF6	0.0809435705149627	15.2130427436139	11.4543495058256	-1.62946949943572	18.8704589471257	13.7957725275816	-0.689975055532128	17.9350719356233	13.4434871996156	-0.658866520260353	17.4261143599842	12.9013573444488
POSTN SLAMF7	-0.261305433083562	16.1036918088466	12.4195915883646	-1.00862057999304	18.6225808253306	13.5504253814575	-0.851791273543028	17.9210923432036	13.4802285405055	-0.743746552848379	17.7097427840806	13.3197218233195
POSTN SLC25A18	-0.505810215249776	16.9369554488707	12.9347459490101	-2.36644966676627	18.8796858282448	13.3289916431836	-1.11298297131189	17.9682361813033	13.5269338313957	-1.16467941836052	18.0654743435369	13.5000320363833
POSTN SLITRK1	-0.296900190424242	16.5582844508258	12.8275937060997	-1.30840004940971	18.8399639157103	13.9655482154504	-0.788926145051958	18.0356823317139	13.6450574883306	-0.846342593239642	17.9149474373396	13.6326787566002
POSTN SLITRK5	-0.106289510030734	16.6780429999232	12.7595096973517	-1.59335414297028	18.6029238081688	13.6696531491559	-0.934697195278339	18.3011996942628	13.8375024082607	-0.637454955373933	17.8840955213994	13.5092080498748
POSTN SLPI	0.229916051080846	14.4652308022611	10.9643512763361	-2.14670681325594	18.7828049555685	13.4277329111439	-0.560137103283036	16.8878947098939	12.8901334480566	-0.573553381073405	16.9205082501141	12.546088037141
POSTN SMAD2	-0.77164381100939	17.010005790757	12.4886136236375	-0.594633035575359	16.6327884324741	12.1138413617265	-0.76094448507303	17.5324320097994	13.1371747400557	-0.720697304670153	16.9823938361502	12.5855863897176
POSTN SMAD3	-0.667180778455333	17.0248774304999	12.6754452856354	-1.08292509682388	17.5309446911368	12.6149638519522	-1.19216202985926	17.9526752139404	13.4219978433864	-0.945411529767659	17.4073235333801	12.9725803803975
POSTN SMOC1	0.289479694886244	13.6851935181177	9.50921968611395	0.094396873165667	15.1740508561597	9.712758442736	0.221760851089488	14.4115626399754	10.1444350318854	0.205378459146434	14.3479698130999	9.89894879398676
POSTN SMPDL3A	0.126105789132645	15.7994802913724	11.1084402640931	-1.54416334708371	18.3694527959298	14.0703580816415	-0.539433353177577	17.3100738717196	13.1171235616251	-0.417484290337583	17.2860798888967	12.8791369332339
POSTN SNAP25	-0.142788249507011	16.002428625404	12.2102167179159	-1.8875404845136	19.5377123510352	14.6560526298556	-0.925564863904022	17.9097259785007	13.591569517909	-0.907023935282242	18.0065607470024	13.7100723310209
POSTN SNCA	-0.230222774973392	16.0507945446827	12.2137257638043	-1.21853385059913	18.0032014607023	12.7503297701985	-0.645367848649127	17.2895827524197	12.8025377459916	-0.637814028625629	17.2991161116703	12.8134352337516
POSTN SNRPF	-0.0612054991262045	16.1461634390923	12.7057150004344	-1.49806314834768	18.4509091198163	14.0709254820627	-0.679335401330771	17.594804642726	13.7249518237654	-0.467403520303232	17.5249634779882	13.5501213446087
POSTN SNX4	-0.579795991792019	16.9144057482876	12.8147613207509	-1.25511380418939	17.8459537734621	13.4004096584842	-1.14550630474218	18.0998079673057	13.7664310578491	-1.00481360706505	17.6165679433222	13.4687290180096
POSTN SOD1	-0.274126549971005	16.0717190303689	12.1363932499789	-0.448216969918771	15.7755209935507	12.0524582347853	-0.380894615969787	16.2984916447937	12.2967859861374	-0.289526633364	16.1364446515245	12.3974262655646
POSTN SOD2	0.122350709076768	15.3268578247561	11.5066015915395	0.0330167236248829	14.9870852023624	11.2373793524759	-0.22057206247322	16.130834893324	12.1998697427971	0.0278292112175149	15.3892756924417	11.6103903738773
POSTN SOD3	-0.11191095408819	15.8272469743964	12.2706553217578	-0.700963159134464	17.1646478673464	12.3178589807414	-0.516025061908441	16.6417638183819	12.5860238652975	-0.428896554276294	16.6339132002242	12.5017448475023
POSTN SORCS2	-0.0588712843893344	15.8113661460992	12.3216744841666	-1.64355111563232	18.5600066610762	13.5138450952311	-1.07571660741841	18.0466062400453	13.6287797217771	-0.876062373768949	17.5562507919761	13.2405928514068
POSTN SOST	0.635541334238516	11.5732359396419	8.73957041399332	-0.093455933945277	17.1350843214323	12.1379496257159	0.271009657068461	15.4469410074836	11.0812110308149	0.309339978165764	14.9033594678965	10.697867708354
POSTN SPARC	0.191961967004845	15.4410890559612	10.9954379962693	-1.17656930155868	17.6247489207289	13.056513639542	-0.77402544645931	17.5504928988019	13.4212876971506	-0.304000206803273	16.84831245304	12.3905104835991
POSTN SPARCL1	-0.652921637296836	17.0432189238523	13.2503583588575	-1.60514672492658	18.6406958753734	14.1298550741762	-1.13664881275002	18.1724411572715	14.0617034799181	-1.05326373985133	18.0430704332506	13.9632150574844
POSTN SPHK1	-0.545434297524257	16.8484905623638	12.6263159027716	-0.768130592291903	17.2549694338931	12.5562749918693	-1.01544477878877	17.7932099127402	13.3163366619405	-0.767181670985722	17.2510724419588	12.914558100051
POSTN SPHK2	0.0727633934957967	15.3802207911623	11.8564529133813	-1.36617382645993	18.2757225187392	13.7281443838404	-0.424339920154347	16.8110950234257	12.8847239754564	-0.459681087507646	16.9545822911457	12.9532998281423
POSTN SPINT1	0.169155834288213	14.3863900126997	11.3718594224186	0.0534020842652363	15.1663268912308	11.4566141042328	0.00958360360140731	15.4827972377601	11.9937308348332	0.11158028671309	15.0435404918874	11.6884575266375
POSTN SPINT2	-0.2203163531333	16.111186730888	11.8103939675417	-0.427427101592853	16.7243389503287	11.9189702347115	-0.3613238728174	17.0492414948935	12.6884965004965	-0.319842695510965	16.6643986525155	12.3257233961742
POSTN SPOCK1	-0.108809174155681	16.2275386965265	12.356977452472	-0.983079531831298	17.3946866743591	12.7798654616343	-0.569172983930354	17.4740175374365	13.383873582101	-0.40047815481541	16.8847418501847	12.7512696516217
POSTN SPOCK2	-0.0649662524199683	15.3908799107623	11.3120363120499	-1.07479782949907	18.1079187784895	12.8436253024949	-0.837723833874402	17.7213407717935	12.9506150889329	-0.624751917894572	17.1306473234883	12.3948841748555
POSTN SPON1	0.367313454891569	13.8175037178172	10.8045700953114	-1.14286545942737	18.0062028399704	13.3841197807491	-0.107478150084164	16.1689665945651	12.3440733685481	-0.110030611952442	16.0892065257771	12.2661328533408
POSTN SPP1	0.35185563281027	13.7785967496678	10.2000273671444	-1.53500183633031	18.9425600405012	13.3981626297763	-0.293139950225782	16.9505645028324	12.432697429583	-0.248506501488473	16.8418959137697	12.1095642280484
POSTN SPTAN1	-0.509649583386794	16.8836506846699	12.5113669226657	-1.86316740060871	19.5362986737929	14.5630560303668	-1.09569643163777	18.3763508672512	13.8121908862116	-1.2293414895435	18.4789633397001	13.8453675005787
POSTN SRC	-0.37468216374928	16.4942364318911	12.2182054768748	-1.66463358179961	18.4436889784242	13.6737701923885	-0.994550658935767	18.1352000603116	13.5338213124709	-1.08672116184894	17.6861223193574	13.2291167399835
POSTN SSRP1	-0.0254808507320587	15.4844533273325	11.6559825338955	-1.377228211626	18.9810975293968	13.7670062920084	-0.609037670832173	17.1472329878808	13.0422651094829	-0.551650347393822	17.3511443582687	12.9640417291494
POSTN SST	0.139843925901613	14.8863352847896	11.6762587614043	-0.955273788359282	17.9659615630508	13.8426023079314	-0.395043599083554	17.1569088045286	13.2002442680345	-0.348895925581532	16.6357197080321	12.9532271135293
POSTN STAB2	-0.210360609881449	16.3945334215492	12.6691670876006	-0.995441757481108	18.0385459345749	13.296715373874	-0.760050007050171	17.5460373415223	13.5064445342756	-0.557257235293356	17.3126531417037	13.2936931613231
POSTN STAT1	-0.233029818654017	15.9324692984826	11.5683132484798	-0.276277095495433	15.9490039361709	11.3446186858028	-0.34342897795932	16.3980211850525	12.0433353966803	-0.255709520777038	16.0749522180076	11.7441763505774
POSTN STAT3	-0.533040453357708	16.1016155556793	11.9874239376143	-0.585226374791315	16.2755247487913	11.879446850751	-0.550806857335189	16.8919735027937	12.5633297041231	-0.626061246155937	16.6238689735943	12.324643368669
POSTN STAT6	-0.255965605624482	16.6702573317304	12.6916405969308	-1.48442852594023	18.4984449980206	13.7316396718253	-1.11576651153925	17.8671119910266	13.8427309450745	-0.812376659312094	17.6926005426356	13.5336436827892
POSTN STC1	0.206806509904385	13.6400267770078	11.0333634367451	-1.29009624650842	18.5044575980419	13.3912285971008	-0.260589077863182	16.6560792118773	12.6734169722268	-0.374757312056357	16.5298543078221	12.474425069631
POSTN STIP1	-0.238266150658083	16.3218500035678	11.943991609496	-0.790649309542708	17.2686964243494	12.4856547050534	-0.879489190084513	17.4890592049743	13.0847563553009	-0.485607400675271	17.01246119439	12.434418444928
POSTN STK16	-0.523239998540096	16.8686711355145	12.9930400144787	-2.54414646287456	19.4970095527852	14.3831831059464	-1.20369083482064	18.3882320307525	13.8800777780333	-1.23942526533344	18.3214432849191	13.8784748376425
POSTN STK17B	-0.134822132823138	16.414076663775	12.2828341385791	-1.60885935865444	18.9083321377726	14.1275600301072	-0.678011497813244	17.8448121782682	13.686658420575	-0.699456171789917	17.7483139293944	13.3043221982101
POSTN STUB1	-0.31073030395089	16.2193320751339	12.1324134064439	-0.824018942096396	17.5977736615201	13.0762235326447	-0.731640448134363	17.318469634939	13.0778100116021	-0.609850213650142	17.1239711662113	12.9834561116635
POSTN STX1A	-0.288930943624897	16.1912979675467	12.1266581960779	-1.89095624526453	18.9780054144133	14.1268412651535	-0.848174969881206	17.9044572475204	13.5984398462774	-0.884764619391522	17.9152398187101	13.4328366552313
POSTN SUMO3	-0.236813912628027	16.1120131822553	11.9020640354433	-0.161138800306884	15.7948651791972	11.2428481068768	-0.528022148801371	16.9940328195328	12.8379479245179	-0.249420439400752	16.0349981848786	11.8324496787158
POSTN SYNCRIP	-0.206728525941875	16.3307916800024	12.3475949846444	-1.17077393136905	17.8257795562915	13.2006109593044	-0.660873964725524	17.6095760419283	13.4151153176271	-0.594270557568136	17.1883577190091	12.9339517082685
POSTN TACSTD2	-0.0923887735788349	15.8176913084831	12.4823131246456	-0.39518083921114	17.1843823189424	12.8807456422718	-0.345582900496102	16.8795201208358	13.2401013940447	-0.285031552090213	16.6316381497911	12.9277801750593
POSTN TAGLN2	-0.154705102929992	16.5950802784933	12.7570369361059	-1.47285960098445	18.3226682216648	13.6375275151106	-1.04569977621815	18.0227618939452	13.7721615671028	-0.731459112961101	17.6077778368602	13.5275053147878
POSTN TBK1	-0.096284073491798	16.6006541120834	12.3249112381042	-0.758019441992978	17.5120076529856	12.8129132770051	-0.738305918964053	17.4623971706209	13.2044049447806	-0.416704437802121	17.1968464969014	12.8314303386451
POSTN TBP	-0.29037291083814	16.4457579949259	12.6598517661279	-2.18469376037154	19.3597113065544	14.711649507552	-0.864911531147955	18.1142069896509	13.9001342779542	-1.05188536464667	18.133068413176	13.9299577996809
POSTN TDGF1	-0.412956710792668	16.9367645399523	13.0250651474387	-1.37794414858874	18.2654500015021	13.2568990542626	-1.04991615704852	18.1588721009469	13.7601543754028	-0.907955589197671	18.0894550050389	13.6071254804862
POSTN TEC	-0.461243161806836	16.8766128883102	12.3826969530445	-0.75113059465203	17.2256864610084	12.5221260930921	-0.860919428942086	17.6479313934596	13.1769487907055	-0.68719961186532	17.1435537101554	12.7999150643992
POSTN TEK	-0.0173744507398665	15.4167188637399	11.36238302937	-1.53354487795596	18.7313403100582	13.4117225544423	-0.726016473181104	17.4756773505117	12.8721783986349	-0.663643069022553	17.3664156930986	12.7041290207991
POSTN TF	0.227271820586791	14.3041575553658	10.9523542099348	-0.663695280160597	16.7936010717235	12.8180238875464	-0.148219284574103	16.5630912378189	12.8190474248978	-0.291783160106001	16.0871166311579	12.3951274631871
POSTN TFF1	-0.502818359050161	16.4950403373364	12.6900249237909	-0.959610649713611	17.3671998883398	13.0703157233199	-0.594441310896137	17.2472595640766	13.4062323186364	-0.681387641007441	16.9952505463096	13.1478795865334
POSTN TFF2	0.207210213366433	14.5549709291969	11.1182531268275	-1.56179217743756	18.7725225880984	13.574134937288	-0.746409533658404	17.5399021916913	13.4350333390845	-0.450124061057002	16.9521483094484	12.6363231559968
POSTN TFF3	0.380048658379	13.6474171825629	9.65999613995586	-0.873898890048115	17.3670649687437	12.6163194082707	-0.00031547711148816	15.4327412485039	11.5180626966712	-0.099888677748855	15.7805383394323	11.5485657782834
POSTN TFPI	-0.259795567356625	16.4650508651751	12.2739629426264	-1.01084417157318	18.4157647902621	14.2061534404625	-0.758193511080116	17.7629250889161	13.7147052908782	-0.689987341024742	17.5742331099231	13.3965775179825
POSTN TG	-0.18507908413651	16.2295190395693	12.5007091488772	-1.79440705045387	18.9611042501623	13.6207325443576	-0.914335332242963	18.0506702289116	13.5089258767992	-0.761547607609552	17.8406387679231	13.3376477875829
POSTN TGFB1	-0.210526383501033	16.5143605241918	12.497175237512	-1.12155455833612	17.9916044740072	13.6484793345438	-0.611609166486551	17.6120405923669	13.4672965202972	-0.681299026789266	17.361277383998	13.3001216023077
POSTN TGFB2	0.0230500989652958	15.442788113482	12.0840245064089	-1.47324125611189	18.7758764553434	13.8730755240179	-0.551248438303421	17.3424926890909	13.3156963183312	-0.584303665182362	17.346427066405	13.206367352427
POSTN TGFB3	-0.266829626486965	16.326641234129	12.5955341098319	-0.687231909195791	18.0102433528516	13.624629198365	-0.599442698616668	17.5359283825287	13.6033275646714	-0.589166567582587	17.4722702022153	13.3998934384885
POSTN TGFBI	-0.0267903878066924	15.9994554479722	11.9680194186495	-1.27779299349814	18.1660242307831	13.6061615086847	-0.544691932715299	17.0493920542406	13.2403652765918	-0.580221835333177	17.2421443529769	13.0463679534153
POSTN TGFBR2	-0.0786040423544854	15.299542484825	12.2250977767048	-1.79346609188264	19.3663678030138	14.1352950278116	-0.968048470138791	18.0519996562549	13.8955968628087	-0.703020653898824	17.6608042541272	13.4534161742754
POSTN TGFBR3	-0.406791043986424	17.0275314587482	12.6289037231591	-1.7707882047631	19.735145436975	14.4774554104502	-1.04607047419601	18.5292841681644	14.1075290294707	-0.872463338035923	18.5760453681036	13.7118459423742
POSTN TGM3	-0.255630627108187	15.6800668949346	12.2801134685439	-1.7102344295656	18.6450270757529	13.8308994238056	-1.28589096993323	17.9360293653518	13.5596458749955	-1.10158188910084	17.6273964352333	13.6103515764495
POSTN THBS1	0.255126437498247	15.3271176826334	10.9595320959354	-0.626445693419363	16.6720443009751	12.4101324579075	-0.266979045226201	16.4323198724908	12.7370738760537	-0.086378196024846	16.2403470482206	11.901985421344
POSTN THBS2	0.0411957589598981	15.4976914717751	12.0734672286602	-1.21211811023747	18.255445340591	13.3231429277464	-0.671481660734825	17.6041280166227	13.3604805628286	-0.498290557144875	17.0978010852539	12.8786190041103
POSTN THBS4	0.33254251200408	13.833435209927	10.6150237078831	-0.502432644514675	16.5035578517491	12.4052163171103	-0.114273934524474	15.7450587319189	12.0650999077781	-0.10564750569316	15.6112195631215	11.9625471559639
POSTN THPO	-0.151005085026881	16.6301686100329	12.6022065004445	-1.78397971027379	18.5805292008213	13.8404171307216	-0.710968165896371	17.8925953769945	13.6751000535411	-0.757313291742558	17.8965160858931	13.6153624503809
POSTN TIE1	-0.295152794340048	16.7111757111059	12.5030855306811	-1.78153934677396	18.6805152939308	13.2947834668763	-0.723688485952326	17.913409494142	13.2585047170048	-0.848440279261246	17.9897825742004	13.2673525618682
POSTN TIMP1	0.343832666136345	14.0690773072152	11.1029319460521	-0.477389379970404	17.548736794877	11.6792705283978	0.0203233685268317	15.9069217051655	11.6784423890888	-0.00612599591956964	16.0300711222927	11.5942191484028
POSTN TIMP2	-0.307302653615943	16.0235694620488	12.276739423425	-0.507866429883112	17.3606106518769	12.3050783655221	-0.462707330999305	16.9041259474874	12.7165255424885	-0.415129441242493	16.8374272358715	12.5564718116398
POSTN TIMP3	0.017455651456414	16.2265091311867	12.5832599899193	-1.16155885115004	18.1594452706325	13.3075918328577	-0.822115381049545	17.6320686345823	13.6434608132416	-0.458281795015136	17.245867082586	13.1333213047886
POSTN TK1	-0.436759210135518	16.5269880995659	12.5407025509552	-1.6055075237458	18.6217271895628	13.8452025264382	-0.955664398990278	18.1147169222132	13.6643860545432	-1.02225831845503	17.8822243978611	13.4899155364823
POSTN TKT	-0.493010469365731	16.2263266089156	11.9737443656827	-0.525802950398764	16.8532028091788	11.9417519036761	-1.0070145231217	17.6907103830005	12.991546675969	-0.518521178103549	16.7429355351393	12.3149046624476
POSTN TLR2	-0.00752107586768513	16.1473727339596	11.8062888340127	-1.81120361844392	19.266428044133	14.1298313028173	-0.585321858499394	18.011447403569	13.3720938850886	-0.599101247245156	17.9249423114061	13.1237786813358
POSTN TLR4	-0.312364735604059	16.1955203397886	12.4552372405322	-2.33004331275524	19.3309337608473	14.4243491539593	-1.07716189987765	18.4345674332535	13.8765192560334	-0.997031111892018	18.1979554719474	13.7069965812633
POSTN TLR4.LY96	0.118313378851445	15.5696045039411	11.076605911004	-0.818463254865673	17.0217160102143	12.2925161730309	-0.549977726861919	16.9082650133616	12.5834894406496	-0.315610571830628	16.4739594568439	11.9661741401104
POSTN TMPRSS15	0.0578734127096078	15.8764856981991	12.1868613403591	-0.809020146825034	17.1046981487166	13.0726505462251	-0.420843530688122	17.0305337987781	13.1748653045966	-0.291430017640005	16.5736595317076	12.8909476441267
POSTN TNC	-0.163077251564472	15.8323160599588	11.764456193399	-1.25712215260367	17.6277979591786	13.1357730165183	-0.476118317909992	17.2872600971035	13.1162174175454	-0.515152950748828	16.8479939344584	12.6362038691841
POSTN TNF	0.205008149525167	14.8395928631219	11.6799188273189	-0.763560075325022	16.8368430857898	13.2928928014557	-0.158943237921759	16.2255516924257	12.6687234803833	-0.252836137460154	16.2016289093445	12.7316392248261
POSTN TNFAIP6	-0.0152388797003502	15.718137523427	12.1661204067182	-0.996855869222205	18.2131625319109	13.512737285865	-0.65183619172125	17.6410127917441	13.682235296016	-0.443345590629177	17.2008068118774	13.1840875106392
POSTN TNFRSF10A	-0.150550279029632	16.1202567820056	11.7917749774028	-1.69851879193592	18.741682981754	14.0111386741231	-0.787083683720822	17.8733789144751	13.6350950767266	-0.846502777938777	17.8471548115401	13.3168344616099
POSTN TNFRSF10B	-0.306382497268441	16.3265897810826	12.2900627497234	-1.75968179998112	18.1371656145032	13.828190282985	-0.643957369851456	17.4964216089133	13.3947821670403	-0.835020444025589	17.3594296804231	13.3243624337297
POSTN TNFRSF10D	-0.219183966662876	15.9477705159383	12.6655898093316	-1.62997389427988	18.8079199506909	14.1943426788699	-0.754166441686462	17.622228501316	13.5266864704047	-0.844879482554491	17.6010720738706	13.6907101502536
POSTN TNFRSF11A	-0.0995968915435923	16.0714184633497	12.0932296403393	-0.909345592134615	17.2375894045063	13.0244250049696	-0.626387159007712	17.3199129522148	13.282001177628	-0.489941723001438	16.8586601178525	12.8647491131816
POSTN TNFRSF11B	-0.20100882016708	16.4404267047109	12.7958354671126	-1.66376390004676	18.863474418304	13.5530867810794	-0.71064169096832	18.0826111636103	13.3486253412729	-0.763518200469075	17.8105635376117	13.2921205018562
POSTN TNFRSF12A	-0.17758171275008	16.425476311094	12.5106371442591	-1.50493392389267	18.950046290909	13.7031805806829	-0.949442311095413	18.0775422457507	13.7360333981692	-0.768895636243055	17.9450303290964	13.4852149503773
POSTN TNFRSF13B	-0.0363927917248992	15.629478146271	11.7789990275468	-1.20921582741894	17.7769590716957	13.5554481859	-0.616854547937969	17.114057379628	12.9853939834634	-0.441973988068326	16.9835981575843	12.9467016639119
POSTN TNFRSF13C	-0.395521749834993	16.1277936064035	12.2224664004758	-1.70793901537467	18.8563430454344	13.5883603055862	-0.954136736076656	17.9991874735053	13.2800460952621	-1.04947891746559	17.8887050839864	13.2932262043487
POSTN TNFRSF14	-0.35273506512687	16.5985398255825	13.2154052777532	-1.39844804321248	19.1469823910211	14.2811475210662	-0.866877639141086	18.0442976732644	14.0698544371428	-0.999203064667209	17.9627506779022	13.9108444724895
POSTN TNFRSF17	-0.239633616395964	15.8071553329364	12.2437963866256	-2.14939690662999	19.3573173455524	13.890397095152	-1.06692048296324	18.0024884714659	13.7905142727458	-1.25148264483479	17.9497962769355	13.4875085875315
POSTN TNFRSF18	-0.116295943620435	15.9257245755889	11.9408426720684	-1.59648799684502	18.3793048478526	13.7817781211368	-0.660342644084125	17.4625235510063	13.4542281298872	-0.735075697837191	17.3038206727449	13.2002827262718
POSTN TNFRSF19	0.286976333914066	14.0480879035487	10.5307464542405	-0.861831735919942	17.7444491737811	13.0064631042926	-0.208430020424348	16.1214003813665	12.096642723462	-0.219610837926087	16.1683436339212	11.9846567293385
POSTN TNFRSF1A	0.488386831083535	12.5316555994704	9.69229638030047	0.00507332512162828	14.8532741182356	10.421853017421	0.27372634070015	13.8806283832123	10.3550875113759	0.27003021362976	13.9032891788502	10.3292899940138
POSTN TNFRSF1B	0.337477189211993	13.7367777521177	10.2678190342927	-0.196132001912829	15.7545157578463	11.5110125169379	0.0774747824217734	14.9446470983968	11.0824104003836	0.0777516094234044	15.0873512916528	11.1130011773101
POSTN TNFRSF21	-0.140022611174832	16.5207740570259	12.2386539620382	-1.51777460196694	18.8128683291512	13.8382503893193	-0.780004567380036	17.8665448470566	13.7610832571429	-0.690731214517285	17.8996965092331	13.32800033163
POSTN TNFRSF4	0.120057115944289	14.9596905203648	11.5202976104922	-0.419040962335486	16.5766257030022	12.5867601679485	-0.0872030296796191	15.7848245298003	12.1276401381867	-0.088404080968207	15.9534440266437	12.2183119807263
POSTN TNFRSF6B	-0.22052297281087	15.8000557595274	11.8853661585734	-1.76536128056415	18.9377723896189	14.4122762216041	-0.806026854836755	17.5747367740552	13.706874368124	-0.809500606441994	17.7115208463107	13.6528962829451
POSTN TNFRSF8	0.00396599977937862	15.4599911544648	11.7809896794034	-0.961291216125437	17.7385523482138	13.0873157861542	-0.628362739560692	17.3035898427121	13.0629601613765	-0.519045589382391	16.9091523777581	12.8262336907694
POSTN TNFRSF9	-0.0336097818148733	15.1869831298765	11.461979905264	-0.7111726045545	17.1976686958409	12.9963932899405	-0.407663376109523	16.4581426856928	12.5005554857437	-0.322352726456734	16.3231063937087	12.4280313345817
POSTN TNFSF11	-0.35897110980423	16.943924034373	12.5323229983816	-1.64165189205725	18.599819974635	13.8018626979153	-0.68321515090686	17.6596281763409	13.3027222623374	-0.914921650035664	17.8952123224881	13.3629648601506
POSTN TNFSF12	0.0466999768589796	15.8526289220299	11.9875761608053	-1.81645873124592	19.112032791427	14.050487085206	-0.766714169525588	17.7205451946933	13.3729445946952	-0.731529872015386	17.6294679519277	13.2625554964494
POSTN TNFSF13B	-0.090397622708118	15.9412582591474	11.733907727711	-2.79158719995228	19.0598310522242	14.3502832454911	-0.993341062510528	18.1458031322878	13.8605964111451	-0.960387894402242	17.7743851769991	13.4063106100357
POSTN TNFSF14	-0.389763112962372	16.9772645934244	13.1396438961385	-2.12067774805789	18.8854740207305	14.2139870903566	-1.18341542429604	18.0729260100943	14.1691569272528	-1.16259499613204	18.0456476255609	13.9811737024425
POSTN TNFSF15	0.0166274360946163	15.2265913431432	11.4706801923832	-1.57749465084501	19.0906773717888	14.0321942525412	-0.636290391583022	17.4803125896226	13.0793291092295	-0.555351265165499	17.4181600521611	12.963511424375
POSTN TNFSF18	-0.0371233734053311	15.8927660528455	11.8495154379754	-2.22931726857205	18.9405967369566	13.5962143025839	-0.982476895417003	17.8798655766436	13.2221982995138	-0.916170871538641	17.8589213180619	13.1205926787426
POSTN TNFSF4	-0.481020290020927	16.8487139119977	13.0715340865938	-1.73775353149078	19.3610560747761	14.0677708597259	-1.1528113680865	18.5659686139943	14.1183409879866	-1.09023506350691	18.351503247352	13.9378558012038
POSTN TNFSF8	-0.225927121322967	16.3065962728376	12.3050310123138	-2.11271379952457	19.3395495453987	14.1318958227552	-0.855105508708214	18.3848051218022	13.9816704590273	-1.06711062220339	17.9607979296216	13.4913370138691
POSTN TNFSF9	-0.165645515046944	16.2157529794772	12.7382158536935	-1.43536515816952	18.2314003947063	12.9698233446357	-0.631034895800714	17.5236172370557	13.1271231586822	-0.828904638146371	17.571834092668	13.3488711186779
POSTN TNNI2	-0.200147135946235	16.8788874831562	12.1060699784904	-1.31811355051592	18.5661966707819	13.7021773026841	-0.731798491922081	18.0441349719924	13.6840882345834	-0.648722571833817	17.7990028576161	13.1824056651725
POSTN TNNI3	-0.073542467055705	15.4380527554995	12.0347714902062	-1.21293882859003	18.6073254303001	13.503644533012	-0.5922132784226	17.2905483909729	12.8974199013256	-0.49505491895775	17.1449629424176	12.8635342596405
POSTN TNNT2	0.114167693032667	14.4157608401268	10.549310538455	-0.618045736232654	16.5239257616638	12.100422890759	-0.23903518756689	16.0475058904024	11.7939127220642	-0.250423764554671	15.7321740126857	11.6051102760482
POSTN TOP1	-0.355597490226147	16.2791421814093	11.7199655767065	-1.71313995626626	19.333208111457	14.1799437306764	-0.972187230526051	18.2159450908366	13.5669931789918	-0.8889081552657	18.032187228982	13.2240926169533
POSTN TP53	-0.133762138354395	15.9102735055517	12.3551856597618	-1.79101420470555	19.1654341967745	14.2885958676467	-0.884405092130819	18.0770713151345	13.6826275884291	-0.728409966823082	17.7228772235771	13.4934506087112
POSTN TPI1	-0.507883851314308	16.3732056777494	12.1220940249883	-0.518469137935434	16.7299509028003	12.0895236431762	-0.743732404740025	17.3701163652466	12.8281660682639	-0.542161964566241	16.7324928433822	12.4319193905012
POSTN TPM1	-0.209698036458223	16.6917197637548	12.7781659317466	-1.45018771099615	19.0071198320387	13.5592162551466	-0.838304097007892	18.0370377702385	13.3820802938726	-0.719851528181758	17.9758870084176	13.3325541790714
POSTN TPM2	-0.152972446744435	16.6984760052398	12.9651268292173	-1.82815473898274	18.7205662511643	13.6711042559699	-0.928080652934626	18.2144443013638	13.7233547592785	-0.775018674912462	17.9422952727363	13.5469283201108
POSTN TPM4	-0.434000558295489	16.591970479883	12.4049424823962	-1.65196283498416	18.4430026736503	13.8868295827826	-1.0299114158657	18.0573723069505	13.7564863413977	-0.993307892487386	17.8321964191005	13.4635902913852
POSTN TPO	-0.296649684673854	16.4019113801887	12.6574396944848	-1.65044211456579	19.4912029391955	14.5440559311731	-0.903466856209787	18.2995690493708	13.8220501159255	-0.774358906323174	18.1536581854775	13.8353411691481
POSTN TPSB2	-0.186616754591841	16.4871201890815	12.993283587174	-2.13060055066625	19.1926710716464	14.200223275888	-1.29359565761534	18.2611393179556	14.0549447317531	-1.02735047481167	18.1271015669699	13.9227837082463
POSTN TPSG1	-0.0435313839388785	15.8408317140769	12.1005194810803	-2.47941237240852	20.1200405050014	14.2542582210082	-1.15380137951683	18.1122831567098	13.7096576588388	-0.834366907334572	18.010917944473	13.4078259670317
POSTN TPT1	-0.346263064158609	16.3356615344073	12.4211984636404	-0.541881973112478	17.0518683010666	12.4252953689824	-0.633336564188492	17.4500657585945	13.1695864755232	-0.531265410564049	16.8257545940629	12.717372574936
POSTN TSLP	-0.0679596709732961	16.3465676011121	11.9758274640964	-0.186872414295264	15.9909985365163	11.4641941367249	-0.334908880158155	16.8549410729889	12.6475101701123	-0.129699556770307	16.3647656554951	12.0351656862729
POSTN TXNDC12	-0.371368670665016	16.3275176397314	12.7798069977573	-1.58826209522245	18.588565817356	14.1198667520684	-0.877283989762422	17.6362327824186	13.7579368839801	-0.827905469586611	17.6544262612867	13.6468693362861
POSTN TYK2	-0.124766405929803	15.8373269878233	12.0213548001481	-1.97846042813925	18.8534956419	13.6329103645903	-1.14068486002737	17.9582814873425	13.6986788071573	-0.860054322339588	17.8928867124172	13.3868252935428
POSTN TYMS	-0.31023389463069	16.768838089493	12.6181998297457	-1.26238485466869	18.7432146516488	14.0444563504264	-1.14117709235116	18.218608200128	13.7975928335894	-0.851293836455374	18.0910683406944	13.5600978139891
POSTN TYRO3	0.0606494462535379	15.099553006841	11.4792927065269	-0.90846849716703	17.0396365513371	12.6776350253926	-0.339230797385547	16.5156560388808	12.6151151354186	-0.289501534061768	16.3810280738281	12.4036710727291
POSTN UBB	0.101980597755114	14.4921520547081	11.313829852183	-1.59300181870356	19.3013919055248	13.8562539610335	-0.808086066594521	17.7298503751909	13.3403127322721	-0.691078889433878	17.3009100649145	12.9666722314592
POSTN UBC	0.099577396233877	14.9242060140962	11.6216485677604	-0.766853760205527	17.2507253816866	12.2289638002985	-0.315238987270207	16.3882079771248	12.2775058905642	-0.294499619122496	16.4093500043097	12.2267732950716
POSTN UBE2G2	-0.284306817163439	15.8056814982657	11.7699769447132	-1.82265583892234	19.0434164109154	13.8187259895437	-1.00469444997657	18.1017210687887	13.6460001119369	-1.02683236303234	17.8217221304914	13.2305099107417
POSTN UBE2I	-0.18254405189147	16.273618160029	12.2439347290043	-0.225748053953482	15.9743865240275	11.4983743799433	-0.453982165420582	16.808101237661	12.7023534575937	-0.274895098834561	16.305226646502	12.1255071503278
POSTN UBE2L3	-0.261432452264116	16.4944747626067	12.3497902780637	-0.383806273672743	16.2009795584418	11.898795341427	-0.731469940547139	17.0719904737898	13.0397976205506	-0.27704282239686	16.4142065594942	12.3409965477644
POSTN UBE2N	-0.161120492191958	16.0657727963217	12.0012986571375	-0.452482300702954	16.7682595074254	11.9043295047651	-0.785463447179848	17.1656356597964	12.8170718827912	-0.331109952764953	16.5901477392174	12.2914978651113
POSTN UCHL1	-0.177509752280207	16.5236456674765	12.7697419522486	-1.97410415727894	18.6798099720991	14.178307415405	-1.04956916201712	17.8819997709559	13.622059796371	-0.866454242180023	17.6596617525087	13.6820696311947
POSTN UFC1	-0.62004327991505	16.7876796283943	12.4853764232246	-1.42649492916958	18.1532326967446	13.2342215419405	-1.05689287824784	18.0562663478023	13.5168310020705	-0.940099330704664	17.6476155052974	13.1977337392801
POSTN UFM1	-0.265787951644266	16.1444558905545	11.7899315479001	-1.36041686216296	17.6211178679346	12.6285731685661	-0.972242097818301	18.1080590050077	13.3375850131431	-0.842004471849036	17.3312563299468	12.8139002700051
POSTN ULBP1	-0.171739072507907	16.1318294792247	12.4805884159196	-1.66689701991501	19.4415326619768	14.6558128603293	-0.950581666876384	17.9391344095625	13.8188616700319	-0.8366212198546	18.0445577673537	13.8119822620524
POSTN ULBP2	-0.431292413599382	16.7727647024234	12.9963965094652	-1.74786649511915	18.5011829360444	13.8795143760915	-0.963820991381511	17.9830492451319	13.8248845248847	-1.09469719309219	18.0615767854886	13.8691311004192
POSTN ULBP3	0.0289042082199084	15.6886284910039	12.1605594597082	-0.389155063877934	16.2869115565277	11.7178651377224	-0.478224050229274	16.5350300569595	12.6941320107689	-0.164571790630809	16.156623089592	12.2167470988828
POSTN UNC5C	0.122062699165004	15.0416245107114	11.5624946861034	-0.488282226660463	16.4319732937211	12.0522898914545	-0.144887222261613	16.1661348536864	12.1299101654982	-0.128463704535128	15.9185644835687	12.0398259011207
POSTN UNC5D	0.101116762269514	15.1795090543556	11.6686626374123	-1.35598517115063	18.2622739860005	13.7121037415007	-0.424814614315931	17.0500564673106	13.1871320076407	-0.483850481635476	17.1513109213959	13.0849979812579
POSTN USP25	-0.301367127223118	16.0917506160923	12.442918906257	-1.89594321743173	19.2081048301959	13.7750791832309	-1.08877991916947	17.9661489561572	13.6693845476101	-0.844170221359602	17.7759850388009	13.5122277439955
POSTN VAV1	-0.623245916222286	16.5652617192157	11.9607400664324	-1.08988155690085	17.1851195686877	12.9078233103623	-1.00789911160515	17.5779954319701	12.9406416245558	-0.963161235858038	17.1828466520008	12.7757349648611
POSTN VCAM1	-0.11487363463268	15.2422285400314	12.0022909366207	-1.26347438468004	17.9082749684673	13.2865050890517	-0.877781446498267	17.1256262044679	13.1681787360908	-0.647316532244975	16.9662906975923	13.0381915335718
POSTN VEGFA	0.122892993176297	15.1987248612054	11.9786059827334	-0.361259512812148	15.9215870912037	11.8263538815439	-0.595581405377201	16.5544519957425	12.9095756897598	-0.203574488362543	15.8210163366366	12.3132148803059
POSTN VEGFA.1	-0.0344968206666321	15.4495778012929	11.5272099978874	-1.90380458283233	18.1875959987919	13.9324501677303	-0.666531103084415	17.2010803010296	13.1067418498022	-0.714721018154786	17.2662039884405	13.0258511303447
POSTN VEGFC	0.0349959223650749	15.3175993833835	11.2592632533433	-0.292672739787998	15.8618982447898	11.4255169888346	-0.341309050585157	16.1289834160101	12.2318711186696	-0.201043940035439	15.7537365057969	11.5640125035905
POSTN VIP	-0.382092307449987	16.3403859946756	12.521155710675	-0.18435987634412	15.834128347321	11.7726856097287	-0.429335786939585	16.805768257615	12.7771907270737	-0.341873666241935	16.1636576739325	12.3585751047129
POSTN VTA1	-0.428674830525939	16.4308528030682	11.9309974155244	-1.08930146331086	17.3748944351722	12.8048405261056	-0.981295454277104	17.746235262222	13.4152072750936	-0.721405702362496	17.0619018512514	12.7136661229347
POSTN VTN	0.0912923056819381	14.8756974518089	11.0170702597809	-1.2073447790956	17.7966203203839	12.9919882844979	-0.485833601171138	16.7238498953292	12.5946498018992	-0.450443350776426	16.6846793864218	12.2880970155167
POSTN VWF	-0.06795362470623	15.9530498503443	11.180405543456	-1.16377874845698	18.6112697340378	13.7762858403491	-0.555075637445881	17.6863840749522	13.2339857777086	-0.577533624312205	17.7236232715116	13.0233292318018
POSTN WFIKKN1	-0.401125745359143	15.9341041687999	11.8395418198675	-1.23075434684654	18.0254785625378	13.2575640881388	-0.755027753004773	17.4509480103083	13.0770094845731	-0.762994230519873	17.1329045178626	12.7664718302238
POSTN WFIKKN2	-0.445518304471143	16.9416781780953	12.8641842845224	-1.40613473514002	18.6048191929664	13.5830660294504	-0.982630379249495	17.9758251817066	13.6171088287861	-0.817137695483253	17.9227269091818	13.4075536675666
POSTN WIF1	-0.180744321472257	15.7570953705181	12.3284261572664	-2.31781063573058	19.2495245396844	14.1795270277192	-0.997092546835103	17.9388626728542	13.5893615077268	-0.912561546853665	17.7867885890823	13.4680636448627
POSTN WISP1	-0.193211149436271	15.6456784071638	11.8023346140022	-1.86032150603394	18.9044336814628	13.6997340638744	-0.827959539731926	17.3508238335888	13.1897634567264	-0.76898232386911	17.4411385198616	12.9498975825451
POSTN WISP3	-0.13264156956699	15.3258768960236	11.4172040060842	-1.70595054062122	19.4334789923321	14.3082060995091	-0.822515936292495	17.7942650167632	13.4853625965978	-0.827105516376112	17.7151045365816	13.1403718807674
POSTN WNK3	-0.187140305975285	16.3095555166554	12.672339865697	-0.640444722511594	16.4619084123155	12.6381549023324	-0.623376203162965	17.385790603286	13.2279049771826	-0.422016961606775	16.6473106079623	12.9083308547616
POSTN WNT7A	-0.21175895555475	16.5001161665238	12.1895435578287	-1.70482608416027	19.3970813596489	14.5108970468325	-0.91782229142463	18.3616558416768	13.9465494090205	-0.813497562081003	18.3310572146934	13.7003584290756
POSTN XCL1	-0.141887681990873	15.8769426373198	12.4194760692597	-1.71288360813258	18.7504025863783	14.3179142290491	-0.710042997118507	17.5635037209576	13.5363626156267	-0.738408682398715	17.5629552136206	13.6576028543539
POSTN XPNPEP1	-0.24936037595734	16.3000059091248	12.5600898384102	-1.92426363525127	18.6827216256523	13.7164204250938	-0.939401702732533	17.7414142791593	13.563845877737	-0.859138627836925	17.6576853041671	13.4941393356881
POSTN XRCC6	-0.360617678278995	16.7872711397169	12.7711919317266	-1.43610045372943	18.553264005786	13.618095190637	-0.991894130960435	18.2728489416012	13.8265788401744	-0.895948405084759	17.9904907989306	13.4980383138711
POSTN YES1	-0.197096234949682	16.0211521167316	12.3784646426074	-0.377366909886614	16.0703831014994	11.738425821682	-0.670078725728679	16.9108799859536	12.7904137155958	-0.254456650553282	16.2211383976349	12.2409260706289
POSTN YWHAB	-0.401415365626957	16.5261736032763	12.4502438686938	-0.728071798787244	17.7499068673877	12.8877263499539	-0.82714020625082	17.9689333981973	13.491871816525	-0.592492810308862	17.2231207443412	12.9191221736603
POSTN YWHAB.YWHAE.YWHAG.YWHAH.YWHAQ.YWHAZ.SFN	-0.340330642416302	16.429593441158	12.3616127476374	-0.668000797884865	17.3761838535927	12.5187379396687	-0.634864185404252	17.5094109757281	13.0324901933161	-0.640348211773211	17.0764443010694	12.7609709889917
POSTN YWHAE	-0.0383187441082524	15.5913810390056	11.571967633933	-1.53678181998116	18.0633838724255	13.8012298279584	-0.429534565150787	17.0818330335142	13.0227712323043	-0.623181263412053	16.9396683148214	12.9234145069867
POSTN YWHAQ	6.45182235976538e-05	15.4699036703147	11.5995850533579	-1.21910067594809	18.0531980573825	13.4280788639363	-0.566822087099507	17.1551031067983	12.9659884516764	-0.488234854540258	17.0464670404854	12.8822733739397
POSTN YWHAZ	-0.555496245215957	16.8982493801397	12.8703246346831	-2.69188897729685	19.173926468279	14.498471252045	-1.43168632811803	18.515309421832	13.9600605189874	-1.27654101297316	18.2224792909542	13.8938621231008
POSTN ZAP70	-0.134392833070104	16.6512673571968	12.4838368921248	-1.75409281967531	19.0457847650602	13.9082771615106	-0.777851016244936	18.3595505134558	13.654742744541	-0.738316623196528	18.0224657849835	13.4134673626812
POSTN ZNRF3	-0.0146880787053079	15.6471170256217	11.5247192336263	-1.49442937077039	18.4807980964579	13.6582525302922	-0.62676611340612	17.4461477000868	13.2249159279981	-0.711721083080987	17.4386510910654	13.020428798852
