protein_name	r2_male	rmse_male	mae_male	r2_female	rmse_female	mae_female	r2_all	rmse_all	mae_all	r2_all_sex_adjust	rmse_all_sex_adjust	mae_all_sex_adjust
PPP3CA.PPP3R1 PPP3R1	-5.54154567617884	21.1391612037704	16.2941736780322	-6.10361141751897	20.5845334872329	15.5878778292954	-13.7681641277164	21.4282092688082	16.5630065549282	-7.40323682513974	21.1546920422798	16.3408399955916
PPP3CA.PPP3R1 PPY	-0.606007283948483	16.5850394610029	12.5917454552072	-1.00383028347128	17.6587539118172	13.5956444266633	-0.582629710052597	17.3999674864467	13.4371171868123	-0.809223070742818	17.2642119345009	13.3938064257937
PPP3CA.PPP3R1 PRDX1	-0.820221598529072	17.5892755284783	13.8019254876785	-2.123437105308	18.8933945272231	14.4329842093255	-1.47883452004077	18.5031564187225	14.3348154017954	-1.62263147912429	18.6995989471946	14.4575313818592
PPP3CA.PPP3R1 PRDX5	-4.75449492277269	20.5466913262461	16.1663095015482	-4.23695763361653	20.8197478472501	14.9377093819345	-8.78725210358316	21.1994506934733	16.3151935581156	-5.05121630979257	20.8048337059298	16.0289286614712
PPP3CA.PPP3R1 PRDX6	-3.45835020355709	20.5589492555631	15.8407344955684	-6.18425303146651	20.5372482948295	15.3367479201699	-9.90738663997408	21.2220565234469	16.5050265473079	-6.01893742007895	20.7634018398479	16.0191705633504
PPP3CA.PPP3R1 PRKAA1.PRKAB1..PRKAG1	-2.88194290377272	20.1206537440767	16.1302291205684	-5.09801351863668	21.0309113807365	15.8533537986649	-7.43219420560897	20.6683755109799	16.5454471263612	-5.50164564729081	20.8073203438627	16.4576369952071
PPP3CA.PPP3R1 PRKAA2.PRKAB2.PRKAG1	-3.14008919194017	20.4969839597596	15.78463920526	-5.37374525597715	20.3166762395147	15.1984217411715	-6.48123776625818	21.323134886038	16.2380144476748	-5.75585344063326	20.7517926695591	15.9098785871876
PPP3CA.PPP3R1 PRKACA	-0.740120718150979	18.037064650943	13.7652169061228	-1.92060728795812	18.3783872119651	13.8799608227013	-1.63481987878012	18.6422034320111	14.3621349868383	-1.38127005043477	18.6469928612002	14.2453391462961
PPP3CA.PPP3R1 PRKCA	-4.98815603377971	21.1560711863492	16.1136377444383	-5.38648642237334	20.3515490312759	15.6787275497493	-6.45943089807039	21.0828352858137	16.5261525708917	-5.43318490202873	20.8324660271372	16.211187318055
PPP3CA.PPP3R1 PRKCB	-6.42047145864826	21.2738417191083	16.4514290726545	-5.08457721586041	20.2952537341806	15.3848318935865	-8.8622564987909	21.470099008643	16.6049191996575	-5.66503424698377	20.986907439417	16.2711416894812
PPP3CA.PPP3R1 PRKCD	-6.07301090137627	20.8398489472571	15.8569774575818	-2.96431270515441	19.5532538379093	14.6468689788503	-4.18558503654822	20.9636903399381	16.2033485730673	-5.26274679585949	20.4131806362373	15.6309419277527
PPP3CA.PPP3R1 PRKCG	-4.02533681920598	19.5141298111862	15.2758700406602	-4.08994346945686	20.1258702035852	15.0485774859525	-5.08072208242537	20.7113008415925	15.8965043879591	-4.6438208500044	20.2403981306502	15.6269041583208
PPP3CA.PPP3R1 PRKCI	-2.75910611101983	19.4426220022948	15.320078091804	-3.23051080058415	20.0272236001673	14.9134513016359	-3.12503406564348	20.0582642871022	15.6152529455731	-3.39855946045018	19.9365549817378	15.5458321162822
PPP3CA.PPP3R1 PRKCQ	-11.2442631208726	21.1912312899524	16.6088346358905	-6.82696361465178	20.8272895113001	15.7970237569083	-13.288770982444	21.5389565574565	16.799352597235	-10.1667979965697	21.3273328537845	16.5945016396746
PPP3CA.PPP3R1 PRKCZ	-2.06312462459601	19.063682586884	13.4436068816642	-1.75953479635303	19.5718741376607	14.4562533905491	-2.245435120734	20.142333195011	14.8813306133765	-2.3761275529382	19.7665287966772	14.7026266011509
PPP3CA.PPP3R1 PRL	-2.18526776854054	20.0873124683464	15.9108107517568	-5.74296494548541	20.5570237586814	15.4250152883838	-7.49912463097408	21.2743040783438	16.5234053868639	-3.4833555968867	20.6759273454247	16.0540192285156
PPP3CA.PPP3R1 PRLR	-2.86576890365372	19.598798116623	15.7085883717886	-3.20054442322808	19.9939494915208	14.5894411132519	-4.36088844606561	20.3204648284908	15.6934016829194	-2.93018306274096	20.1094659138868	15.423348733804
PPP3CA.PPP3R1 PROC	-1.43301261289624	18.6119801802696	13.2693766984582	-4.82956830940496	20.5837256058158	15.243223060333	-3.33197457027036	20.6131552963993	15.1257936100163	-2.88530068627626	19.750810051156	14.721654841308
PPP3CA.PPP3R1 PROC.1	-7.16346662435571	21.7969346391467	16.8099416726054	-5.35528240402427	20.5295853553956	15.0538852997795	-9.86829896561326	21.9381059077099	16.5562914514051	-7.33730731090659	21.2279938067314	16.1599634472579
PPP3CA.PPP3R1 PROK1	-2.08831512552459	19.273861928999	14.6937761158886	-2.82297754931404	19.9991123785441	14.9456623875895	-5.19535928156572	20.5123231510286	15.8564824261166	-3.92588787137518	20.2259364144666	15.5881039078573
PPP3CA.PPP3R1 PROS1	-1.56098269637674	18.5428061458119	14.2273662349609	-5.30064051683974	20.2271036660712	15.3897880845882	-4.38172881218634	20.1454839582029	15.5055113315043	-3.09705634256335	19.7023808514528	15.105790900642
PPP3CA.PPP3R1 PRSS1	-3.73135167749065	19.8780904932732	15.1306771767588	-2.54806466310139	19.6035669652184	14.5010024426415	-4.23189039538875	20.2949375711512	15.6452054935126	-3.73543611489413	19.9545133426906	15.2619664353288
PPP3CA.PPP3R1 PRSS2	-1.98173750111856	19.1828911190358	14.7726263456571	-3.38157829936428	19.643439109178	14.6250494868035	-2.77725958170704	20.0460605571817	15.2169874811351	-2.49143521029662	19.6960415818776	15.0220769799754
PPP3CA.PPP3R1 PRSS22	-1.98468319557128	18.389235282138	13.8960086524952	-2.83790946093423	19.5012016824927	14.1559868367153	-2.62769015134298	19.5260786807271	14.6164680900145	-2.7015174908251	19.341161078435	14.4934123851817
PPP3CA.PPP3R1 PRSS27	-2.14088032429997	19.7319155774983	14.7926813149632	-3.19631477676066	19.6177262115329	14.3577708891785	-3.37572878035747	20.2609086133584	15.3262638222526	-3.28826745669454	19.977751211131	15.1043481269976
PPP3CA.PPP3R1 PRSS3	-4.49672279508253	20.7481511757593	15.7221042490355	-3.63551617811012	19.8039692991254	14.4253104340533	-6.27448049291599	21.1085765410696	16.3770651179539	-5.69054816960613	20.4593866362513	15.5413624683442
PPP3CA.PPP3R1 PRTN3	-3.78530990931579	19.9456514804458	15.4046827740367	-3.6754357572066	19.2011718361742	14.6268318039431	-4.58490346654402	20.1030677772326	15.6041472047461	-4.25386922370227	19.8395730690533	15.4811658529065
PPP3CA.PPP3R1 PSMA1	-6.09173824855777	20.4315661549411	15.7588602547695	-2.15999009129125	19.2301191594569	14.0220752131622	-3.88728003424792	20.4127152635043	15.675058299276	-3.65595796579299	20.0273872189674	15.1712453337343
PPP3CA.PPP3R1 PSMA2	-7.49739185288988	20.2984149986333	16.0360846707923	-5.34940517628843	20.5460958279781	14.8250006690383	-10.9210041360606	21.4095442208378	16.4494897677567	-8.15832369011492	20.7947975558573	16.0215878222808
PPP3CA.PPP3R1 PSMA6	-3.42187707842607	20.2194127905814	15.3983819400297	-1.48282909072418	18.2265663710203	13.4423478212167	-2.07819765282737	19.3247294849449	14.5958265030286	-2.63436372198157	19.2223571265672	14.7098666570822
PPP3CA.PPP3R1 PSMD7	-9.63146914540764	20.870281670043	16.4984404716708	-3.5003796399715	19.8589520998361	13.8401751155936	-7.32441680238282	21.6198381609651	16.3351353171538	-7.20502423027898	20.7089250048511	15.664457732518
PPP3CA.PPP3R1 PSME1	-0.567652286749339	17.4165660806216	13.588594604864	-2.04746142026867	19.3649571958052	14.5078670444787	-1.2259402067093	18.6561596266362	14.186084440322	-1.55591896561375	18.7241515123054	14.4948172110941
PPP3CA.PPP3R1 PSME3	-1.1448878751726	18.6350355069796	14.4710622767707	-1.30789845119789	17.9448709697774	13.5813976749318	-1.3943851444963	18.7524700929874	14.5053270449056	-1.31787882833796	18.5348889302381	14.4167655124983
PPP3CA.PPP3R1 PSPN	-3.71377270302595	20.3421827043958	15.4775795833188	-1.79427255205486	18.804263300953	13.8060383462566	-4.69030360417918	20.5518801870273	15.7615231335581	-3.16219519320622	19.8286308982705	15.0460226360129
PPP3CA.PPP3R1 PTEN	-5.13472715385516	20.0781364899421	16.2935299164736	-4.0081430348324	19.7572873924002	14.755713607141	-6.14078504004987	20.5360927855486	16.0095923932998	-4.85090533767831	20.2434714245355	15.8260766224784
PPP3CA.PPP3R1 PTGS2	-4.49040038654925	20.2437205904145	15.5376000318161	-2.30647713102603	19.387653515818	14.0515986918988	-3.85640663809721	20.2488573485845	15.4192405867529	-3.42915503572396	19.9327927796042	15.1157213314805
PPP3CA.PPP3R1 PTH	-3.91974128722274	20.1265601543555	15.1299674471091	-1.94402443570281	18.9786596596799	13.6002354879475	-3.86378574727919	20.2729584410085	15.0496845850055	-3.06400444109226	19.9703934769209	14.8461176553871
PPP3CA.PPP3R1 PTHLH	-0.215756953401431	16.1647906313816	11.7943165712217	-0.484871421363635	16.5495601388094	11.6965224117088	-0.593388992189175	17.3158088020666	12.7729896790946	-0.382587126513475	16.7595431132291	12.1512212918281
PPP3CA.PPP3R1 PTK2	-1.46172878452557	19.3120372525404	14.9499462770817	-4.50834670761514	20.0296781891827	15.0840353091597	-5.99311563507526	20.3456025045456	15.7959058597327	-3.3489881754971	20.0398728685229	15.4880199021115
PPP3CA.PPP3R1 PTK6	-3.41188953669257	19.6665087911699	15.8964987173097	-2.7231315904599	19.1423770439327	14.2567154262938	-4.94494404843026	20.2886679040479	16.0119849152182	-4.12122848749087	19.7569817026129	15.5931588358119
PPP3CA.PPP3R1 PTN	0.742679856355281	9.44482943179446	6.7032658269871	0.640293287743099	10.549951438337	7.94417676577535	0.686168390784798	10.5065884539297	7.89138231937228	0.682727829099324	10.1621090571733	7.51391380573829
PPP3CA.PPP3R1 PTPN1	-1.58981911285145	18.6336979015678	14.334370746008	-3.39727217652108	20.2387729291774	14.6421166123585	-7.74089346340756	20.6579529506322	16.1514212338837	-3.15724161807219	19.8434512421846	14.9835387164154
PPP3CA.PPP3R1 PTPN11	-4.28638509016967	20.0279118862166	15.8733906666982	-4.89681610906673	20.3076342576948	15.0276507386345	-5.59373354495116	20.5944446960806	16.0019445156993	-5.83253612007551	20.5603621716304	15.7471012063114
PPP3CA.PPP3R1 PTPN2	-5.87739988069748	20.0924672495292	16.1014509912227	-6.60609033571632	20.5487692052361	15.4352813256934	-9.43525605721694	21.1911614007067	16.4707733502567	-7.33054980980731	20.5809093114313	16.1052979397094
PPP3CA.PPP3R1 PTPN6	-3.98227619073942	20.8224932813195	16.1394261498522	-5.04045020995049	20.355840022941	15.048218780921	-7.06858615115971	21.1176755955146	16.1801672394739	-5.35451592187811	20.7895699038891	15.838405328168
PPP3CA.PPP3R1 PYY	-2.59721561403682	20.2832219001731	15.6758688257326	-3.89036456821869	20.1933029859284	14.7105611032555	-11.0378224808762	21.5659572571049	16.8019995181622	-4.17894542764063	20.3296576728562	15.6759283621381
PPP3CA.PPP3R1 RAC1	-7.00824775290519	21.2675180709521	16.1215944125679	-5.1091371132571	20.4318629633639	15.4841329377449	-7.77130097426757	21.3967490589562	16.367791391625	-6.52997554034001	20.9162835080073	16.1556122914306
PPP3CA.PPP3R1 RAC3	-1.72649558879523	19.02607706405	14.7050136590185	-3.94951342094598	19.8499764073068	14.9337469338359	-4.1510715537575	20.2689393142522	15.6572465221801	-4.56296271035573	20.0781893381096	15.3563344878574
PPP3CA.PPP3R1 RAD51	-4.30425517378097	20.198812957853	15.9234873847495	-4.21013459424105	19.8439785928288	14.9310932881564	-10.734278187638	21.019251349501	16.1863641132057	-5.9851618195574	20.4034393704737	15.848211823353
PPP3CA.PPP3R1 RAN	-17.0107540120334	21.0253637678196	16.7444742189587	-4.72451599354055	20.9366394946269	16.0683276946885	-13.6914631874093	21.4501982712346	16.974266287274	-9.05774512767464	21.1274997824704	16.7247295513047
PPP3CA.PPP3R1 RARRES2	-1.28107006949627	19.1107791674399	14.1204086372084	-1.28594383285139	17.6456352298836	13.0709237669966	-1.09792540446059	18.4509242802197	14.0631829656858	-1.11032145730269	18.4611896986157	13.8776367525472
PPP3CA.PPP3R1 RASA1	-2.33882319637059	19.5124304244913	14.3722860420594	-3.61301814731275	20.0211054531679	15.0408952602244	-3.54856615362294	20.2159735096278	15.2842310786793	-3.0484039212423	20.1046422650675	15.0142115852304
PPP3CA.PPP3R1 RB1	-5.09540286973191	20.3742685091467	15.5471971966361	-5.9133946624892	20.8850123573162	15.3507603661714	-7.60848532770816	21.2938703308932	16.2750594070627	-6.01642775331937	20.8556538032561	15.7326590065079
PPP3CA.PPP3R1 RBM39	-2.333741457081	20.3514886610216	14.9916584740803	-2.14385776357346	19.1097821525021	14.3453230008352	-2.40171729852566	19.8605377682155	15.0395372453826	-2.54931368289326	20.0283882880326	15.0733762341585
PPP3CA.PPP3R1 RBP4	-11.8232642644009	20.831776229747	16.4089270073443	-2.4198842088914	19.563102450771	14.8016657974415	-7.39962573420775	21.0700168527085	16.4723283957117	-5.98435585084001	20.586953835268	16.1684745041056
PPP3CA.PPP3R1 REG1A	-0.996753697741238	18.3663090732935	14.3087449198253	-1.06316380641098	18.0738873791374	13.4419579482264	-1.45788194795688	18.6420250769566	14.2671792591652	-1.04427198141861	18.4102375970899	14.0175276250495
PPP3CA.PPP3R1 REG4	-0.468465982721646	16.633205254772	12.4808278773002	-0.862797923876224	16.9657939119603	12.0451434483919	-0.642569313811647	16.9521319638539	12.7145502003746	-0.592779082659267	16.8582246529336	12.4353905604654
PPP3CA.PPP3R1 RELT	-0.369079437164914	16.6040271805548	11.6221521332459	-0.512493047601377	16.324881674429	11.596286651283	-0.519922886594991	16.9460977061516	12.1588291950307	-0.440227366685292	16.514728924543	11.9764262252081
PPP3CA.PPP3R1 REN	-2.13681265322238	18.6248666863349	14.9296052269272	-2.65794137119155	19.4220382949045	14.196398135507	-3.55011300024972	19.7674104163017	15.4188719963184	-2.62442475824744	19.2814989597687	14.9294428191156
PPP3CA.PPP3R1 RET	0.499450657821653	12.9847066360391	9.33396064249166	-0.765384543679318	17.4299885797899	12.2199049522418	-0.139534713810164	15.9026645144881	11.6501014797099	0.0642326812311548	15.5943830565823	11.138740586182
PPP3CA.PPP3R1 RETN	-2.6444502951875	19.3794618242719	14.3890018703383	-3.71567445577533	20.4575840073996	14.825667950872	-5.41469384185528	20.8221974194335	15.4902380834253	-3.95319262621657	20.2486443368677	15.0642502956737
PPP3CA.PPP3R1 RGMA	-0.393052711580586	17.0729096418856	12.249414824788	-2.65465226218298	19.4254998732824	13.7432184348587	-2.10020227331798	18.7621377321271	14.3221417524599	-1.42019309525615	18.6200960611307	13.6128469631956
PPP3CA.PPP3R1 RGMB	-3.59992472853986	19.9902767241636	15.1959201737579	-2.44008148188975	19.9772418945916	14.1970009910842	-4.25749773424621	20.3578354509452	15.4193835299669	-3.13660210349518	20.1694645717031	15.1840510724886
PPP3CA.PPP3R1 RNASEH1	-3.76786294728987	19.8118157541083	15.7268318467094	-2.62629269570087	19.4220628752236	14.2487073723651	-5.30268965218751	20.7470971329906	15.9984731576167	-3.57151722939684	19.8384799579765	15.2634190562065
PPP3CA.PPP3R1 RNF43	-3.70536316982168	20.4442052996258	16.3452717320348	-6.37699363094765	20.9461294597151	15.8574765876815	-13.9117078774032	21.1466246934386	16.7801356392818	-6.07934602009216	20.7404644843124	16.4093307262338
PPP3CA.PPP3R1 ROBO2	-4.95601321380379	20.0598685173441	15.1630208712228	-2.84109159552846	19.6510428965345	14.3683799572982	-4.7163641347808	20.7527822316446	15.7080190664301	-4.87854049758675	20.228560808552	15.3867663951407
PPP3CA.PPP3R1 ROBO3	-10.1149106836973	20.6135489939079	16.4301450179228	-2.6408856391022	20.0884909601495	15.1928316143233	-6.02033695182579	20.8854861665878	16.3519676616326	-5.8478041690472	20.5937255138024	16.1895568480238
PPP3CA.PPP3R1 ROR1	-0.652770260139986	17.1627331697379	12.9121934726389	-1.83886614526008	19.0455546631963	13.814689745725	-1.17913484047933	18.4492249072123	13.9262118856527	-1.26205795794358	18.2777320518525	13.7702237684154
PPP3CA.PPP3R1 RPS27A	-0.374933949007875	16.7878132305393	13.2812764515098	-1.67892321693427	17.8927451338791	13.673326731821	-1.25939454724135	17.851927356507	14.1647920859184	-1.28603889279803	17.6682531170642	13.9061288464925
PPP3CA.PPP3R1 RPS27A.1	-1.26779568194887	18.5615255134688	14.4646034672795	-1.17010421915221	17.6108531157704	13.3737130444065	-1.44448999155426	18.6858626972582	14.4729032109362	-1.39093343182575	18.3159192743589	14.3201857563185
PPP3CA.PPP3R1 RPS3	-3.45450894950731	19.9989418483276	15.5833049581697	-3.82566702561444	20.2880266124357	14.7094727743291	-5.42114314981962	20.8580924783909	15.7883519112362	-4.43854973659546	20.3505391412979	15.4401237263531
PPP3CA.PPP3R1 RPS3A	-2.91770631815555	19.8136023787805	15.1470119449806	-5.04803867493013	20.7157877471079	15.270931354648	-5.34584083851231	20.8215082379491	15.6791249561789	-5.8678905862254	20.6793549991639	15.7524966652244
PPP3CA.PPP3R1 RPS6KA3	-1.8361242540043	18.0366294963823	14.2050281001175	-3.22808495257724	19.9166393083994	14.8167234886973	-4.8032063723985	20.0219362133307	15.7230533527155	-2.84630623474363	19.328580973633	14.9421680071052
PPP3CA.PPP3R1 RPS6KA5	-1.82679546963248	18.4928279222337	14.7292706074347	-1.41285638901077	18.5444974643328	13.9349739705727	-1.87659253769882	18.7505459345361	14.7674839090302	-2.27748749192334	18.9095633836912	14.7786349134852
PPP3CA.PPP3R1 RPS7	-7.81530284021703	20.7266186924869	16.0452880628822	-2.45358547676738	18.7963681042946	14.3760190892445	-4.11185434266391	20.3193479416853	15.6855156590634	-5.61363140442175	19.9887504079692	15.6902097145538
PPP3CA.PPP3R1 RPSA	-3.90905590108396	19.6818349188949	15.3598524219879	-6.77806419463606	21.0492892261557	15.8945307832572	-7.25935061570284	21.1296682690526	16.4981841658934	-5.37221894499315	20.6048218272805	15.9680107168047
PPP3CA.PPP3R1 RSPO2	-2.09490057636602	19.3032116673117	14.8153315596952	-1.29630185659675	18.199130065609	13.4348084034693	-2.5295519755508	19.3091203371048	14.9313939745504	-2.11846217773019	19.0109202514113	14.5123070631185
PPP3CA.PPP3R1 RSPO3	0.422904662552699	13.0864410473938	9.43345236814082	0.269067847356309	13.6288776284522	9.78739897717487	0.325591677773161	13.4901250320422	10.1478866302915	0.380721946092738	13.6482884899949	9.90365104063103
PPP3CA.PPP3R1 RSPO4	0.231726974811542	15.4214815896326	10.7277337760764	0.315467917477781	13.8029033974628	11.0115044631906	0.3068215941807	14.6804764046167	10.9688738165571	0.313864524900878	14.5900820729533	10.9992736407729
PPP3CA.PPP3R1 RTN4R	-10.5902614812572	20.6886993195011	16.4902645233996	-2.97882035244156	19.3923193987528	14.1598659276829	-7.3627109768717	20.716015958568	16.1005855915655	-5.00349283175494	20.4378933424467	15.8535847429766
PPP3CA.PPP3R1 RXFP1	-2.04027498980571	20.2948257892395	15.4615541972428	-2.79975646034205	18.8941436843195	14.0240834863533	-2.48001293167465	19.6880720811749	14.9445255918673	-2.98010637047867	19.7040762993262	15.2097831045497
PPP3CA.PPP3R1 S100A12	-9.0728793914806	20.4683951363396	16.4513118729359	-2.75423987354428	19.3978037632641	14.6888074582386	-5.65071292504089	20.4457484234181	15.8900269431898	-5.83529150123004	20.3059977868883	15.9684446593587
PPP3CA.PPP3R1 S100A4	-4.78771728015663	20.58370125523	16.0207409672226	-6.25183096686256	20.5439169679957	15.5742199443572	-8.63540999556258	20.8863394278769	16.3391857925915	-5.23826767942984	20.7481756017851	16.147466010604
PPP3CA.PPP3R1 S100A6	-5.5595894989479	20.6597786341613	16.0463683240686	-3.35983654315134	20.3085819767469	15.0563539820136	-5.104887989265	20.916360597844	15.9707861808901	-4.85051901325447	20.6206401876353	15.9176161127913
PPP3CA.PPP3R1 S100A7	-10.3718949250986	20.4932235917994	16.2749736490275	-4.22763290775658	20.8347139200218	14.7845885359015	-11.9508515244209	21.7326234399565	16.6953857234923	-8.04740450031243	21.1053703296684	16.1186735769246
PPP3CA.PPP3R1 S100A9	-0.825344056093348	17.917311978965	13.492899854609	-1.21761215703714	17.9093882477015	13.2472579627642	-1.01350547341529	18.3144167296312	14.083802656403	-1.15841189587122	18.1632666876628	13.8015153639785
PPP3CA.PPP3R1 SAA1	-2.78967459268848	19.6444730250365	15.2306221996191	-3.2295105642543	19.7009400235303	14.972735325209	-3.94660616318934	20.0715865358419	15.4991378518987	-2.72899609919992	19.7792473272274	15.3677588520862
PPP3CA.PPP3R1 SBDS	-5.4529403177511	21.4678892731308	16.6130381089545	-5.12991155905154	20.4351601412197	15.3311849134686	-6.84096021810531	21.2068718759109	16.4188543788101	-5.53228109496489	20.9677211130249	16.2480539345504
PPP3CA.PPP3R1 SCARB2	-4.40875674205662	19.8635118143317	16.1856503102174	-3.12215215347828	19.6185544860793	14.4227597987489	-7.43586315572466	20.5166845447197	16.2831543465181	-4.39680327643993	20.1291682517507	15.7838286749252
PPP3CA.PPP3R1 SCARF1	-0.634444731621269	17.4730084111005	13.4181722475265	-1.27318287683942	18.1584509860233	13.3048005267886	-1.17061965754387	17.9724592528255	13.6203431755056	-0.850083092468187	17.9899371711942	13.5824330373061
PPP3CA.PPP3R1 SCARF2	-4.37964430088772	20.1282539075169	16.0469993025488	-2.62839439669807	19.5525857709248	14.5850495758348	-4.47147025309798	20.1512379761701	15.91436183741	-4.17395844160528	20.2673464622561	15.8116979399339
PPP3CA.PPP3R1 SCGB2A1	-3.03826241529074	19.9404841568254	15.8767154321762	-3.52416201219367	19.7490221525218	14.8409955879121	-3.71006148035577	19.9079204502517	15.9034976673438	-3.39762040936119	19.999883172817	15.8006029906909
PPP3CA.PPP3R1 SCT	-2.62919873806785	19.880700968438	14.8386290602548	-3.84521400749748	19.6729161170319	14.8303916713309	-3.60276278980174	20.0590870559841	15.2778897487017	-3.45501038855008	19.9620367818707	15.3203836142197
PPP3CA.PPP3R1 SECTM1	-1.50765004478246	19.3274543619903	14.4577125152361	-1.19223942339602	17.2162592585089	13.1296998797587	-1.7557404829364	18.6366933403058	13.986388724956	-1.62257837540654	18.4512291775381	14.1584774498952
PPP3CA.PPP3R1 SELE	-3.1336363399887	19.4976639513684	15.2755395170834	-4.25576553847561	19.7712927856471	14.6253869177344	-3.94340693082088	20.3470580700696	15.7194489621594	-3.99449576430724	19.7602332157317	15.3427445777594
PPP3CA.PPP3R1 SELL	-1.05915137157938	18.8847254973495	14.2309721987004	-1.89292470477693	18.6011637644561	13.9344068962044	-3.32870330441906	19.5622862988648	15.0738020913213	-1.73468382981192	19.0403935501153	14.4585788576597
PPP3CA.PPP3R1 SELP	-6.57185448693338	20.9936565571228	16.0397755783766	-4.58375489340207	20.2630482495344	14.6281894724381	-8.17405680708761	20.873004623888	16.0535813971859	-7.03700155255799	20.866360117227	15.8602358309822
PPP3CA.PPP3R1 SEMA3A	-2.11835762373088	18.8237944490344	14.7953468009915	-4.56341047132446	20.1245283447201	14.9985776124186	-4.0417346804034	20.2158969101356	15.7978390947512	-3.57222922120127	19.7115993510404	15.2228299372139
PPP3CA.PPP3R1 SEMA3E	-0.831064774389332	18.3582771959031	13.8215226075819	-3.01520931809518	19.7357491882497	14.65518379647	-2.24827040483232	19.2837573669602	14.9770639280555	-1.77535580815449	19.169462928997	14.5219865817862
PPP3CA.PPP3R1 SEMA5A	-3.49037795984809	20.1857106357666	15.4764243444699	-3.98204281191986	20.6165074342609	15.0958315177866	-8.83241772958965	20.8689965592676	16.1363876256524	-4.89563697717837	20.7876602565326	15.8070582921441
PPP3CA.PPP3R1 SEMA6A	-1.44642271267098	18.8290414443218	14.7519517977204	-2.57782765703726	19.2019341407081	14.4195714858632	-2.589867267715	19.5315598241898	15.3101623025091	-2.50343275642093	19.3871752705329	15.1441632629538
PPP3CA.PPP3R1 SEMA6B	-9.57595155319615	21.5912065396904	16.5886636677778	-5.16585065933519	20.9658788265476	15.7623109619961	-8.43935179787044	21.6317755030987	16.6051505046258	-8.20770480397414	21.4587756232292	16.4931766860895
PPP3CA.PPP3R1 SERPINA1	-1.05967832191824	17.9147412608431	14.2051490962419	-1.26939089184894	17.6786808965687	12.7168494261165	-1.31491925443401	18.3938587850717	14.0040918972471	-1.0652209805797	17.9193370506585	13.9020104727886
PPP3CA.PPP3R1 SERPINA10	-2.28950491992662	19.1621699342748	14.2608261102031	-4.74254599069147	20.8000392048345	15.2933967774328	-3.90400939966048	20.890887496233	15.6889353688701	-4.00968627482379	20.1961867520903	15.1771979676697
PPP3CA.PPP3R1 SERPINA3	-3.3719522060277	19.4465994908986	14.7211361968989	-4.08188519078376	20.9209485502847	15.6133044017455	-6.10516824098467	20.9140005864429	16.0792854846933	-4.68561834938868	20.8354014962083	15.8902321372003
PPP3CA.PPP3R1 SERPINA3.1	-0.946386314393526	18.7228626306169	13.8116383046968	-1.09207619014906	18.4228575459006	12.9558489546241	-1.66947050841294	18.8898258783936	13.9041008911947	-1.24396422343709	18.8428440738445	13.772928160084
PPP3CA.PPP3R1 SERPINA4	-2.92580656851065	19.6685317616851	14.566682741817	-4.55944151100392	21.149645340691	15.3217898576485	-3.59413823774385	20.9338060233493	15.4685479965	-4.25246900265425	20.7973379256382	15.5437461848345
PPP3CA.PPP3R1 SERPINA5	-6.01684576313083	20.3684991450473	16.1263813721132	-5.45306650251209	20.9778200817155	16.054231434042	-10.2145810148942	21.1435722674905	16.5916468436707	-7.28875994979832	20.8937154616717	16.4109335881655
PPP3CA.PPP3R1 SERPINA6	-1.50398373010988	19.4615158677507	15.3779100755011	-3.17281141762302	19.773221417706	14.5177951108984	-3.30534441998064	19.8631796539205	15.4905015053839	-2.65531786246867	19.7791048360562	15.3238950496416
PPP3CA.PPP3R1 SERPINA7	-5.17234498490704	20.7575431769425	15.7946334468207	-4.47671712075211	19.8623235138967	14.6183699424183	-8.61159610153243	20.9793168023399	15.8927129867037	-5.79215911652537	20.7246301187128	15.619516062547
PPP3CA.PPP3R1 SERPINC1	-0.366177829834053	16.3026842073428	12.3937047320285	-1.86105598460153	18.7784784079723	14.2352687721353	-1.4694932590124	18.5060828951329	14.3430700476858	-0.937852424811968	17.8127006664802	13.6430453068518
PPP3CA.PPP3R1 SERPIND1	-3.04769704606376	19.4482832901138	14.9313463446819	-2.75814286489679	20.3164226222697	14.7335225770873	-5.05188105158454	20.7881863539261	15.9105059074745	-3.91573131063544	20.2128444618112	15.3763826164906
PPP3CA.PPP3R1 SERPINE1	-2.60420139227352	19.982425918874	14.610875334768	-3.90895171938309	20.0720787428178	14.7359859924934	-3.96432124348473	20.7070630991796	15.3852669498883	-3.84390831401548	20.1472429843583	14.999141687636
PPP3CA.PPP3R1 SERPINE2	-2.72035937201388	20.3393332965943	15.2697218874416	-2.42028311009338	18.8502374679117	13.72887204187	-3.28469429850566	20.5220686669067	15.429208924939	-3.70230035061541	20.0404085998725	15.3354073536459
PPP3CA.PPP3R1 SERPINF1	-4.45138954773058	20.6940757554407	16.2849842650134	-2.58640373558531	19.6929182931905	14.3757600250939	-8.76038832505347	20.9771745880035	16.3532299926823	-4.33678990687076	20.5545654227167	15.7911811626308
PPP3CA.PPP3R1 SERPINF2	0.261691950899016	13.6092438482684	10.2817031741333	-0.488201489612285	16.5264836690833	12.205205986129	-0.280308210570245	15.7443923286716	11.7166795354784	-0.087618529313209	15.4719616595362	11.5031276528199
PPP3CA.PPP3R1 SERPING1	-2.94707611166669	20.0835666545895	15.2578395280421	-4.84236466172795	20.0429200384294	15.5435766425656	-5.66270111671919	20.5680922506316	15.8997109608403	-5.1309118753753	20.3310980294635	15.8355484486826
PPP3CA.PPP3R1 SET	-2.48221759778847	19.9070591281988	14.935807613414	-3.97864801540229	19.8202529236194	14.8407298656329	-5.76199976496573	20.6209306502345	15.8821969178747	-3.42945409495617	20.1806585987192	15.2566418918611
PPP3CA.PPP3R1 SEZ6L2	-2.49785405075675	19.2711232488098	14.8843613842774	-1.89212917183534	18.6431596811512	14.1394114231912	-2.51103027345283	19.2550094405566	14.7969922447497	-2.88302615487436	19.2955786554294	14.9710546969499
PPP3CA.PPP3R1 SFN	-2.5916447067632	19.2986954694524	14.4519649797836	-0.991853203833918	18.419801776376	13.2488260256196	-2.06862985834212	19.2940977216734	14.5676940178842	-1.81310258166413	19.1726525217528	14.2087053727353
PPP3CA.PPP3R1 SFRP1	-0.658556625448232	16.7228818183474	12.9842343458501	-0.91160463666347	17.8813436494465	13.5032522139755	-0.760226976922043	17.7642409999776	13.5261756442127	-0.870084852521256	17.635076538561	13.570948482163
PPP3CA.PPP3R1 SFTPD	-2.31602764629339	18.7971477998949	14.7396668540742	-0.678913397475577	17.6949212697197	13.3280988685264	-1.79397202987831	18.926073415268	14.7889057034906	-1.58955212058346	18.619408460292	14.4496874015226
PPP3CA.PPP3R1 SGTA	-6.37338056081713	20.8541220814582	16.3406373044144	-5.79185330947265	20.9586359471439	15.6292181410727	-12.1168950772307	21.6977961400826	16.865928946748	-8.84507867263892	21.1924019521358	16.4033031719684
PPP3CA.PPP3R1 SH2D1A	-3.11988486642641	19.949524735601	15.6598673041297	-2.46311214276135	18.4353411948101	14.4069182000233	-3.56691917341055	19.6572503868725	15.3952946638315	-3.38146312978792	19.5473976552076	15.3741561328233
PPP3CA.PPP3R1 SHBG	-0.285230864087111	16.5225934086031	12.7357790504008	-3.07823018568499	19.7290149798938	14.0326662138276	-2.50087190327879	18.8696031361436	14.1512163890671	-1.33992087091417	18.5316726542119	13.7474994970805
PPP3CA.PPP3R1 SHC1	-7.76479538518882	21.0167861837372	16.6217911068418	-4.65949213907654	20.3922523581203	15.2621988145122	-13.7784804381226	21.378935571208	16.9136684515807	-8.16321630804675	21.0521230715614	16.3956124445149
PPP3CA.PPP3R1 SHH	-1.53053622700469	18.9572793147166	15.0859579188592	-1.74913608277746	18.3835265171282	14.0202221749865	-1.38129935497712	19.1052374917346	14.9216403864921	-1.74269712821564	18.8174945336977	14.849210541135
PPP3CA.PPP3R1 SIGLEC1	-2.27169210540501	20.11090458843	15.3322216204895	-4.06904230132209	19.8704902144766	14.5404033714504	-4.36830063044519	20.4866038328121	15.7653002096714	-3.72502502068701	20.3368819400207	15.3450912656238
PPP3CA.PPP3R1 SIGLEC14	-4.57667158809133	20.4492721882715	15.787605320075	-0.920771917482029	18.4442094160897	13.2330632787635	-2.6025202326732	19.7218954431664	14.776642737079	-2.19016280353601	19.6589413560668	14.7259756324142
PPP3CA.PPP3R1 SIGLEC6	-4.56914878793276	20.2203277492316	15.358593415276	-2.44465674286524	19.220866990032	13.9774511480518	-5.3010934518301	20.7767368671662	15.7066073929669	-4.22680449295086	20.1892798876291	15.3381474925162
PPP3CA.PPP3R1 SIGLEC7	-6.68550114903273	20.5382531325726	15.5474884411025	-3.79410731827191	20.0951474725036	15.37560175352	-9.12881366921153	20.6287620583998	16.0977181799379	-5.70011751441225	20.5584046204032	15.8912563073107
PPP3CA.PPP3R1 SIGLEC9	-9.50521319363667	20.7897816062256	16.638098464881	-5.00873971657388	20.3576987729588	15.6099362541991	-11.8186233004824	21.6726819687041	16.7663344045426	-7.02889704451133	20.7500386068771	16.3646527052028
PPP3CA.PPP3R1 SIRPA	-4.91038121803523	19.6555826877545	15.4380367767375	-3.47000890423117	20.5420680946029	15.1538069699633	-5.98566507997231	20.6810156952681	16.0431759716163	-5.85088471184697	20.474176620335	15.8611911086411
PPP3CA.PPP3R1 SIRT2	-6.19831168980685	19.8439830277031	15.8143922626646	-5.15026211406962	20.8035577673743	15.558694557783	-11.3260920781928	21.1111836414559	16.3855963548517	-8.20281145434439	20.8765622105735	16.2310759411282
PPP3CA.PPP3R1 SKP1	-1.19370728741058	18.9945927214211	14.6790808744656	-0.859082076610251	17.4212854739937	13.4085101741775	-1.24705004062809	18.447286486747	14.2612909229431	-1.21953322566244	18.3626643132971	14.2514080654957
PPP3CA.PPP3R1 SLAMF6	-8.73370085800982	21.7023228386518	16.2206222571438	-3.87270480975572	20.4355472712122	15.0142454276792	-5.14487087678448	21.1500486125254	15.6975073450227	-6.58528798769645	20.9368958406918	15.808917399152
PPP3CA.PPP3R1 SLAMF7	-2.86093459926025	19.3029465518587	15.0454526172884	-4.63860930120115	20.2904415656459	14.8570569928369	-5.48840075765026	20.6894439473446	15.8512213710189	-4.35188419417639	20.2090192413084	15.4145001609167
PPP3CA.PPP3R1 SLC25A18	-8.20054080683103	20.754338936078	16.700777878824	-3.01475942977923	19.5592070242697	14.5927385193785	-5.82198531402273	20.5060516924859	16.0267648299728	-5.05583132909992	20.3853477461992	15.9101252587225
PPP3CA.PPP3R1 SLITRK1	-2.58747242753619	19.7538448174186	15.5339985741159	-2.6653819785587	19.164778986644	13.9640548297743	-2.78676064293392	20.6743314883431	15.6155147369981	-3.4760539316844	19.7869980680585	15.1626486401099
PPP3CA.PPP3R1 SLITRK5	-5.81440136717974	20.1829050413908	16.1834414640488	-3.71150771089717	20.4817005232892	15.0050050084523	-9.88058480183568	21.4050941923258	16.339578784488	-4.0547803769263	20.4496489366722	15.9029129191567
PPP3CA.PPP3R1 SLPI	0.260577843114019	14.2225228695095	10.1783572978888	-1.19156379805751	17.6351021780932	12.5362164257386	-0.29048854125408	16.2852944503044	11.9212428094609	-0.329343882078462	16.1921380936231	11.6173741023477
PPP3CA.PPP3R1 SMAD2	-7.37291019085312	21.8153179809168	17.0218629524163	-4.04226530529818	20.5505897306597	15.2025953007702	-10.1693044136769	21.2919199267706	16.675606370393	-6.5808746741138	21.0943930832173	16.3656482512371
PPP3CA.PPP3R1 SMAD3	-10.3538298801585	21.3062752959252	16.7545540359818	-5.40437775512086	20.5128861288391	15.2472118529541	-11.3921474654634	21.3956737534344	16.6478724922675	-7.73652382397087	21.0716711099582	16.3237715888581
PPP3CA.PPP3R1 SMOC1	0.234995537466163	13.7334967650988	9.34332084838223	0.18960807518005	14.4402034695464	9.75940117313282	0.238436721798535	14.0947004880751	9.89305385102358	0.225194049803963	14.1182776855842	9.72769545019541
PPP3CA.PPP3R1 SMPDL3A	-1.75630717839147	19.9488103223414	15.6763800404061	-2.03315789782815	18.9879946085041	14.362245700814	-2.70268674246899	19.6568111379135	15.3762470818085	-2.42851833490186	19.7509308794172	15.4221737507779
PPP3CA.PPP3R1 SNAP25	-3.10975978064181	19.517944265146	15.3059615851544	-6.8415853722712	20.7282104016785	15.5297218844244	-10.0470860003078	20.7906670462091	16.476939904	-8.65995312206731	20.5670909582701	16.0650598770267
PPP3CA.PPP3R1 SNCA	-1.36534402974586	18.2414061025502	14.0414016625652	-4.85956268737506	20.2484831598263	14.9174128788948	-3.28615951060103	19.9031154856686	15.4228218017853	-3.09262644852091	19.4348242765746	14.8678416545686
PPP3CA.PPP3R1 SNRPF	-2.77962653472459	19.5146285834803	15.5589698520812	-1.81923890175996	18.3654593124847	14.0085161105204	-3.17248012619452	19.5022179382091	15.3038984977273	-2.74730417865659	19.2473249606121	15.0999913803819
PPP3CA.PPP3R1 SNX4	-5.09797477601337	21.4438216674803	16.719414622481	-5.83073999405364	20.4151298755045	15.3423050003778	-14.1675728184775	21.7034196826012	17.0141997607329	-6.6645380543891	21.1697393532562	16.398993431689
PPP3CA.PPP3R1 SOD1	-1.06075983769298	19.0678628291621	14.1332157125571	-1.11263280873675	17.4939825268018	13.3880152150866	-1.64959433693075	18.8692058361493	14.3871470318381	-1.44465340254819	18.4401403658427	14.2629907140796
PPP3CA.PPP3R1 SOD2	-1.61380405502296	18.5337020663581	14.4343452877429	-1.25118170655322	17.7887613095043	13.2461070363132	-1.69498175826005	18.9161804857728	14.5112332430973	-1.3513701058233	18.558702304412	14.1729607717106
PPP3CA.PPP3R1 SOD3	-0.742914803639979	18.0018723769008	14.370746623188	-1.82214285818123	18.348811700228	13.5284734433264	-2.16290024378967	18.6593675758118	14.6205588695857	-1.32985581540212	18.2474109806742	14.120886185554
PPP3CA.PPP3R1 SORCS2	-3.81294305678008	19.7004367556357	15.681709147603	-3.00538516792019	19.8918415622611	14.3377674945342	-5.07457522856988	20.7529989725666	15.7707726101411	-4.46613702577514	20.1753746414207	15.3913248362686
PPP3CA.PPP3R1 SOST	0.385100865654964	13.7632867132677	9.56455761370391	-0.113193085403559	16.0591195082578	12.2276555756296	-0.0733557198607147	16.5979118459638	12.3964439391528	0.0792678568420278	15.3475894388329	11.3325872784636
PPP3CA.PPP3R1 SPARC	-3.37796581695528	20.5519419637015	15.909137563771	-3.13466686234373	19.6420919001359	14.5343318515604	-4.39409081507889	20.8070885600881	16.1350681489099	-4.44190759606526	20.3505321882124	15.717643598097
PPP3CA.PPP3R1 SPARCL1	-2.64065520787661	20.4345347576557	15.4716200523766	-7.38154444997523	20.3156139020239	15.2727740650752	-6.26111441371183	20.6271945998271	16.0256718700145	-4.46413287035798	20.4591718073854	15.6512591133894
PPP3CA.PPP3R1 SPHK1	-6.58451244369352	21.7944881532361	16.9616963135609	-6.12300314703652	20.2998094454549	15.2693406701565	-12.3817375578941	21.2766239969585	16.6918265103924	-6.06193799876616	21.1452262100405	16.3774307296887
PPP3CA.PPP3R1 SPHK2	-12.3834630849605	21.1955254642214	17.0614060971022	-4.19701123218301	19.5353362926995	14.2469000882247	-9.89837137602686	20.8502140354534	16.5416237036998	-9.4928098169867	20.7897883176004	16.3490755188995
PPP3CA.PPP3R1 SPINT1	-1.04957151994632	18.8303651516152	14.2361124314949	-1.09801496128344	17.5053091811399	13.7879591198453	-1.97059359432739	18.7244969046073	15.057463240549	-1.14426830285245	18.3550382351386	14.5316060960995
PPP3CA.PPP3R1 SPINT2	-1.77236569435394	18.9775125444409	14.5375769089509	-3.99508952185571	19.5766079362718	14.5988820410292	-4.13980434618604	19.5659900689308	15.3008874170103	-4.18025694511996	19.6503710609306	15.2919181862195
PPP3CA.PPP3R1 SPOCK1	-11.6019876455254	21.1466020962421	16.5951298379226	-4.4940332737403	20.3015619187616	15.0087135656709	-8.34041546777734	21.6162725751265	16.4656733010198	-7.61278811402155	21.0812882769022	16.1302100960673
PPP3CA.PPP3R1 SPOCK2	-2.26692043976697	20.1503484478134	14.3750140084594	-3.2395614800041	20.5388606019943	15.0319396679684	-4.22764007032543	21.1621126910348	15.4471042981985	-3.11410803470385	20.6818208112096	15.1715089367743
PPP3CA.PPP3R1 SPON1	0.279392042835792	13.818409248287	9.91093997283585	-0.299474682115473	15.6807530314136	11.5927565214784	0.0421451321489722	15.3718289312208	11.2444330428087	0.0457482802937403	15.0171289737045	11.0036706603668
PPP3CA.PPP3R1 SPP1	-1.50520438931766	17.8963554314165	13.6218796518218	-3.3494623268534	19.7747260148532	14.2399251327372	-2.69027084314143	20.5273390962803	15.2963599710515	-3.30133678568878	19.3975970348363	14.6438862931796
PPP3CA.PPP3R1 SPTAN1	-5.2761707176141	21.3729770873475	16.3262960856873	-4.30920834766237	21.014649953527	14.9866440089384	-11.2692866281744	21.2163833666771	16.7185666922001	-5.54273974820327	21.3259393321039	15.922733918638
PPP3CA.PPP3R1 SRC	-7.16051680208202	20.8670817190201	16.1593109856799	-4.30611395492425	20.1841477469142	15.6698560951283	-6.11726130001495	20.8886574426364	16.4341230172116	-5.63157019515672	20.8111213466756	16.2758205540215
PPP3CA.PPP3R1 SSRP1	-2.1736431927119	19.187019467864	14.7477137457235	-3.02908411747231	19.279570802299	14.5208609302377	-2.56077825709122	19.450228933305	15.0680514037381	-3.41096257065818	19.6733711413629	15.0856601156882
PPP3CA.PPP3R1 SST	-0.361071445824371	16.5367159038365	12.5705101934943	-3.56743771298899	19.7477374433233	14.4654282713376	-1.77608367546311	19.0761839078724	14.4500252288689	-1.6071520140001	18.4428254833591	13.8779789786406
PPP3CA.PPP3R1 STAB2	-3.80944556333203	20.325449989296	15.622215106196	-2.79185268655979	19.984452247917	14.8209902789248	-5.96684786363515	20.4599483689218	15.8676923760437	-4.53267945262693	20.3768546335819	15.7598956948017
PPP3CA.PPP3R1 STAT1	-0.871257668619464	17.0399684264909	13.6901569540062	-1.34660761129145	17.7946282924495	12.8177081314473	-1.42627281273746	17.709903354954	13.5830933655564	-1.38635081908523	17.7206327856813	13.6311813825285
PPP3CA.PPP3R1 STAT3	-9.97666903926567	21.3383465475102	17.0680092997599	-5.73582964795416	20.474451814627	15.4647597279593	-8.62584014181703	21.317395291625	16.6074029163	-7.95985959445944	21.0029284504354	16.4829654658339
PPP3CA.PPP3R1 STAT6	-5.34408807521714	21.1950606223643	16.1697109741525	-5.32992201396447	20.0761286479082	15.0843030510415	-9.26967780157892	21.3238796590869	16.4224985281858	-5.73820735382061	20.91466442985	16.0031292937288
PPP3CA.PPP3R1 STC1	-0.28110237905392	15.6921347053255	12.2274144579136	-1.64139132897492	18.4661882537967	13.0075067648032	-1.06379508111183	17.8853595030552	13.2241996912341	-1.00542223123514	17.3878940544361	13.0883758567747
PPP3CA.PPP3R1 STIP1	-3.84909020223162	20.0859335488651	15.5326487915497	-6.17182688533584	20.6587313071467	15.8304841241039	-5.75994662880226	20.6568849933931	16.1717685941276	-6.15340300045761	20.55528339392	16.0070080176923
PPP3CA.PPP3R1 STK16	-8.41543366377871	21.0563841879726	16.0446019497888	-6.67549966440504	20.8204384171514	15.6757091546525	-10.9194495003598	21.4155417491316	16.4504522255736	-8.40352779577914	21.0610624286066	16.2358765879818
PPP3CA.PPP3R1 STK17B	-8.94479301553243	21.2814002055466	16.8774286435521	-5.44149225282328	20.0415207861428	15.0625363437996	-9.5877813088217	21.0070700480199	16.2910701889627	-11.3897013528423	20.9854358445325	16.4003422289029
PPP3CA.PPP3R1 STUB1	-3.2016011966265	19.7802025754544	15.5757572549451	-4.59560966713039	20.181704426313	14.8574935433927	-6.74641086221518	20.8424985221546	15.9338595053822	-4.64234237688587	20.1624112240702	15.5992845204806
PPP3CA.PPP3R1 STX1A	-5.15064661634791	21.1969911376496	16.7304483079951	-2.57390573866098	19.5206056333638	13.8896371085929	-4.97370712711361	20.8228329598812	15.8824414337312	-4.56495845686108	20.6088262790531	15.5421374937556
PPP3CA.PPP3R1 SUMO3	-3.25300616142009	20.3173341780189	15.8092024180552	-2.47090409201766	18.7068841970308	14.2217590840539	-2.80254477246145	19.3286281730416	15.0320173795546	-3.1284204335256	19.5896031802919	15.3123192686395
PPP3CA.PPP3R1 SYNCRIP	-5.76945308339385	20.5066816449964	16.2837013247871	-3.6445138096261	20.4058091086553	15.0131679469206	-7.42223725581564	20.9495833780949	16.53536948344	-5.25028550771946	20.6357665021391	16.1483159676696
PPP3CA.PPP3R1 TACSTD2	-4.85434298500226	19.6353980394706	15.704017556975	-4.05567497058716	20.1267620712764	15.1465616209206	-3.37741477309798	19.879147563287	15.730538711483	-5.08419977399177	20.058398072664	15.7257094404287
PPP3CA.PPP3R1 TAGLN2	-4.53189562248884	21.3833699376006	16.3409263528638	-4.29611934094319	18.9720543502585	13.9083585087022	-6.84026132283516	20.3876787763896	15.6100612820972	-5.33496426249306	20.5189684932325	15.6311317049453
PPP3CA.PPP3R1 TBK1	-2.77734457895458	20.3344050485406	15.1533529282042	-2.27587398973571	19.381422872551	14.1317972515807	-3.49764029885115	20.430772682374	15.3515873888941	-2.99728860622814	20.0246469853824	15.034657505843
PPP3CA.PPP3R1 TBP	-3.8315430082692	19.9936272722368	15.6083639645911	-4.16052348285313	20.1672552466933	14.8334509248918	-4.94312756293827	20.6923814600371	15.8807145257165	-4.01965285562665	20.378716013662	15.4847539385456
PPP3CA.PPP3R1 TDGF1	-14.6062720856184	20.9085006456321	16.5596694252827	-5.46010210967442	20.7036188826501	15.2136499545274	-9.26373790296748	21.4596474469063	16.6487234743515	-10.3598950649504	21.0863515271	16.3962459313668
PPP3CA.PPP3R1 TEC	-5.92907258093289	21.0084922914602	16.0215196313977	-7.03790799632345	20.7023030174515	15.5519949567894	-10.4374249472683	21.3797921112078	16.9155614191291	-7.92974654620903	21.0232927097989	16.2593613724578
PPP3CA.PPP3R1 TEK	-5.78808455036686	20.4294105531514	15.5388771081104	-6.53537209790612	20.8295657583412	15.2706710440486	-6.90535546338229	21.2375480821544	16.0531278440568	-6.32273685087949	21.0263502595485	15.7508518655206
PPP3CA.PPP3R1 TF	-1.18123016437634	18.9120513385174	14.5039701358684	-1.67192314932789	18.479452358206	13.7099248137532	-2.42708478410651	19.3476456698701	15.186176881114	-1.48930217999705	18.9185622823316	14.3095978530938
PPP3CA.PPP3R1 TFF1	-4.38002820524676	20.3555577901798	15.8702904351093	-2.75574989025227	19.3088129150184	14.0043825465299	-4.90986983412215	20.6168606935886	15.9516718585461	-3.85292471113136	19.9768499413317	15.4056927120242
PPP3CA.PPP3R1 TFF2	-2.48526410709865	18.9405395794696	14.7385094859731	-1.79585266574643	18.7277638583184	13.5012938751391	-2.78158851580564	19.7496848712189	14.8054993978143	-2.34785036400705	19.1935619408777	14.4664903150307
PPP3CA.PPP3R1 TFF3	0.3008412028243	13.9184893790375	9.59489897247691	-0.440134507763829	16.5732993479436	11.7372132227019	0.108747290374184	15.1152038632835	11.0157441314174	-0.0117770906134527	15.4097255353741	11.0067858079795
PPP3CA.PPP3R1 TFPI	-5.09068870811101	20.5166971580871	16.1311167616327	-0.519974347363014	16.7176004625458	12.7853051667468	-2.91056197418035	19.5646628840118	15.3213258346269	-2.60838614204891	19.1069392593591	15.008722545525
PPP3CA.PPP3R1 TG	-2.92766320941017	20.7653970299106	15.663978053125	-4.78508067899825	20.6750190186703	15.0091626539215	-5.70135848952694	21.1679500786358	16.1620544953717	-5.04704005889308	20.8760402016234	15.8014218995698
PPP3CA.PPP3R1 TGFB1	-1.57769595535376	19.2338622342809	14.9865604539642	-2.62042178277262	18.7401349943919	14.0105690287542	-2.39191831522169	19.4766064666901	14.9015456523774	-2.53484156280633	19.3860873391536	14.9038044753539
PPP3CA.PPP3R1 TGFB2	-2.7731607320052	18.8866055344272	14.9464315518729	-4.36866459973873	20.7598614257922	15.4192622465929	-3.36788645757944	20.3981774800162	15.7487873637761	-3.40230267108506	20.0679376538776	15.5042753277848
PPP3CA.PPP3R1 TGFB3	-2.57665334933042	18.9539852569776	14.6997666168525	-0.60724542312227	16.9218214998096	12.9087404970605	-1.298438373396	18.4110882519438	14.2997212176798	-1.81548845135658	18.2470934156575	14.1079763518648
PPP3CA.PPP3R1 TGFBI	-2.81543711629807	20.1018454325999	15.3286940748743	-5.81915982082773	20.4148406934525	15.5013908576335	-7.71069952800634	20.7692372832694	16.2121780551101	-5.1513314357155	20.5119218195127	15.8501020099356
PPP3CA.PPP3R1 TGFBR2	-1.86459675384092	18.9832744510167	15.4248936151597	-6.62636453012527	20.7042090059403	15.650528197147	-9.6735162691089	20.9842461131753	16.4112904253871	-3.39265040099447	20.1014525243965	15.758864804251
PPP3CA.PPP3R1 TGFBR3	-4.99462852646889	20.6727295251275	15.7115933982973	-3.14524393573052	21.0531200919959	14.8284734389329	-5.6352131788363	21.5808190729732	15.9908092554048	-4.48617566904896	21.1007947320666	15.6626540357989
PPP3CA.PPP3R1 TGM3	-1.96313147031484	18.7988332275481	14.5447460441923	-4.21751211247831	20.4208793250738	15.0335259544396	-5.81506184029748	20.5350057645638	15.7735315768184	-3.86853715644048	20.1804616688536	15.4233013648935
PPP3CA.PPP3R1 THBS1	-2.20111704215768	19.163949702187	15.0812802445107	-1.95149803713279	18.4958114247201	13.9592865327268	-2.065499014336	19.1015557686346	14.7485446086062	-2.38935524540964	18.9528045081551	14.9441639882795
PPP3CA.PPP3R1 THBS2	-1.5004504549823	18.0896819678934	14.1303588417261	-1.25470773308944	18.1608142237497	12.5779026510364	-1.76164746907203	18.7256105915102	13.8887539165386	-1.44300042402861	18.2763473437262	13.633402517639
PPP3CA.PPP3R1 THBS4	-0.069067576878864	15.5813118664924	11.4601885795795	-1.05023569308504	17.1881339713776	12.4992731219861	-0.804797212083797	17.1118627452754	13.0931923428208	-0.446541884284699	16.5751966377475	12.2165747722072
PPP3CA.PPP3R1 THPO	-2.2384685125463	19.3441372081799	15.3224970596019	-3.58081600382116	19.8272184001092	14.8225932293122	-4.01372760208809	20.2366837360101	15.7256930451694	-4.00874175518845	20.0005524299698	15.4918054236383
PPP3CA.PPP3R1 TIE1	-10.2136292787375	21.0152263852069	16.4336188100671	-3.06602199271657	20.5844310170038	14.6616910968155	-6.31208325087969	20.8222467521996	16.1698976074613	-5.25817303182857	21.0607314452152	15.8577302724289
PPP3CA.PPP3R1 TIMP1	-0.00650961610071321	15.4409330368862	12.1387380633359	-0.483556293044108	18.1376228151209	12.2425669801883	-0.401901497617464	17.1995371381983	12.5047777689657	-0.32290548833746	17.2367171559635	12.5636297440646
PPP3CA.PPP3R1 TIMP2	-1.06168632291638	17.5720214150843	13.8684128384163	-1.90247628507042	18.1679870133967	13.2876287385941	-1.82322663976052	18.4144280744343	14.166102335511	-1.52945521485712	18.1698399756362	13.9340526793012
PPP3CA.PPP3R1 TIMP3	-4.44958842832108	19.5125709317935	15.8164617442481	-3.8328571727952	19.8978755634284	14.8532629972662	-5.12901375114613	20.9297880704147	16.3080038037211	-7.03380571114668	20.3832947570474	16.0268830023986
PPP3CA.PPP3R1 TK1	-5.50628054548531	21.2148625836787	16.5836099726522	-3.38010826641161	20.231939847484	15.1749461379944	-10.3052021341784	21.3293068679107	16.4834481246236	-4.57775575940964	20.8958841317611	16.0893891281938
PPP3CA.PPP3R1 TKT	-2.6692792449799	20.1268415084821	15.1393726861569	-4.05194733620164	20.1905715774233	15.0537477161401	-4.11421795629463	20.5855540419538	15.7819377322361	-4.25060654948042	20.2463485383214	15.5379492990693
PPP3CA.PPP3R1 TLR2	-2.26888137184383	19.4563353842058	15.2491853624275	-7.01625054005785	20.7312143481161	15.629666030686	-6.19706810107695	20.7644736060848	16.0904828064313	-4.56297333986399	20.3217008499098	15.8843139956315
PPP3CA.PPP3R1 TLR4	-6.4293764498662	20.9157944100379	16.6292283672576	-4.68746317929738	20.7475269870057	15.463213232748	-11.1212527705885	21.4209202194081	16.7181188437084	-6.44192652790544	20.9233468341983	16.3377550023021
PPP3CA.PPP3R1 TLR4.LY96	-4.25697683919884	20.5823577302021	15.9345495035848	-4.75139034475616	20.6046707443669	15.1732714862227	-7.12210116260115	21.4670262302474	16.3708383519096	-6.55115983376579	20.7575289539661	16.1190625722111
PPP3CA.PPP3R1 TMPRSS15	-2.84691514590762	19.0385372537538	15.1268921062713	-1.06957231268114	17.5588848511711	13.2095275362476	-1.74490466557945	18.837360467518	14.4210194469576	-1.80040589862107	18.552313731964	14.5124166366948
PPP3CA.PPP3R1 TNC	-5.15348117423522	20.8918673619266	15.8066500500553	-3.51650598145904	20.5674145026601	15.4257898537294	-7.44016642462933	21.1252205120106	16.5832608689728	-4.4011789215266	20.6817070159654	15.9083455168499
PPP3CA.PPP3R1 TNF	0.071135587778842	15.4616797745942	11.6828950413512	-1.3528668701413	18.1038096562854	13.3150341005691	-0.482829994516894	17.356476380741	13.2543567193938	-0.413776306578203	16.9601191871271	12.7717711360084
PPP3CA.PPP3R1 TNFAIP6	-1.11297735794131	17.8544266233895	13.3653919300694	-3.00848378808214	20.355610026006	13.9464456556096	-2.59759085822757	20.2122961585203	14.6464932576441	-1.93069312433939	19.3336257404137	14.017705240464
PPP3CA.PPP3R1 TNFRSF10A	-5.0336476275391	20.6672511611439	15.8544763158743	-4.3785967186033	20.16740651414	14.8032872744135	-4.51213490740674	20.940722835393	15.6843234159232	-7.83632159112354	20.8620205992124	15.9503766329569
PPP3CA.PPP3R1 TNFRSF10B	-1.37895904182152	19.6451841973093	14.5082854582185	-2.14062243740071	19.2112867864748	14.2412719646691	-1.88614020382491	19.4810190721114	14.7273184392416	-2.13541553385258	19.5348384262216	14.8107030397922
PPP3CA.PPP3R1 TNFRSF10D	-1.08342330513327	18.6306088263736	13.7367911562345	-0.756029380680649	16.9725412778566	12.7356430046401	-0.936419049104928	18.3082228959022	13.8917673956725	-0.928652827940458	18.1683571187332	13.8289212762472
PPP3CA.PPP3R1 TNFRSF11A	-1.70879381626679	19.6488405192268	15.1775559907195	-1.66994760639468	18.7589738609566	14.0437109479764	-2.07702512119277	19.4855877626781	15.2629034236831	-1.65393303594714	19.3072529400296	14.9439288294499
PPP3CA.PPP3R1 TNFRSF11B	-5.34411608857438	20.6517363489544	16.4059000489488	-5.47933270612227	20.0232317124887	15.1541995006341	-12.6707725171682	21.3336685987859	16.4678419425614	-6.80152653006255	20.6126339961005	16.0392850595457
PPP3CA.PPP3R1 TNFRSF12A	-4.79369042269752	20.019004722303	16.1020524145997	-2.51468883624255	19.9846374110241	14.1580569638614	-4.51390308017024	20.3621557583227	15.5791886395574	-4.49645096389623	20.1441514400401	15.4815546988196
PPP3CA.PPP3R1 TNFRSF13B	-0.547157328536095	17.5204960543622	14.1668362322776	-0.899810916420405	17.3082686222942	12.8287455438963	-1.16747370360054	17.9161812131552	13.984129365696	-0.789164462299961	17.6829116765098	13.8271697205295
PPP3CA.PPP3R1 TNFRSF13C	-1.55421631996044	18.0422221366377	13.238258736023	-1.62710068934498	18.6595348623373	13.3460433028427	-2.1038456412507	18.9864654492116	14.1576850641644	-1.91640927682162	18.7047296360939	13.7338751793374
PPP3CA.PPP3R1 TNFRSF14	-1.45902009296198	18.912680462194	14.0879414781275	-1.95615371157932	18.6121166054775	13.5403274788599	-1.39280417086013	18.9675339280944	14.2838914609924	-2.25674312832625	18.9570186531023	14.4251633215417
PPP3CA.PPP3R1 TNFRSF17	-1.96871721614739	19.5470870626623	15.3093607873861	-1.94868496261553	19.0283017046306	13.8471505822554	-2.34886335399892	19.6113069416263	15.0781176309171	-1.84372649756888	19.3432756967468	14.7872392547987
PPP3CA.PPP3R1 TNFRSF18	-3.14545902717025	19.2310329318988	15.2176790556873	-5.046639004719	20.7800969568348	15.5181060006379	-8.94540940932408	20.6325123866956	16.3554943507245	-5.1661054370229	20.3196733400623	15.7785276234871
PPP3CA.PPP3R1 TNFRSF19	0.271367542792287	14.2794184450002	9.98146093733096	-0.600923542943611	17.1286924435371	11.9489929710241	-0.219308369270337	16.1549697083147	11.6416745946014	-0.109153113433197	16.0366710338441	11.3486746788428
PPP3CA.PPP3R1 TNFRSF1A	0.437480346711857	12.5221398390818	8.96487177535173	-0.0857412038121546	15.4070250555015	10.803452615329	0.218855005985324	14.3776465460239	10.2940977435317	0.21341812626382	14.1888054455658	10.2022305107741
PPP3CA.PPP3R1 TNFRSF1B	-0.0968582924695613	15.6779901127365	10.9796815522236	-0.292098626763069	15.7463229056422	10.8437680161759	-0.212937210696988	15.9468231558587	11.3515433312651	-0.165897299733619	15.8171607593376	11.3242988518877
PPP3CA.PPP3R1 TNFRSF21	-1.38318269626137	18.8488492696772	13.9637285406188	-3.26317579146466	20.0870686711692	14.7459586187127	-2.74993702727838	20.1507597211428	14.9713878413918	-2.54766126190182	19.884802889085	14.8749183576269
PPP3CA.PPP3R1 TNFRSF4	-0.0165404363072748	16.2514675984018	11.9462221993375	0.0763748655265081	15.2720696688822	11.4256062324189	-0.0757484917245668	16.0104992481786	12.2927346731609	-0.0135010535121998	15.9864478661794	12.0448068380866
PPP3CA.PPP3R1 TNFRSF6B	-1.32889097706347	18.5490329556403	14.5062963992139	-3.05346149489316	19.7528866749559	14.9463737554916	-3.51728325438606	19.4249220157606	15.291639220892	-2.00428830036646	19.4278958208928	15.0985270758071
PPP3CA.PPP3R1 TNFRSF8	-4.20547479989686	21.400411750659	14.9376501921507	-0.164393477017008	15.7787841550275	11.5943124991636	-1.97774914209983	19.6596068550401	14.0739509294385	-1.36258973486864	19.1681931537406	13.6298885586222
PPP3CA.PPP3R1 TNFRSF9	-1.29754711665949	18.271752005802	13.876172273869	-0.378881486285638	16.4436501297079	11.415661289195	-0.817330551896002	17.9671511340172	13.2107563934211	-0.783703559515815	17.8598357795506	13.0398146136
PPP3CA.PPP3R1 TNFSF11	-4.02932888512554	19.8762727119811	15.7027668311912	-8.57764956803087	21.0665831044662	15.7552437390797	-7.14718171840922	20.9093378628227	16.396938325558	-6.50276126257689	20.6822143565957	16.2218529093033
PPP3CA.PPP3R1 TNFSF12	-3.85090052060288	19.9081863293246	15.3558436214509	-3.79483770899312	20.6173127313268	14.9389011745882	-5.52747523850856	20.5458616125433	15.8783021753152	-4.58073924535347	20.421808286448	15.3673170341981
PPP3CA.PPP3R1 TNFSF13B	-5.31072079580091	20.6751423145385	15.9314244972601	-3.99500602844485	20.6232460649869	15.6058523025865	-9.09302745937048	21.5114786987686	16.5449619327481	-6.17812462330657	20.9195436911498	16.1716199215732
PPP3CA.PPP3R1 TNFSF14	-5.17624836696742	20.0059414597568	16.2176172920985	-4.30998313243703	20.088196086926	14.7703745093281	-6.05518944301764	20.7543168300228	16.0486427211128	-6.76797739658482	20.5548747143274	15.9272667334678
PPP3CA.PPP3R1 TNFSF15	-2.21270945129498	18.8897355660951	14.6085769092735	-2.21033594460697	19.2211939751689	13.4367602733121	-2.4020963009647	19.6107945559812	14.8820557712102	-2.43358907509713	19.4260304004843	14.4129166131419
PPP3CA.PPP3R1 TNFSF18	-2.53803377622543	19.3019233646068	14.7523101059509	-4.34600203305061	20.6965799321377	14.7628271388035	-8.32348433981939	20.8671072970559	16.2586787978828	-5.19148885050953	20.6358320465388	15.5874052814705
PPP3CA.PPP3R1 TNFSF4	-6.93158220448172	20.8061864891599	16.1605586642309	-4.25276973308011	20.2085962458094	14.6268341508585	-8.26274027289912	21.3203474289779	16.2726108680998	-7.80397222860001	20.812965588487	15.9496486681067
PPP3CA.PPP3R1 TNFSF8	-2.57072300290282	20.6391338124595	15.953267836662	-4.5031092147429	20.8558980470021	15.3041617328328	-5.43297372157987	21.4465886958762	16.2396080934522	-3.42484950967706	20.9353179259023	15.9603641575837
PPP3CA.PPP3R1 TNFSF9	-6.10708382753086	19.8331417691633	16.0492409292307	-3.55438910531193	19.8078531647701	14.2676091948913	-6.69172270873314	20.3890413499018	15.6386894094794	-6.44311183770455	20.2191894055429	15.746584904091
PPP3CA.PPP3R1 TNNI2	-2.63896930879562	20.5725905936304	14.7268735911163	-4.15986566412883	20.1521236653483	14.9967709199374	-4.38127150662574	20.6669548045138	15.4118024353252	-4.12049395822382	20.5419691782431	15.2918866609764
PPP3CA.PPP3R1 TNNI3	-1.31377105755296	18.6720076137684	14.2468594836539	-2.09329592456662	18.7865334558586	14.1479117636745	-1.70425515931015	18.8972959957173	14.5453272466366	-1.65923147650612	18.828758315332	14.4219655302793
PPP3CA.PPP3R1 TNNT2	-0.179169374401805	16.638237899488	11.6091808621143	-0.0541054413467499	15.1448646397678	10.5736351560533	-0.596373480010559	17.1697584289432	12.1564395609766	-0.117741135560291	16.2486417961583	11.5160011144956
PPP3CA.PPP3R1 TOP1	-4.6458691552099	20.143848897253	15.3354519353296	-3.94359657462023	20.3654746320511	15.097038362786	-7.2703446822887	20.7785445895992	15.8980614338089	-5.15868086032317	20.5188562075569	15.5974919324943
PPP3CA.PPP3R1 TP53	-4.39068186038421	19.9599284853647	16.0940662293134	-4.87760888646616	20.3938704910653	15.0926468850765	-10.1435402121287	21.2466584628457	16.858124328328	-5.40148995426406	20.4121678091478	15.9195219460975
PPP3CA.PPP3R1 TPI1	-2.45520526623429	19.8136210424268	15.0747826987289	-3.74312098182723	19.9422048317874	14.8424856584675	-2.98407826850541	20.3113665460266	15.531971146787	-3.54940550430905	19.9110026501367	15.3724746049369
PPP3CA.PPP3R1 TPM1	-6.92085344949636	20.9521446675124	16.2666900529586	-5.46804203944993	20.4779480173652	15.2232691775202	-6.65456371742953	21.1801050131112	16.3576824901383	-7.80438125467713	20.9626590298447	16.1371890127133
PPP3CA.PPP3R1 TPM2	-3.38929324506924	20.5844741631319	16.2860552783114	-7.61999277225572	19.9962474331371	15.127535126674	-8.14999811000399	20.6430186299327	16.0325697998955	-6.95022077589971	20.640023250248	16.1086016362926
PPP3CA.PPP3R1 TPM4	-7.09037529418138	21.5650790538857	16.6381625194581	-5.45595471210564	20.6869092330654	15.8171518162907	-10.4631710622968	21.6996512689745	16.8121756141678	-6.89076173281705	21.2227759571591	16.5451112031845
PPP3CA.PPP3R1 TPO	-4.30357595686065	20.2846990254223	16.3634425950112	-2.81694494459577	20.1720070899233	15.5316994433847	-6.32860270378316	20.8547904264202	16.5204448776727	-5.10693396255528	20.5824745791034	16.3170752401769
PPP3CA.PPP3R1 TPSB2	-4.03584413128585	19.0298874054623	15.0107374440869	-2.68538172434713	20.0058711607558	14.5072615472371	-6.98484624732485	20.5592108874558	16.0245611777114	-4.57926397829012	20.056368060147	15.5272805481794
PPP3CA.PPP3R1 TPSG1	-3.81208550406166	19.1521785222032	15.0608271520725	-5.29517263355746	20.7751555570649	15.4491274702349	-6.4331323112592	20.5131067187825	15.9917386011761	-5.37283039885652	20.1943296046231	15.7160519096731
PPP3CA.PPP3R1 TPT1	-3.59675801829801	20.3706846669538	16.0628727608832	-4.71413248086098	20.2463149148098	15.1181323729773	-5.24736257609091	20.4561129193781	15.912217546349	-5.72384531522255	20.3551215404196	15.9108239972124
PPP3CA.PPP3R1 TSLP	-3.52153089443957	20.283784500246	15.7577797646889	-1.88250726562404	18.4589508535315	13.5302114575267	-2.47962301231409	19.7628599480931	15.1670831424649	-2.99242715314363	19.5275891151519	14.9513319943089
PPP3CA.PPP3R1 TXNDC12	-5.29449549187015	20.1643428002201	16.0069394646785	-2.89350832945399	18.9552662667469	14.1696674329268	-8.07283191906129	20.5094176994467	15.9123597680455	-5.25777939657293	20.0363611332986	15.564179814109
PPP3CA.PPP3R1 TYK2	-2.33142824224095	19.6186958021477	14.9934929715108	-3.01063997499475	19.3796710784385	14.5398455278993	-4.14196836581476	20.0627655643375	15.3606495498697	-3.44147571239021	19.759115992625	15.228400886808
PPP3CA.PPP3R1 TYMS	-5.15106728079624	20.8106693198935	15.8612753549497	-5.84103297350537	20.4568124618318	15.4222257254303	-10.0132325559848	21.2758496563871	16.3651632083134	-6.86716608312698	20.734029057056	15.9798096248251
PPP3CA.PPP3R1 TYRO3	-4.54319277011533	19.9994237846798	15.6246338517407	-4.21264882008094	20.1527050475483	15.5135537785001	-5.23813422538344	20.4797800751061	15.890890913755	-4.71094453213368	20.0414467118664	16.0136452112488
PPP3CA.PPP3R1 UBB	-2.22778499324092	18.5146603030365	14.608326431503	-4.51026665816987	21.1693776979078	15.6659774513946	-8.59425738025332	20.710379651687	16.2748633967775	-5.07357535417935	20.1608806665601	15.7415818386753
PPP3CA.PPP3R1 UBC	-1.0721627864037	18.3032800235459	14.3708036261373	-2.96447313433312	20.026018053533	14.3299831020014	-2.6350945548397	19.3425175790777	14.6893717856773	-2.28134268577433	19.3444814751179	14.7183496699035
PPP3CA.PPP3R1 UBE2G2	-4.14185133369786	19.9142146091488	15.5998599630465	-2.48648187370118	19.9231702116018	14.5011599962369	-5.65257485697407	20.4911898182609	15.9351964521062	-3.46483684614761	20.1771801945581	15.5091921916939
PPP3CA.PPP3R1 UBE2I	-2.59352869947568	19.6492487222264	15.2742152987746	-2.22743118404013	18.9842519290343	14.0526361032477	-2.34658623801145	19.5035008225496	14.9482470730145	-3.13541953489658	19.5198180106468	15.0398665713483
PPP3CA.PPP3R1 UBE2L3	-2.07550849157905	19.6503658255839	15.0026316485936	-2.58562651487707	19.0064756524629	14.4885527357039	-2.28126247502142	19.5409634582399	15.1627971085677	-2.65486748318715	19.4517458579862	15.0477466745875
PPP3CA.PPP3R1 UBE2N	-1.79210415308494	19.0411725195485	14.5286418985203	-3.79131847777909	19.7406643654549	14.7254067332881	-3.04786549191228	19.6538088738687	15.1895219648689	-3.17616698554333	19.5799967768512	15.0656953129246
PPP3CA.PPP3R1 UCHL1	-4.36974052552421	21.1411180346766	16.3416016193613	-5.40698232167703	20.4359574180272	15.0111303953787	-6.21444043111866	20.9651203468845	15.9901230403194	-5.06468731782408	20.7195674006922	15.8513560452028
PPP3CA.PPP3R1 UFC1	-6.87408472103338	20.7515463712875	16.5634209935385	-5.5576711317169	20.6634050653612	15.4477838132274	-10.8918002831969	21.4920334455141	16.7297752763951	-7.34411728022114	20.9262738929645	16.2842835881461
PPP3CA.PPP3R1 UFM1	-3.27199355111029	19.578935036343	15.7438426015307	-4.60024770011144	20.6673863153507	15.5080795962737	-8.09839735747168	20.7690689345336	16.5588650990649	-4.21765564824649	20.1223647694002	15.8505317401768
PPP3CA.PPP3R1 ULBP1	-6.05423625191729	20.1532540173022	16.3565235652592	-5.30758553045253	20.9755406834637	15.8593324476512	-11.1852573963652	20.9715987462991	16.6225228713323	-6.46980457548141	20.6528288582529	16.3062935286396
PPP3CA.PPP3R1 ULBP2	-10.5732651941711	20.9390619954661	16.6667067477024	-4.61255056376688	20.1839897667477	14.7061797656755	-12.4537569536209	21.1018304212365	16.6063771389285	-9.9722685016894	20.9957996777741	16.3595122297962
PPP3CA.PPP3R1 ULBP3	-0.78515000536236	18.4356186639091	14.261702437338	-1.96100610386049	17.9211881701611	13.6019400388078	-1.86236717567768	18.6863262802117	14.8143456340372	-1.86183115640669	18.3274918652415	14.4905547216988
PPP3CA.PPP3R1 UNC5C	-0.178687430923657	16.3361843973879	11.8667939376705	-0.154814397394796	15.1897082154359	10.9101891498314	-0.171846598864338	16.2470699159053	12.0490343687672	-0.153212836568688	15.9661729792571	11.7800587663604
PPP3CA.PPP3R1 UNC5D	-1.60872743438383	19.2175664972054	14.3089119118903	-5.50679965139575	20.5899587022198	15.2660278152284	-5.24719407994376	20.3445152189856	15.6454757250408	-3.27863177489822	20.2237753653339	15.2621472299613
PPP3CA.PPP3R1 USP25	-2.59950885942598	18.9536298070375	14.9734849036374	-4.22048958505144	19.9410949494535	14.281295652238	-5.26461199638009	20.1441913274177	15.6971740632588	-4.82474045530865	19.9986439812346	15.2313367337453
PPP3CA.PPP3R1 VAV1	-6.15874473669814	21.4113304467395	16.4704911357452	-6.60769978141013	21.1627688147739	15.7317163637475	-13.0532654820374	21.8945130339487	17.0582012412444	-7.73019864879562	21.3481951053193	16.4223844951099
PPP3CA.PPP3R1 VCAM1	-1.9119904465488	18.875126670455	14.3342830739855	-1.12616291055616	18.1612232655305	13.4706483636723	-1.82592458895028	19.063857123519	14.4644853774857	-1.6917985043537	18.8640971705652	14.3406638417518
PPP3CA.PPP3R1 VEGFA	-0.187338233513483	16.781909016203	12.8719693641087	0.0647788710228326	14.579617945278	10.8082677715652	-0.158379347916504	15.7780158978284	11.9789302515289	-0.188582872281332	16.0020312752605	12.2146683180929
PPP3CA.PPP3R1 VEGFA.1	-6.18194404224788	20.8399368668678	16.1870437109342	-3.82636695481489	19.9919569549935	14.8479268754409	-5.28111495464459	20.3670937927231	16.1570729522542	-5.54217680178123	20.4271705711592	15.8198260196942
PPP3CA.PPP3R1 VEGFC	-0.905831741276717	17.4230141846137	13.4526287310448	-0.689362981704975	16.586575103489	12.0759944086999	-0.913073166660541	17.4797492254047	13.3729850583942	-0.823711541292294	17.3158607308929	13.2504849514014
PPP3CA.PPP3R1 VIP	-2.03814265612094	19.0798099142942	15.090451489376	-1.26466262938841	18.2582522026458	13.562094693462	-1.66337289126855	19.1088501054585	14.7168942740747	-1.94902969514433	18.8435885594608	14.5648126466766
PPP3CA.PPP3R1 VTA1	-4.05323796841251	21.0152244372869	16.2342222806078	-6.19091806622325	20.8196924699027	15.6318961007431	-10.6651355489311	21.156979600756	16.7290024938205	-5.85641398522432	21.0086309237253	16.291087320748
PPP3CA.PPP3R1 VTN	-1.98957032567998	19.0965026975422	13.6436947647154	-2.88848471764032	19.1111351744242	14.7030207806462	-2.91809198159736	19.2187339450606	14.584039213323	-3.06973857643305	19.4839712779706	14.6495937489693
PPP3CA.PPP3R1 VWF	-6.08521877527961	21.1592796066535	15.6150375337848	-4.786977783451	20.1712348867004	14.9293537384382	-7.07431845515671	21.1660021834058	15.8882089950928	-6.29731240981627	21.0317200049431	15.5873748613507
PPP3CA.PPP3R1 WFIKKN1	-1.33649347216649	18.3781672419178	13.9381669113957	-3.46682995991564	19.5395161293139	14.7652962164557	-3.47363146603346	19.9736021213483	15.0767520398914	-2.42129485560188	19.3326915209826	14.8558204513217
PPP3CA.PPP3R1 WFIKKN2	-13.7063116884779	21.7521795777528	16.842856223463	-7.25149213986339	20.0481567356156	14.9099272771742	-11.2297489102594	21.3654329692231	16.4513673282502	-10.6086748423572	21.257775104847	16.2812562060804
PPP3CA.PPP3R1 WIF1	-2.54341777657207	19.6693535972351	15.2763875481395	-3.41193519315991	20.2017877208989	14.1288849753666	-6.49516182017435	21.3457278359326	16.1191617193704	-3.45900729558487	20.2509992133129	15.169199856815
PPP3CA.PPP3R1 WISP1	-2.97128942824765	19.7764973657295	14.1622570460801	-3.75273175574777	19.8478487249103	14.9037801881644	-3.35941151497401	20.2291760104423	15.3083516452013	-3.84036894689414	20.2252402103358	15.169632734531
PPP3CA.PPP3R1 WISP3	-5.72272769743044	19.3686355010919	15.6248586682721	-3.47423791432673	20.0197608101478	14.4511252003123	-6.46889783485705	20.3360026916374	15.9891461744703	-4.83961185232286	19.9500271236547	15.3650875416568
PPP3CA.PPP3R1 WNK3	-3.9267504136904	20.3787755815761	15.3997335284324	-6.22008736685718	21.068650943378	15.5692060031771	-5.35522324051987	21.3338348518307	16.3820026091694	-7.29801115347462	20.7836323680347	16.029349057903
PPP3CA.PPP3R1 WNT7A	-5.35633415006512	19.8948658631602	15.7872266234531	-4.29339658078834	20.5013268935509	14.6817469849861	-6.55888541929091	20.9361692057423	15.9517530526105	-5.70759957169821	20.581508281566	15.6342610080152
PPP3CA.PPP3R1 XCL1	-4.03120599537514	20.5637370450018	15.4757383897504	-2.94965570954393	19.5752172774209	14.2617329405278	-3.13687058308274	20.1133793495648	15.2833193060442	-3.19976484958168	20.1347635654853	15.0810659495949
PPP3CA.PPP3R1 XPNPEP1	-0.941011093336037	17.9127787682621	13.8079641924486	-4.6412848488813	19.8318372823779	14.7360710089288	-3.26878045657473	20.1660116736819	15.4825391231704	-2.63292310115055	19.2738396726547	14.7081763584645
PPP3CA.PPP3R1 XRCC6	-3.26638260664645	20.6716108468189	15.4177324551228	-3.79524234575674	20.4289303236401	14.6692813186794	-8.68261761385786	21.0802704729823	16.4211554370238	-4.20799025183178	20.7519451928152	15.3642183450614
PPP3CA.PPP3R1 YES1	-2.4365584076192	19.2081449886022	15.2631113837369	-0.827741325372309	17.3964631536658	13.0678810429998	-1.43944425213695	18.6540338297952	14.5572112018684	-1.5900662663797	18.6775888615748	14.5004172234583
PPP3CA.PPP3R1 YWHAB	-5.29634281331675	21.57081608911	16.8178734132041	-6.66120019756122	20.5598751154475	15.5966077070722	-12.3581216125185	21.3873015907873	16.7800576588251	-7.72651440952599	21.0521050168159	16.5168767008794
PPP3CA.PPP3R1 YWHAB.YWHAE.YWHAG.YWHAH.YWHAQ.YWHAZ.SFN	-6.1164498529489	20.9080495191553	16.2259672902651	-6.56017432698729	20.7929594497634	15.6978531011696	-11.4763033962156	21.1018892707479	16.5355845797313	-9.35946122141086	20.9532183146074	16.4467149466267
PPP3CA.PPP3R1 YWHAE	-4.64466650850875	20.2268617477425	15.7613975795676	-2.71090855161421	19.5374978045232	14.3918759999597	-5.1840605310808	20.1962311405081	15.6839332510507	-4.24937049068346	19.9960209613296	15.4511292578372
PPP3CA.PPP3R1 YWHAQ	-3.85360666153667	20.5078607504668	15.9341965483733	-4.40960107148829	21.200104880521	15.8222290056453	-7.277900065405	21.2224616717413	16.5249344034173	-5.12224198702683	20.9096163677106	16.2482697709148
PPP3CA.PPP3R1 YWHAZ	-5.6640103579769	21.4348742544198	16.9635085462901	-5.34045999800532	20.5063248794613	15.5389087807542	-12.0389426703168	21.4640768133945	16.7745696462773	-6.15078914715676	21.264972136369	16.5600235591016
PPP3CA.PPP3R1 ZAP70	-4.07405132862397	20.4027780581831	15.9593174754058	-6.65960108958923	20.0205703229636	15.3775724120062	-10.0222817144772	20.9583501004407	16.3950143690797	-5.82346612540481	20.6201660968933	16.1842280595421
PPP3CA.PPP3R1 ZNRF3	-4.56378299158244	20.4924983794523	16.4572635227849	-5.17659349927808	19.9319423707459	14.783117664611	-8.61801925979837	20.7070441474377	16.3399682995759	-5.95553365857506	20.4852659851816	15.960904807745
