protein_name	r2_male	rmse_male	mae_male	r2_female	rmse_female	mae_female	r2_all	rmse_all	mae_all	r2_all_sex_adjust	rmse_all_sex_adjust	mae_all_sex_adjust
PRDX6 PRKAA1.PRKAB1..PRKAG1	-3.94474106008921	19.4760745660077	15.9491880677287	-9.57499328663716	20.9597976344646	16.2322966763766	-9.55744134771724	20.9413440211895	16.6353415093825	-13.5503661268187	20.8484725132983	16.780520127258
PRDX6 PRKAA2.PRKAB2.PRKAG1	-2.43857093669522	19.7991256662522	15.2758087350796	-3.9764974540858	20.7296083854239	15.1979641112791	-9.45061087579105	20.9751558216371	16.6747878334707	-5.03291127092228	20.5575092581333	15.7789643734083
PRDX6 PRKACA	-0.934830680760867	17.4496742214543	13.2601787267004	-1.7595378751869	18.1704099828954	13.6406562444636	-1.47569286331395	18.5624067109926	14.3184534316363	-1.73589718258954	18.2548982117112	13.9950292330765
PRDX6 PRKCA	-2.44005585327171	19.7688510289381	15.1877113219412	-4.2886247002182	20.7084735716107	15.4507885525384	-5.37756817338763	20.5734207571654	16.3344099883429	-4.34424110138501	20.3365437186083	15.7161088999465
PRDX6 PRKCB	-3.61269215184053	20.466404579479	15.5142963229111	-3.18559982547766	20.5194437985886	15.1941271320843	-6.63795871379076	21.1920828351912	16.6204091676464	-4.16377874131915	20.7255906160147	15.7827323484915
PRDX6 PRKCD	-31.9541773998286	21.4731360406705	17.0574480586037	-3.38959200066145	19.722736078741	14.4361414007505	-7.61659543795015	21.5840259865736	16.4351208011158	-8.35034633689661	20.9235034357415	16.0604408492356
PRDX6 PRKCG	-3.943428897257	19.8653718053368	15.4938648028715	-5.3406099023305	20.5307103333052	15.6659740807458	-6.80212490680577	21.0176922505679	16.385217120133	-4.5297931313989	20.4121615807797	15.8757476882377
PRDX6 PRKCI	-4.44842757796842	20.1519153423135	15.5235181004369	-4.59073074544742	19.9842385387821	14.9585783359084	-4.77951968696332	20.8144340623638	15.9239162752004	-6.04318095305607	20.3250714251071	15.7277982621816
PRDX6 PRKCQ	-9.03245149197669	21.914511624189	16.7845491532753	-4.64150612288468	20.5487478060516	15.0654824450235	-22.4062882517297	21.5462013635352	16.7790651256227	-9.50858821686865	21.4394046464715	16.3474379485969
PRDX6 PRKCZ	-1.23013807168908	19.5217284901797	13.8730255645404	-2.36551563315933	19.2348154618989	14.2397325746464	-2.88304905779939	19.943964174234	14.9247993343094	-1.8936733433013	19.5028499373281	14.4904528145769
PRDX6 PRL	-2.26107312226878	20.736383734451	15.8118506172433	-6.23610567599569	21.1386094645346	16.0276556653728	-8.16935000504655	21.8547832995754	16.8312543779869	-4.98925838745413	21.1121671860815	16.2409243971173
PRDX6 PRLR	-3.30072754187512	19.3044864704051	15.4767985721653	-8.55393415879711	20.696303041735	15.806689491622	-9.74742285661911	20.9812636109883	16.2584335688226	-5.92823361737567	20.3262687785931	16.1073023243732
PRDX6 PROC	-1.94604158838642	19.9049001871838	13.8087868580154	-4.30621513100179	20.6478275608478	15.1017264486727	-4.14162213034411	21.472957015218	15.7840188546804	-3.26915431641122	20.5129397738493	14.9570496030442
PRDX6 PROC.1	-7.97632902856998	21.6932165146625	16.6588923706738	-3.40510793532565	20.6446214379184	14.8664977054183	-14.876778036703	21.8215594110177	16.9848703767436	-6.771509237875	21.2381716408783	16.1855760151925
PRDX6 PROK1	-2.51971315123142	19.9454081846047	15.2507890073999	-2.57860882162457	19.5532627604147	14.5659887911565	-5.85754960206948	20.6998549661846	16.1706261133793	-4.31150549201771	20.025749698896	15.5205629865741
PRDX6 PROS1	-1.76668289025637	19.0641619151365	14.2135104380545	-5.57164098033227	20.3651262124427	15.6411088545863	-5.60097849388966	20.5425235328854	15.8738323721107	-3.52033383906724	20.0390602589499	15.292007526104
PRDX6 PRSS1	-11.5550189823594	20.5653226601017	15.8789359012284	-1.97447281667192	19.6360166095647	14.8218204023997	-6.44010252571215	20.9660565263049	16.2219073340008	-4.35291067636319	20.5345407164356	15.8086955813065
PRDX6 PRSS2	-3.2609558311749	19.967055248591	15.1394190252804	-3.23067981538154	19.8555448616097	14.9984068438111	-3.11566543637847	20.3839080734214	15.7107117798407	-2.96453776254175	20.128266960028	15.3981203073317
PRDX6 PRSS22	-2.30143084110895	18.8222769803163	14.628826326787	-2.46699576887632	20.1090074367852	14.5002447819972	-2.93737817494292	20.2896156544982	15.5017993335272	-2.63368273163234	19.7776616252754	14.8902456816686
PRDX6 PRSS27	-5.24348569899422	21.0285116367364	15.8564102892967	-4.52862149990263	20.4729342185632	15.1360338187774	-8.79361451177086	21.443605617729	16.3448790180039	-4.83728520277585	21.1340146711945	15.8731740915879
PRDX6 PRSS3	-8.36470747506478	21.9749264535668	16.6573097145082	-3.21928000366364	19.2877035460838	14.3503448235054	-22.6980718744537	21.4493959729293	16.9440763102218	-6.9515932340837	20.8633289790243	15.8930865154302
PRDX6 PRTN3	-3.97391544281531	19.971943325481	15.4038219141299	-3.00998029631231	19.6537002153932	14.5861618934726	-4.69072251153645	20.7151196536599	15.795887663331	-4.63736863840646	20.0718476827283	15.5358185165748
PRDX6 PSMA1	-11.0106124185544	21.1991628049948	16.6941794482256	-3.60145842092544	19.6356552903744	14.737588220866	-11.9687565649892	21.4196193275747	16.8636181193781	-6.20946619181062	20.811072472402	16.1549168919649
PRDX6 PSMA2	-21.7066168122613	21.3248460754057	16.923463894993	-5.8353923707827	20.6956241975937	15.2775208115265	-22.6417831486664	21.5672995121129	16.7811260567925	-10.3098929745782	21.2843374306293	16.4241233065162
PRDX6 PSMA6	-5.3389498846317	20.5131012279605	15.9954932225167	-2.76995897251104	19.2034320853014	14.8994317830418	-4.23380203794308	20.3912302432455	15.9478195209236	-4.19638920155853	20.1430873121332	15.7167327659787
PRDX6 PSMD7	-12.0123361597936	21.7072394929576	17.0226374346847	-4.84535228984617	21.0215309808685	15.5597207720973	-43.7247051907832	21.8497477946451	17.2890719094217	-9.5266884467557	21.6975401244906	16.6546966420124
PRDX6 PSME1	-2.77451780930866	19.2958045457484	15.8362934889095	-4.37371805025631	19.783960492576	15.5451659369292	-4.28955488901425	20.0478993104008	16.2132773080127	-4.21708322811504	19.7826571726779	15.9952355878836
PRDX6 PSME3	-1.24889699498521	18.3778601269358	14.4938275990739	-1.99586824348874	18.5742554613545	14.2931194569022	-1.61059229638884	18.9627258682426	15.0111750528647	-1.79765260732039	18.7983815262277	14.795282101052
PRDX6 PSPN	-8.84494772039954	20.8794575618085	16.3628746630117	-1.81836854078828	18.7266104859009	14.4605765904935	-4.97975913325068	20.3059117591671	15.8405740923328	-4.45622582648122	20.0604097388515	15.8096792190894
PRDX6 PTEN	-5.0002213646251	20.0446507574949	16.0090072973981	-3.69787547418713	19.9780053524386	14.5765664737666	-4.86532636180265	20.5824301600568	16.0049434713024	-4.93487342856589	20.3706170740761	15.6524837733731
PRDX6 PTGS2	-5.34054570903828	21.0657231072662	16.313141772078	-2.36745992326338	19.6309944452708	14.9680067568818	-4.47680432066589	20.8104008356062	16.2615403131971	-3.8767574030506	20.6156526944866	15.9818857033518
PRDX6 PTH	-4.45920084763422	20.1351141718131	14.911081316717	-2.60181095018371	19.549558261713	14.5893614343088	-4.48301090818902	20.1859820571113	15.2414669667563	-3.4691676278206	20.081403203177	14.9942295400399
PRDX6 PTHLH	-0.467493545619593	16.8942801765186	12.3611736414919	-0.330932028959891	16.5924108381268	11.8348687733376	-0.829949209563973	17.4997543928264	12.9610158148712	-0.415406132154916	16.9286099428277	12.2517529496748
PRDX6 PTK2	-4.06623440993806	20.101995746387	16.3202998676651	-4.69045555760882	20.2473121887508	15.3433353047086	-15.7814639516276	21.2687923728283	16.8211865885828	-6.53023283185248	20.6393031703807	16.4175528294118
PRDX6 PTK6	-3.48648788649721	19.2799683864906	15.5642942550327	-3.59929276843204	19.6483106138377	14.6615534430177	-9.61733408966386	20.5547449272032	16.4455181408326	-4.39169760411132	19.7959679592451	15.5892248552285
PRDX6 PTN	0.70380822570581	9.98852683147	7.13719551447637	0.576452920865017	10.9496916672916	8.18157709228356	0.631156445934764	10.8643072265491	8.18544914162892	0.65197202066425	10.5185970427632	7.78014518203612
PRDX6 PTPN1	-3.58545645685574	19.8080015559216	15.2247516848958	-6.01164182147091	20.4445254302206	15.0180715735052	-11.9383708997579	21.2070978512301	16.4429969576973	-6.05158269829184	20.5287884220121	15.77987164208
PRDX6 PTPN11	-5.84485606197851	20.6474241513549	16.4701605820741	-4.52814648907938	19.8363362099008	14.7448378732441	-9.25064475813188	20.9509926843665	16.2803044342309	-7.68313756748407	20.6190498693731	16.1821455019213
PRDX6 PTPN2	-8.35795427130713	21.0870692424217	16.3389101224949	-9.13536324376149	21.355527532261	16.4409989166909	-19.2476892769893	21.7037056158409	17.0660893997303	-10.2016958781619	21.3359063890687	16.6120802583916
PRDX6 PTPN6	-5.55560088213764	19.9884564382386	15.6586077374176	-3.56339286299535	19.7654763951026	14.5115926968366	-6.52634836204739	20.4824421485102	15.9533024081988	-5.0746061541494	20.1183750520483	15.4668441526123
PRDX6 PYY	-16.0190943994478	20.8901094240934	16.7448746294532	-5.94801534698644	20.8104278682597	15.9899120236261	-39.675823277034	21.7222972352309	17.0735317834263	-10.4085239326664	21.3329747783595	16.870852021248
PRDX6 RAC1	-3.05118185110989	19.7798950755519	15.5639433054364	-4.26757423223598	20.4492815889502	15.5020252213745	-7.66966507718022	20.845322026279	16.3800150670383	-4.49521154704638	20.4591021519574	15.943219571196
PRDX6 RAC3	-1.37911612449281	18.8775497242953	15.108361457051	-5.37713833258926	20.4150227328102	15.3983745295057	-7.77207671486965	20.8557560387461	16.6263757558515	-4.38677911122672	19.9537793778595	15.9220412728247
PRDX6 RAD51	-12.1480767846974	21.0692106138876	16.2259430894153	-4.18561045117941	19.9217295010789	14.9504173971841	-11.7700866438533	21.1643962856914	16.4032590901434	-8.56548374989696	20.9358245412069	16.1240970270118
PRDX6 RAN	-5.10514772029618	20.0804776091664	15.8616762186758	-5.21068860906748	20.5278140354516	15.4353424392442	-12.1940822837779	21.3833170512679	16.7333563856937	-5.68261246597716	20.778404165267	16.141443768585
PRDX6 RARRES2	-0.685102029761709	18.8458119598985	14.4065654066489	-0.851007555574399	17.5891490305342	13.3730085204635	-0.9900447773257	18.330194784479	14.1500048740341	-0.812110904753077	18.3290267093345	14.1345467677779
PRDX6 RASA1	-5.81510466723434	20.4458780710261	15.8083890702171	-4.67996686428483	19.8262224417412	15.2214622764454	-7.70505620123776	20.9870413576007	16.1953084973031	-5.56097727695158	20.4792339233013	15.8294333250436
PRDX6 RB1	-6.93298293641192	20.6763657763204	15.9716296495478	-6.7276479904693	21.0226755416796	15.825229349299	-20.0122149728579	21.8520108395469	16.8998453186591	-7.303237211095	21.2983585084667	16.2215998581744
PRDX6 RBM39	-1.62977512569783	19.5171134154374	14.2704021814076	-3.43045841431705	19.1565923380275	14.6723037119819	-2.91523308583527	19.7292031247695	15.2347793679018	-2.38354322223027	19.8308038619194	14.9149249486422
PRDX6 RBP4	-16.3651079715004	21.4502650015238	17.0424112910363	-5.19805879996764	19.8239813149098	15.4184127317556	-11.1779038372661	21.4566755737522	16.9033505760487	-11.4999643615196	20.9859395559319	16.6070044398827
PRDX6 REG1A	-0.472284689995917	18.0897762562388	13.1337916643585	-1.24094954706767	18.8622004032966	14.0337741182325	-1.39651109921506	18.8328730659474	14.3807809129284	-0.826122039768501	18.5368752856425	13.8772164082562
PRDX6 REG4	-0.488340820465554	16.9692699222316	13.2060484430223	-1.33517108937072	17.6603462557325	13.220905393432	-0.933525657278861	17.6547350976284	13.8407158365075	-1.00346360507507	17.4911443667668	13.5519659946108
PRDX6 RELT	-0.377072812065613	16.4821516166307	11.8964097577886	-0.435116726256488	16.8341896133975	11.3916922348631	-0.479089166521903	17.2896539986446	12.2847325406398	-0.369929983005479	16.7176584710366	11.7694025057391
PRDX6 REN	-1.56054682338743	18.7284929415545	14.9933050199577	-2.96832551445721	19.939933283071	15.0151809811205	-2.70755912967826	20.0377109865532	15.6982281127227	-2.14683327889071	19.5840630086585	15.3056428036331
PRDX6 RET	0.310270152869322	14.1573608102365	10.3259274355266	-0.867822512062902	17.3336002944243	12.4014124049924	-0.290247670653659	16.6795712576236	11.9252854753091	-0.166685547280174	16.0773534711324	11.5411439070911
PRDX6 RETN	-2.85397489672985	20.7519822414285	15.4208316420725	-4.45253351831058	20.2593652416531	15.2833971379316	-7.39798707803501	21.1514856348747	16.05972915288	-3.73833956888961	20.8352684801883	15.8545027464933
PRDX6 RGMA	-0.486526321370442	16.9463217195162	12.7293921411875	-2.96752309160895	20.1166325295458	14.6079079209162	-2.01240021800597	19.4835192046463	14.8083582948632	-1.63891109665244	18.8598671661481	14.0748164764293
PRDX6 RGMB	-3.15671543396042	19.8790048797806	15.185127785536	-3.4157481600894	19.997566296053	15.1888632220241	-4.58271547573866	20.9576782188409	16.1537799423995	-3.68631466025229	20.2718360562641	15.6666033722984
PRDX6 RNASEH1	-9.32483104879095	21.093572454458	16.6341947519376	-3.66293536498452	19.786396462313	15.1692947504293	-17.9083812494354	21.4313656864344	16.6685589004475	-6.59623576939989	20.5529124107749	16.0739221453367
PRDX6 RNF43	-6.35143988404022	20.7799420996764	16.7801100160562	-8.2637897518038	21.5130580864241	16.397960512299	-41.6405290635226	21.9462675396506	17.389338189779	-9.22706020311284	21.2775494386391	16.813393384185
PRDX6 ROBO2	-8.01288447968598	20.8540595142235	16.0498707480399	-2.15419982842207	19.6007621965487	14.1714491990009	-7.04797979403808	20.9298007400341	16.0738651992781	-4.89091842112225	20.4230524150866	15.4484150472018
PRDX6 ROBO3	-12.5934659360347	21.220419451266	16.7579386195	-9.17030744057139	20.3243998126687	15.5611200011231	-14.2966793509413	21.1593643327363	16.7400000999955	-13.9449443283509	21.0185750980963	16.6020243953338
PRDX6 ROR1	-0.377308086615535	16.454301224658	12.6508183276142	-1.83479074805632	18.9853358381807	14.0766369412186	-1.32046552856933	18.5877429746337	13.8147837239012	-1.19769540853667	18.1131682216405	13.7756904298905
PRDX6 RPS27A	-0.870404775840959	17.2318106467385	13.6379881785044	-1.9332084610836	17.7174361096421	14.2759581362821	-1.01608881704783	18.0274628440105	14.7312467408209	-1.23874282501917	17.4932266123454	14.1234548087547
PRDX6 RPS27A.1	-0.540123663683141	16.8570756228262	13.1306795776918	-2.14783843894991	18.2024686197904	14.3721824054245	-1.03515169704619	18.4802809564629	14.7632150601918	-1.35314706617021	17.7768720193465	14.1812913454945
PRDX6 RPS3	-4.38603278428954	19.7559482771874	14.8697041493786	-4.9891136905989	20.285044187601	15.0597282643813	-6.27477828394041	20.9664538175728	15.9796344740211	-6.91214997315543	20.6232395110298	15.7538155979078
PRDX6 RPS3A	-3.76229809377924	20.3991984450748	15.6517089010148	-5.3112714556744	20.5602366198056	15.51306381724	-8.8450906712389	21.3619283166984	16.6585967607338	-7.65417866061879	20.8479458498136	16.300736119257
PRDX6 RPS6KA3	-1.25355329102468	17.9420633738478	14.0003161360102	-4.78736097317338	20.5990575437353	15.5959453807068	-4.64419634826742	20.176279501551	15.710203319412	-2.99773656828021	19.7096352545224	15.1915528057332
PRDX6 RPS6KA5	-1.58051912243153	19.4884124962066	15.1959076499515	-2.64095957609016	19.1084044079022	14.6417872070442	-3.51603877700281	19.825464548512	15.910132740598	-2.15083408948355	19.4372361095088	15.1450115020355
PRDX6 RPS7	-10.0858418077744	21.2030197301815	16.7564711162114	-4.50510849610136	19.1181398006932	14.7577834665733	-6.25749140587231	20.6808078736668	16.2825069576434	-7.90447998750046	20.3403682352185	16.1080102360717
PRDX6 RPSA	-6.62713273783059	20.389827306413	15.513814901869	-8.03208808848437	21.0640844989442	16.1612971916554	-18.446315334392	21.5226229767177	16.8922845974671	-7.95590769089004	21.0642672470543	16.1693983409459
PRDX6 RSPO2	-1.84569866675405	19.0773135340793	15.0698219702318	-1.5296498512323	18.4252142601951	13.7120108689345	-3.01751136232961	19.2662242475008	15.2325970177207	-2.10844271509186	18.8809527657208	14.7336283324577
PRDX6 RSPO3	0.466818511015799	12.8203753647304	9.13654971140846	0.199193892544617	13.7245104392921	9.6971844876369	0.303101286860985	13.7664626520603	10.0737219567555	0.348192800153232	13.4609265457718	9.82136675592618
PRDX6 RSPO4	0.331097761140548	14.4430904591367	10.443358279407	0.298745429996664	14.4462915517314	11.0503794229372	0.255303726829246	14.8831645901707	11.2653422557968	0.340630210871488	14.669082976304	11.0342925621053
PRDX6 RTN4R	-11.6384910997801	20.882942822522	16.8231365906315	-3.09560981119466	19.7161201064918	14.8045792983124	-9.5701868785754	20.8578956618745	16.3543971317742	-6.64876614272923	20.6068990905823	16.2870631796494
PRDX6 RXFP1	-4.29001623569848	20.1086409818309	15.9343363100589	-4.87017749717944	19.5603399070392	15.2431525556305	-4.53205820484692	20.2648461643564	16.0332344323411	-6.42195869203919	20.1465525316976	16.0740014926398
PRDX6 S100A12	-7.30151637697294	20.4604989582631	16.3963146841027	-3.29401476472506	19.7029049280783	15.1663851432115	-4.86768544669593	20.5924894494271	16.2098071895659	-4.99039276040274	20.6993294546288	16.3718156049701
PRDX6 S100A4	-17.5429787693444	21.0369847851157	16.6810599579675	-6.17479877561016	20.1242833822742	15.463127005792	-14.0899825114386	21.6014295374685	16.8317092704659	-11.952314065158	21.0156191351109	16.574716113478
PRDX6 S100A6	-12.3243874743054	21.1461840511863	16.7542008060591	-5.11588879008998	20.4974929962238	15.5567590913449	-11.6460267878852	21.4099499285754	16.5832359598419	-10.1388242363493	21.0574127699091	16.552806514362
PRDX6 S100A7	-7.41487590974798	20.7475999391045	16.2903067934557	-3.55752618304305	20.2753459108097	14.8179296129198	-17.9642031602737	21.8177613628135	16.9472138037825	-6.93558656119559	20.9536302384155	16.1676232903599
PRDX6 S100A9	-0.714748950164802	17.5969083902799	13.7327603425728	-2.07571341200155	18.8639838569954	14.1486477247111	-1.71657125429058	18.790382950811	14.8921840918076	-1.45883247237913	18.482420308643	14.3480988589663
PRDX6 SAA1	-3.0572515603558	19.2813421524416	14.8952893351525	-3.58933487485248	19.2773546208172	14.6595907157561	-3.30880356049844	20.059286495428	15.5002876665358	-3.93978265618217	19.6191087377075	15.3926640082463
PRDX6 SBDS	-3.89817405430489	21.0653152159244	16.3660158990113	-4.574156324959	20.4532650203928	15.2208691843413	-7.66757900294594	21.2184593291307	16.6607884591332	-6.36510159671313	21.0163695074574	16.2957730697062
PRDX6 SCARB2	-6.65621732062392	20.132765116055	16.4752658165511	-4.42672564396698	20.0869364159082	15.0117331048163	-16.6787395127611	21.298377283124	16.9929675821122	-8.19343155150733	20.477872625996	16.2902987564931
PRDX6 SCARF1	-0.701940533325528	17.3521034751998	12.9099299285802	-1.37665633880823	18.1833555669399	13.176008413653	-1.14696677395122	17.9739456736324	13.3235302472817	-1.16955905266686	17.9570445264887	13.3195536325213
PRDX6 SCARF2	-3.73047494431951	20.1454278956973	16.2501036287944	-4.15925337098719	19.9235571444141	15.3081314969931	-8.07433110473078	20.7199158823794	16.754476093026	-5.30319320421437	20.433471186811	16.2412765008532
PRDX6 SCGB2A1	-12.1869016735262	21.1285495480164	17.0452127802438	-7.49316902035642	19.7795356756165	15.1790144888965	-13.4719526317918	20.8887734939866	16.4822801825589	-12.4958519276596	20.818349008806	16.5704692802291
PRDX6 SCT	-4.05365453853077	20.7711582281543	16.0450574214177	-4.738356396989	20.6048256811874	15.7422307236192	-7.77141395073035	21.0087905274037	16.5637837317297	-4.8565936046981	20.7330709465214	16.1556574494798
PRDX6 SECTM1	-1.78107034425727	19.3439867348387	14.6673513398305	-1.67065189411742	17.8270351358667	13.7649624680192	-1.84211640533326	18.9263379462642	14.7212359525296	-1.3806699884862	19.0225479222538	14.6044864275901
PRDX6 SELE	-4.82611978782366	21.6115145935796	16.3676947803716	-4.01446568550754	19.6054983753776	14.3074094268415	-10.854712632082	21.0378966174656	16.4477815148243	-4.73232549823906	20.8508662745867	15.7142679950706
PRDX6 SELL	-2.76045498619152	19.944254330348	15.8465747824303	-1.15663670263375	17.4688410986486	13.6172481814394	-4.0666251387923	19.7834336900281	15.4621652392172	-2.31656251311958	19.2120203072706	15.2165990287597
PRDX6 SELP	-7.02038739915023	20.928184031209	16.2108985133015	-4.39446511815521	20.2576765668431	15.0820902738947	-12.0657271322317	21.150884149125	16.4008575226727	-7.74481289828998	20.8656595325478	16.1069889844068
PRDX6 SEMA3A	-8.78988369232854	20.0484571993561	16.3461746736101	-5.26324031033469	19.9370428885131	15.0082147283483	-11.7513174481421	21.0330210070097	16.5596141142933	-6.53724719607104	20.233445707109	15.9510010190654
PRDX6 SEMA3E	-1.68312160185865	18.5531610415394	14.0790555522316	-2.7906059891946	19.5045443506974	14.7317022749402	-2.64187857013662	19.562181751409	15.0131706829545	-2.31095358970469	19.4611551508165	14.7863888306737
PRDX6 SEMA5A	-7.59251260983202	21.2132106870299	16.2009864626432	-5.53631371925343	20.8866679845955	15.5851678828432	-14.883177422079	21.7636738159764	16.8974431345539	-6.41129354912591	21.3213296179694	16.0603110175671
PRDX6 SEMA6A	-1.97686306109115	19.2262895349301	15.0147425764221	-4.0567604042789	19.6492507565439	15.2261823695841	-3.71983302343123	19.9125359956954	15.6380474194261	-2.71290166618208	19.7056221176783	15.3771993325013
PRDX6 SEMA6B	-14.0677636499308	22.0045902580935	17.1647760891026	-8.46134740317374	21.103975972268	15.8419390611881	-31.2643545857958	22.1876344745994	17.2642137744779	-13.3874010910852	21.6908282386115	16.744215732368
PRDX6 SERPINA1	-0.36770940381295	16.9450247117281	13.638711398976	-0.690504447789972	17.8947836308853	13.1009627942292	-0.89311737316153	18.1362972781418	14.1557466440997	-0.63317553606007	17.6880529707989	13.7342008427482
PRDX6 SERPINA10	-3.55711163414579	20.4236156738027	14.6239958685223	-4.57344303364542	20.7042842234671	14.8598229094262	-4.20476318143024	21.2267691314185	15.5058415283412	-4.5103390292428	20.6551272689553	15.1121513270385
PRDX6 SERPINA3	-5.72416662915884	21.1628175749853	16.4050318188054	-4.96818202094141	20.5422535233903	15.2270245032673	-8.2047473685234	21.2765169175354	16.570755645926	-5.91167991366521	21.1520517086359	16.1549054611254
PRDX6 SERPINA3.1	-1.56332001112607	19.3574701135374	13.9458304140183	-1.24465908666583	18.4649386992004	13.0391680873172	-1.5139632909128	19.3842514464231	14.0858275545057	-1.44728942529186	19.2298261046313	13.8493432117886
PRDX6 SERPINA4	-3.6686427068066	20.6318537491545	15.5558506679456	-4.55593796685396	20.9835006389455	15.4220478320542	-7.42301819458101	21.3227379225283	16.1848111509253	-5.42755386304367	21.1773461594264	16.0414839527266
PRDX6 SERPINA5	-10.1550900614755	20.7449352928827	16.4884089431229	-5.4329640979659	20.6698682983677	15.8396242721496	-22.462244307504	21.5090749270221	16.9964393000926	-9.00104766621069	21.0032614625351	16.5434397445539
PRDX6 SERPINA6	-3.15105381558022	19.7409515449215	16.0776546612638	-3.79356171836232	20.0336980758978	15.312491377925	-5.6129952468031	20.1663731330925	16.2433423501927	-4.14662132053504	20.007392799503	15.9793802675936
PRDX6 SERPINA7	-8.14977144468024	21.5818024443087	16.6131415496144	-4.80993527513424	19.9819253245541	14.6106163204643	-11.2809977951734	21.396644787203	16.3559663880683	-9.19718808876752	21.0666313834227	16.1056734125977
PRDX6 SERPINC1	-0.871850937870558	17.8791159987256	13.2762902733442	-2.09290416399107	19.060472222251	14.6304035837587	-1.6418148341271	18.9971307221967	14.4146250990012	-1.41005322812448	18.7560383368642	14.3933065191079
PRDX6 SERPIND1	-5.1614657290752	20.9445062219133	15.9183207940872	-4.17248653793957	20.7622868318459	15.0871417566349	-5.66768464705012	21.4298525303254	16.1540837063758	-6.31885070741237	20.9743721933999	15.9729769948218
PRDX6 SERPINE1	-7.34281046574816	21.2319847032688	16.488617069252	-5.48491250052928	19.8445673934863	14.9777188700148	-14.0635408942597	21.3595950959389	16.6034767533591	-8.53347690095177	20.9028907951005	16.1039510430253
PRDX6 SERPINE2	-2.72783994130158	21.3997200575755	15.981030396299	-1.82110449911439	18.861022839289	14.1638747968873	-3.14292099274702	20.4040812394345	15.4203876889601	-2.62190161533149	20.3247374392564	15.328234641921
PRDX6 SERPINF1	-24.950010559751	21.5557224665191	17.1471240419341	-2.94346400858957	20.1017348027316	14.6245391045378	-18.6475557292035	21.6932073312659	17.0046990358838	-9.25500492756759	21.0725881230268	16.2804323716221
PRDX6 SERPINF2	0.01771769116012	14.3028429843802	10.6146004534295	-0.437801864066258	16.5330295889243	11.9544434354144	-0.337007719926293	16.0963438786938	11.9308091299816	-0.191781005862771	15.8200045242625	11.6732433814032
PRDX6 SERPING1	-6.99155523227533	20.6190748600852	16.2937354161557	-2.7313492478943	18.7578488408866	14.4861406425737	-7.26856529975812	20.7089343810327	16.4329581805656	-5.08121660875581	20.1679931605535	16.0019887739161
PRDX6 SET	-4.54911709109593	20.1568683780997	16.0715074289487	-3.51946407459617	19.5038358473712	14.597325682622	-6.53966546267432	20.4478705965145	15.9545076915223	-5.02970041602565	20.2235004914442	15.7381560641611
PRDX6 SEZ6L2	-3.40419085459217	19.2847518312607	14.9932197996699	-2.01098102701597	19.3718751731867	14.440408588753	-3.45426252548299	20.0122829317166	15.6268226576618	-3.16540136442827	19.8333576177153	15.2363512197403
PRDX6 SFN	-1.75699213198004	18.6329069171802	14.202816550448	-1.52081038739778	18.9205007543293	13.5791587749872	-2.45818091561777	19.5024202565085	14.5702261739858	-1.91433559459609	19.0307282907196	14.2731361409196
PRDX6 SFRP1	-1.62891078615762	18.3576186598194	13.9961744703548	-0.50127677098852	17.3623319941016	12.8452003735764	-1.36033735715118	18.424516873448	14.053086932708	-1.22948576952078	18.0982122603342	13.7084402327076
PRDX6 SFTPD	-2.61844660376658	19.6181668785106	14.848449919706	-1.17425853725407	18.0741984993861	13.9238165914628	-2.09877868782333	19.2486807219972	15.1802342378639	-2.0652043078507	18.8845524863341	14.7576745205876
PRDX6 SGTA	-4.71925211225307	20.0005714303567	15.5122668461784	-2.94136302625844	20.3588925996863	14.7817251326159	-8.61041338852733	21.3313335618868	16.4936478697132	-4.54160302894757	20.4774486415376	15.6325362959332
PRDX6 SH2D1A	-3.69267494298155	20.069810323914	15.8671182927792	-2.31762633580407	18.6223582285925	14.3674828260149	-4.43477125333373	20.0532379299057	15.7239404533983	-3.26641679382572	19.607067184948	15.4015098774894
PRDX6 SHBG	-0.136068771642906	16.5185842981493	12.4978173630958	-4.32456041812358	20.3881205955272	14.9065772912115	-3.44786354360046	20.0453649367283	15.2387172577478	-1.44661643991959	18.7519555108635	14.2280199383198
PRDX6 SHC1	-10.8293312318014	21.9986661935294	17.1470035505942	-4.65306506675279	20.9862744919811	15.6757978016559	-32.9164797604585	22.2139522828105	17.400158144899	-9.93950726129149	21.6418268013841	16.6679854668816
PRDX6 SHH	-1.10749821380476	18.4622542336354	14.8743528711059	-1.39238643522424	17.9088425583714	13.8931426470647	-1.16850948448745	18.3730119073805	14.5989269416405	-1.34020874203729	18.4895249730331	14.7513051327713
PRDX6 SIGLEC1	-2.65042013904723	20.1275053095263	15.6690824476758	-4.22066273689328	20.0607468059952	15.1764491478651	-6.41467423138298	21.0156764964589	16.2417878756013	-3.8031438260874	20.3133525007839	15.7935947486184
PRDX6 SIGLEC14	-6.2610179693949	20.8603537269221	16.3628101352423	-1.40759126126985	18.5302279641993	13.5219657918539	-2.96954076118348	20.3207340277513	15.2798539292744	-3.21577744412444	19.9509207106361	15.1846559941475
PRDX6 SIGLEC6	-6.11128190754057	20.6795890520818	16.4871213874414	-5.37032074591709	19.931808825921	15.6392948678412	-11.6772672247125	21.0219795664042	16.6826867930556	-6.54562698618526	20.7448207818145	16.4098456255929
PRDX6 SIGLEC7	-12.8611995665496	20.8155980924363	16.5802847306075	-5.7244454972914	20.650168236187	15.6299168642168	-16.1356821613523	21.1826297591701	16.6433240754639	-9.61560811488914	20.9084592828232	16.3908232069218
PRDX6 SIGLEC9	-11.4716840966877	21.1836483978477	16.658169860511	-7.44379651489745	20.9311368584866	15.9902161416647	-23.9870549757504	21.7681722053915	16.8781320182035	-13.3700161563057	21.3272451813256	16.7083600832267
PRDX6 SIRPA	-4.78914671357066	19.7739672620252	15.6203947265035	-6.18265956822833	20.7052477862753	16.0146342498631	-7.0144176203065	21.1259174995958	16.4499592305643	-8.11006423833068	20.638642282721	16.2179212568283
PRDX6 SIRT2	-3.57803676023287	19.8664757023654	14.6799162865765	-5.49804520072267	20.5880781819723	15.5222080665165	-13.0343088849943	20.7996280322275	16.165263855748	-6.6994198697124	20.645235098479	15.7193106276539
PRDX6 SKP1	-1.7003814896029	19.7935279968356	15.5861911656399	-1.28677928677355	17.5966051791528	13.8744140739766	-1.85168645699223	18.8670132804845	15.0496086265698	-1.60689668819044	18.7895228236573	14.8983017234758
PRDX6 SLAMF6	-10.899606873618	21.3354267894617	16.7651747273137	-3.72525628834579	20.6916294190924	15.1263958509833	-6.130523754194	21.8621070833306	16.4913848091026	-7.10094903633795	21.1356695069795	16.230637453735
PRDX6 SLAMF7	-4.88062932573012	19.7771264008542	15.50864810975	-4.34139777440721	20.1286673282691	14.6930173750713	-8.7848946478097	20.6198209773029	15.8616533303018	-5.53869591766925	20.2951214943173	15.4722918853738
PRDX6 SLC25A18	-6.94426374021171	20.780142200457	16.1935600693172	-5.17128733233023	20.4332498904223	15.7859113241886	-8.31340273396244	21.0234680893037	16.3795879276101	-7.29149690845932	20.9277089506399	16.4755179415846
PRDX6 SLITRK1	-2.67474266753728	20.3596154665741	16.0136574668125	-2.81973852101766	19.9136887804474	14.9810395729967	-7.23176428419267	21.2234709812912	16.4951350293433	-4.03277766494384	20.3149865817	15.8207641291118
PRDX6 SLITRK5	-5.60356160700937	20.2768807994909	15.8612943102872	-3.61871965682434	20.498440361363	15.1807680802469	-12.3691192128122	21.5571577166683	16.7195543534695	-5.96717303781545	20.6088780401027	15.9461789248897
PRDX6 SLPI	0.22711687714638	14.5841308688255	10.9177129073445	-1.12614648618826	17.8951880914472	13.06128026322	-0.411129532504554	16.8787022109239	12.8428955763444	-0.308426776181082	16.5520582786864	12.1845346931507
PRDX6 SMAD2	-6.14887269577609	21.2652013376982	16.4259176621384	-2.60013809538363	20.1271410449593	14.4911767663406	-10.9554440083361	21.3867970139258	16.7071128253639	-4.77108140829855	20.9716539447637	15.8517964521014
PRDX6 SMAD3	-6.91549717817703	20.8591760729031	16.5381755184858	-4.535852736429	20.8806224006894	15.2934595008217	-12.0465707367187	21.8004144405628	16.8997038803218	-6.56221140583577	21.0109575883025	16.1746523547226
PRDX6 SMOC1	0.308739920372894	13.4914890045951	9.49135797581626	0.163913749832239	14.5143788707353	9.40008261634834	0.206061093561608	14.2637165141437	9.82455473170926	0.231071617200338	14.0595014029524	9.66565137306829
PRDX6 SMPDL3A	-3.64376581701236	20.1534592505622	16.2912755239091	-2.45189753097611	18.957928336946	14.5014691768379	-5.21312997777754	20.075172043267	16.0940256298315	-4.66382470020948	19.8023850339884	15.9086762271299
PRDX6 SNAP25	-10.4762310945966	20.8252943456737	16.4970623410287	-6.49675868745399	20.47437211597	15.5435518665701	-24.0212029430268	21.6015579394786	17.111235111743	-11.9913937951809	21.1112907960342	16.536280707942
PRDX6 SNCA	-2.93936988450616	19.2039414357632	14.5563028771502	-3.49568925226856	19.7346891704848	15.1713797382503	-3.40382103586071	19.9685000264343	15.2001574986226	-3.61774859853216	19.805804870594	15.2168704043022
PRDX6 SNRPF	-7.15998396892615	20.9063333562556	16.111606393677	-1.4782630465013	18.4774570444035	14.0230077829232	-3.83415970661782	19.9626050830724	15.815702740991	-3.55392268946094	19.7367394140487	15.3422555895766
PRDX6 SNX4	-3.27413590420799	20.122291292373	15.8746327988643	-5.83334725884336	21.0544751226609	15.9414313397877	-14.3020315157614	21.2062382919538	16.8274736464624	-5.99228519238511	20.7976483178609	16.192253066848
PRDX6 SOD1	-1.47391975383757	18.7628261730062	14.4637751450985	-1.31666755046884	16.826415891653	13.4004804049919	-1.30199226613123	18.3037728411572	14.4997396862287	-1.36251559573526	17.9673093325415	14.2295507201631
PRDX6 SOD2	-1.67781735194277	19.5550765544378	14.4656305982032	-1.49155387220341	17.9335569311815	13.1068006267074	-1.66344502818067	18.9564997115949	14.5699791162371	-1.69547390991105	18.9655665516138	14.234908608067
PRDX6 SOD3	-1.03401843126076	17.7619816763096	13.8752047350511	-1.72494575002313	18.9397787998888	14.1757265162469	-1.95738131541121	19.3491084348856	15.118774901101	-1.57278834380102	18.6291463046332	14.2330138296079
PRDX6 SORCS2	-4.9363272009189	21.018568382362	16.4850234762407	-3.13582085320631	19.9724546996898	14.5904861115656	-8.30224026094658	21.3365306815404	16.3971834922353	-5.68133073014286	20.8114288073876	15.9224745940339
PRDX6 SOST	0.40849129184695	13.8285468619053	9.85304955647056	-0.29126709420576	16.0965242111741	12.1805143290028	-0.19652839327817	16.6671255902235	12.8605611347084	0.12477787604647	15.4641881992828	11.4375246445911
PRDX6 SPARC	-12.232789799207	21.0879809016156	16.32499786825	-2.69703885822933	19.8136652633563	14.8042223152132	-16.4888870423346	21.1157290507723	16.6571046367833	-7.29034169112589	20.9578797292512	16.2096123888617
PRDX6 SPARCL1	-2.3091687962925	19.8258174825397	14.9259407032349	-4.34815950682084	20.018612229429	15.3032130344424	-6.61357910720175	20.5506219277334	15.9642074560622	-4.07689338767125	20.171066263693	15.5631249517366
PRDX6 SPHK1	-4.09710453136278	20.5665946843133	16.3913728820812	-3.29205516831856	20.1940644191778	14.8947386074673	-6.18665769780585	21.0635137707986	16.5367635041881	-4.20383251478074	20.6102422595512	15.9639228043114
PRDX6 SPHK2	-17.5499869788446	21.5276344277317	16.7853682077783	-3.13639280625423	20.3156093398649	14.8585102456143	-20.8634796871839	21.5682505504597	16.9413657540612	-10.0141159113362	21.2236047848805	16.3409245969551
PRDX6 SPINT1	-1.68212036944456	18.4391839281126	14.6238599236194	-1.19136463365506	17.9440840100567	14.0823719632767	-2.18285966905388	19.0620363440523	15.3514653961136	-1.74337395238604	18.4622848032128	14.7625595057504
PRDX6 SPINT2	-6.45344327597648	20.5207421665309	15.4208916177472	-4.45653979166299	19.9895196226823	15.1027802915943	-8.36287300347861	20.5721978774421	16.076907274949	-8.68284054134493	20.8003944259579	16.0341841002012
PRDX6 SPOCK1	-9.05055827223087	20.8753041026814	16.4862491539975	-7.54279092718846	21.5984184107907	16.3471114164312	-18.5773196312339	21.8836455996983	16.9252535375727	-12.0612271483086	21.5162976592524	16.7452415680753
PRDX6 SPOCK2	-4.09007989594385	21.3195081151433	14.7481156761589	-4.01964383854917	20.5978680575679	15.1774936870394	-5.77408783062379	21.7117589316684	16.0491601702662	-4.41417515366066	21.2382336607327	15.3621247913118
PRDX6 SPON1	0.215157818239031	14.3405110216131	10.8463690685107	-0.289869828603081	15.6436154781247	11.8508588015604	-0.0789027214720182	15.691850036776	11.9367908787067	-0.011915648375642	15.2016609681545	11.6934620116192
PRDX6 SPP1	-2.68336207906972	19.0850166313976	14.6343727860732	-3.43175330396643	19.6325539674285	14.6697147277344	-4.0016473074349	20.7022598293167	15.5749242583812	-4.26392808183338	20.1678514023775	15.3052638552381
PRDX6 SPTAN1	-8.76856503801633	21.0037432967779	17.1611985554216	-5.44853471341713	20.6581229867654	15.471680829749	-21.258493851053	21.6930414203199	17.1688698937755	-8.13496306032392	21.0523744040265	16.5405395031919
PRDX6 SRC	-2.60427335138599	19.5840864084662	15.0864054677039	-3.44003668069471	20.3393286131806	14.7514047584781	-5.66315147602875	20.659711292823	16.3988059212252	-3.74400665308297	20.2519225227375	15.5341974411469
PRDX6 SSRP1	-2.27100997175731	18.7177756912589	14.7319253164828	-5.9625437342979	19.7984572588439	15.4958778419032	-2.9548713469309	19.8297563688847	15.5110906531894	-4.94840005562054	19.6732504162807	15.7708255371808
PRDX6 SST	-0.185726071590807	16.7299343403188	12.5058260993093	-3.69576692869079	20.0519566086925	15.1813408757942	-1.86814095312363	19.5667782865305	15.0442527160231	-1.3148677302998	18.7164799588895	14.2274740600456
PRDX6 STAB2	-7.67643766459388	21.2411973154434	16.0450121305689	-4.46413500519465	20.3700259888048	15.335125407364	-8.97162414340324	20.9697576621914	16.2978401897701	-7.31124601330314	21.0551639787674	16.1026221497774
PRDX6 STAT1	-5.69016338502566	21.0953316888957	15.8653801487084	-1.78099723754898	18.6491723385239	13.7267399817269	-3.79232898056941	20.3856079967723	15.3809861719726	-3.34065245822166	20.1847566620649	15.1186591916904
PRDX6 STAT3	-8.56162320078324	21.0264689463745	16.6441969912229	-3.82331690125337	20.6356509734489	15.4351194893571	-12.4703755795917	21.5191096160955	16.8885559975546	-7.19478261110099	21.3261487950345	16.403770228552
PRDX6 STAT6	-5.12972861246351	20.1922611215372	15.9409262595398	-7.83897002114448	20.9551401228111	15.856121294163	-9.16803038279631	21.1701499015484	16.5207122307022	-5.58699134122266	20.8343639147876	16.1499874382452
PRDX6 STC1	-0.232456569297098	16.5985797523339	12.5332187759721	-1.95958910204079	18.6019569309103	13.7898681329411	-1.64479967540791	18.5448247548819	14.3264436800078	-1.05437434583219	18.0667790533801	13.7139982890996
PRDX6 STIP1	-6.80261649117187	21.15437212589	16.1269735153545	-5.45497049271994	21.0387598032659	15.8587237781075	-12.7864305747616	21.8661780547759	16.916868359724	-8.56231899528474	21.2635067624522	16.3541415402712
PRDX6 STK16	-9.35464778589024	21.076328658827	16.2055927817732	-8.48144989915221	20.5638652160631	15.732061413471	-24.7338845813075	21.7498093516939	16.9391920100796	-12.4714176107731	21.2882129591352	16.5346607262007
PRDX6 STK17B	-33.2380036988385	22.0479611640525	17.3791447284408	-6.81639406045296	20.653380671732	15.6365554257121	-31.7444321520151	21.8906681090186	17.1957216622081	-14.4263613848392	21.5715452806207	16.745351148398
PRDX6 STUB1	-3.67905613884908	19.5555623124203	15.4934342603438	-5.09977536902219	20.5826994742952	15.4427939468009	-5.26726665766102	20.3575391054542	16.1430560301566	-6.06925232624416	20.2636390697914	15.9886494842661
PRDX6 STX1A	-6.5511671861721	20.8004458073575	16.2507824108206	-4.03610018404517	19.7263676454068	14.5254022011465	-9.8152986167334	21.2329005685437	16.3393467050028	-7.11964677633563	20.7333293047239	15.8735460322344
PRDX6 SUMO3	-3.92439323808438	21.5363156804814	15.7020120287723	-2.02039554044489	19.2031813683056	14.3667535134113	-4.39807202256143	20.802953666503	15.8245308161696	-3.01121047735417	20.512893418646	15.34590015836
PRDX6 SYNCRIP	-17.4646971345803	21.469176466773	17.1246060773186	-4.93559256798106	20.2310632318056	15.1972695136494	-14.3928788475538	21.5548251484624	17.0034067426114	-7.98195788080655	21.0922245278947	16.4382318074832
PRDX6 TACSTD2	-7.37507385890107	19.9215567137556	15.958863936459	-3.56646865710837	20.0885035328903	15.5207231219368	-5.55903025345661	20.1235115673767	15.9922654461874	-5.4170653109713	20.2658369436508	16.0340572706314
PRDX6 TAGLN2	-5.26937303661634	20.9394074988015	16.3361489300554	-5.76384852405277	20.6149702483979	15.5334041617456	-19.6485519868435	21.7113034509243	16.9249572525963	-8.65578702970127	21.1616316780257	16.4653555864528
PRDX6 TBK1	-6.55489977075888	20.8430188505112	15.5830560285488	-3.326751758028	19.3227137022541	14.6607172951116	-5.95726052105256	20.6548668304081	15.9195809087886	-5.21353089921952	20.330507715159	15.5620545041868
PRDX6 TBP	-7.47019763403039	20.4674853076585	16.7011806258247	-5.04907583162689	20.1436880575931	14.9426182520004	-7.67212960758472	20.9095840076002	16.505287088041	-7.44210824191454	20.5006949988111	16.1638470324912
PRDX6 TDGF1	-25.7585717924404	21.7209126638189	17.0595275221701	-4.55036939368344	20.6435556612711	14.9543560777507	-14.7821038400679	21.7806827870448	16.713185617094	-10.5884534904536	21.3928036370247	16.3360543666781
PRDX6 TEC	-2.89079360213834	20.3901348248802	15.4592529855923	-4.52531246030075	20.5994763161868	15.2686391604118	-12.5870714910483	21.3654127499269	16.8196876872486	-5.7240268300166	20.6404576630398	15.8928203625974
PRDX6 TEK	-6.79274287847796	20.7486658782185	15.9352272096053	-4.04701333004951	20.3964325312371	15.0426776775118	-9.25780702415977	21.4758590909246	16.3199324628651	-6.13566215961643	21.1407390251404	15.9810125690202
PRDX6 TF	-1.33289214453203	18.6183046870959	14.2818799783678	-3.02260370215082	19.1935133196907	14.6881317470752	-2.46014446152313	19.5222059252427	15.3411187748377	-2.14306741811615	19.0401881882481	14.7385124219436
PRDX6 TFF1	-3.26884840073946	20.2802246879982	15.6053691114705	-4.91074234268574	20.2603810529228	15.1486158507346	-5.83402968875039	20.4557919430238	15.7381334346976	-4.97360116642529	20.5428258986755	15.7975374770988
PRDX6 TFF2	-3.10537106551458	19.7053483525339	15.2223997327259	-1.75639919375358	18.3571345631351	13.7059964055288	-2.88290348167311	20.1161499708669	15.2617537373117	-2.38560691373732	19.3497266670725	14.703552895155
PRDX6 TFF3	0.149440726879716	14.4454629875743	10.2220393629668	-0.18621974023732	16.1027128181071	11.8241801991752	-0.0137358566759025	15.5634022488207	11.449945655325	0.0656903585842964	15.3453071760958	11.2324614298195
PRDX6 TFPI	-6.85634398670471	20.5213672363264	16.4517283858331	-0.786997657142443	17.0877697717099	13.5584302615256	-2.96488194507852	19.8218084165647	15.8002446084829	-2.75380615444324	19.243419791782	15.5370898689191
PRDX6 TG	-3.16435258573069	21.2334714107661	15.9400726386979	-9.00539709493408	21.081241095403	15.856348406136	-9.51758416330205	21.5430013306494	16.7823528536618	-7.43646754600662	21.1271609993784	16.3107562221479
PRDX6 TGFB1	-1.71262547099851	19.8933551615965	15.0566318224915	-2.17184516659397	18.689897435283	14.0779466025133	-2.29277693128147	19.6157732831115	15.1809006938374	-2.20581196544263	19.4904873796038	14.9693901968999
PRDX6 TGFB2	-3.35129143822242	19.5421690210891	15.6776648588021	-7.42367496618997	20.9075007143574	15.7845362831323	-9.27652679734674	20.8431142295885	16.3782503257713	-4.72400804634947	20.4661576768909	16.0639509867726
PRDX6 TGFB3	-2.63690304838542	19.1814265046563	15.3676269191931	-0.856730292356921	17.1733984993404	13.7226873692192	-1.87705599470938	18.977316270164	15.3002319950745	-2.02071254067084	18.5206686381039	14.8930395962512
PRDX6 TGFBI	-7.0606288153669	21.0714873878866	16.3347118234298	-4.92976233300431	21.2021810349559	15.8799645439445	-9.75334879302225	21.4356483050741	16.8235191074901	-7.33737833890404	21.377672000296	16.519448737138
PRDX6 TGFBR2	-3.82909820596304	20.2158346078282	16.2471659903846	-8.62634046034599	20.7732503795648	15.9957048711482	-23.99667886398	21.7497012820381	17.1939296879802	-6.56671078166275	20.6587182100563	16.3843159470487
PRDX6 TGFBR3	-3.8161698172134	20.4920889031786	15.8776204500471	-4.04566906740092	20.8410886022578	15.5616931099187	-7.53928406525737	21.5975053772403	16.5324573690984	-5.89882628661537	21.1456128142474	16.2653872579243
PRDX6 TGM3	-3.50523770857119	19.9561249291746	15.1127752666775	-4.04155086743664	20.0978650735597	15.0825685765599	-8.87636857525291	21.3205955796286	16.5483189998304	-4.52774907577199	20.3822240223826	15.6969230168418
PRDX6 THBS1	-6.59760096527725	20.5766459966171	16.45122798815	-2.13023957980121	19.2095324659547	14.5662324229188	-4.78833980130634	20.0356183714432	15.8960858414228	-3.86304417959687	20.0889645479577	15.8537186850403
PRDX6 THBS2	-1.15755580663555	17.8051255071795	14.1086249736878	-0.936032332226729	17.6186374553616	12.3917276573363	-1.67245079614865	18.8935120959605	14.4260841341129	-1.09403214016908	18.0603273513444	13.5969629731466
PRDX6 THBS4	-0.275142671129558	15.2066640318003	11.806357427749	-1.17020520744876	17.4730090573928	12.8762417766897	-0.742621954479502	17.1898012439105	12.9703427853052	-0.739983161115835	16.749491759362	12.7533454644232
PRDX6 THPO	-1.97918430301438	19.2711449915182	15.1999126021841	-4.26397194372252	20.2222980509084	14.9687247150677	-4.81261952880795	20.0982416420297	15.7299400633763	-4.37906106504051	20.1323827476214	15.7351841989209
PRDX6 TIE1	-16.6273574611455	21.9778358893808	16.9778618568981	-3.56000720886578	20.6974762278173	15.1886425651774	-11.0869717417507	21.6502998762097	16.7804684511952	-7.32264841520811	21.5376967058988	16.3327995041514
PRDX6 TIMP1	-0.0202917444091033	15.1794619358891	11.6004135330177	-0.688723187161872	18.6791361569916	12.5951665760129	-0.402092120567251	17.1597681677181	12.4099619865209	-0.374385704115721	17.2592739418168	12.3554538088725
PRDX6 TIMP2	-0.382854378883835	16.6915731385162	12.824750686983	-1.94419138379197	19.159972695806	14.0501398636318	-1.82702474823899	19.0225328956599	14.345994134213	-1.46679950120846	18.3368639261065	13.949295929701
PRDX6 TIMP3	-11.2217799844756	21.0126800204357	16.2977426806632	-2.45366191595304	19.7105352925096	14.5118529395817	-9.47364688430621	20.9855121119594	16.1826615824762	-5.76466132602229	20.6686382954591	15.8256491733433
PRDX6 TK1	-17.3102880437863	21.3897906377635	16.9652646013147	-4.82716813173641	19.9371775282407	14.9493037410449	-20.8700695905124	21.6494264576154	16.9346756104167	-9.22385792840464	21.0343854503024	16.2444421486074
PRDX6 TKT	-4.74623577992241	20.7218432738734	15.8435061771782	-3.02590481178284	20.5200832919092	15.5325089893109	-9.59941990404971	21.7276680104066	16.6460517131636	-4.73270864134698	20.9546900973566	16.0824232633198
PRDX6 TLR2	-4.44534012052169	20.3198404359545	15.734725886455	-13.1627576346527	21.1355439586917	15.8640019037064	-12.6734998049898	21.35848288037	16.5186594362291	-8.12365377582101	20.8883902188002	16.1518373423439
PRDX6 TLR4	-27.789664430259	21.7280359968289	17.009768644766	-4.42115534137367	20.5055400803914	15.3965960596224	-18.1176291818963	21.7326446801919	16.6465874149429	-11.7520315396266	21.4195677510458	16.613705654918
PRDX6 TLR4.LY96	-10.0602238263585	21.9754983311571	17.0085887448419	-5.74609005218624	20.7706570031315	15.8676250675677	-11.6704682217734	21.8064258054814	16.7888801424246	-9.20275572591045	21.4524590241531	16.6853962866517
PRDX6 TMPRSS15	-3.30335526456526	19.414477415526	15.814943688029	-1.71516464117828	18.061274015569	13.8878753558207	-2.65354261191835	19.5734701116055	15.5418788137934	-2.84187964617495	18.9573439381538	15.2470013590694
PRDX6 TNC	-7.89522719015555	21.7896712562715	16.205801547222	-4.44106222913212	20.6623831569115	15.502009968828	-20.0510354269438	21.8853521583931	17.023718651046	-6.76493978915908	21.3080149827685	16.1425032690107
PRDX6 TNF	-0.137279441488924	15.0502750257146	12.1262945242534	-2.62199533622268	18.7179338302495	14.5691785719604	-1.13091048609885	18.3642092344873	14.2301808541237	-0.9105322009503	17.2781110663903	13.6625231711566
PRDX6 TNFAIP6	-0.710322687531275	17.6413074941951	13.3696802858978	-4.10733708841769	19.991540848111	14.7873318788482	-3.40445251543462	20.3000471021395	15.4476019317866	-1.72135875521211	19.2795882972807	14.4443604139113
PRDX6 TNFRSF10A	-4.55810245472561	21.3173119035637	16.1330059428314	-4.26910798554181	20.1059944809607	15.2218195949521	-13.2968045884367	21.3500474728349	16.8368651618316	-7.82390775466545	21.1365011145944	16.3395586584118
PRDX6 TNFRSF10B	-1.27455985141336	19.5969897768957	14.6618273560671	-2.2151680861627	19.18454901498	14.3567337416441	-2.15222391628071	19.4667336015541	15.0999678323631	-1.68121518823551	19.3276853511751	14.7960489262061
PRDX6 TNFRSF10D	-0.794786881916706	18.0094570938468	14.1283537880885	-1.75581125917457	18.5121184384239	14.5607034789887	-1.36134093502903	18.8789406484047	15.2242593579916	-1.17804431918514	18.5203626707216	14.789698839981
PRDX6 TNFRSF11A	-1.35500454986989	19.1248730457824	15.0653967364018	-2.21767024103096	18.8156595818215	14.5803662918309	-2.87548191255501	19.1909805189452	15.6808035812219	-1.74764991701437	19.2067492596896	15.0905812001253
PRDX6 TNFRSF11B	-17.7718927442013	21.6090220180109	16.8374568807074	-5.24760906066686	20.0710274512555	14.9708562067898	-26.8616426046517	21.5922689036596	16.8469137188831	-9.52905511057895	21.0733055532896	16.2435840158801
PRDX6 TNFRSF12A	-5.44550084665738	20.4153168363866	15.9553319170825	-4.43033348746796	20.5084087741403	15.060017012821	-9.54088814854193	21.2452493357044	16.3867125581289	-5.91119915809479	20.748263142483	15.9662805460379
PRDX6 TNFRSF13B	-0.648841441053154	17.5152541654807	13.4887262233529	-1.51002600107259	17.9918132832544	13.7047205645439	-1.37152358167419	18.183514230601	14.4189091732736	-1.00300166374192	17.9077806272304	13.8464069695387
PRDX6 TNFRSF13C	-1.03093856318653	17.9918188373242	13.6893101882022	-2.10813459211752	19.5362527573536	14.2802939438182	-1.91887497549433	19.4225582190558	14.6114235976431	-1.93680484952699	18.9953291192945	14.437725743792
PRDX6 TNFRSF14	-1.71326448270846	19.6918080607695	15.3055426746491	-2.71659491147676	19.2807450749808	14.6797020842067	-4.01526285249465	19.7500495588449	15.7031533656896	-2.46802309969903	19.4967459072669	15.2010186125609
PRDX6 TNFRSF17	-2.39793750632166	19.5398803552265	15.6725763881014	-4.35407956450403	20.0361082259534	15.15676109542	-3.50998573117788	20.5100714413038	15.9099555508781	-3.5258428937108	20.0809034164313	15.8744533496146
PRDX6 TNFRSF18	-2.36712471960315	18.9480544846815	14.8956780350627	-8.19121877772641	20.6752485571112	15.3094474934153	-6.0964690002373	20.6377538626937	15.8828008859982	-5.19139423850334	20.2081104651593	15.4621895240492
PRDX6 TNFRSF19	0.142790820004508	14.6605276077509	10.713129430435	-0.595186654053438	17.1851908497257	12.4889529277634	-0.27668635841213	16.3738737963693	12.1364922614727	-0.241108221537025	16.1952444165368	11.9298171349664
PRDX6 TNFRSF1A	0.357356726765004	13.249177053094	9.87285829366335	-0.172889644833481	15.6914851731487	10.8968041675486	0.0590552723391307	14.7922551202188	10.8286837990247	0.124763634341627	14.6180091639068	10.5285215920906
PRDX6 TNFRSF1B	-0.0107052217251049	15.425118766651	11.0276824756087	-0.273793168719475	15.9012697243359	11.1475582502146	-0.198611053904472	16.1800822899027	11.6238182086931	-0.165374069745342	15.9005805616883	11.3907646076085
PRDX6 TNFRSF21	-0.954834678124238	18.3977846359552	13.6266274522537	-3.51941165944195	20.3166554433377	15.352440669107	-3.25744201749128	20.3723023681998	15.6261886808743	-2.4284964387395	19.6680115817487	15.0833435075919
PRDX6 TNFRSF4	-0.111613297017841	16.6167774847543	12.500554586702	-0.136349429302702	16.2971179917613	12.3479796312744	-0.158347142661186	16.7428404829544	12.7788543138393	-0.157058832205106	16.6542649106441	12.7116835704067
PRDX6 TNFRSF6B	-1.12398173885964	18.6984220061233	14.5875143545873	-4.2096883958939	20.5121086554233	15.320161844414	-2.39647942118547	20.324180995041	15.7598356990613	-2.08927586785956	19.728764638235	15.1828716242572
PRDX6 TNFRSF8	-2.53184791513186	20.5332315834773	14.820939886986	-0.179680642489868	15.9953128705995	11.4931679814057	-1.26029419821581	19.6005718704397	13.9367652119417	-1.12784814544291	18.6846240652845	13.3556572974884
PRDX6 TNFRSF9	-1.2124328994547	18.6213749619443	14.2668266505476	-0.212568564473793	16.3381089745655	11.3627591746392	-0.640036512885844	18.3514512175184	13.5468009431571	-0.72135167109397	17.8743793686012	13.1615605994216
PRDX6 TNFSF11	-13.1465918790733	21.6849565119547	16.809208040111	-5.04430271417516	19.7343548701491	14.5412357105901	-13.1655362180869	21.4871348208486	16.629538292016	-9.058068413915	20.9326390832897	16.0659447586284
PRDX6 TNFSF12	-5.8262745590608	20.3699078732676	15.5977443310626	-4.43747149933531	20.3065644205835	15.7995105575152	-9.66326565558457	20.9966176928747	16.5078694910927	-6.02846583725384	20.6871689380242	16.1636196218209
PRDX6 TNFSF13B	-10.8709061081682	21.4390341443683	16.6045193538469	-4.67736351275165	20.615718991843	15.2758168520367	-17.9928508326101	21.669806221958	16.7328835166814	-10.1546482048544	21.2872826760139	16.4203273193805
PRDX6 TNFSF14	-8.50469718466338	20.9313413608341	16.6807380614398	-7.18602599812949	20.7295351400617	15.6524181730839	-8.70800288020253	21.1394931331162	16.321263473242	-9.12949189772044	20.9881816328828	16.3891495322262
PRDX6 TNFSF15	-3.08822559362694	20.66927483715	15.1116884778653	-2.11944735619205	18.9570347044318	13.6249082528876	-3.11442640761021	20.1768088295059	14.863503237896	-2.64733356954504	19.8586017157008	14.5653277476474
PRDX6 TNFSF18	-7.52660023312728	20.8382003718488	15.6099919527627	-6.31447550375159	20.9632772590703	15.5684268713603	-14.068554965271	22.0211311939909	16.8745599595346	-8.34359339617419	21.4046571688244	16.1565492493668
PRDX6 TNFSF4	-10.2706492875401	21.2670509689992	16.1990840383184	-6.40296041177699	20.5537820843939	15.7415598941681	-20.2426769583946	21.8649713403152	16.8008836366143	-13.764537592549	21.3672387943065	16.4936415166428
PRDX6 TNFSF8	-3.639638043015	20.5665444146249	15.8807229867145	-8.1521487520796	20.790056394993	15.8330837093014	-11.2818025904606	21.4744165324776	16.7688194380552	-6.49055250949524	20.9960810576221	16.2867985409292
PRDX6 TNFSF9	-5.79593781303167	20.3051499065167	15.5456570908486	-4.02608428639164	19.6592227471185	14.535041989081	-7.73909556136527	20.6954445699218	15.7156324947358	-7.11092937431667	20.5672154544952	15.7810243611136
PRDX6 TNNI2	-13.1750845587485	21.4248327203588	16.8939483330236	-7.88318921384655	21.047298524849	15.6761397023582	-17.040618110905	21.903592243071	17.1491485446368	-11.8046724411758	21.4935628585398	16.6677352225278
PRDX6 TNNI3	-0.804223971300556	18.2905530153673	13.8478683753173	-2.50839637196888	19.3025123933043	14.6659134779517	-1.84541103066089	19.3030078919717	14.7141410457762	-1.50023982451917	18.891392477855	14.3963511117113
PRDX6 TNNT2	-0.334779691424165	17.4224737932459	11.9639370681487	-0.220377488297986	15.7379962607433	11.0470348880408	-0.679401151364319	17.4845866279564	12.4437074601435	-0.383270363408254	16.8339312281535	11.8220606471989
PRDX6 TOP1	-4.22356828685392	20.0965542657671	15.0957925331253	-3.18401711113542	19.6923069463667	14.486254533499	-5.32139937877548	20.6135357689511	15.8136560730622	-5.43300560197361	20.3854617446403	15.354920848893
PRDX6 TP53	-3.23226812833465	20.1331561777729	16.0876097985231	-3.99113137127689	20.1213799426018	14.7556318953778	-16.0867708413068	21.4486681026717	16.8172663171825	-6.02465920711473	20.3930701027192	15.8359985099645
PRDX6 TPI1	-3.6489248735416	20.2452457938621	15.2523106488146	-3.11099484048023	20.4706196366679	15.5317505946108	-5.90632374614834	21.1785394672467	16.3061726482486	-4.18728933770714	20.6321308572949	15.8063641575486
PRDX6 TPM1	-7.60295816964351	21.0622694994083	16.5455187155499	-5.90426726617938	20.1798322777508	15.133370059117	-12.5698988778027	21.1944189455021	16.5299210456242	-8.34189370555018	20.9432648263281	16.1418037316746
PRDX6 TPM2	-20.9863617868123	21.6551742496381	17.0086974340304	-4.81574986656509	19.9472198837032	14.7684759769211	-11.8675161353593	21.1013415019191	16.4576235138757	-10.0192303588092	21.0076094535258	16.2057595897885
PRDX6 TPM4	-3.42019491505844	20.2122047927168	15.9795357002705	-5.07160634259341	20.7462838109043	15.6267422177899	-8.18371804754801	21.0343877730087	16.6879692112483	-5.23314219061117	20.635882088986	16.1368386054962
PRDX6 TPO	-16.5976067301629	21.4022339760559	16.7692324923476	-3.72856085004641	20.1505367298858	15.51751811674	-17.7693716802596	21.3500412497521	17.0058249613493	-7.79413835953318	20.9824269899861	16.6136684210301
PRDX6 TPSB2	-6.02446910508229	20.1645291933424	15.8513090958316	-2.77114879506277	19.9107558102515	14.8534275691255	-10.2728517407929	21.3233751209172	16.6763163983971	-5.33786537208538	20.4736300148456	15.8929326655099
PRDX6 TPSG1	-4.75548470208386	20.0703823109019	15.6812229232847	-7.74481258794607	21.3572115079965	15.8974036272448	-12.5155712819137	21.5258836659348	16.6432307114124	-7.42348960256728	20.9304719847055	16.2735761233931
PRDX6 TPT1	-8.64884180200364	21.9087712493601	16.7075620685063	-5.31520683078974	20.7665190829717	15.8729203096134	-10.0086816264895	21.9728233535989	16.8304435735152	-7.40283022542591	21.671528501702	16.615802283328
PRDX6 TSLP	-4.2534796163168	20.3316704493595	16.1548725906322	-1.68272661881155	18.8023819639744	14.2022928534877	-3.62872132039272	20.0021614881511	15.7634976121975	-2.73721547828143	19.6990748201295	15.3231577499356
PRDX6 TXNDC12	-6.91848326876558	20.9686660792462	15.9358347689645	-2.92547453553711	18.810848511506	14.0995101391921	-8.36612482170402	20.6663931109919	15.9795506532558	-6.42361609968098	20.2284017003374	15.5177041267586
PRDX6 TYK2	-6.50008912733471	20.2556020997753	15.7636061138961	-2.94428686876273	19.467801898559	14.448620242485	-7.50490239411253	20.7523243800578	16.0879586200433	-4.71624963974579	20.1392302060596	15.483976499928
PRDX6 TYMS	-7.51095558017051	21.3373265258923	16.5608156879037	-4.7284958623277	20.5922808265665	15.2142362431618	-17.1503852802486	21.8059341400841	16.8369394806263	-7.06763187099196	21.1491936154788	16.1683454608639
PRDX6 TYRO3	-3.24381025089509	19.8737386250103	15.7644568334852	-5.96608931612993	20.0736129819652	15.4736324493049	-6.21199289027534	20.7448277883368	16.2370028511996	-4.42776922650675	20.2086767078669	15.8748308432754
PRDX6 UBB	-11.8332875020033	20.8535789125907	16.6034538559666	-4.19629514296707	20.0307130161508	15.0060776755286	-10.5113615408482	21.2207740304264	16.6072556136115	-7.39935091394199	20.7301382537855	16.1538214328724
PRDX6 UBC	-1.95573637079072	19.1112334267983	14.9056445036638	-2.56231719816124	19.1666501876322	13.7988375386783	-3.45381013954335	19.8066915833123	15.2385537379098	-2.36611695651934	19.4661593205568	14.816283371537
PRDX6 UBE2G2	-3.97695147939414	20.3475455853932	15.7556875199904	-2.73392619046482	19.5775947877382	14.2553642035295	-5.86135079482789	20.7426380421404	16.4045039630503	-3.86610351178961	20.141181708995	15.3318486779469
PRDX6 UBE2I	-4.24777562111134	20.6796147043016	15.9952710911447	-2.34735411991258	19.4420829153523	14.7517983594946	-3.9067324223071	20.2673518565673	16.0091781803054	-3.75713562389273	20.3080730579891	15.7642380612996
PRDX6 UBE2L3	-4.84469899343215	21.5718101696373	16.5589293334981	-3.10768286457235	19.8522360241129	15.1139120818151	-7.06340980771384	21.1486498343466	16.6545183861148	-4.70737510117716	20.7628451764053	16.231325723266
PRDX6 UBE2N	-4.98215486190754	20.7316318765986	15.9828021539399	-3.56509362239076	19.5341153327198	15.197140878849	-5.74028462978527	20.9935649487784	16.3854943272677	-5.09976525278837	20.5241662365977	15.9430342136363
PRDX6 UCHL1	-17.9228619612109	21.2804980796226	17.0643624940852	-7.40622537800209	21.0583300654668	15.7860203401908	-19.400334089267	21.8163618717678	17.0922680680626	-11.0337973247682	21.3538775123891	16.7242063292032
PRDX6 UFC1	-2.7881552938342	20.0234656234599	15.7198938500336	-4.33048717105419	20.9711643394625	15.3329751204936	-12.3131848136863	21.5570002665226	16.9712252312513	-5.87185967950617	20.9480903392353	16.1062397713956
PRDX6 UFM1	-1.1123257281214	17.9950059139582	13.9202151288668	-3.80910434804563	20.3586055790127	15.0448033639727	-4.28073891973054	20.2863439538034	15.8035987562456	-2.58456323500204	19.5025481101159	14.8765229978162
PRDX6 ULBP1	-9.34769182434279	20.2857385363265	16.0537512783583	-8.56710846975487	21.0561966128205	16.0975783301136	-12.2814945230591	21.3267094272932	16.4361961991429	-9.45995735764146	20.8806078355931	16.3532660289075
PRDX6 ULBP2	-14.0205538161497	21.4552969153944	17.0111327902523	-5.11678155000508	20.3343573705413	15.0390023923482	-11.9941207781757	21.8332917454739	17.013253383481	-9.38952568497721	21.2720285512398	16.6459951412328
PRDX6 ULBP3	-3.52027251534997	19.7817189020051	15.4954512426782	-1.61882076346838	18.4655809477887	14.1174045037028	-3.21587715491437	19.6154529299181	15.5291186152166	-2.53505655167212	19.383428438164	15.0867711942074
PRDX6 UNC5C	-0.568638655646828	16.7683270236601	12.9090906139744	-0.0705662273085395	15.1914202814453	11.0214797601148	-0.449443014191424	16.5758627056399	12.6245227789339	-0.25855957377971	16.0785021147148	12.2254515582214
PRDX6 UNC5D	-2.44520235602032	19.571548711327	14.672735749493	-5.1990380266516	20.3447974189203	15.1716465817524	-13.0192033939052	21.2182576034584	16.4999627998545	-4.6997363821977	20.4906766005859	15.518374541893
PRDX6 USP25	-3.45522029075492	20.2820595610154	15.7325988762504	-5.02697197130895	20.8287735597449	15.4159816449517	-26.1821586976588	21.9587577740762	17.0986542088135	-6.08020268627322	20.8914990725762	15.9835751752429
PRDX6 VAV1	-3.57933448393018	20.0634560117202	15.5641427552505	-4.13935802486144	20.7459116648063	15.1637470833405	-13.0525102870025	21.3259885592781	16.7912150370529	-5.07438045812546	20.6912766045737	15.8376122813632
PRDX6 VCAM1	-0.829951945172149	18.2707869104353	13.7412280838693	-1.24376026349652	18.4745939103118	13.9154759111326	-1.53961793168159	18.9141852613771	14.4825826792381	-1.19208152421803	18.7096035574493	14.2321412241544
PRDX6 VEGFA	-0.530266135100467	16.9309468527442	12.9579204908174	0.0794356117123192	14.431790175058	10.7489209214975	-0.109441064810485	15.909532363224	12.2377362820984	-0.230386116263753	15.9585804648222	12.1846050365273
PRDX6 VEGFA.1	-11.5004883367804	21.7445116320355	16.6789479484154	-3.29972601097087	19.9855974055697	14.6294005827337	-6.27866657172931	20.9353802066358	16.4129801995979	-6.89039119184816	20.8955357016989	16.0266104621368
PRDX6 VEGFC	-0.444108426110532	16.8791933253493	12.4558262363702	-0.42750529129437	17.1180737350663	12.4149371779703	-0.529898936935726	17.4247042921517	13.0719092697539	-0.501217467717505	17.3354686495188	12.8675174373834
PRDX6 VIP	-7.58254138214633	20.6928666136911	16.2181492951109	-1.34655948266496	18.6690068053029	14.0954229942464	-3.6149999827693	20.277360137835	15.7059014019581	-3.18486872114762	19.8363321046914	15.3006182044598
PRDX6 VTA1	-10.2578178030806	21.3174839421613	16.9096469275017	-5.28833235146074	21.1513594366471	16.0091054812962	-24.2452548476401	21.983646533752	17.2279677009952	-8.49140838536422	21.504898260123	16.7514100019743
PRDX6 VTN	-2.57274742847696	19.7540243551178	13.8133086095872	-3.78283441483276	19.5176671389859	14.9422111267767	-3.00958886460565	20.1902242731406	14.9340734802155	-3.36433047645191	20.0801367870673	14.7855477597908
PRDX6 VWF	-15.0311394365009	21.7466058883954	16.5329232808533	-5.83666484093432	20.6544807538041	15.1940788466331	-15.3649071651081	21.9231698831668	16.7293399265893	-10.0792470003615	21.5622538690407	16.2974379984491
PRDX6 WFIKKN1	-2.37761881628819	19.9143875171242	14.5961305187565	-5.1587070457612	20.404254886987	15.31573787305	-3.22459213357994	21.3275583397109	15.7559324524643	-3.20565277109563	20.5463265593487	15.4249512589792
PRDX6 WFIKKN2	-9.55418782295885	21.9254196080287	16.7231390664551	-9.40085551062367	21.0967464787611	16.2607984979493	-34.177577878866	22.0911458854492	17.1567393277924	-11.1161125300983	21.7784315148058	16.7924814483612
PRDX6 WIF1	-7.37819133579472	21.0561396237724	16.8159018929417	-4.344644402975	20.2532446315699	14.7952194853922	-16.1318313061607	21.6601045906939	17.001090234209	-7.13357117109892	20.9113982979478	16.1619116160308
PRDX6 WISP1	-6.74438432726789	21.0620914627139	15.9688998855164	-3.14487948483247	19.8745380497243	15.2451395159647	-5.14418988634913	20.9377667517546	16.0403072070868	-4.60481122633807	20.7285502828154	15.9026796712419
PRDX6 WISP3	-5.26527106317438	19.4691336295237	15.9612009941563	-6.07413073748424	20.6144611661853	15.2918084199084	-11.5186942888195	21.1102156885679	16.6289073101155	-6.92415482532907	20.3176758611254	16.0182709653655
PRDX6 WNK3	-8.46866212262646	20.6581307020351	16.1958584464986	-5.230127005313	20.5912413489065	15.5987468162496	-13.2421708533937	21.1786001847451	16.9718252255051	-10.1328662507671	20.9412929860636	16.3776104028297
PRDX6 WNT7A	-14.4653161481753	21.2895589924949	16.8461213914251	-4.39665081939361	21.1556021740774	15.2516992092122	-34.9332136161315	21.8693921858692	17.1793421355986	-8.49252092751596	21.4654476476563	16.4580880345328
PRDX6 XCL1	-2.74906575614899	19.8393318198126	15.4490625290657	-4.87234067260775	19.9396223729212	15.2516030363791	-6.11426859446021	20.3185042788948	15.9518323524969	-3.59129873805673	20.0157783339384	15.5098392613223
PRDX6 XPNPEP1	-0.734573481991065	18.0611805317155	13.473507194203	-4.48957765610773	19.9438134370422	14.6635153450518	-2.18824603614556	19.5049178003483	14.5427366201608	-2.0247679081893	19.3982383506418	14.5246016314772
PRDX6 XRCC6	-8.01193454623738	21.6696718965806	16.1892271867248	-3.70872763054843	20.41964671222	14.4977668986464	-12.3971225488797	21.9088787679195	16.8646260325829	-6.40917021583954	21.3304393646747	15.7945004178
PRDX6 YES1	-7.69155081940754	20.8848078591311	15.7179366378819	-0.922794922407786	17.9289661071238	13.0759712919916	-2.24317981835803	19.6039324752886	14.8550406613837	-2.52368048187268	19.6899164273148	14.7002601513794
PRDX6 YWHAB	-14.3820126255072	22.0642889754611	17.1879311412304	-6.19680079105707	21.2052153129539	16.0624289333692	-24.0850701245894	22.1592429687026	17.2022038709483	-11.1746569044257	21.7927773343618	16.8870844725667
PRDX6 YWHAB.YWHAE.YWHAG.YWHAH.YWHAQ.YWHAZ.SFN	-9.73600892493714	22.0460785205937	16.893521321465	-5.60186260736208	21.2959055088888	15.9846085509251	-18.5347831305772	21.3622794715959	16.9779079613728	-9.07610864096615	21.7816548812836	16.6545634434636
PRDX6 YWHAE	-7.37752983504906	20.8215238086626	15.8753929773986	-3.15883437299042	19.4822064482697	14.6479223931288	-5.12617584361263	20.6566961730201	15.7972005010517	-5.95410573422095	20.3866314424068	15.7306171527944
PRDX6 YWHAQ	-14.8670386122502	21.06271203193	16.6905766082154	-6.81591019997133	20.9221461052848	15.7760594042889	-17.5420405759387	21.5958500251257	16.9335569202405	-12.5027749189458	21.1611795531983	16.5240180122478
PRDX6 YWHAZ	-4.09533754700635	19.9727652748321	16.133883712213	-5.61663325374583	20.5748012009838	15.4873523773752	-10.5590530843656	21.3235724579125	16.7485806387312	-6.38323268975782	20.6448577492359	16.2082520819386
PRDX6 ZAP70	-12.4101543676643	21.0038764049342	16.5759825807914	-3.97608232756993	20.11399496328	14.8062484042264	-10.3550520007634	20.9724981149622	16.5464527553225	-7.66703909938035	20.7629830083363	15.9406630184587
PRDX6 ZNRF3	-6.35262850090386	19.9527851708395	16.0212427702635	-4.43457615174433	20.0703269854543	14.8171448588307	-16.5622048311171	21.2619855885805	16.7305076113438	-8.110844734303	20.4662476785498	16.0868497216236
