protein_name	r2_male	rmse_male	mae_male	r2_female	rmse_female	mae_female	r2_all	rmse_all	mae_all	r2_all_sex_adjust	rmse_all_sex_adjust	mae_all_sex_adjust
PRTN3 PSMA1	-2.97959476617603	19.6507797111673	15.2094172347235	-1.69204692569237	18.9258091214451	13.7209074791318	-2.62776945646776	19.9719192163672	15.4942527541878	-2.59551089023704	19.3918632163974	14.7750545464646
PRTN3 PSMA2	-4.05918437959819	20.0349252057211	15.178963178888	-4.67804774978556	20.089099673758	14.8649583434486	-5.20115148662529	20.6270135216418	15.7624750124516	-5.44320867011003	20.3538883737542	15.5064175964219
PRTN3 PSMA6	-4.49735826471894	20.0251578490091	15.5711330009211	-1.65826168852497	18.4991926852655	13.5148445309728	-3.60026923127703	20.0416789848591	15.6097727579175	-3.34556056843748	19.5725166999313	15.0711713670181
PRTN3 PSMD7	-7.47923181603899	20.4602828577176	15.9613273645294	-5.71642623164405	20.3373764370924	14.9990099009225	-7.98719094853114	20.7041544172454	16.1716299483247	-8.62292044360779	20.6905795888433	15.9185232441198
PRTN3 PSME1	-3.32726864318496	18.9815802455374	15.4774773017265	-3.02377279502995	19.2833800292435	14.6220176922007	-3.43245845984251	19.7570623318042	15.3577575948514	-3.61171333796105	19.3907816484869	15.4431256259645
PRTN3 PSME3	-0.835349233469866	18.3343106186122	14.2588036776939	-1.07248108990275	17.7602573956899	13.5942315803878	-1.18588418193253	18.7939694079242	14.7923009098297	-0.896545759438987	18.2576742021937	14.3506910425897
PRTN3 PSPN	-6.92984934528267	20.3153512444485	15.6929664822037	-2.81264587560005	18.8599360347148	14.44078140866	-4.77145536959731	19.8591278235228	15.5507693441468	-4.78602251886898	19.7061031619322	15.4636117298096
PRTN3 PTEN	-4.43170764751174	19.6840820560181	15.8193774163452	-3.44325660810086	19.0484340261536	14.5138856075723	-3.38447419082146	19.6700907444863	15.38823851249	-4.41366455009884	19.6770156989928	15.5128517501241
PRTN3 PTGS2	-5.69890418207042	19.9669970100267	16.1636254106472	-3.10464714995307	19.3003261893911	14.2529862655638	-5.18853246778944	20.0626060187049	15.7405760124068	-5.18145516699149	19.7878068791682	15.613061775986
PRTN3 PTH	-3.41615833112106	20.07243349581	14.9518580928581	-2.18790870447663	18.5326418381297	13.6860170602495	-2.8924080906151	19.6308550539643	14.65068874881	-2.89277356098767	19.545513853161	14.6200550863177
PRTN3 PTHLH	-0.394894692619607	16.4937145233708	12.5016346020803	-0.374102680342096	15.7588116622932	11.6852795051167	-0.377391185013086	16.5769307166215	12.7524498791851	-0.413175630133556	16.4389515095661	12.4184412140769
PRTN3 PTK2	-5.66797656502685	19.7015180686621	15.8534432653108	-4.13472756533661	19.5067899560687	14.7913007259739	-5.2323364641508	20.0727092370933	15.8181487646012	-5.40271346311885	19.9609974007632	15.6976514003443
PRTN3 PTK6	-3.49944599230681	19.3989971813609	15.5796749344848	-3.52855750526836	19.1727994750295	14.2449739865077	-4.75889518100457	19.8411782322113	15.7847398026931	-4.09370104645261	19.5501937400714	15.3045085511429
PRTN3 PTN	0.689165648943869	10.3360433289572	7.71186032873262	0.68684328551271	10.3022537321787	7.72170934529851	0.653803558806817	10.8929507211834	8.24911401102314	0.692754751999714	10.3863704359388	7.85265415974646
PRTN3 PTPN1	-3.0740653281133	19.0888150436473	14.8063386724517	-3.37693606819722	19.3135236553083	14.4152841823968	-4.65739241418481	20.0711637829049	15.5242117218047	-3.9737749970291	19.507735120419	15.1876851740212
PRTN3 PTPN11	-5.45082937195407	20.0683879859269	16.1727708440467	-3.66297636277776	19.6821735121583	14.3448569739427	-4.52698539359137	20.5039361395825	15.9296424012092	-4.48513144887433	20.0940645825652	15.5342274376135
PRTN3 PTPN2	-5.3416540560512	20.246575192085	15.7909660195076	-5.2739556085091	20.2523380309165	15.2148622067784	-5.86468812191342	20.7714056019975	16.0612774593043	-5.98210456503539	20.4528417360984	15.8745607024435
PRTN3 PTPN6	-6.28550573441964	20.3497291652725	15.8343977701116	-3.23741458632002	18.9328469434569	13.6181145214902	-5.01205265421316	20.4154544951639	15.7316271636729	-5.1130443115222	20.0461089366554	15.2994060202379
PRTN3 PYY	-4.43240270450001	19.582131901979	15.7635690533172	-5.07816609809658	20.2149881023179	14.7041105197973	-7.00556681838025	21.0840003560204	16.1216883508446	-5.81144592440968	20.0890759703852	15.7443155832849
PRTN3 RAC1	-3.81138426573479	19.7042419282747	15.0415822254938	-3.74713426047889	19.2313545932182	14.662322996419	-3.91958096365641	19.9777971980239	15.5377943871745	-4.27229567289164	19.7249870965889	15.3990484728594
PRTN3 RAC3	-3.82519377513314	19.7098124283948	15.3467300169704	-3.57438806096611	19.0631153402695	14.1543294163358	-6.77874095094106	20.5076267498467	15.9458289164806	-5.76457666636345	19.8990716644148	15.5480141665038
PRTN3 RAD51	-3.06512209048232	19.7232462893819	14.9711774057799	-3.89436124709584	19.2364673243118	14.7116876834962	-3.85484794168216	19.9996805834103	15.4033936816512	-4.67981521422217	19.8177466091268	15.3601741671166
PRTN3 RAN	-4.06756370788669	20.0850017411237	16.082916248047	-5.53002140594702	20.2583235101062	15.1047922084592	-6.80038299283555	20.7010555794725	16.0745355713794	-4.93486385238909	20.3727976813228	15.9091047395486
PRTN3 RARRES2	-0.707592692095683	17.5425539882156	13.5901732898953	-1.06626252479182	17.1020051603591	12.6232385667092	-1.35549866727793	18.0374512441207	13.7768896865672	-0.835401822764736	17.5836321387684	13.5122149562327
PRTN3 RASA1	-4.84238731882341	20.0968186387141	15.4246364140084	-5.22000148026492	19.9917176564423	14.695400799888	-3.77001318410981	20.2307456886927	15.3295619559926	-5.02083662720414	20.2489951456515	15.4523719813269
PRTN3 RB1	-2.6299319419769	20.0926438187975	15.2602056063613	-5.05145932209542	19.9667945494557	14.901242038505	-7.18132789283694	21.0222066400453	16.2972466254297	-4.1861403196212	20.3489338957587	15.5514754359469
PRTN3 RBM39	-1.38574386255904	18.7683260328757	13.7012239506775	-3.29191056446028	18.8271412025399	14.4798878356155	-2.32008610215244	18.3965195744356	14.39857158009	-2.2477470687663	19.1647949307905	14.4707252594074
PRTN3 RBP4	-6.92723604392215	20.7514561416852	16.1725456546801	-3.04781487957879	18.8056470190654	14.2999813161456	-6.01433729398861	20.6320603343495	16.1093186008744	-6.75486504062706	20.3201735391819	15.7627920858014
PRTN3 REG1A	-0.669329049414366	17.2962118000514	13.2358625598979	-1.66067103966818	17.9724913300858	13.695221377582	-0.875102880887353	18.0293607184107	13.8299508840522	-1.10009590726952	18.0465077160344	13.7986080660686
PRTN3 REG4	-0.293568483793833	16.3721108909413	12.9268533204152	-2.89408492847618	18.6408336329623	14.5664134957182	-1.25186096678314	17.8040806466721	14.1929475880691	-0.948103614287646	17.5545356883528	13.9428671306893
PRTN3 RELT	-0.31495786515636	16.1507263850137	12.0207432895515	-0.452186518744663	16.1633954858452	11.3866204516687	-0.650328575870971	17.1681022248258	12.3849226075818	-0.466856014406331	16.4882192772514	12.023190631809
PRTN3 REN	-1.21791441715157	18.1351188979703	13.9873811050561	-3.64683951718007	19.6597228177016	14.6514082873082	-2.28269861260439	19.2544629858357	14.8245492120292	-2.56729707045572	19.1365951432123	14.9305049877943
PRTN3 RET	0.481441623936259	12.7441265705125	9.34653077203494	-0.860955274531242	17.1941011496703	12.2446780138432	-0.119678002700186	15.725375974973	11.3995604970871	-0.00326178238020836	15.3196030290025	11.0530360577501
PRTN3 RETN	-2.16282670089314	18.744053674486	14.8242116063241	-2.88988039121137	18.6302097116759	13.8309532983933	-4.66033792684912	20.0784003239612	15.26586600534	-3.6537267269225	19.2088357296652	14.895574441147
PRTN3 RGMA	-0.866728544169003	17.5732513951677	13.727133624987	-3.47712155260093	19.4464179777754	14.2378415853854	-1.29667192588098	18.8670418051708	14.2535797223114	-1.67589529869488	18.701504639542	14.2820877107923
PRTN3 RGMB	-1.81482752141557	18.9302010128104	14.3310274376016	-5.09633334935328	19.7433124691364	14.8215607029081	-3.2513105276134	19.9081645911724	15.2290357448159	-2.97836753865572	19.5330800528491	15.0121257583452
PRTN3 RNASEH1	-3.09547669483053	19.110816893758	15.0549771156138	-3.43621970416005	19.366238025497	14.3337445987665	-3.89227907783856	20.1244812409328	15.2873075692999	-3.73883766036248	19.5409741804208	15.0305912606129
PRTN3 RNF43	-3.85230124809208	19.8979706498301	16.1372094657246	-5.3322915177744	20.6271003778556	15.2121449778537	-5.47717582630995	20.7415993007075	15.9551502044083	-5.59963840065942	20.4507281233253	15.8839297100403
PRTN3 ROBO2	-6.48819627895549	20.5037904484733	16.0067525142244	-1.89548564724125	19.3532989323359	13.4197239003211	-4.36994090191556	20.1560583046636	15.2215338105809	-3.30828891663376	20.0585798644273	14.9945961419704
PRTN3 ROBO3	-7.01227902858253	20.045815133377	16.298699135419	-4.4579463816507	19.687823475434	14.9107927089578	-5.21335205261118	20.2351630526342	15.9053184533053	-6.2531444955936	20.1614194419405	15.9923537119768
PRTN3 ROR1	-0.66979945997849	16.7533163951255	12.6743260527038	-2.87271727404141	19.5123950663696	14.4707856331229	-1.39744178631311	18.5313707222947	13.7559642852735	-1.53789918414228	18.3707187501332	13.8381287257675
PRTN3 RPS27A	-1.97971878032854	18.0182303056691	14.6061752809245	-1.44946446209951	17.9177880719158	13.8919176187022	-2.2499808811149	18.7309302699892	15.07027585066	-1.95722656180167	18.2662020041511	14.7640637866044
PRTN3 RPS27A.1	-2.27628670806624	18.9787281673805	15.3450194705043	-1.72417168134585	18.1058480565369	13.8195214474472	-1.88468275085387	18.5090605027768	14.5362876194853	-1.66592949622585	18.7938855201732	14.8059123431314
PRTN3 RPS3	-4.33735909886415	19.5220833773557	15.1844812739514	-3.52889139946364	19.9232029741285	14.555542424097	-6.98219389081351	20.7513955169505	16.0215250452219	-4.85348296541678	20.1746703731474	15.4724766034003
PRTN3 RPS3A	-2.76457413921416	19.7104391659567	15.4515905677975	-4.90680409368828	20.3794317427075	15.1774122130559	-6.59724488308095	20.7280425842751	16.0740259647329	-5.912433146962	20.4995338370334	15.9845963287423
PRTN3 RPS6KA3	-2.19898703290219	18.3318611018191	13.8948245525751	-3.09680917185669	18.905036317142	13.9461955406591	-6.43690771279958	20.1481435792877	15.7852475774289	-3.70778776370317	19.0414071646005	14.7550984713198
PRTN3 RPS6KA5	-4.58485258264077	20.0763634924498	16.0462418741965	-1.00684065161584	18.5329175329983	13.3802675360813	-2.21163395851528	19.4458877872416	15.2258991965006	-2.30035514312329	19.2919696325434	15.208692959412
PRTN3 RPS7	-4.90316205322558	19.9145482699237	15.6918895987749	-2.40657987896576	19.0607198015253	14.1351218627498	-4.86781583019265	20.1957899995031	15.9439073758675	-4.0920769829619	19.7858076274975	15.3522718408878
PRTN3 RPSA	-3.6555797503801	19.5079281233417	14.7329360455737	-5.41689394746996	20.3295292840615	15.3893904791734	-5.02367246991814	20.3839747567151	15.7275380113676	-4.76942847719834	20.0867059811975	15.2709553463222
PRTN3 RSPO2	-1.39605930081937	17.9085322057975	14.2913319023864	-1.44668158118152	18.0865765564883	13.4237648988132	-1.58989473744663	18.256842539265	14.5343099484616	-1.46137445834484	18.1678125023531	14.2502979604396
PRTN3 RSPO3	0.380242493572963	13.356577275706	9.64985089728587	0.112886724018947	14.3263646745342	10.469777241298	0.274470208994908	13.9913765762756	10.3902747261554	0.281811890373884	14.0476895585641	10.326778430586
PRTN3 RSPO4	0.234379836365064	14.3024450083958	10.539557105451	0.304782414519192	14.6608815552866	11.3177101097125	0.288370964257122	14.9000356625698	11.1432814720271	0.260034504289039	14.6691114509796	11.1531094096083
PRTN3 RTN4R	-8.56037251419928	20.7685225390458	16.3842031976757	-2.28771254337372	18.7064147131973	13.8596750812494	-5.00320629935682	20.171212203284	15.7687196346751	-5.05989520494332	20.0773129345343	15.6514200866542
PRTN3 RXFP1	-1.53923111244029	19.0458568525717	15.0080508676221	-4.17392277920574	19.4010842297114	14.9026132234229	-2.43535461494711	19.440302039636	15.2695810229472	-2.67417090023647	19.3512302794147	15.255186226555
PRTN3 S100A12	-6.60259034532563	20.2137782306934	16.2712274309785	-3.71802494476905	19.7208393113615	14.8402868491661	-4.19272122991303	20.2407410518992	15.7521952467172	-4.98344395853718	20.2636050879865	15.8672344588321
PRTN3 S100A4	-5.28755615325073	20.2471843222811	16.0490703448822	-5.1347532556129	19.9421594065432	14.8863215900813	-5.49905900188461	20.5467367212872	15.9471724164099	-6.128380409167	20.3585402980044	15.8309586186548
PRTN3 S100A6	-4.47947514214954	19.6371056081158	15.359323602078	-4.76313821713479	20.0285628135028	15.0599776234039	-5.90470178079512	20.3903898974728	15.9639552067277	-6.25321548609113	20.1260632817341	15.6835742968649
PRTN3 S100A7	-5.93206605252634	20.2858418134445	16.1228101943593	-3.83597611018452	20.1327239772237	14.9753450539591	-5.49235318450955	20.8820978955042	16.2166068676783	-5.17269588893991	20.4209751156968	15.8787329180912
PRTN3 S100A9	-0.245507112062896	16.5297813711907	13.2527659355431	-1.61681421027057	18.8488618031805	13.8714391957057	-0.884503867351174	18.2801593605773	14.0710396524253	-0.908804203691084	17.8660242318474	13.7754630658187
PRTN3 SAA1	-3.28903715166329	19.3722403541606	15.2421276890504	-3.95861407507663	19.9348592399314	14.9090584947401	-2.95786404301828	19.8742292145087	15.3435600437398	-3.95536186730892	19.8204049690593	15.5144399376245
PRTN3 SBDS	-4.64215074881361	19.7189551804461	15.0632090400316	-2.94694710262328	18.9884202386587	14.0873856412342	-4.03994166216055	20.1505926012784	15.6128367553076	-4.49791966285263	19.6972323371489	15.2330056675631
PRTN3 SCARB2	-7.49261856249331	20.3349445570645	16.3452079969658	-4.86834146066622	20.0019108384829	14.8358649364336	-6.11286118460877	20.5392586683441	16.1220877310593	-6.80819034550821	20.3623680393706	16.2023717380437
PRTN3 SCARF1	-0.661609377153735	16.9106656624626	12.7863833247782	-0.537544391450638	16.9628114170187	11.9652128394124	-0.886210129453229	17.6694441428028	12.8802645593355	-0.694886908053729	17.3025589966638	12.7458632172552
PRTN3 SCARF2	-6.23140110515389	19.8786365415331	16.2988167036675	-1.87048093039115	17.9365306067442	13.678162004501	-2.81442674521361	19.4003222038557	15.4395730444154	-4.77720105148481	19.6737991257186	15.6957244417696
PRTN3 SCGB2A1	-6.27405180931219	20.2727809182753	16.2820005863218	-3.28970388791366	19.8734623075144	14.7003471636675	-4.03957754424308	19.8367608628219	15.7614291960673	-5.51064127236693	20.0503293149275	15.8166526969372
PRTN3 SCT	-4.65396454801782	19.8509147533423	15.6282484790278	-4.76155801717554	19.8428352078722	15.3742073713417	-3.85945313397843	19.9914904878956	15.6383344824876	-4.84665850690935	19.8832304519758	15.7226860215772
PRTN3 SECTM1	-1.65910966543754	19.2258560344129	14.6975905883334	-1.01592575735512	17.0366269333865	13.0363514977345	-1.4199481691864	18.5002590202815	14.2933277111553	-1.29647969841224	18.4482956327538	14.1877014669072
PRTN3 SELE	-2.35337572363901	19.8948388287746	15.0174665622927	-2.82186012744212	19.3217412273274	14.0484512619317	-3.23703833502079	20.2002346630893	15.3079365027748	-2.79034480395287	19.9075984048949	14.8136667143047
PRTN3 SELL	-1.38521989007054	18.1646270044548	14.354094720378	-1.45051832310227	18.3705030406344	13.7232245286204	-2.29884133522876	18.7791674075767	14.7484149460519	-1.56090314658834	18.5474596383839	14.4446066489184
PRTN3 SELP	-8.73329290636507	20.2649526789176	16.2837330359436	-3.59926645317037	19.6072189317661	14.3311592103883	-6.02423581806895	20.4657387354503	15.8542677818867	-6.52287806774568	20.361062365433	15.7196691316493
PRTN3 SEMA3A	-3.9834081570101	19.8657569894168	15.4453437446597	-3.13585996850059	19.1538678558874	14.1545384569585	-3.91362402805031	19.7371631800597	15.470937557051	-3.92978848773383	19.5870061728463	15.1348221099685
PRTN3 SEMA3E	-1.63475716189677	18.3271521637833	13.9431046187871	-1.96571637472104	19.2884066217703	14.0250324152741	-2.00594183981446	19.2246376898076	14.5339081641652	-2.12500311141305	19.0040045945902	14.2422115286553
PRTN3 SEMA5A	-2.23619778101006	20.1315954420484	14.610951175654	-5.31160794068448	20.1988352782155	15.356448827628	-4.79792704252436	20.3559951064878	15.6997899995043	-4.08666559652668	20.4235522455096	15.4787071830925
PRTN3 SEMA6A	-2.59667027510945	18.993229319117	15.2709652677893	-2.76562623257044	19.2636402994093	14.0728883738093	-2.89661420446142	19.3000304903775	14.8720396009723	-2.90679416045261	19.2945280176248	15.0207872317487
PRTN3 SEMA6B	-9.0492937855103	21.0883916869232	16.1830701966238	-3.22714126780598	19.8140703994426	14.6193210409812	-4.44704828464878	20.7009662080492	15.8458787690162	-5.50971303281869	20.6170995706015	15.6277107573001
PRTN3 SERPINA1	-0.286714636892591	17.670540023542	14.1976974368433	-0.961179407374927	17.4107518147536	13.0108437976559	-1.03932862909078	17.8840765742073	14.1306855695443	-0.580347654787207	17.7251591491159	13.8782769058455
PRTN3 SERPINA10	-2.11581245256553	19.1929170589255	14.5169495905099	-3.05049823013394	19.5765718209679	14.3006612023212	-2.57483905773151	19.6743294435694	14.6930385705947	-2.78600573188603	19.6165949332054	14.6883297068659
PRTN3 SERPINA3	-4.81345576706754	19.803106392245	15.819648202936	-4.41104996856788	20.6649625542878	15.3653357348883	-6.79309063307378	20.6383017339309	16.2718585102556	-5.08187795419372	20.3757029342071	15.8530511550275
PRTN3 SERPINA3.1	-1.72257480229514	19.5147006537367	14.2214370953112	-1.76989872229437	19.405563363549	13.681976980087	-1.6810007402933	19.8039023852891	14.3406059833277	-1.79638234221817	19.6769400401148	14.2353667868646
PRTN3 SERPINA4	-3.09069028664442	20.2783908877208	15.0035807735424	-4.2620556149109	20.2366323514419	14.3520569693195	-4.03574363981927	20.6539812348534	15.2728950388316	-4.22273901471736	20.4909608167417	15.0558611755655
PRTN3 SERPINA5	-6.08484650477217	20.0690280974262	16.0390209268718	-5.5264931316678	19.9560940572168	14.9493428053603	-4.91607895367672	20.1465549258693	15.827567228423	-6.34478377899754	20.156586811962	15.8096120039136
PRTN3 SERPINA6	-3.83971798654122	19.1871235148775	15.6850085450419	-2.8031302762107	19.1898632780595	14.5648487842343	-3.65459117241471	19.5551141361655	15.5561292282496	-3.5056659997034	19.3854337708733	15.5257034494807
PRTN3 SERPINA7	-5.11999733791578	20.0979789909939	15.5795925336539	-3.44928428165175	19.3399475395985	14.3472878023885	-4.64959435563385	20.023649617763	15.3934745905982	-4.98891070218396	20.0003786941607	15.3277202056542
PRTN3 SERPINC1	-1.09202644831836	17.5550316812099	13.0717057213463	-2.11440366477955	18.6767045035874	13.762630653704	-1.33552537345377	18.4184336126218	13.4646674998719	-1.50347544897547	18.3216129312644	13.7642997016193
PRTN3 SERPIND1	-3.16991543399952	19.7793447685911	15.1398639237502	-2.19490771869645	19.6822077924873	13.5582708677949	-3.50978390282894	20.1479973951206	15.0837934673634	-2.66526324849381	20.046540762281	14.7146653990241
PRTN3 SERPINE1	-3.07559222803206	20.1985061939747	15.5388635041171	-4.87005931275549	19.8262328403212	14.555420105887	-4.43984915071943	20.5176153294296	15.6476945242462	-4.59043334546489	20.233349684475	15.5078791875023
PRTN3 SERPINE2	-3.55198044847615	19.9251632642046	15.5179335933993	-3.81172020272306	19.5625224551983	14.6931011576	-6.25013703366246	20.4661733215263	15.8618545095693	-4.07760901610758	20.10245297823	15.7356699819246
PRTN3 SERPINF1	-5.78562549234462	20.5395015868484	15.8711796844874	-1.71349536888732	18.5371362776483	13.4318706950301	-5.43943698513156	20.2472294927072	15.6950005644632	-3.55242759236106	19.7498872151842	15.0569845030428
PRTN3 SERPINF2	-0.0520399448657727	14.7198138764927	11.0390232920477	-0.502300219969184	16.7147041781982	12.0935296615039	-0.22933186587593	15.8689113241285	11.6646272539842	-0.279407604097008	15.9312433075411	11.8233483513052
PRTN3 SERPING1	-7.0001929698752	20.6594742755672	16.4408019612557	-3.58387357679246	19.5109403137815	14.7707497701225	-6.26416626687671	20.6237520846218	16.0959564391205	-6.41820533517532	20.3731338093193	16.0249117242614
PRTN3 SET	-3.66627332242801	19.8145623356255	15.4733020669758	-1.68944399067481	18.5438096856257	13.47043330356	-2.56251503823171	19.6471475659997	14.9772573816327	-3.10058711301332	19.4568102354223	14.8637291393221
PRTN3 SEZ6L2	-5.06814666762948	19.9444447854268	15.473881277592	-1.22144046441398	18.4452842324759	13.3286742482945	-2.74622046258737	20.0299629526644	15.302549427882	-2.35985767650016	19.5121917478204	14.8304555474486
PRTN3 SFN	-1.73713834840689	18.250708715492	14.1890726188789	-1.04839632362369	19.1522205305943	14.0639123233045	-1.69801494275527	19.0827270243523	14.7676958152417	-1.46025455494324	19.1761516923944	14.6269906655946
PRTN3 SFRP1	-1.61154755196428	17.7562985986763	13.3973129319801	-1.60299605790503	17.7928267422254	13.1458584842212	-1.6324503155409	18.1228786282901	13.7366804828673	-1.7916356249345	18.0828848897536	13.7533233826968
PRTN3 SFTPD	-3.86122331742411	19.488079574277	15.3489048170348	-1.04974680313301	17.4346427917006	13.388294388502	-2.41970958292434	18.938615587967	14.9746715740298	-2.22100926095528	18.5875864601105	14.7609003720947
PRTN3 SGTA	-3.45669468768647	19.3576100895392	14.9018594976256	-3.80122333457092	19.3019987718588	14.2577952572527	-5.35578323553284	20.5830901623475	15.7475916526254	-4.91859427178752	19.7715692257165	15.2283915318094
PRTN3 SH2D1A	-2.46442034647851	19.8543490029515	15.2342393049067	-3.0192074253029	19.2218089758624	14.4840865887324	-4.13264639838277	19.7975673207628	15.4960025802863	-3.10121200947868	19.619685923062	15.1996316565797
PRTN3 SHBG	-0.258479551474019	16.2117115206388	12.7944125724559	-2.80703078567427	19.5183226040745	14.0456971688816	-1.9318740680209	19.3711243700647	14.633761753676	-1.20373967804462	18.2935723464425	13.8609257503066
PRTN3 SHC1	-3.74420036891152	19.9322398897489	15.3045340775502	-2.44399485348138	19.1392233688793	14.1036898641622	-6.173719274202	20.4970592109381	15.9033160890901	-4.35253795682586	20.0829837816979	15.4551487963646
PRTN3 SHH	-1.45653198657517	18.9758161450135	15.0714993631486	-1.74551697557727	18.2489951376797	14.5621567736608	-1.8116105536662	18.7235247614511	15.0292116024963	-1.64183608223657	18.8318813025975	15.1321863835832
PRTN3 SIGLEC1	-2.35717795581016	19.9220744082936	15.4803566066809	-4.16448636395998	19.5382541600918	14.6162913055049	-3.20866465766798	20.0453105790301	15.4170533073724	-3.633057647091	19.9591513652125	15.2838151357791
PRTN3 SIGLEC14	-6.52963173812228	20.4915250423814	15.8789253360947	-1.89586559934174	18.7392481622161	13.9854161051297	-4.0379099257943	20.1415962178522	15.5329765531855	-3.55599864406073	19.769783651482	15.2622337553054
PRTN3 SIGLEC6	-6.27511062046749	20.1041070628156	15.8470365366319	-2.49743017263452	19.3743697507212	14.4447007271597	-5.92914170476934	20.4474233931877	15.9963140773066	-4.62525341573385	20.0883119513406	15.6801213969184
PRTN3 SIGLEC7	-6.73022248027674	20.3177183088149	15.4744748482117	-4.14343615519601	20.0620058532101	14.7108910940412	-5.46587789794568	20.592249493457	15.5409013986266	-6.00848836120396	20.4321087591295	15.512081704591
PRTN3 SIGLEC9	-4.37366656795048	19.9724143153695	15.8685793081441	-5.18800951122404	19.9614365640108	15.3267752579315	-5.60025175775489	20.6259667363098	15.9558917038908	-5.31316157980261	20.198347321953	15.915679693959
PRTN3 SIRPA	-2.41942483952126	18.7285641877984	14.8101158622897	-5.4541074294691	20.1240931679565	15.0091354459578	-3.41682996361914	19.8663157287361	15.5160815414852	-4.02323129723444	19.6672319362049	15.4404316837345
PRTN3 SIRT2	-3.93051783092135	19.1855465753202	15.2196461596317	-2.947699169404	19.5930218955144	14.8539897487254	-5.34246616199083	20.375655240957	15.751257659842	-4.72497202343178	20.0865854145095	15.6289496672768
PRTN3 SKP1	-3.69862233704701	19.7674338523109	15.1905537084346	-1.41662699611475	18.4712593816727	14.0968975161189	-2.8798339041798	19.6018975595633	15.5866450593276	-2.58544688329665	19.1144321506615	15.0798732586106
PRTN3 SLAMF6	-2.30421982658724	20.1775754142489	14.8218610784696	-3.22380793216511	20.0905298690061	14.7567061743804	-3.29581855272317	20.7720204463564	15.4930553056654	-2.59805379052375	20.2044875751319	15.0922065137559
PRTN3 SLAMF7	-1.89184110624215	18.8035031637678	14.6898109402073	-4.21301280519453	19.871580997823	14.9369698099932	-3.20088216511542	19.8756479143169	15.3413198201016	-3.04821990082076	19.5451781006784	15.1866421961739
PRTN3 SLC25A18	-5.75935443594518	19.9515012343841	15.4690043197999	-5.3916401259725	20.343265012901	15.3659900477885	-5.54282161852425	20.549819336463	15.9011891694549	-5.69146954468677	20.4479730756234	15.8860005404539
PRTN3 SLITRK1	-3.6981752328387	19.3524710731183	15.3952390222725	-3.84569887592942	19.5808474175767	14.9945555597209	-4.34188376073778	19.8884142357181	15.6264827903882	-4.4471392055955	19.7642575857215	15.7101165135249
PRTN3 SLITRK5	-2.06553523570798	19.3681609176381	14.9314303428671	-3.22163900535378	19.3451151392822	14.2432140537302	-4.39363581678617	20.290479908556	15.693618150811	-2.73205065797068	19.474447233267	14.8302490316832
PRTN3 SLPI	0.122577105383164	15.0860469853214	11.290925482611	-1.77132856724806	18.0951761820944	13.1049927795509	-0.795139719960803	17.3352670010931	13.1765400416064	-0.489523443380747	16.8129970180389	12.5015864898473
PRTN3 SMAD2	-3.7034441594191	19.5938967003466	14.8274501150839	-2.41860993571478	19.3667317459915	14.3969141312186	-5.10402092639684	20.296547661003	15.7136270164312	-4.0943903986289	19.7643135435552	15.265149147885
PRTN3 SMAD3	-3.96918256855673	19.6726924415827	15.0743983625058	-2.86199229143241	19.6943393243034	14.3605644048871	-5.31267067145023	20.3787636098854	15.6322979942442	-4.0334216534049	19.9258545834552	15.215030054597
PRTN3 SMOC1	0.256690859766282	13.8859537473685	9.92590065139242	0.181948252485878	14.4323682279422	9.95654291840869	0.256958582356373	14.3328841241221	10.2686737851671	0.24746727561391	14.1639340488145	10.0736511662808
PRTN3 SMPDL3A	-4.22098362519315	20.0881549165096	16.0841297444803	-2.08443680014743	18.6474998818353	14.3688944082228	-2.60978037155156	19.6004442993724	15.7993163649526	-3.23281851321904	19.5355215308756	15.5712878286561
PRTN3 SNAP25	-3.51508617812417	20.346943785464	15.6162725529419	-4.00509288306749	19.6645850614061	14.2261039690568	-4.48954899549832	20.3295348175961	15.460222608196	-4.76307759932017	20.2328141148578	15.272140712424
PRTN3 SNCA	-3.19138561698278	19.5545571610879	15.1454959422226	-2.73908553691983	19.2276612863035	13.9079156125999	-3.65342418135173	19.7747609486617	15.1089807662219	-3.916709005536	19.6062748139531	15.0883309192217
PRTN3 SNRPF	-3.16280548900655	19.0911968083205	14.6168837138831	-1.47342164812967	18.209139902189	13.9863660402171	-2.44734116558085	19.016702158326	15.0148302740983	-2.36064674927719	18.7611226114776	14.6293320376574
PRTN3 SNX4	-4.00554293285119	19.7760091879154	15.3114875571633	-3.71666251603339	19.6737839940159	14.6573794657936	-5.03207874632871	20.5467830732698	16.1328462000585	-5.55910593796182	20.0950059074701	15.7203905194805
PRTN3 SOD1	-2.49487939336979	19.4215843296781	14.9141726212994	-0.886517008791051	17.298734406246	12.8401450196183	-1.54127364748344	18.6261926635222	14.3109264768	-1.68289671075453	18.557485953043	14.3064490623367
PRTN3 SOD2	-1.92214163114149	18.8419119901328	14.697799718174	-0.839007036622108	17.7762062975192	13.0364237172271	-1.34223847287346	18.7981521138751	14.2999477491913	-1.41387752946336	18.5618628810641	14.2279126479777
PRTN3 SOD3	-1.25201563246502	18.2040409674534	14.4434901761488	-1.77306685672134	18.4414476749549	13.8831894951834	-1.24162808548081	18.4061784641723	14.3826529930066	-1.61459214873955	18.4258532631457	14.3138213522932
PRTN3 SORCS2	-2.66515274276374	18.9424874622005	14.8404196347644	-3.27973484166233	19.2601140713571	14.3835968103636	-4.30173951307125	19.9490061299707	15.5426038504673	-3.41136347509666	19.3315498151083	14.952593944736
PRTN3 SOST	0.449489480682843	13.3217173814528	10.3327796702037	-0.259860645986421	16.3761702134986	12.1063833079041	-0.036649410597031	16.2948275060916	12.7615006029964	0.158815311869268	15.2698753713826	11.5594883618323
PRTN3 SPARC	-6.39587995348059	20.4147600764823	15.8222756048343	-3.49536235222808	19.5638730428244	14.493729918746	-5.17235595850881	20.1923438877813	15.6467110818883	-4.42823640354611	20.5305658916673	15.7552417455945
PRTN3 SPARCL1	-1.76461273942103	19.2242810673402	14.7185956225902	-5.0415108033604	20.2348769459135	15.3843666968601	-6.08369388086884	20.2907293664318	16.0010941586659	-2.82774532909962	19.9753766178477	15.3131009865633
PRTN3 SPHK1	-4.67154149752146	20.1720852548601	15.7577169080289	-3.04011082631594	19.0087212690973	14.1741697819615	-4.4473689787929	20.37072245399	15.778750537225	-4.6145521904495	19.9440430568415	15.5257334786704
PRTN3 SPHK2	-7.24705567308899	20.6966202145182	16.3227022304712	-6.01272208525174	20.4760375159838	15.1618990345936	-6.37891647709444	20.7485804989375	16.1265438637437	-6.79478030750211	20.626131304307	16.0604015875752
PRTN3 SPINT1	-1.34258002186999	18.3720178640183	13.9940163749436	-1.15144815172826	18.076678544955	13.7339882503271	-1.38083070329926	18.6397156473576	14.4385840472531	-1.21870834789038	18.3699239365402	14.2260393322055
PRTN3 SPINT2	-1.88728138926459	18.5892427124384	14.352568949405	-3.00034945709382	19.2445214305751	14.5044151499909	-2.85955299210878	19.3028918473468	15.0907475723066	-3.03852738494136	19.3000606380937	14.9369842643256
PRTN3 SPOCK1	-6.33522340229599	20.6630214395173	16.2043686193647	-4.12640234610627	19.7450230552901	14.6766310748692	-5.64774006050363	20.7797232528034	15.9690982266324	-5.47608790826239	20.3505223046226	15.8008556509529
PRTN3 SPOCK2	-3.0042997671469	19.704506459023	14.6461160585273	-3.61438217141323	19.654409909453	14.3027900316916	-3.06565921347015	20.4237761910911	14.9083246361049	-3.34861358252143	20.2420449085572	14.9712598954799
PRTN3 SPON1	0.0609503575691308	14.924790311371	11.695905406908	-0.784466292336929	17.5200358747875	12.8087290548602	-0.318471962134823	16.7675582272833	12.7180527511592	-0.222893929404864	16.4381860059902	12.5080651628325
PRTN3 SPP1	-1.55602135170109	18.6410554532213	14.0238504557752	-3.17072631539183	19.8230636301589	14.5092597740931	-1.88185675060592	19.7746123011805	14.8509295847149	-2.40858778096393	19.5240883062458	14.6450474462552
PRTN3 SPTAN1	-5.10824545138653	20.1411638429585	16.2294585984393	-5.09889189991585	20.0561641368123	15.1720986358296	-7.10226029102554	20.7596004790642	16.1662115192502	-6.11488635131898	20.3615680485444	16.023174231958
PRTN3 SRC	-4.17611672305777	20.2051308437731	15.7535014639724	-3.73531513752515	19.5860570878313	14.4095515014722	-5.35771064956469	20.3066065412652	15.7240839988509	-4.86785390993838	20.0650391951573	15.4685397418445
PRTN3 SSRP1	-1.82984924856264	18.0521706187753	14.718622932487	-3.05625812931845	18.9924395346126	14.6031271017753	-2.01418474662139	18.6087645137537	14.8001322722232	-2.80122497560093	18.8305836118698	15.0256222838959
PRTN3 SST	-0.0444605089345504	16.1205612213141	12.5537631388493	-2.68450851795726	18.6403919503359	14.2628395616737	-1.17647659619387	18.2884605025197	14.525561933008	-0.859110412382704	17.7703616098105	13.8578279162948
PRTN3 STAB2	-4.69793669178683	19.5014292546062	14.8332189177501	-2.40999995576885	19.5282685199296	14.2791023119978	-4.83147014642517	20.0612159455415	15.5243742219534	-4.25127287242997	19.8311194894944	15.1489876503689
PRTN3 STAT1	-3.24129174912722	19.2694803030051	15.1547278129339	-1.57711599707126	18.4055793193992	13.4118266052125	-2.25264207322537	19.4752299531855	14.771475902775	-2.72103202946833	19.2206517789024	14.7591795187618
PRTN3 STAT3	-5.72446526749797	19.7698119779829	15.3257701653802	-2.86780039723167	19.0459629996225	14.3507776139062	-5.30061913268428	20.3139743487437	15.6932912111297	-5.48411279190391	19.941579295806	15.6060457458398
PRTN3 STAT6	-4.08988784179014	20.1157742796783	15.5684532997163	-4.31532647773158	19.8342047288589	14.872907757753	-5.56281402410303	20.4464621582163	15.8808630921349	-4.81918172930898	20.2402595914374	15.693746772079
PRTN3 STC1	-0.34729877986389	16.1313589675237	12.5161422195294	-2.45420473130432	19.0829117171185	13.8230429765067	-1.46164604073904	18.2365497122111	13.7695728448731	-1.21682421598923	17.9042120665189	13.4311135339551
PRTN3 STIP1	-5.44794260052084	20.1395776635265	15.483060705147	-2.68451090694186	19.4545482540246	14.5401079914695	-6.17900099302963	20.7354721659557	15.9241708476615	-5.5228695896399	20.1836064976467	15.5933060064639
PRTN3 STK16	-5.90927072562984	20.2526050710315	15.6824065136884	-4.98129219514857	19.891248611505	14.7029080807883	-4.95220380122858	20.4916038797723	15.5844059776071	-6.00768560149038	20.36031055405	15.4802670689754
PRTN3 STK17B	-6.07375832107067	20.7609427372063	16.2109033828926	-2.75028564552669	19.4107421050835	14.3678169095238	-6.13760368498524	20.2980254121719	15.6191013781494	-4.96526026690966	20.2543285822692	15.6291502554297
PRTN3 STUB1	-3.52872273286372	19.6693943915235	15.3919196194043	-3.06240666484642	18.6295659424286	13.7244867510313	-3.33015044133087	19.9240395281879	15.3854818079153	-3.91866376790092	19.5456122715976	15.1584447307272
PRTN3 STX1A	-7.50545996350439	20.7179386248852	16.2307814495586	-2.41849246478234	19.5996023853109	13.9260359421732	-5.43388646252925	20.7617704682149	15.8872813665223	-3.92694172536745	20.4913750758941	15.3679012467563
PRTN3 SUMO3	-6.52905456602315	19.9386075192701	15.8518435445758	-1.34066968459469	19.1813484602022	14.0220824292713	-3.66796031187537	20.2980822808304	15.6543959980057	-3.22374618494306	20.0236577832308	15.5256294785433
PRTN3 SYNCRIP	-5.33215016804648	20.225485121648	15.6201441511641	-2.38917284734009	19.0308814236168	13.8431671654909	-4.76752421270459	20.1732535498709	15.3413097071577	-4.20059313318691	19.9399189023268	15.20792345483
PRTN3 TACSTD2	-2.78114534073252	18.451768749897	14.6539351368959	-2.54429974020666	19.1710641679605	14.086509311965	-2.11808857322456	19.1028237361229	15.0817576909874	-2.73231865094108	18.9696742508817	14.6402968972313
PRTN3 TAGLN2	-6.05650835049039	20.3412310699482	15.4683286553277	-3.92465771239091	19.5979926021038	14.4935339011928	-6.02544165035245	20.6807295975181	15.9765127760482	-5.76250253919771	20.2652402123927	15.6656144486478
PRTN3 TBK1	-4.61511069144437	20.2804688125222	15.9025070276301	-3.05330230244887	19.4237883245419	14.4832008613798	-4.03743241926179	19.9939491063298	15.6416916285804	-4.26846594803656	19.9623504457269	15.5663371874815
PRTN3 TBP	-4.82645561111066	19.7454455128699	15.9766121901018	-4.05792415961882	19.2743566930116	14.6022475169639	-4.96457158615106	20.1468706084099	15.6641437616366	-5.02672743643422	19.8798541688964	15.7107472738124
PRTN3 TDGF1	-4.62042314482616	19.3152140430995	14.9850081779584	-4.6289955843123	20.0878628029861	15.1507952850992	-4.58084735526755	20.5854491790438	16.0406860494827	-6.26493000504117	20.1067998993765	15.7209949614224
PRTN3 TEC	-3.61697406277707	19.8874398903732	15.3839250276558	-2.49015455766141	19.1523842196464	14.1214416675946	-5.28751620345963	20.3108427477535	16.004466072898	-4.56196227940932	19.9454059517951	15.5279082823546
PRTN3 TEK	-4.09712610042082	20.4354726338066	15.6399696946142	-2.90201449631436	19.4970315895866	14.3646118946904	-3.55421171245012	20.1940295630765	15.178368248113	-3.65951444614025	20.0817638192357	15.2226456836075
PRTN3 TF	-1.32350385119961	18.6637668777801	14.2262416815575	-2.19865242345692	18.3693542615428	13.7562310248185	-2.18503125266289	18.9750944207812	14.7812621552508	-1.93807704944569	18.6906907335165	14.2924529839166
PRTN3 TFF1	-3.46407666336105	19.9862064312313	15.4244415932424	-1.90666714027367	18.5977834036526	13.4079613948674	-3.527898171772	19.8096959740111	15.3685255972476	-2.65495598776126	19.6597742296969	14.9616723872482
PRTN3 TFF2	-1.82531829395107	18.5860187661314	14.2359578469043	-1.75730456890797	17.9734018576163	13.3782251680087	-2.04570887944319	18.9633902842803	14.505482305488	-1.83078408186382	18.4974958261197	14.1012297535356
PRTN3 TFF3	0.0734221496585576	14.9563092084986	10.5168559145911	-0.812735910318727	17.1759616595712	12.8352104703898	-0.199167008476606	16.3243109099933	12.0486120016771	-0.213679518963144	16.1332885833578	11.9294700121692
PRTN3 TFPI	-5.30086551108443	20.4997225331764	16.2398181622877	-0.840657975969029	17.3674847370804	13.5065114927242	-2.94485590058641	19.5125471021899	15.1957016248729	-2.4999158064374	19.247116111631	15.1714068104281
PRTN3 TG	-3.41313283837397	19.8161073113232	16.0592500772006	-5.29795470061914	20.5148158684597	15.428304567562	-6.44065061172472	20.680710681426	16.3414208907583	-5.77415059493242	20.4342148534757	16.0928935852172
PRTN3 TGFB1	-3.0711372180811	18.9144559188888	15.32438191147	-2.55065625566149	19.3563011341726	14.5251208496109	-2.78939832221676	19.2045634252372	15.1568496913295	-2.98971564907915	19.3871668652708	15.3506003209412
PRTN3 TGFB2	-2.74678350111979	18.8820377093459	14.8521140548339	-3.46886698781872	19.6672902221443	14.6483138484781	-3.32765693903523	19.6191417839914	15.1681590188664	-3.66729226509366	19.4633012449305	14.9479410973633
PRTN3 TGFB3	-3.22639885634403	18.8161063300933	14.9720863858432	-1.20332419196114	17.8035741196331	13.755711374154	-1.96380534055248	18.6237674464429	14.8075380703349	-2.17075517806497	18.4733857910382	14.7877313670818
PRTN3 TGFBI	-3.17663856027223	20.3758322822252	15.520339047454	-4.93362138045631	20.4692724090113	15.2520091438869	-6.23347896348173	20.6951742976118	16.1482303600038	-4.45488334245013	20.7152366664302	15.7647214804349
PRTN3 TGFBR2	-2.74033896883411	19.3782063152428	15.3347828109094	-5.64353225192949	20.0396993943219	14.9147482491583	-6.82278828962707	20.8398831208815	16.2435107650817	-4.89011660275418	19.9567791771042	15.5218444373301
PRTN3 TGFBR3	-2.88604387643351	20.065983724943	15.2377807275157	-4.5242939047126	20.3377328356377	15.0391571680913	-3.16349098851467	20.2158469929854	15.2522398663684	-3.48329883032476	20.392881960911	15.3823794942062
PRTN3 TGM3	-2.65413762938079	19.0696865704505	14.6644766129334	-4.15540248246717	20.0540332301472	14.5845569065204	-3.58473956185379	20.1034742263795	15.3373878106501	-3.49744489322974	19.7222260929469	14.8574157982418
PRTN3 THBS1	-7.03220603578732	20.4378204731122	16.0532265971106	-2.28556014214484	19.2254958706512	14.3754986586679	-4.56373079001108	19.8620189864944	15.6381712863697	-4.07841406428922	20.0992726297095	15.7058286125777
PRTN3 THBS2	-1.43502429376289	17.6855657329831	13.7437360462382	-0.9003587078947	18.2033010225252	12.9824516504952	-1.40681372035095	18.8941693328267	14.1864279167525	-1.14739983251741	18.4742668980088	13.895276503928
PRTN3 THBS4	0.0162649220392541	14.6976637428662	11.274307817747	-1.15273389771807	17.1370630777548	12.5970887448682	-0.392899942834874	16.0196754926255	12.1073038104093	-0.449625135641637	16.129780022151	12.2516078457997
PRTN3 THPO	-2.95651380227689	19.1173962718266	15.2656070013284	-3.59711499786816	19.3456835124899	14.1967626541771	-4.92373128685524	19.8376726667887	15.5430011274787	-4.04897473661257	19.7444323199191	15.2635664754701
PRTN3 TIE1	-5.08860500973276	20.4639852954854	15.7649507967171	-3.07641606962762	20.1697773261105	14.3360043811681	-4.89259149184577	20.187905372638	15.5328622538672	-4.18557283010726	20.5080534050748	15.4441972700723
PRTN3 TIMP1	0.0896598753275144	14.8857415096749	11.5280975608064	-0.658838993974178	18.6188722882428	12.3632984716569	-0.328736434776523	17.1947089837961	12.37327246775	-0.253811197842211	17.119444618082	12.2481619514189
PRTN3 TIMP2	-1.06463339551458	17.5685095441669	14.0419416616135	-1.60072183253091	18.8115267884243	14.0833606112775	-1.61873428994538	18.7517498266627	14.4694464563013	-1.28522053929216	18.3971654084228	14.3236360998194
PRTN3 TIMP3	-6.21110675552972	20.9788979406039	16.2779936360479	-3.65876337872375	19.4025336829619	14.7289892323699	-4.68988121649684	20.3096309828116	15.7417631469216	-6.17173832625699	20.3406275315236	15.9660468430534
PRTN3 TK1	-6.91795220581223	20.4998044684083	15.9513719667591	-3.90827918679525	19.239030190766	14.5082819528722	-5.24348960855991	20.5220043055855	15.7885755648358	-6.52541868878899	20.2513108421904	15.6728734191025
PRTN3 TKT	-3.16449078498786	19.172069028187	14.786662492235	-1.87862062126051	19.3722458264519	14.3014039995757	-4.36443059315354	20.3695518555258	15.5654443025037	-3.72999975488461	19.5604077210879	15.0283398172891
PRTN3 TLR2	-3.18417732276435	19.7988825733904	15.6994187552032	-4.7828609256869	20.0830644247215	15.0773807769634	-3.71684550281947	20.2371401202577	15.6040678577175	-4.32935911320141	20.1615091585409	15.6621761389549
PRTN3 TLR4	-7.82441438993948	20.61128940409	16.1994130007431	-5.05292894006203	19.9960040560495	14.7381599177152	-7.44625160536884	20.8187788830522	16.1267322929026	-7.62956659421367	20.6173982080905	15.9220906546482
PRTN3 TLR4.LY96	-6.10279029365347	20.3271259427702	15.9937217995603	-1.86093799149873	18.5918733155278	13.5481688977084	-5.62826848891002	20.5342292084826	15.7140388441479	-4.0607659588233	19.7175910031334	15.2461833781435
PRTN3 TMPRSS15	-2.55002916102823	19.416750297177	15.6095484547324	-0.796879007486059	17.2281226045015	12.980351850981	-1.86265928811697	18.7557743673248	14.7803715211507	-1.55356417410733	18.4485542053514	14.6236769421304
PRTN3 TNC	-3.22901987100707	20.1081059231659	15.1774838091372	-3.04167415218444	19.5989268280778	14.5599722930149	-4.46449534313568	20.2455457051952	15.7430925840664	-3.4662625860557	20.0785537467666	15.3617987374207
PRTN3 TNF	-0.0497510862860844	16.1144999179423	12.8968393530609	-1.19165870337352	17.5955048698858	13.3528221308053	-0.696618561653533	18.0331097395871	13.8594178555364	-0.420213571096774	17.1235050679205	13.3595435064703
PRTN3 TNFAIP6	-0.784844269760905	17.6907344656963	13.518823746023	-2.6536664690035	19.2374094730855	13.9001597142669	-1.785098951596	19.1606418530018	14.4725409835032	-1.6239080860308	18.6456132206268	14.017104020969
PRTN3 TNFRSF10A	-3.84449739853194	19.9317471677114	15.824690009409	-4.95408732530182	19.5957441849758	14.7787554951176	-4.9635512132383	20.0633660201546	15.8173651229862	-6.47191198387822	20.157703367576	15.8872614789968
PRTN3 TNFRSF10B	-0.957336316645916	18.6310686287804	14.5797332961408	-2.7576683778469	18.8777080029608	14.3105641850131	-1.61874557381905	18.6676796255208	14.8579595227521	-1.91124557479754	18.7602680506367	14.8480275783031
PRTN3 TNFRSF10D	-1.07155576145343	18.091760475297	14.2461611848987	-0.870202765382716	17.2599137674782	12.9641822470253	-1.34944867068846	18.5348822662603	14.7422635638861	-1.11724902557169	17.9430724082738	14.081527108259
PRTN3 TNFRSF11A	-1.27701530706362	18.45386943377	15.147178070708	-1.48127773522385	18.3763037250618	14.1770088987775	-1.33160407379835	18.5898031332374	15.0313701489701	-1.19215060324694	18.5487299776473	14.7942918155194
PRTN3 TNFRSF11B	-5.72188625289376	20.5204197011053	16.0863897960863	-4.81704069981325	19.6846779396785	14.709870002045	-5.02704565200488	20.4752426954659	15.7135477685231	-5.33415068857803	20.2068569495613	15.5962914598315
PRTN3 TNFRSF12A	-3.05903954304692	19.9590966777483	15.5520787285051	-4.73130526221627	20.5245559751127	14.7804625500026	-4.08876870637626	20.4491487084147	15.7600334189339	-4.4114676859047	20.394899726774	15.5328043785799
PRTN3 TNFRSF13B	-0.573035920764763	17.3138379275717	14.1575378381018	-1.63180335979799	17.8419033096946	13.746775104408	-1.33790713220465	18.0890346745919	14.5767612628497	-1.31264466297891	17.985553012339	14.2764937198184
PRTN3 TNFRSF13C	-1.73324354635201	18.7919458883358	14.220724509181	-2.92256225591258	19.3299681208774	13.9413907815643	-2.4198501730096	19.6494456079422	14.7402405490709	-2.58582205638543	19.4731965105856	14.4819254752645
PRTN3 TNFRSF14	-2.58655508956073	19.4613932952046	14.9396201267448	-3.5405302733449	19.1244645779076	14.2746875826941	-3.28363187156621	19.5497997370102	15.3390094387574	-2.90391875759652	19.3988965533122	14.8082640925398
PRTN3 TNFRSF17	-1.1394424897282	17.7442509361149	13.1985184241219	-3.07238013649834	20.1696519355841	14.7284196865191	-2.47661477443022	19.3948422706322	14.6604384628184	-2.11838748339429	19.1967000334746	14.2839758583365
PRTN3 TNFRSF18	-2.12703953251898	18.716247939384	14.6236562461681	-4.89837434991806	19.998759412372	14.9589171287145	-2.96941681055513	19.6485619118915	15.3386020376793	-3.51301607002736	19.6661737422547	15.2264179501739
PRTN3 TNFRSF19	0.0733602120152368	14.9072127854312	10.9707643851999	-0.446603560691345	16.7427249112549	12.2472748396223	-0.270584535397847	16.4221986160703	12.108056107926	-0.16536084994429	16.1138483920706	11.9346890747797
PRTN3 TNFRSF1A	0.238874622542211	13.6654466547433	10.2723471592722	0.00218883155809801	14.8134502111356	10.6395263499493	0.0740076629896866	14.6765844033043	10.7511398939869	0.142980784099793	14.4491970552533	10.7441376930468
PRTN3 TNFRSF1B	-0.281584450128572	16.4074848343616	11.7019336828562	-0.263038008828292	15.8040018088046	11.2506758258564	-0.241286097254826	16.3223393994411	11.6228932014416	-0.31572402251196	16.2882573866339	11.6146704440764
PRTN3 TNFRSF21	-1.58742986352999	19.1172488633273	14.4028809643271	-3.4334608355059	19.5917199334515	14.6946742283132	-3.32514576112535	19.7402321936538	15.3581153488377	-2.32904655874906	19.5208177091709	14.9350337593798
PRTN3 TNFRSF4	-0.138927661073552	16.3153951538387	12.4093366099089	-0.500009399147299	16.1884349808776	12.782500138762	-0.255966947984783	16.7994838785605	13.1432884997565	-0.30048188742277	16.5139860221534	13.0098472842742
PRTN3 TNFRSF6B	-1.37916405879367	18.9094825775077	14.5937738413083	-4.10638024222483	20.01404971706	15.1917474379388	-2.53234922396654	19.913318023492	15.6177567354214	-2.6740890121884	19.5951347110691	15.1888256230427
PRTN3 TNFRSF8	-2.9578188610474	20.4988457541683	15.0948973073134	-1.01984933114671	17.6202823013962	13.0394483156758	-2.01824499820639	19.684857185263	14.5311874385412	-2.04399041949664	19.3624770379547	14.4547727645726
PRTN3 TNFRSF9	-1.00987747563713	18.944295996185	14.6330086419475	-0.313855102908601	15.9397673855593	11.7969284017919	-0.642738045433848	18.1643099000304	13.6427859732923	-0.702088433598016	17.7251124710088	13.3575055054904
PRTN3 TNFSF11	-6.94364446827737	20.0671104359591	15.773054389528	-7.33508123918122	21.0745659966288	15.3990759891985	-5.85704081038837	20.5635548545973	15.9143737542215	-8.11576970971092	20.701421013007	15.9027784890467
PRTN3 TNFSF12	-2.73394211489061	19.3719440138202	14.8788175202455	-4.39396183148962	19.9043419412947	15.2482744103926	-3.71731017039564	20.0991611299378	15.6432685053235	-3.51742973175973	19.8475225620681	15.4031129224967
PRTN3 TNFSF13B	-7.00678204325104	20.6655529622734	16.2960997761188	-5.9000638325368	20.3551858053581	15.32039435534	-7.41078795832128	20.8202191232038	16.1933682510413	-6.93554068537584	20.5950759320608	16.0635613317876
PRTN3 TNFSF14	-6.42417774998976	20.3309357210695	16.3577084958376	-2.94701976188757	18.7389177461656	14.1338673813591	-4.90059332455534	20.0612182747681	15.6700615494185	-5.58759940671479	19.8836792334839	15.7426219767284
PRTN3 TNFSF15	-1.61591957552867	18.755580242408	13.6442121185251	-2.28577012400891	19.1945327884902	13.9800796718612	-2.05099655154308	19.5996914604857	14.6228475025979	-2.08282678208494	19.2450162417699	14.1775033518125
PRTN3 TNFSF18	-3.13473685933282	19.7652424104044	14.7600750832997	-5.27607517732886	19.8589331786257	14.6119950278199	-4.67241389998487	20.5563733819486	15.5446855207283	-4.76656147460325	20.2074848954681	15.295812146933
PRTN3 TNFSF4	-5.0848770893911	20.3579947448037	15.5162004272701	-6.76980386030495	20.2702187937639	15.2085204196668	-5.71702156000367	20.5592192241354	15.9466561303696	-6.65464873499786	20.436613110248	15.7263285209601
PRTN3 TNFSF8	-2.27187956831224	19.5819821034352	15.0473017438709	-3.33420904754071	19.8738736277859	14.4861997187583	-3.04610025077324	20.280106931681	15.3709599798707	-3.28487117393067	19.9434179530759	15.1273990097232
PRTN3 TNFSF9	-3.90106777457859	19.6230371674737	15.4640698559668	-3.17391474105275	19.1151780988372	14.0108661045347	-3.97664015447742	19.9295892286275	15.3292634699748	-4.30093607840766	19.7548835828633	15.406143685889
PRTN3 TNNI2	-3.69715113617238	20.7971237967557	15.8871825584311	-4.97550636124954	19.7890921289902	15.1561366312253	-4.83958446320795	20.4320005770308	15.8995215806664	-5.42867578725269	20.4975449211982	15.8880472577806
PRTN3 TNNI3	-0.9322998863745	17.7665687227221	14.0566176209438	-3.55797255835202	19.0900236782014	14.5029059798989	-1.70653594027948	19.0169964586449	14.6533265020543	-1.70646810030904	18.6304302589666	14.3916635149913
PRTN3 TNNT2	-0.776593416483681	17.7322751118605	12.5438735525929	-0.201471056239521	15.7239485003513	11.2546518792642	-0.765046189418677	17.4846924595232	12.7186059025835	-0.505832585802656	16.7445463057546	12.1753163801683
PRTN3 TOP1	-4.35706180128568	20.0109521771064	15.1895874842055	-4.02138812812426	19.7686970725156	14.2265170754892	-4.41803318334867	20.2744409373369	15.424669298952	-4.73336085044788	20.1008580748123	15.0899003854561
PRTN3 TP53	-1.80596491225523	19.2459342041269	14.4528269354587	-5.24168216428214	20.0450036597739	14.9002137739375	-4.66461051031894	20.4027301670917	15.954056056977	-4.17207271170397	19.8542531724554	15.196389440918
PRTN3 TPI1	-4.36441298358041	19.7422161241537	15.0262051360515	-2.01728671767638	19.1384969565562	14.2143959773424	-3.96712525031653	20.1763430090325	15.6727219126721	-3.93649961967545	19.7160695598366	15.1448249021533
PRTN3 TPM1	-5.38965910053561	20.4181358986863	15.8034044171209	-5.397560635798	20.4422307637934	15.0518931463038	-5.02929397466155	20.5154857090417	15.7972047487351	-4.87795687523751	20.5082655435637	15.6839843097552
PRTN3 TPM2	-5.32744484930718	20.4740925171329	16.2492327630033	-5.54105887590079	19.7621324918914	14.7340820973406	-5.17455815356925	20.5988586582071	15.7206549629558	-6.08249644151939	20.4473526405628	15.8186694790896
PRTN3 TPM4	-4.07803405251698	20.2206530482239	15.82492427001	-3.842053542113	19.755826771893	14.8196050213316	-4.60696743190911	20.3824272819533	15.8541781602246	-4.94286627521045	20.1596547974793	15.7390542730624
PRTN3 TPO	-8.3766037995912	20.7033375318451	16.5072439852164	-2.80631167747159	19.1827482066295	14.5658954706382	-6.09905467815932	20.5706768502679	16.2165262078333	-4.8377812431683	20.3158362104242	15.8627309487386
PRTN3 TPSB2	-4.25762455713883	19.5113063914306	15.3286197573403	-3.28736908175783	19.3387210082949	14.4155046848162	-5.40949046496813	20.3709986976645	15.6024306644591	-4.48360607265914	19.7805098725388	15.2004604936546
PRTN3 TPSG1	-3.0327991713937	19.1064086128469	15.2415840965713	-4.81708146799859	19.9918248579848	14.7206189964608	-4.05280576260135	19.8922944761986	15.4656938444695	-3.96015668926401	19.7642404788259	15.4642027567081
PRTN3 TPT1	-5.16875464247382	19.8659539398112	15.3907173176867	-2.5518118587825	19.553903702457	14.6339906808974	-4.91189669075759	20.4731737547247	15.962218109861	-5.72178988297439	20.1064814525118	15.7901632898649
PRTN3 TSLP	-6.65334790812594	20.3055697260342	15.917254683003	-1.21941930377748	18.2163280014819	13.8682845197551	-3.01393260711929	19.7010191695931	15.5368005358436	-2.96022771443171	19.3463551235771	15.2951512940674
PRTN3 TXNDC12	-7.46244186359005	20.5581795502654	16.1929839571399	-2.40586476064777	18.3661173769061	13.5141537589207	-4.34762130948047	20.103074002869	15.5169743183634	-4.27729262175672	19.6802286746837	15.1625915127718
PRTN3 TYK2	-3.85130760690833	19.778049948801	15.1175459641772	-3.44976484123014	18.9969906787099	14.3311528238448	-4.287574794093	20.219272834514	15.4826366337503	-3.93223767202024	19.654344117173	15.2113479541471
PRTN3 TYMS	-5.38969315702445	19.8162692859508	15.4078470970127	-5.64126839134158	20.2881649901372	15.0525950950757	-7.02066746312118	20.850386870255	16.101476743107	-6.08579448517432	20.4321340034185	15.7653043274655
PRTN3 TYRO3	-3.68718893367196	19.1963608539003	15.3922714458081	-2.31833123039834	19.0886016905527	14.1795977983911	-3.12278431692221	19.9608359184887	15.3267534048573	-3.42193185836905	19.4642375601833	15.226914180358
PRTN3 UBB	-3.98706747533193	19.6061426734796	15.1446718959558	-3.89439704538206	20.0375150323675	14.9612843552386	-4.99726279564462	20.1536534220255	15.523505366014	-4.6302730828889	19.9656351779274	15.3271998451
PRTN3 UBC	-1.55882758338661	18.8690725000053	14.2694105242941	-1.56252167460121	18.50841463107	13.0155453668461	-1.88682236861039	19.1499832803106	14.1641141937456	-2.14614002051396	19.0901333310074	14.2380131925001
PRTN3 UBE2G2	-3.8724183524271	19.8463629469344	15.3409136083126	-3.07136932802152	18.9813086618323	13.9631380430375	-4.92382379891922	20.1484751899874	15.6295968694784	-3.86254675440582	19.7450986155063	15.1806663251553
PRTN3 UBE2I	-4.60994594740254	20.1233321651165	15.544011257294	-1.6743223300862	18.7782173702214	14.0908738527273	-4.159689665568	20.1054138871771	15.5972727980217	-3.23748942012707	19.6481847080233	15.2841531616983
PRTN3 UBE2L3	-4.60230190490424	19.8581124330895	15.4405122207641	-1.78269466122925	18.961782809851	13.9788082015618	-5.04852204433678	20.1269602645534	15.705163510003	-3.55583723000601	19.7090093100751	15.1599412847509
PRTN3 UBE2N	-3.25342632227168	19.0875404456417	14.7730242037561	-2.37362145059671	19.3832690869014	14.3708663317763	-4.03511094693767	20.1006221410437	15.5314108394587	-3.31581400001932	19.413794477927	15.0744796003732
PRTN3 UCHL1	-6.43598563022655	20.59652684831	16.1555256723669	-4.89587911374998	19.6536094840296	14.7163393469174	-5.37900232362399	20.4054620946586	15.7630158522166	-6.31407701024489	20.3335533547676	15.8348597466418
PRTN3 UFC1	-4.4989472287032	19.8607003023283	15.3011406710877	-4.11852548192193	19.5483059444757	14.2387472718943	-6.15530207248281	20.6086323869944	16.0080457030818	-7.22995557418815	20.1966545604908	15.6479445066766
PRTN3 UFM1	-2.88421209125973	19.1644784845464	14.8916978993456	-3.67362700856749	19.0167528811663	13.9973013864784	-5.12763162650013	20.3889491332263	15.9946901386801	-4.97696790197737	19.5740930604616	15.2267410629158
PRTN3 ULBP1	-4.49046817658428	19.3160250553413	15.3429360807302	-5.00052574532246	20.249919699568	15.3736508357681	-4.73603686648094	20.1122589528439	15.8726002474432	-5.39134795331435	19.9918261765892	15.7057086611078
PRTN3 ULBP2	-4.80417065974492	20.0320486934996	15.8948057503625	-5.48330858629099	19.9591496468889	14.8797581683407	-5.15962298822984	20.3604873079238	15.889063430686	-6.65363053456979	20.3106598240262	15.8599742513654
PRTN3 ULBP3	-3.57975869871821	19.8634375104103	15.4381830883203	-1.06067583693512	18.1529744405685	13.5786957418889	-2.82943960571072	19.5589304509656	15.2852842546341	-2.44590942686855	19.1587027082593	15.0258748256237
PRTN3 UNC5C	-0.767985324934249	16.8424493690854	12.8141932300432	-0.493522210089241	15.9857834673363	11.8980942673089	-0.569531677604125	16.9126101737569	12.8505079863314	-0.461788092542645	16.5512295085741	12.7252383859144
PRTN3 UNC5D	-1.84573852802189	18.9893580697394	14.4601226472012	-4.34097698387897	20.0694738666837	14.9413995637315	-2.7707768004513	20.1163837776418	15.3498498157964	-2.80620974991301	19.6665893719215	15.0593596203193
PRTN3 USP25	-2.65137961681211	18.9987756238888	14.6226025266671	-4.72270920946755	20.2171541597995	14.5146313882793	-4.90885534846224	20.3004654088825	15.4435136304915	-4.52326967218518	20.0593981507728	15.0060929926591
PRTN3 VAV1	-2.81502418734272	19.7021100197249	15.473784815015	-3.07555735553574	19.4567418120898	14.3562239373617	-6.31549398943593	20.4543669159256	16.0117776015891	-4.3399861862413	19.9647152266914	15.5260467460752
PRTN3 VCAM1	-1.36006482900974	18.4615833188447	13.9265810218054	-1.07873988940674	17.8926002591512	13.2420004793426	-1.58693818094733	18.7472114151206	14.2700561732928	-1.45302366650946	18.5155883554744	14.0122262916326
PRTN3 VEGFA	-0.571768185469323	17.2350524636362	13.1904994164274	-0.452899127706235	15.8676544377695	12.23620471193	-0.401470376801082	16.8032518052909	12.9888577756209	-0.467247248225419	16.7265218645492	12.9851256512168
PRTN3 VEGFA.1	-6.35899710843581	21.2801509138644	15.894928253201	-3.58105938833537	19.5538952016432	14.5058788536431	-5.90419782093836	20.4291240589805	15.6640102753842	-5.3871521413455	20.4865077786303	15.5489205064509
PRTN3 VEGFC	-2.4115958886806	18.9854483734282	14.9697718098707	-0.910575923880241	17.8707916518266	13.0401808119166	-1.57599020192276	18.895651239589	14.5893358864561	-1.49219495556872	18.660189245055	14.4525453872231
PRTN3 VIP	-2.99728821331945	19.3169525933331	15.2201029732024	-1.1422723436832	18.2272462249925	13.5722851426921	-2.76810868687462	19.5505857920521	15.2218393542822	-2.29031074153829	18.8974409530945	14.7518262029974
PRTN3 VTA1	-3.65889363328032	19.2662107425248	15.144936081579	-2.79187947002734	19.7190727344851	14.5121810930318	-6.19700956519654	20.5684649765596	15.9346156685078	-4.56787999021427	19.9220620924897	15.3365025846806
PRTN3 VTN	-2.06055983639635	19.6530193041099	13.7168535459523	-3.18017575749131	18.396703125851	13.8458736506473	-2.36126061391837	19.1185999313037	14.2447016407287	-2.90160199960501	19.2768075680194	14.2532192572066
PRTN3 VWF	-4.52380559130128	20.406074087191	15.3609619196829	-6.55544328233106	20.2519052823322	15.2501670156037	-6.27228284623003	20.8186954044398	15.8258953628033	-5.51622559739702	20.7054808865211	15.6270505589775
PRTN3 WFIKKN1	-2.04068442720097	19.1098516154955	14.1954385461901	-2.79231950559032	20.0836301296247	14.1906938634161	-2.38709408572694	20.0906664684386	14.6416760740088	-2.64629661775819	19.8277497676406	14.5310087851977
PRTN3 WFIKKN2	-7.8936131663383	20.4008864113042	16.0334786627919	-6.08114987732763	20.5807062398512	15.2061081261131	-6.04916603431907	20.5594790245662	15.9978833986456	-7.26258866802053	20.624734328453	15.9012699049488
PRTN3 WIF1	-3.2269840034648	19.1737438934025	14.9228884133528	-4.64429175419874	20.1078700759959	14.9096911359394	-3.77984787819121	20.0179698707689	15.3817609948414	-3.82991528542434	19.8653374397487	15.2229489789352
PRTN3 WISP1	-3.35798402374644	20.2250540155064	15.1833007829935	-3.23313534481903	19.1683331038537	14.4360143091052	-3.03363980025441	19.7115879282436	15.2559585883189	-3.3548078833713	19.8469850297718	15.1461389587921
PRTN3 WISP3	-3.3271644277226	18.749836542767	15.1319694771761	-3.876915651544	19.3514389664294	14.5379390492816	-3.79828750364808	19.4684700747737	15.3307250555331	-4.23714488262687	19.3659654718078	15.1323845789021
PRTN3 WNK3	-4.73158827090648	19.9360687727814	15.5462340529595	-2.78074320088985	19.1449381735238	14.3135980128247	-4.97806071460268	19.9865192745592	15.6381767309808	-4.45213880919716	19.7359903511064	15.364217313517
PRTN3 WNT7A	-5.3135835483199	20.0929706931194	16.12095391027	-4.32246525202456	19.7476343376276	14.4615458524657	-5.15027700870869	20.6012344620759	15.8530974582102	-5.0206480357814	20.1339926500381	15.5844930295106
PRTN3 XCL1	-2.39520203367671	19.4474866358602	15.4889901356137	-2.60496673951733	19.1200024158103	14.1706507459161	-3.69080692222337	19.6335236584353	15.3342131263725	-3.03112356702003	19.3937782554292	15.0930186733602
PRTN3 XPNPEP1	-1.86207115009732	18.8574216901675	14.3079621496207	-3.07285405133205	18.9636947559836	13.9235109956292	-4.50521981961869	19.7789048603192	15.1434825178079	-3.64888032543932	19.4176979692259	14.9154910279775
PRTN3 XRCC6	-3.65655477106628	19.7139616316391	14.5626021029578	-3.46535105685688	19.7647062992932	14.588509270703	-5.43709209649422	20.3936129948768	15.556263317198	-4.42967468914576	20.0592741012052	15.1381690493046
PRTN3 YES1	-4.77887476776735	20.2027151576746	15.4336561770408	-0.782754448381238	17.6428722437112	12.9150565598277	-1.94638730583479	19.2803672863397	14.6555432370078	-2.01442124450552	19.3063165501505	14.6601648069179
PRTN3 YWHAB	-7.32290688224841	20.2120363850316	15.7090264956302	-3.02969238490807	19.55979255496	14.5096989848694	-6.51732940062488	20.7917712142204	16.2283497577413	-5.86520570349092	20.1969099109482	15.7056241342149
PRTN3 YWHAB.YWHAE.YWHAG.YWHAH.YWHAQ.YWHAZ.SFN	-7.98453186888415	20.6887272781792	16.0971422803092	-3.16038922462785	19.4089667821054	14.533786070786	-5.86504631214542	20.5345789988277	16.0471314188155	-5.8653865059707	20.3501076901605	15.8131662961257
PRTN3 YWHAE	-3.95445671744147	19.8137433263423	15.5780956477761	-2.78239701215756	18.6504406115972	13.8996998577998	-3.25268149997383	19.598985016723	15.0989231797727	-3.6285718807764	19.4343744623922	14.9991583872798
PRTN3 YWHAQ	-6.20199108414964	20.641385252334	15.9939886053112	-4.37479432703665	19.5550807136517	14.8772148927222	-4.89977504320191	20.1523213232097	15.7540408665382	-5.92358747260928	20.2155883748656	15.7601539364915
PRTN3 YWHAZ	-4.82363502395674	20.5258100517294	16.1366816772127	-4.94196519472308	19.8361102776269	14.7516137874338	-5.85997752955736	20.6295640447283	16.1245082943589	-6.11010172101797	20.3769144570568	15.9036917740133
PRTN3 ZAP70	-4.66829256712548	20.0527385638006	15.8600818652639	-5.65838479806411	20.0659375360017	14.9675484970932	-5.89924463683423	20.5454920366902	15.9236447886626	-5.44643718514089	20.2687270399949	15.7824015430309
PRTN3 ZNRF3	-2.53563530570761	19.3872343878691	15.1533576310333	-3.73352356086037	19.2400197615667	13.9025465545121	-4.15982706569084	19.764637026931	15.3242036399256	-3.59801832542959	19.6307172271324	14.9619931060562
