protein_name	r2_male	rmse_male	mae_male	r2_female	rmse_female	mae_female	r2_all	rmse_all	mae_all	r2_all_sex_adjust	rmse_all_sex_adjust	mae_all_sex_adjust
RAC3 RAD51	-5.05161918831594	19.9416014105203	15.7094112305381	-4.7740967460415	19.8210752114457	14.7204508998848	-10.0191043617674	21.1629440034774	16.4690285167777	-7.58902339653672	20.399588449562	15.890759679756
RAC3 RAN	-8.62979208611432	20.2363251977291	16.0202875219355	-5.21914476622337	20.3700154100178	15.5267909944024	-35.2287797621307	21.7254048962265	17.2811383574345	-9.51267890152651	20.702556053079	16.4549764902427
RAC3 RARRES2	-1.28066154947555	18.8348329638199	14.7484467388578	-1.01294391713622	17.2212450468135	12.8212366491659	-1.28760894976483	18.2644711410767	14.1821979588573	-1.02401038439958	18.2446865319253	14.0416489743492
RAC3 RASA1	-3.72362152682501	20.4225843440204	15.387409310411	-3.67814981809126	20.2615903541837	14.864778008981	-5.91235432203646	21.3365512225797	16.0628418115524	-4.55276968362373	20.5450715247355	15.5549789765301
RAC3 RB1	-3.90639835681982	19.7251130426309	15.3129841747143	-6.63754709313056	20.3991271885788	15.4673707508005	-12.3740913843321	21.2988286578478	16.7233802390945	-5.78908993932509	20.6481775756104	15.8693844185436
RAC3 RBM39	-1.49644768172098	19.2557443499901	14.4582253598626	-1.71672631790667	19.2595834452652	14.2851210117023	-2.81417827360614	19.9389142066578	15.594798983874	-1.88788415958017	19.6978958355231	14.8611142705913
RAC3 RBP4	-8.18114839222034	20.3019322315436	16.3246870725567	-2.31025414721338	18.5078424137617	14.3123502339293	-11.5925588242585	21.1021654648764	16.8563406721936	-4.30759138845768	20.0980114526479	15.9195070607907
RAC3 REG1A	-0.594088445538062	17.66222536883	13.6763417144801	-1.03873859212315	17.9033674135028	13.2804667751046	-1.08749541451325	18.5393240263064	14.2991782780953	-0.882164607556267	18.1557390681197	13.8066692141279
RAC3 REG4	-0.567433384472617	17.0034119807534	13.2461157283934	-0.782851524929537	16.9531651594755	12.0385824873795	-0.73264600098025	17.6095025697763	13.5526868412217	-0.733440356661625	17.242275198952	12.9240581682694
RAC3 RELT	-0.289923075276393	16.3737615046484	11.8634197456959	-0.422167130470867	16.1264350158165	11.3094712671339	-0.764714069940884	17.4755180505056	12.7129150827821	-0.452084490315303	16.6650727726046	11.9550110241878
RAC3 REN	-1.21238088716647	18.2274224843966	14.5514221589726	-2.33734857568657	19.2567646354356	13.99365385788	-3.51647346606218	20.0362556579013	15.7088036638831	-1.9099818358387	19.2293014939779	14.8473447227354
RAC3 RET	0.528844543623409	12.7266303840576	9.11860965119067	-0.403539544784802	16.3568770463798	11.7868121956566	0.0920714959036053	15.4375057567236	11.3061450833511	0.163855282243812	14.9001953634545	10.8316577680099
RAC3 RETN	-1.8691670254111	18.7706956536866	13.8770114193219	-3.27462070905072	19.5767741271829	14.194091782857	-5.12959246356557	20.7910541267441	15.5525813091068	-3.41453376836653	19.9463555518449	14.8860472844085
RAC3 RGMA	-0.138294785102926	16.433950564564	12.0140443689402	-2.57622834122949	19.6674642833887	13.9985496625412	-1.52920120366865	19.0652370648913	14.4424919504239	-0.990287649820111	18.4813523342639	13.4412759621339
RAC3 RGMB	-2.01434778735322	19.0768129970681	14.5148089625722	-2.00882247667245	19.5320892057068	13.7585138295307	-3.52463889851521	20.8566722010026	15.6578291071692	-2.58162059919398	19.5618638360622	14.611528787199
RAC3 RNASEH1	-4.93975102823177	20.0957821510303	16.0006254370607	-2.91860482114558	18.8283926606311	13.8437789626061	-9.87682945381152	21.2549410101092	16.5707798086371	-4.46088166748256	20.1645036630274	15.4341182166402
RAC3 RNF43	-3.52773938088504	19.9839759714922	16.1377633637479	-7.98013851516932	20.8323576768187	15.8988878437355	-21.4427565843376	21.7612181304856	17.165778953416	-5.6789531260911	20.7439120253091	16.3956277821072
RAC3 ROBO2	-3.3018023400397	19.2990947606937	14.8943522250764	-1.78847536581503	19.3469706278336	13.7283907452495	-3.62279572574127	20.1937510217824	15.5863894307511	-3.02827356490423	19.6096218028762	14.9281827299939
RAC3 ROBO3	-9.28066892109335	20.3154478843775	16.4211191591358	-4.63405834289078	19.6530916491499	15.0239658192122	-21.5663423514734	21.4278089326629	17.0939937671053	-7.27977412816119	20.317623964869	16.1647550952861
RAC3 ROR1	-0.379562901939828	16.3415192363497	12.8547672135731	-1.34447563885373	18.0851361006318	12.9451275826555	-1.58755813394556	18.6556628300949	14.3049460529145	-1.06489378644862	17.7831865305171	13.4546598699777
RAC3 RPS27A	-0.17875312228523	16.3338126213234	13.03290606305	-1.18325835336701	17.7009169187473	13.6672656511959	-1.09970976513626	18.1140403794289	14.5570875367383	-0.84764209178356	17.4787873197474	14.0146621287116
RAC3 RPS27A.1	-0.333849741929248	17.2734998493918	13.393456200483	-1.29968349178294	17.3869023326846	13.0697958611041	-1.5749351775175	18.3663556463203	14.6848460313352	-0.851759115825386	17.9507688052219	13.8299138579512
RAC3 RPS3	-1.98819604533946	18.9429272713109	14.2394326475246	-4.2915874124464	19.8364998279153	14.492888191306	-4.20531372578865	20.3998077075824	15.5394924592645	-3.98295594632753	20.040518975206	15.1250865525091
RAC3 RPS3A	-3.27065101018906	19.7153095973595	15.3935671051283	-4.80134379981027	19.7713879821365	14.6334320926085	-7.53630055183887	20.8862295472696	16.1479058446818	-4.47537899033612	20.2230424881389	15.6092008259862
RAC3 RPS6KA3	-2.28001075269221	18.7313419421509	14.4924537554815	-7.001224385104	20.4446465644638	15.8122490779657	-10.1228366212231	21.0270648663985	16.8460571754832	-5.28744960306591	20.015205942358	15.7446735751507
RAC3 RPS6KA5	-0.972837971337932	17.9133837753433	14.187660652296	-1.76801729915886	18.2083361236899	13.8201611418051	-1.37370160132773	18.9577519629642	14.895016563092	-1.30466411291403	18.5524772749036	14.4505599913338
RAC3 RPS7	-2.88973147022421	19.2469449200026	14.9832771832937	-2.81445870040824	18.1901120431069	14.012453689738	-7.77689473193145	20.3919837696824	16.5492542214793	-3.91281829421717	19.3291468795528	15.372086816294
RAC3 RPSA	-5.30627696647052	19.7933416246698	15.4203320577912	-5.52185591761667	21.3428761710107	15.3684431517297	-19.6175807996228	21.6246022620511	16.9221402009077	-6.52725903572597	20.9558358878716	15.9363653127011
RAC3 RSPO2	-1.64844854663523	18.2398478138573	14.6060630763646	-1.31697604499089	18.1843806004746	13.257896065738	-2.90473796892737	19.4226567395615	15.1188353251078	-1.90738369698332	18.6870865183886	14.4893179669646
RAC3 RSPO3	0.491867734045855	12.5823732735702	9.10097820458527	0.242124050147352	13.5540034492121	9.44861435663768	0.288561260774479	14.1119435544769	10.2775775184952	0.357918228919511	13.4252087035418	9.71254434755683
RAC3 RSPO4	0.220567418903448	14.6014949449366	10.5428513051693	0.344826386077936	13.5068570267854	10.3742921755061	0.287026755763371	15.0719525937665	11.1639358755583	0.28010673875214	14.3738346127489	10.8861179453211
RAC3 RTN4R	-4.37189894528934	19.8017426139977	15.4799440468313	-2.45023598648245	18.864083758292	14.3677581301789	-10.0835818754253	21.1328226053217	16.7120932224649	-4.32337851540008	19.7687544789782	15.5151794772226
RAC3 RXFP1	-2.19226719015981	19.4431777440313	15.2760375745363	-2.92991448336358	18.936932413365	13.9984392353008	-3.18292907774508	20.0972984656144	15.6353676444271	-3.10436865135112	19.7172186970095	15.2747012373661
RAC3 S100A12	-5.96165006358207	20.0311506258935	16.1956578884677	-2.56607328607168	19.6233076576205	14.6597004900336	-7.07947893436028	20.7556357525794	16.347799180941	-5.07647885769184	20.3149161615351	16.0010678584196
RAC3 S100A4	-4.68489460114307	20.2871373457438	15.9534445601184	-5.87979954544745	20.1293085946012	15.1376765026094	-13.438824026514	21.2401446756023	16.8339996066758	-6.56156233110872	20.5252507952163	16.0980773393734
RAC3 S100A6	-3.35846827674771	19.7709644183747	15.5467051277255	-2.38813299971274	19.5209903642629	14.7950447104962	-7.4781534122346	20.8704310986516	16.4965168596546	-3.76551778773385	20.1056348827221	15.66193643552
RAC3 S100A7	-3.31149555962233	19.995195133168	15.7474237693169	-4.38823284663242	20.0800977458854	14.7915519980583	-21.9619647912266	21.5817095309742	17.161791305391	-6.28441051599561	20.5369256616465	15.920184318134
RAC3 S100A9	-0.866341728515312	17.4857058019996	13.6165857453171	-1.57213721091813	18.5524549412972	13.6315488265461	-1.39925969046754	18.9740290802408	14.8093089594844	-1.27588322603704	18.3269560650096	14.2476931794023
RAC3 SAA1	-2.04145772833409	18.8860572317959	14.8587203647837	-3.57115668886926	19.8960399635318	14.8029702822214	-4.94540231505194	20.5935514273277	16.1389878209965	-3.34055271536411	19.8292875524846	15.4185676025791
RAC3 SBDS	-2.09675479697916	18.150317287116	14.1161307874351	-3.22572066477066	19.4297820117487	14.6623658542588	-2.59373866180022	19.1341567708348	14.9445942521724	-2.91435161052291	19.1671328571818	14.6782740276324
RAC3 SCARB2	-3.82137904617929	20.0071819650355	16.2030028045601	-3.67810954228783	20.0378956863899	14.5121005498244	-6.99000560062125	20.9612305087247	16.4474257752487	-4.53960664252753	20.426976815675	16.0623249536236
RAC3 SCARF1	-0.263291112826919	16.6620267410457	12.7515762008682	-1.12779021615149	17.5334634604091	12.9450402005842	-0.733540571459497	17.371345514958	13.1467192006301	-0.703168968332619	17.3434085486179	13.0840884433484
RAC3 SCARF2	-3.22620792643766	19.8367462457656	15.6369536990637	-2.74773089752537	19.3782995641112	14.6798594313292	-4.05085857166065	20.6375700720617	16.2339287864729	-3.78934286847519	20.1944688721295	15.7267770023694
RAC3 SCGB2A1	-3.27360642994233	19.1451156451756	15.8778824291956	-5.10480209127796	19.8828136760157	15.2113915313793	-9.664376209582	20.6868706976191	16.6919723248275	-6.18469884395097	20.1295433350551	16.0931360109651
RAC3 SCT	-2.97985171228073	19.7554017178252	15.1466309853378	-2.9588185547185	20.2142029955463	14.9741683890563	-4.01884636403435	20.5768463638462	16.0637772776351	-3.32194531303878	20.1890053916861	15.4742674508458
RAC3 SECTM1	-2.07105119122893	19.6469026030864	14.8906754988665	-0.677731143658948	16.9627324368958	12.4202554281661	-1.86624047264502	19.224216957826	14.6328642870605	-1.47924950178218	18.4739649917261	14.0445789977176
RAC3 SELE	-2.94764465053274	18.7857675465209	14.5075576074224	-3.94957598623875	19.4821625651052	14.3229096781218	-8.74230190960258	20.3396681691886	16.1504614950422	-4.2861054200498	19.737198911098	15.1727870626108
RAC3 SELL	-1.27800431134917	18.7510583651152	14.4260707491216	-2.83405245857126	19.4024067724723	14.6545629015792	-2.98228880710827	19.9513846950763	15.5426628501382	-2.03759772277411	19.332948028629	14.8425616064083
RAC3 SELP	-5.67497656300271	20.0404569835839	15.8918348481509	-3.5246715885889	19.4746932401279	14.2426680626235	-7.72144023373144	20.4846345576319	15.9975892155822	-5.52261517801251	20.2519844930378	15.7215616600182
RAC3 SEMA3A	-3.06292554574219	19.1939865443203	15.1383003417439	-4.80781548131859	20.0770781961649	15.185407533094	-7.84499242022531	20.5131179072322	16.400166516	-3.9142633447916	19.7870758849905	15.4150906167278
RAC3 SEMA3E	-0.794958598554527	17.9306928816195	13.6295290415524	-3.32941844131739	19.3277972834165	14.4300571206526	-2.67505910558644	19.7047652619351	15.230419841284	-1.87110624625576	19.0309858883621	14.4320814578499
RAC3 SEMA5A	-1.80041025224067	19.2896718499144	14.2527900724051	-4.25547964443065	19.5971847737587	15.0436052758137	-8.72647429096061	21.1080191947543	16.4686290735264	-3.28359813827088	20.2567094286065	15.3329436667917
RAC3 SEMA6A	-0.785187213613302	18.0220820609043	14.5664153127246	-2.44461205754848	19.1849951866753	14.1890676846262	-3.47076903855105	19.8196853024214	15.8766920005653	-1.41641020991463	19.1250331714346	14.8443089960615
RAC3 SEMA6B	-8.28051825088498	20.5514262985693	15.942479171898	-6.7982289793832	20.8116197366141	15.7888717007943	-28.5555116593832	21.9993054468417	17.2212302273467	-7.67718600238568	21.16342186436	16.2403719842883
RAC3 SERPINA1	-0.431980026053134	16.8309731705763	13.9868953542962	-0.911153220367808	17.4912862895739	12.8390213579308	-0.943767597840189	18.5716448957675	14.3814540400565	-0.688206044025715	17.5673958130083	13.8075189712676
RAC3 SERPINA10	-1.18052778247279	18.1983340301675	13.7643328132882	-3.72710615863733	19.8432121020125	14.4107131764293	-5.58560648506803	20.9919010586242	16.0009251692463	-2.88731499829042	19.4274303690884	14.6725094822005
RAC3 SERPINA3	-3.74019361702261	19.745708585689	15.3903633367745	-5.60167429280641	20.9515089217655	15.7664927155167	-14.9069455269376	21.6074391024631	16.8878544400066	-7.26635535713139	20.6591703078947	16.2517279415869
RAC3 SERPINA3.1	-0.970543843318135	18.3831931784716	13.7586288620049	-1.10493806557553	18.5686592918288	12.8915343727953	-1.64586822491776	19.6080979421165	14.3918032222785	-1.17911553808798	18.8961308072225	13.7563569433632
RAC3 SERPINA4	-1.90873178786287	18.7132197742935	14.3508081415507	-5.07500181661839	20.7051397378478	15.1872869499081	-7.47160853667589	21.3924007366542	16.4091367980312	-3.91809083723515	20.3367434663425	15.513916182828
RAC3 SERPINA5	-5.31180834183419	19.8892120325693	15.7984707831505	-5.46783179555116	20.2751472477418	15.3993561520869	-14.8079760350185	21.2147322588174	16.6739495656292	-6.89856948598358	20.8242460233529	16.1900264883433
RAC3 SERPINA6	-2.78115132578867	19.5274794902167	15.6537116794433	-2.53525285055299	18.977698916637	14.2559561698383	-3.22714101921179	19.9435278412882	15.8149005848997	-3.04744632796988	19.705984280349	15.4749580825838
RAC3 SERPINA7	-4.41611695000115	20.5303301390745	15.7875734988724	-4.67078372452907	20.1950875048188	14.8267249425693	-10.131781137847	21.7866064729725	16.6427784666061	-5.21123710400534	20.8372902390737	15.7844395326031
RAC3 SERPINC1	-0.202926538752364	16.5425738784102	12.1804609610694	-1.69007292925841	18.6143350096802	14.0367791302456	-1.38906500249371	18.6624806042358	14.4562451346152	-0.804898816817401	17.9091116780882	13.5490633755938
RAC3 SERPIND1	-1.25768382926319	18.2514173845655	13.640199037716	-3.32023081548346	20.2518578090589	14.853494004253	-5.28293049240413	20.7215812730269	15.8642987623249	-2.87829155293264	19.6993599933369	14.8553643971565
RAC3 SERPINE1	-1.98675678519124	19.1780077218053	15.2238050850546	-4.00166636446018	20.3723019147399	14.7546358039403	-7.51632113840748	20.8773185836465	16.2013935740963	-3.50615288332825	20.1352704781452	15.441684830531
RAC3 SERPINE2	-1.87870152485134	19.4536842217606	15.0276524507554	-2.47004506746958	18.9826684904454	14.0875058357785	-4.62738553869012	20.2596091854459	15.8998017753121	-2.24575334918838	19.598676079769	14.9910392136577
RAC3 SERPINF1	-5.48948939470957	20.1933801594719	16.2345247925341	-3.2338836178102	19.3056836299658	14.0591199597481	-12.4086133483585	21.1504145606179	16.4854059115474	-5.67242159010974	20.2943970016304	15.6670457710964
RAC3 SERPINF2	0.239978578205732	13.7026769251774	10.2536362270837	-0.671557939393267	17.1001085512596	12.3313846135996	-0.396114886127454	16.2987531028998	12.1353648640613	-0.223770929336149	15.8328706933278	11.59518817845
RAC3 SERPING1	-2.58893692294214	20.1495923409997	15.2841371790847	-5.05772761787941	19.8690314773871	15.3872165830738	-10.8099774162077	20.8966854136463	16.5657349672022	-4.93431837429783	20.1869085091283	15.8233221372891
RAC3 SET	-4.78190890802165	19.6157781934662	15.4916173471729	-3.83888562990604	19.9412392490221	14.8562284991264	-8.39132981498959	20.8259371781059	16.25876499232	-5.49555172539602	20.1915187598199	15.6301709547283
RAC3 SEZ6L2	-1.72775627813589	18.7959033844367	14.4749587334853	-2.0991350118335	18.1908170843132	13.721409061961	-2.63486333337093	19.4964253932371	15.0037571082435	-2.1765574556818	19.3107049793922	14.7935273555173
RAC3 SFN	-1.87655726359803	18.2706518083005	13.5414898435876	-1.88407080657754	18.3943749474839	13.3804268194994	-2.38251109596905	19.3815282238444	14.6058350894989	-1.91963644063813	18.7269646025599	14.0327853076749
RAC3 SFRP1	-1.12991257224947	17.3902988140702	13.0503182848487	-0.63788133937447	17.2203231458067	12.8880230336107	-1.29829393039654	18.5415791653499	14.1671324682675	-1.11723281883793	17.7406623816869	13.4930757917784
RAC3 SFTPD	-1.66587497564932	18.4133905625787	14.4511875617489	-1.04393139061021	17.6532252540531	13.4425624349421	-1.25027182782181	18.2661652286463	14.5406282396098	-1.39476313611515	18.3596032118328	14.4143388600622
RAC3 SGTA	-2.95561416431386	19.5706911111002	15.1134961562603	-3.32612801857478	20.1802273530315	14.4841436602128	-6.36277702676571	20.943773660752	15.8506733327634	-4.24430933327739	20.2642721853627	15.2485884510498
RAC3 SH2D1A	-1.6654463907602	19.3499681178601	15.7396841011599	-1.47717875596392	17.8894545385188	13.7480639762643	-3.3706386523111	19.7497934152597	15.6375781297967	-1.98712308086314	18.9437545563451	14.9560686478516
RAC3 SHBG	-0.560249208620973	16.4743527403536	12.9415700250989	-2.68317823802421	19.9968992134598	14.2006998572372	-2.9417955574098	19.9884380288761	15.1619013411365	-1.62796057084147	18.8169558406975	14.1163043045825
RAC3 SHC1	-2.43219622228787	19.6148232387991	15.2134848867108	-2.68540894265607	19.2427028230068	14.3307519626759	-4.03859073611319	20.1980393799367	15.7362488743607	-3.5860367418513	19.698172969594	15.2488939420578
RAC3 SHH	-1.28768713231564	18.038211342019	14.4614333496369	-1.828486698117	18.4408835165846	14.5808446457198	-1.46481670957961	18.6537676510196	14.9344484500862	-1.57212788823378	18.6668438939394	15.0491469651169
RAC3 SIGLEC1	-2.37052985558014	19.5976006292337	15.3917627947144	-3.55850303881293	19.4009838373718	14.2333603813526	-5.18392010299416	20.6169860209737	16.0733607276852	-3.27851640627364	19.8848605542601	15.3281296972225
RAC3 SIGLEC14	-8.60620885425526	20.754481817345	16.5484090361842	-1.08932425659714	18.5043833237472	13.0125407645662	-3.14932466036385	20.5228910073586	15.2943507407892	-3.2214800260702	19.9311948988402	15.0501241903792
RAC3 SIGLEC6	-3.52206591559303	19.8416255037908	15.7367970621453	-2.7104435014274	19.2537771417261	14.2358678715354	-6.75070922038014	20.9842207327944	16.3787721712765	-3.71055718208034	20.1308288541875	15.6695323872121
RAC3 SIGLEC7	-5.37830503372694	20.3793209428671	15.5997903393478	-5.43530161757804	19.8217425129845	15.4214611480472	-15.7534065404365	21.8154375613675	16.9646624674046	-8.13079636098826	20.5560464023662	16.0064294937005
RAC3 SIGLEC9	-4.40628575683104	20.2799210883632	15.8018483173173	-4.96798718197974	20.6228856191666	15.5202057431842	-25.6911477098069	21.9809820668483	17.2315882809162	-5.77010136480316	20.6159786498328	15.9714987896237
RAC3 SIRPA	-4.16239538808989	19.5746571972129	15.5378113735437	-3.36122897740646	20.2561208836555	14.9876809261545	-10.169329646244	21.188786230339	16.5626072638748	-6.12907466570287	20.3555806577376	15.9353392995117
RAC3 SIRT2	-1.77754215314371	18.9029776065041	14.5472779417964	-5.11178249946206	20.050477253794	15.0259573844209	-7.33671806552947	20.8558611238554	16.1258475023659	-5.25194960116985	20.3599458556811	15.7132517800834
RAC3 SKP1	-1.65468713462115	18.8184888013259	14.8817167232795	-0.828651968514674	16.5794051966444	12.6668181072591	-1.532123995579	18.6835544171358	14.8342785037948	-1.46513499044655	18.0672343172081	14.2686366719615
RAC3 SLAMF6	-12.6250951216488	21.2628542708657	16.6106648515753	-4.0580213153035	20.4168716693107	15.1721480366857	-8.77312758062924	21.6386582235608	16.5995669696366	-8.76840028972725	21.0915371013795	16.3781702980352
RAC3 SLAMF7	-3.75245595998701	18.770720683976	15.253118418997	-4.31920755044861	20.3210830467403	14.8474126505493	-9.80164590042485	20.996610413818	16.5089743239601	-5.53243420161567	20.1515682568158	15.6389916023378
RAC3 SLC25A18	-8.7092824863394	20.4514933684459	16.5200638901311	-3.66136809453709	19.5325166723659	14.7204799547247	-8.96185627271389	20.6674661737718	16.4605620493154	-8.82158495124577	20.4491510766102	16.2766334049891
RAC3 SLITRK1	-3.35939838665692	19.0261030494309	15.5733139573256	-3.24347089171745	19.8019021175984	14.4282190992287	-5.9543139101518	21.1423341522719	16.6171812033071	-3.99946943487557	20.0079014224145	15.4435881417932
RAC3 SLITRK5	-3.02769919756604	19.5074862509068	15.5473549196083	-3.37792216025455	20.1439134194961	14.2539391231012	-14.6224803865548	21.6778056154757	16.6615421365886	-4.01818830021424	20.2466343364126	15.3956940294074
RAC3 SLPI	0.158979901553636	14.9387710435982	11.2803610806855	-0.988132267956602	17.2887775152332	11.8899703992624	-0.503008944958261	16.698550343925	12.437329222535	-0.239139984534511	16.3700000246538	11.8165151592241
RAC3 SMAD2	-2.14829816179291	19.0986845227723	14.5929328322972	-2.45753931705537	18.8135438671611	13.8311495199474	-2.98999784584581	19.4292370922365	15.109660478428	-3.01661030135145	19.2143512687477	14.6755644756625
RAC3 SMAD3	-4.45381794883794	19.6153001232234	15.3591527562321	-2.56739469612824	19.2303611800608	13.8230010202991	-7.51441924107608	20.3746336253628	15.8870295663727	-4.29547026913346	19.7786741784954	15.1153409239154
RAC3 SMOC1	0.276025354697142	13.8512948842313	9.69494701624971	0.197793891579975	13.9685754986942	9.5894465208708	0.195445304244616	14.4449429091744	10.0001771663038	0.22156708384048	14.0169030622638	9.76077405953869
RAC3 SMPDL3A	-2.26847678132184	19.3832649202302	15.5160772163056	-2.40134876341158	18.9022443477389	14.258680667388	-3.49825363810922	20.3218686262927	16.0184482875362	-2.85866425347751	19.5288420037151	15.4186249443533
RAC3 SNAP25	-3.17380563015125	19.4744843907762	14.997393207256	-5.63334828848187	20.2617078861178	15.4428934685076	-17.242290963046	21.4831099529342	17.020489104134	-6.06087395469682	20.5029884893052	15.9513071133538
RAC3 SNCA	-0.554920062075628	17.7484850416814	12.8592393149177	-3.25197987381166	19.5462704776818	14.6045704874799	-1.981673607538	19.6734607293471	15.0068451228054	-1.46562966383815	19.2448605794838	14.2634981484387
RAC3 SNRPF	-1.90323370834103	18.6839270045637	14.6565229892181	-1.46345397653047	17.6609017617181	13.3408251682666	-3.92763185564876	19.6947686358143	15.6773705034389	-2.40792092891319	18.9474759151287	14.8443779136132
RAC3 SNX4	-2.17794945911746	18.9808871354189	15.2165106690004	-6.29455656850613	20.4633327201184	15.673863917018	-7.82085762572467	20.6838259523661	16.6189696643175	-5.28303257752591	20.1258400106647	15.9545825728307
RAC3 SOD1	-0.925144883147895	17.6340671334643	13.6896568453747	-0.768087683324469	16.9571791272496	12.7302932019184	-1.23304734555499	18.1771600375361	14.3442110353178	-1.00304010422062	17.744851582306	13.758212132953
RAC3 SOD2	-0.45721622267338	18.0612517687032	13.7404008910908	-1.17743396511461	17.8668335479947	13.428872532264	-1.51089791431096	18.8893683293791	14.8059427409732	-0.972505314821033	18.2222393686878	13.9707543276991
RAC3 SOD3	-0.738284942532908	17.2526102888044	13.7986850108054	-1.22206370341365	17.6873024764649	12.9444532468945	-1.57898333818675	18.6443478044192	14.7130903027235	-1.06132381099306	17.7258205364158	13.7383584769803
RAC3 SORCS2	-3.24878755408986	19.7712999195791	15.6318717043774	-2.77029929918721	18.9318810879333	13.9193858624188	-5.84777004768027	20.9187522045246	15.9980076202764	-4.1295504255951	19.78711536386	15.284156105217
RAC3 SOST	0.303354679894507	14.4403032198016	10.2761931653149	-0.0800458384247673	15.3474730436735	12.0067791474649	-0.294502850870452	17.1124684900564	13.2642070627281	0.106041388313025	15.1740125846753	11.5325446307459
RAC3 SPARC	-3.08837357546265	19.2628880065068	15.6920846130506	-2.30955077291182	19.2191438151961	13.7859505458528	-7.99182320922116	20.6254090328779	16.5115233439649	-3.5968357394169	19.9219344456981	15.4382755811023
RAC3 SPARCL1	-1.90159623662655	19.4305326966657	14.8872518870612	-5.59198439123781	20.1870995705731	15.1008324617084	-8.46836173748704	21.1218565328254	16.4520748925781	-4.14369087663311	20.3327989763042	15.5405357950206
RAC3 SPHK1	-2.28176048056771	18.8866643212124	14.4860515318873	-2.59408466251466	18.6780877320831	13.6387007597885	-2.81480585053279	19.1059128543505	14.5900277605997	-3.12683669516543	19.071294935063	14.5397791057083
RAC3 SPHK2	-4.61204207323891	20.1750373113405	16.1950520850451	-3.00456514413918	18.604907202798	13.6398672546031	-6.08741139201491	20.2144132029177	16.0228829417251	-5.42252960931233	19.9222289833359	15.5909459200026
RAC3 SPINT1	-0.641480473967323	17.8772824802739	13.6387529629251	-1.32648893052817	17.6237002955426	13.4653002958415	-1.56836244084174	19.000924191846	15.0232619294082	-1.04352626561109	17.9936615378173	14.0621774955405
RAC3 SPINT2	-2.08889190497737	18.5497056716042	14.4666048213832	-4.72874591441653	20.0774462529746	14.8407151404361	-4.02566540838632	20.2194670723717	15.8844541770712	-4.21218127037967	19.8664294251426	15.3253916695138
RAC3 SPOCK1	-3.26832856356218	19.9023563807183	15.2919329030558	-7.32339969237441	20.6469485955697	15.7459694370274	-7.98646837350879	21.0166422200378	16.3812989408294	-5.27057369428371	20.7593036060384	16.0047795814009
RAC3 SPOCK2	-2.54436214004621	19.9298114549438	14.3095444148515	-2.34863590790059	19.2719790925493	13.9831690281754	-3.41162453525893	20.6617809987857	15.4594516460962	-3.26952151233312	19.9383875865927	14.7568905890854
RAC3 SPON1	0.131480578182638	14.7723772155094	10.9491611832152	-0.326763189621884	15.6867472498893	11.2479191465249	-0.238587318696462	16.3156900699242	12.2311006310786	-0.134335534610893	15.570723243091	11.6642382240407
RAC3 SPP1	-1.43220047188226	18.3529943393348	14.3025929937048	-3.30439734925776	20.9115384907969	14.8261235302644	-7.15440412897207	21.1392289570708	16.4608924275427	-3.45862873151909	20.0728834677464	15.1677282703768
RAC3 SPTAN1	-5.14632335623986	20.687708487356	16.4186051528429	-5.15649191248072	20.0270707038999	14.900528136077	-9.08274930303314	21.4960351045236	16.6848322170652	-6.62977752100006	20.6517905123121	16.0956563735547
RAC3 SRC	-3.60200780428958	19.7654225498233	15.6472532207661	-3.90122184959609	20.0857697045662	14.9674231675657	-7.04600170300949	21.2685763586145	16.6572724152706	-5.19660913653137	20.418971744951	15.9487073464589
RAC3 SSRP1	-1.63651866334348	18.8510938978148	14.4990281298241	-3.6306385672878	19.6021716768046	14.7641982478753	-3.37924278989206	19.9645159359631	15.7520347977115	-3.04592336172431	19.5002791547167	15.2535280627607
RAC3 SST	-0.138065530947336	16.4092689616391	12.6547410978747	-2.27848704354643	18.502453820437	13.8576884264101	-1.31784596836856	18.7322282551539	14.4413924462846	-1.10127849030771	18.1477693907458	13.8499970453121
RAC3 STAB2	-7.47155752147257	20.4729802145023	16.0229511505954	-3.5364029069059	19.8423898249921	14.3282903380586	-8.09155559234093	21.0956200865006	16.2978081677288	-6.44110175051794	20.4822893561861	15.7023254260656
RAC3 STAT1	-0.749643439089048	17.4980446299687	13.0669973869059	-0.826172019203225	17.5339480988665	12.4261199428851	-0.944767641174813	18.218495998681	13.5750042259681	-0.859182454287757	17.8247773226212	13.1189608091141
RAC3 STAT3	-3.71245759111336	19.6362825919755	15.2269371574474	-2.92887263580353	19.2235477525386	14.5201356190142	-4.71594741693912	20.1135157458404	15.7005983959851	-3.61288270820757	19.8231350340163	15.2448370354444
RAC3 STAT6	-6.01579928118153	20.4955067939052	16.2658608963468	-5.87602354357891	20.3977201912536	15.5411353067818	-8.14909122273123	21.3872006274306	16.7387317951513	-6.91193456342254	20.7087641700868	16.2570846669559
RAC3 STC1	-0.219813765477493	16.2339282811337	12.7012421409943	-1.6022067810394	18.4578188007239	12.9810834242365	-0.944173245433258	17.968270002396	13.5717283389776	-0.83695112886552	17.7343366016852	13.2105746286164
RAC3 STIP1	-1.15462089395545	18.1431667036041	14.2312671317346	-4.99179204909419	20.1420774242117	15.3058997141034	-3.11355923150749	20.1787427623623	15.8421648725118	-2.93898876519511	19.7006839511409	15.3569801689685
RAC3 STK16	-9.26318156363313	20.7707123903769	15.9287737972964	-7.05723463092828	20.7903292885828	15.7203432946882	-21.5990695750395	21.7777434904851	16.943664437665	-10.5244012871701	20.9403290682842	16.2929412532479
RAC3 STK17B	-11.9586003449053	21.108037287835	16.5922592554602	-5.73918978059246	20.0187160715327	15.058090560299	-20.2731672022828	21.3952285123936	16.8086159258693	-10.5775166221521	20.9330243515387	16.2168190559608
RAC3 STUB1	-3.24617488700707	19.265483067083	15.3324132050603	-5.5885318058883	20.1240671115007	15.4377641012021	-6.08365348688975	20.2866791643805	15.832196049582	-7.53909657609778	20.0539372915769	15.9090496123561
RAC3 STX1A	-6.00487344365316	20.5205697377184	16.1446745238403	-2.60734648978352	18.7854626777212	13.8413396689046	-5.68733448777566	20.501525063055	16.0188759422189	-5.33706183012402	20.0691947745899	15.5066131738878
RAC3 SUMO3	-0.692166768476518	17.8212029183688	13.5546927042438	-0.659725445377039	17.7399932262366	12.9173177728904	-0.923370482617955	18.6633013137269	14.4006005313164	-0.947234856532037	18.2640183202935	13.9016941379457
RAC3 SYNCRIP	-3.6259672420346	19.6932305120579	15.6363540881503	-3.11393002416972	19.6039213043562	14.6092508095441	-7.72812153816625	20.8308663060045	16.3442932206504	-4.59311937526104	20.2694757060917	15.7826649833797
RAC3 TACSTD2	-2.76746574996027	18.9976544263082	15.3762651591462	-2.92971021237057	19.6875673485016	14.923749789663	-4.99585073354405	19.992645871428	16.0457308812029	-3.7806508624618	19.7658314732067	15.6404021418601
RAC3 TAGLN2	-6.7752199612457	20.3875359039444	16.5695692172255	-6.73862103029483	20.1698129223584	15.3445716793573	-11.1531984809026	20.9417223167264	16.4817691810713	-10.653427840047	20.8288870544004	16.3966318705975
RAC3 TBK1	-2.35596457855238	19.2260208229638	15.1607383085276	-2.18886428119677	19.0780281606439	13.8706949193081	-4.29907625541524	20.467642821336	15.7634937072271	-2.54847548164221	19.5998790086484	15.0407390653401
RAC3 TBP	-5.9814386478338	20.4156168737665	16.6090824021823	-5.2614850597259	20.1754654200124	15.0784056973855	-9.88715495179785	21.3725650430399	16.9167305666226	-6.050616676797	20.6181796324075	16.2479885088601
RAC3 TDGF1	-11.3556818257912	20.500378311955	16.3892448597349	-4.68315293972959	20.577022393456	15.1254162926452	-15.9187278542525	21.9968709098036	17.0161072990323	-9.70239738688567	20.9193760764291	16.2364982878925
RAC3 TEC	-2.79390520322432	19.9549948272034	15.2927147298371	-3.58281608864948	19.5772408467848	14.540525138862	-5.94882165807441	20.2727142090658	15.995112244915	-4.50883181029225	20.131003967986	15.4561817726375
RAC3 TEK	-2.36883592406459	19.777588541996	14.8805450400762	-4.23774082806157	19.5709973984451	14.6097457395901	-7.84713635381243	21.3316442873936	16.2912229634068	-4.54111371508977	20.4206711060539	15.5393529082361
RAC3 TF	-0.542228255782375	18.5074581444776	13.2673470631505	-1.97089449871842	18.6961089109648	13.7885548799643	-3.22623900168512	19.7467813923487	15.7806072912671	-1.0288751846982	18.8074264111972	13.8207112744267
RAC3 TFF1	-5.1864070067397	19.8320137992634	15.6138199468511	-3.43699353321551	19.4821916386101	14.5384064318778	-8.00022149526762	20.7260218472439	16.3807618451449	-4.72901668454328	20.082739038693	15.5675522648617
RAC3 TFF2	-1.57115847017077	18.3030127563512	14.0814826747518	-1.96059111557315	19.3917358918916	13.9796873656825	-3.52260948227129	20.1559382856822	15.2838187705455	-2.16824047291462	19.1845640852013	14.5240246420587
RAC3 TFF3	0.21099554156168	14.6134705233829	10.1903313223786	-0.172742538201953	15.9386465849271	11.3856319060284	0.0560485133233813	15.729251292811	11.3204104537859	0.0121200610572756	15.6112966896463	11.2267452351801
RAC3 TFPI	-4.92561327783923	20.1612592638281	16.2326669202977	-0.928741694605032	16.7275457107591	12.5814015201414	-2.97786599270036	19.7128880857563	15.4348634210118	-2.64319177216135	19.1016578818827	14.9275501639353
RAC3 TG	-2.80830120486243	20.1282150642357	16.2585947621044	-5.80083746159493	20.4285457576109	15.0287175246257	-11.6680540540468	21.1332815415935	16.8052478603747	-5.32726295901867	20.6568897902432	16.0875454238621
RAC3 TGFB1	-1.04286985333389	18.9034024401109	14.649246150304	-1.84398431198167	18.3997227452458	13.4861169440546	-2.36340685884933	19.8064507041359	15.2609811287794	-1.57470977878318	19.091608175469	14.6127390273107
RAC3 TGFB2	-1.81486772875744	18.5113128712871	15.0292325595938	-4.19111148785297	20.4136374406848	15.215963618089	-4.60925364183625	20.2361254666898	16.0185802888905	-3.54926394299096	19.8915522851622	15.5714770974618
RAC3 TGFB3	-2.94245911831174	18.8535093724452	15.3691243488934	-0.944129066108052	17.6904032703862	13.0508292403072	-3.15424192899045	19.6647425548847	15.4852622940546	-1.95014995599776	18.797319887172	14.6708192461642
RAC3 TGFBI	-2.6509461698834	19.0023772351544	14.8843070613081	-5.19795850812204	20.3297241796177	15.529110330674	-4.75291508550804	20.8186957073386	16.4225489683645	-4.06519136115897	20.1422774339974	15.7191165267414
RAC3 TGFBR2	-2.24375867034258	19.2772408765421	15.4941137491953	-6.31914238488916	20.5692809962904	15.5961347668275	-14.2200676137779	21.4783009325015	16.8628622633839	-3.94560829333914	20.3944861031048	15.9645804944557
RAC3 TGFBR3	-6.49603471494262	20.0816064417073	15.8849807541324	-2.98910934305975	21.2456371904849	14.7414523541885	-7.50585970443561	21.4946221617312	16.4581404775652	-4.93282212480508	20.9779908217292	15.7473978651973
RAC3 TGM3	-1.74690570320959	18.7599628347149	14.5608471926082	-4.61536910902663	19.9254334060751	14.6619065296571	-6.88993893011073	20.9316305778488	16.1188424517974	-3.57563664759641	19.8474197822148	15.1876248253628
RAC3 THBS1	-0.932934435764377	17.2226839336823	14.2439061793105	-1.72549130394596	18.5271860122663	13.6493333940844	-1.85150576638448	18.9423294933461	14.9535610308181	-1.52302409222629	18.4383838492981	14.5466357071245
RAC3 THBS2	-1.93552936418275	18.5482829367571	14.881092557126	-1.25435138911972	18.4301989643799	12.6846070497121	-2.14612080868644	19.6252048785959	14.7557568660272	-1.70514015356699	18.9544388883249	14.121483043683
RAC3 THBS4	0.164828811270145	14.9412225673704	10.9305098258522	-0.959176315624107	16.86250651814	12.4854089109032	-0.169723586466416	16.6747664984112	12.6190982801406	-0.251462331254497	16.2690593460495	12.0868805867581
RAC3 THPO	-2.9874987499774	19.5211520883926	15.3386155042505	-5.37665586663526	20.0197183168543	15.2995003785669	-6.89899959487154	20.3849615768971	15.8935501007575	-5.256602223216	20.2173457761934	15.8516246668354
RAC3 TIE1	-6.94778882596401	20.4137661848242	15.9953839552145	-2.4096827999911	19.8094705137677	13.9890536893616	-10.3651817821111	20.873377944246	16.5596450814325	-4.92045436480064	20.6559857560113	15.611835802482
RAC3 TIMP1	-0.0249181231032432	15.2633128353366	11.9697472965216	-0.641492172788773	17.9351801155054	12.3294069570042	-0.219693887176596	16.9212869477035	12.5342422781786	-0.325020525515727	17.0631412826016	12.554980236807
RAC3 TIMP2	-0.621285607331208	17.2903475369604	13.6845643968127	-1.16287180585645	17.8174650860013	13.0159998141952	-1.64632391374938	18.8084546166029	14.3517806539839	-1.19860565935824	17.9362062421667	13.7567091921412
RAC3 TIMP3	-4.26043493089025	19.4713812921464	15.9222155467076	-3.33888034032492	19.7382899934484	14.7435072010068	-5.88229387477615	20.7905308852446	16.5783585038278	-4.90876680666403	20.146048271858	15.939576120719
RAC3 TK1	-4.44017232974002	19.7456497243038	15.5526861857358	-5.46301767336205	20.5358084115699	15.4036801322594	-21.6761429740921	21.5430885414758	16.9265762295624	-7.69138105722818	20.8023958914134	16.1288091776034
RAC3 TKT	-1.46613784042038	18.2179781109975	14.1079215455373	-3.29632622568968	19.1258039854561	14.5094920249625	-3.7205698543943	19.4872876002342	15.2705140124818	-2.54814232500087	19.3911238082332	15.0046240619051
RAC3 TLR2	-1.7220071313514	19.3226743210295	15.0772185610976	-9.39857129380482	20.5198171086344	15.7673429373383	-10.8886381811621	21.0453982791679	16.7212685129022	-4.55854923614701	20.3450084169261	15.8662532321191
RAC3 TLR4	-12.2875934337481	20.8214532999623	16.4433594098163	-4.73765180249484	19.8938309213546	15.194132867631	-13.3693454328933	21.2727328589933	16.7401396169886	-9.68516539482984	20.6022544995842	16.327327297432
RAC3 TLR4.LY96	-1.84308757571802	19.4521583028892	15.2574820797817	-6.14144645696321	19.8507608933619	15.0716284968655	-8.70853813245091	21.1412469478213	16.923878394771	-3.70929893567618	20.0781941424562	15.7289666510795
RAC3 TMPRSS15	-2.09337877500789	18.9910796695495	15.3172119834435	-0.737791834041704	17.2075524068233	12.739320293487	-2.2391526525687	19.8871700456486	15.3373822121731	-1.9462050768052	18.439981197006	14.6229310227853
RAC3 TNC	-3.72123919862029	20.0249317986656	15.5677169887589	-2.78897318870335	19.5173098213041	14.6493721568628	-11.1552219562187	21.1872761830978	16.761005490335	-4.11342026088309	20.2142096556663	15.5599283817313
RAC3 TNF	-0.0052852559467329	15.7705536964763	12.5871410471463	-1.06998900165071	18.0547498794326	12.909618815483	-0.719619979829263	18.4402100389863	14.093860416519	-0.444529047934136	17.1496106185342	13.1127338679265
RAC3 TNFAIP6	-0.553508064691957	17.4694274656387	13.4470702210833	-3.10233064016677	20.6467491379978	14.3613690143941	-3.22330990821499	20.5009327485405	15.3711064368953	-1.77270153709313	19.5295058076333	14.343643666968
RAC3 TNFRSF10A	-4.14392474047001	20.1903018826199	15.8491776669466	-3.7756184713561	19.4955319279652	14.3168377152156	-16.485231632852	21.3684701498109	16.9213573946222	-7.51304443322685	20.5316182909419	15.9124744610057
RAC3 TNFRSF10B	-0.797371725739199	18.7355974146608	14.8081976548957	-2.50150415947214	18.9674742207749	14.6016941108284	-2.37855830437669	19.5566062310818	15.7372616821635	-1.86065465779515	18.9644627168399	15.1204764902153
RAC3 TNFRSF10D	-0.715563777453566	17.7240867316115	13.721539046462	-1.07148643524216	17.6707317504623	13.3560731299984	-1.81665829681718	19.5566396331857	15.5403908489078	-1.11229150358494	18.4571457880151	14.3415382511412
RAC3 TNFRSF11A	-1.17127458085714	18.7621834891903	14.8334466203237	-2.18769944456457	18.8208027136492	14.0418390213232	-3.50021212987437	19.793428768347	15.8450112122026	-1.94160380118878	19.2728630602087	15.0327236093436
RAC3 TNFRSF11B	-8.74353536712561	20.3941425802744	16.1300591122053	-5.28308901442065	20.2702418900294	15.1781099249376	-16.8340894648848	21.3654094199428	16.7299903232603	-7.85925883572162	20.6868315296609	15.9905078266468
RAC3 TNFRSF12A	-3.11503153518183	18.9230281103595	14.9948945198127	-2.68625065288052	20.0476327965541	14.350425473984	-10.9901009617454	20.7258046498569	16.3685979084014	-3.29254715869284	19.935418173938	15.3084867660244
RAC3 TNFRSF13B	-0.384147128745438	17.0910065630531	13.8012477166659	-1.03744225797025	17.7198351942872	13.0050856441089	-1.84720563692884	18.740016067105	14.9469813632535	-0.871047139043728	17.8839097573129	13.8094083290563
RAC3 TNFRSF13C	-1.57414403830961	18.4800486386394	13.6509309359721	-2.57152734023881	19.967719299793	13.7407347578663	-3.13920827408775	20.3288742464426	14.9478007667149	-2.39964641294392	19.5984412652159	14.2536657750434
RAC3 TNFRSF14	-1.59119364452385	18.6709384414528	14.8044081662107	-1.40119527509172	18.2761746133911	12.9395598055668	-3.92221606669731	19.678920515667	15.4485835247463	-2.08694842080534	18.9843144991385	14.3311852801759
RAC3 TNFRSF17	-1.49482795339549	19.1121399391661	15.3103029820955	-2.77926348081824	19.578603356434	14.398615673499	-3.13399529103388	20.2296849519855	15.6414620316159	-2.22296845429115	19.7102545269199	15.2274958513027
RAC3 TNFRSF18	-1.30297372486173	17.6782694803541	14.4653594457107	-5.09017194655605	20.0491881907767	15.0871088322313	-5.42694692064773	20.1776430506958	16.3219499763112	-3.81841503664547	19.4760200957638	15.4209775986817
RAC3 TNFRSF19	0.288635762984727	13.9176248424139	10.2639790321202	-0.443532608098412	17.2625956620186	11.9970792935066	-0.356920046888947	16.5192182251232	12.0851412555765	-0.0947254021818393	16.1540015973607	11.4947014552469
RAC3 TNFRSF1A	0.441454492267266	12.8292946089377	9.25503469479569	0.0309673881938695	14.9270165607136	10.2752942296674	0.206759528890764	14.3610578660437	10.3224327715836	0.202507863655406	14.1476644431891	10.1426405508194
RAC3 TNFRSF1B	-0.236196102948704	16.2600838243024	11.5979337740448	-0.144105318347834	15.4783056477952	10.6322558136505	-0.239285942330519	16.4074737850788	11.7595120351551	-0.181184604171504	16.0412167537514	11.4917001643604
RAC3 TNFRSF21	-2.03524855552261	18.9674899213856	14.4636559941885	-2.55633347451403	19.9500694875585	14.4513323210945	-3.40374027981579	20.8917800941776	15.6910781859125	-2.59544224454042	19.8530965453164	14.9350153001625
RAC3 TNFRSF4	-0.0842912256811124	16.5793704452743	12.4149228864584	-0.143966597550324	15.9859404971629	11.6367816231021	-0.168999808833587	16.7833623452554	13.0493302988952	-0.130502353443571	16.600669717941	12.4532561456895
RAC3 TNFRSF6B	-0.705492333771574	18.5382820444527	14.1170685378412	-4.47027119814971	20.2131496793326	15.4033752927344	-2.99174232755598	19.9372722787866	15.9736466074323	-1.75345010782852	19.8281989052799	15.2013696437403
RAC3 TNFRSF8	-2.70735254049146	19.9139429522995	14.7875103739117	-0.400499978471238	16.5368161271945	11.8483814297397	-2.15310677780151	20.3783664520152	14.5169040973507	-1.52245288843944	19.0152320115292	13.779944551963
RAC3 TNFRSF9	-1.18335445263016	18.3601624812576	14.435555121559	0.025836439787439	14.8134268356829	10.1345881418996	-0.965189799563889	18.6369409725215	13.6948582056752	-0.569611334951986	17.0646635501977	12.7457834924249
RAC3 TNFSF11	-5.86561974773533	19.9084478505595	15.8741860770436	-5.09433504911434	20.6966281617109	15.2536902103276	-8.73139228367929	21.1550350800882	16.5140595547007	-6.14494903664037	20.663101585491	15.9509861708202
RAC3 TNFSF12	-4.14993494047305	19.497245614514	15.2965319696168	-6.50036165929073	20.8241623945738	15.7334186084721	-10.2996219750135	21.0604230877948	16.6372883158363	-5.65371519726756	20.7567331954403	15.9844920730293
RAC3 TNFSF13B	-8.00377082514476	20.8842490054193	16.3110290209653	-5.51419071192476	20.4952384924787	15.5562905150704	-22.2838923413949	21.7206921487262	17.0033303989267	-8.54088647395042	20.8831534286593	16.3553862771266
RAC3 TNFSF14	-4.47171782624125	19.6043909432196	16.0064224607364	-5.55228419356681	20.113221749309	14.9727193642695	-7.57944966792327	20.6770197820323	16.4817551155097	-6.90422063802463	20.4296473344689	16.083173825016
RAC3 TNFSF15	-1.27023946796603	18.9919008362868	14.1032008280274	-2.43673488589473	18.6419209091408	13.6170982815609	-3.6140398956836	19.8761375706895	15.2238179599944	-1.99629198859579	19.1765037335332	14.3231547080491
RAC3 TNFSF18	-2.00586451927183	19.2814497859683	14.4364360892097	-5.05710799443931	20.662773452056	14.762268849265	-7.8190089780853	21.2818559315885	16.5689083984074	-4.08639372285458	20.7346216152396	15.3065147269098
RAC3 TNFSF4	-6.25691926448719	20.2273226798481	15.793505520974	-6.79543520866119	20.1767849647558	15.0445900270709	-27.997316098308	21.5032697395636	16.9051449508751	-7.13092448037009	20.820974347157	16.0332983366438
RAC3 TNFSF8	-4.50333920913862	20.380557524953	15.7124686476689	-4.49667767908778	20.8900131433374	15.239915530569	-9.98371485106456	21.5464430069194	16.8695581115258	-4.42502768307079	21.0232497271816	16.0038251261046
RAC3 TNFSF9	-1.16327352638235	18.0516231392115	14.4510864175502	-3.0901198957577	19.5276563520666	14.1512231653769	-4.88229024574019	20.1292597082987	15.4346545598526	-2.35056436675277	19.3444492212495	14.8164601692409
RAC3 TNNI2	-8.34637593254007	20.9944737182226	15.9102817892915	-4.15814801163056	19.776482825892	14.7998867042438	-12.0257215465497	21.3364635189668	16.6715770210849	-6.90560254240999	20.6723274437109	16.0136122090751
RAC3 TNNI3	-1.03156174188581	18.4236947814913	14.2242681317451	-1.47890457255615	18.8181411790364	13.8465671555446	-1.86351261282046	19.3970372859066	14.8589585998864	-1.26252312149997	18.8874837156078	14.2793590802083
RAC3 TNNT2	-0.105292456966862	16.2400425982846	11.4167543677535	-0.359965102685892	15.6066313281427	11.1777832755727	-0.73593046289684	17.3600921888486	12.3884624213095	-0.378673184663769	16.4410377256812	11.7913260615712
RAC3 TOP1	-4.07787475907255	20.2411137293293	15.0709473163598	-4.17557969192698	20.0600223941945	14.767859128952	-9.22161749935399	21.2075946946422	16.2617422892477	-5.19837261094135	20.5081587088459	15.3987941260154
RAC3 TP53	-1.83358681865167	19.5214944264827	15.3711838921657	-4.24990509502194	20.3109773906107	14.7385091561896	-33.961530423484	21.857399230413	17.1997320671438	-3.87125692216426	20.4898928476998	15.6175017069167
RAC3 TPI1	-1.2868274180884	18.5930802458593	14.1791720164057	-3.37017348483157	19.0174719717947	14.4623092223479	-2.65346712363819	19.6007091967696	15.285385507594	-2.21424062211008	19.5001976429118	14.902350174809
RAC3 TPM1	-8.51817253692508	20.6202503831787	16.3106100435567	-6.09151458306856	20.2574979357116	15.2954054530342	-15.4314570071029	21.3386650317727	16.7435770256602	-9.18208468230707	20.7810545677975	16.1664455882253
RAC3 TPM2	-9.8389458457372	20.5746164207976	16.5945429909723	-6.39667952011052	20.7703964652221	15.3842956390707	-28.5669637460894	21.697224784923	17.1513214528905	-10.9919857541776	20.8882824144444	16.4588798392839
RAC3 TPM4	-3.26501938138343	19.5461896850476	15.4023804148981	-4.31507434810422	19.8337416976654	15.2134789661891	-6.8081966016892	20.8352717237836	16.5360480611403	-5.30784589204218	20.1024577323553	15.9691356327782
RAC3 TPO	-5.75789388687284	20.5315739856258	16.5544839435529	-3.78839481923989	20.3175508164372	15.2800587998262	-17.7832673333338	21.7049805467684	17.1190484003438	-5.53449844432488	20.7173906288989	16.3451785160468
RAC3 TPSB2	-3.94649478615682	19.3527845628641	15.2438193016665	-2.17582278440393	18.8776963838011	14.0270981647999	-4.92543688129721	20.4421455093067	16.0290198297368	-3.94459733097571	19.6147411206545	15.3213476486965
RAC3 TPSG1	-1.41497801878794	17.9805055687027	13.9564457380875	-5.02156298409049	20.6518219005318	15.0146292587157	-6.42107862309817	20.9661867528899	16.2980977221642	-3.41984941154759	19.8873598949112	15.3398390128898
RAC3 TPT1	-0.96814139639341	18.0514944714065	13.7621626245172	-2.04408028512733	19.1389482138693	14.5717244215434	-1.89233929086729	19.3473356754351	15.0454137939013	-1.88975424184721	19.1090595210082	14.7684979434005
RAC3 TSLP	-3.22402475150018	18.9981170576056	15.0511533206228	-1.19139680819522	17.777848720458	13.21714615299	-2.35603965752503	19.4873565945113	15.0691173059144	-2.25422866195313	18.8460879853741	14.6918811581943
RAC3 TXNDC12	-5.62230051184736	20.3397577581247	16.3704973878562	-3.18171936049952	18.7728734170566	14.2249093171505	-12.2178208898191	21.0432765722209	16.5072549494318	-4.77517216017439	19.8680282364919	15.6084555561674
RAC3 TYK2	-3.50363797307736	19.2543904251258	14.9453888424406	-4.30575836922438	19.3804764748579	14.5336020071928	-7.93994102889585	20.9737364381973	16.2811787461705	-5.15163812995247	19.8862943848971	15.2721332178194
RAC3 TYMS	-3.97035079121379	20.3413188951255	15.7167216004113	-5.12379002405272	20.3027515488226	15.0695709611655	-21.7167697647035	21.7752802201254	16.9257015044073	-6.30393809503517	20.7385383556508	15.9005833674813
RAC3 TYRO3	-3.13486052994175	18.6566862973238	15.0020319017511	-3.29799404628781	19.6809263050165	15.0484024875669	-6.39354654566895	20.6939832765374	16.3442374324342	-3.25177530090991	19.5723429040693	15.6307308559814
RAC3 UBB	-2.36444418597598	18.4820004606498	14.6061699189088	-5.0219574470143	20.6865972775832	15.4815025640999	-18.7996312323035	21.5593395005925	16.8836165214912	-4.79135879452852	20.084048074981	15.6314327775536
RAC3 UBC	-1.22107863357	18.529417179191	14.4562064298589	-2.11033303904752	19.2419737422093	13.5287861763124	-2.22610144709707	19.4847757875504	14.7532490936068	-1.90264985706091	19.2496302301352	14.4608385160348
RAC3 UBE2G2	-4.42834238128664	19.8839924104932	15.3347834381082	-2.63611827889485	19.0909601700514	14.0300875204919	-7.52729824986364	21.2835020230361	16.4750070528565	-4.75802306358091	19.9095647667154	15.3142966969939
RAC3 UBE2I	-0.974948046672727	18.1132974706799	14.2993981281164	-2.14504491660437	18.5743797183744	14.2277950337644	-2.07555584204452	19.5656520357956	15.4042427107924	-1.90512032151469	18.9621642364611	14.9334507499648
RAC3 UBE2L3	-1.54850656482705	18.5978375108555	14.6054929169158	-2.35942711292163	18.6498647596747	14.0343791266633	-2.33171667299024	19.6077250489177	15.3961026280219	-2.59563740439257	19.0695019216422	14.9421577729139
RAC3 UBE2N	-1.07978931023698	17.4508542058342	13.8187098599121	-2.32488933910777	18.6248457340131	14.0509376247391	-2.49254669214657	19.043298986002	15.1344076237682	-2.06230036057698	18.8054254053298	14.7054674476481
RAC3 UCHL1	-3.86921745382219	20.0242504809677	15.7615357748747	-6.6064936598675	20.9545330792354	15.8133992720814	-17.5715696514513	21.4522814534446	17.0483806143791	-6.89279275656611	20.7711584051793	16.2911559247946
RAC3 UFC1	-6.3691793446263	20.5965590290794	16.363740478853	-4.52349121758857	20.5438118279168	15.1241002237567	-14.7416597849726	21.2479405893325	16.7526950148681	-7.65255159619181	20.9172690520291	16.1171575421925
RAC3 UFM1	-2.86345048878382	19.361865435813	15.5817344414068	-7.4343733147239	20.7890448617471	15.8966446946174	-10.6445264183635	21.016813048911	16.8359334880357	-6.89637222080984	20.5344194343203	16.3262977050315
RAC3 ULBP1	-4.58363194378101	19.7743424092236	15.7630955572915	-5.85753568083924	20.5795485348086	15.6346529143568	-14.7995386270493	20.9068486625525	16.6381024139885	-6.1768508573514	20.5314633846119	16.1137694693927
RAC3 ULBP2	-7.86917661201468	20.4665732188203	16.6481971365803	-4.91664062238636	20.0173644769297	14.7984206558422	-15.386047163685	21.2594622368483	16.9293104603058	-9.92221889036962	20.6813208503693	16.4419058091886
RAC3 ULBP3	-0.858497680414005	17.9822888475999	14.082953032433	-1.42790029783488	17.1376596871372	13.2179822770696	-1.4583885093044	18.5442134914729	14.8099562106918	-1.34565780313808	17.9554939676758	14.1925508019898
RAC3 UNC5C	-0.070092862600909	16.3275999934956	12.5050747838817	-0.116081653016778	15.2723752093451	10.9372034092872	-0.267158594690369	16.6526188692256	12.3873331335249	-0.206851421648319	16.1380556593532	12.0494773621751
RAC3 UNC5D	-1.03610143492056	19.0862117120084	14.0822538773857	-3.7151662662064	20.3323834181635	14.6455489176016	-7.68202862257447	21.4145594780618	16.388589333516	-2.75687444188942	20.1038681786451	14.9904866078463
RAC3 USP25	-2.36693002466177	19.766773511832	14.974858645876	-5.00344485077183	20.6780393852763	14.7121701046506	-7.05419366640092	21.8812300713025	16.4293763566052	-4.20343233508968	20.6079081816112	15.2184860403975
RAC3 VAV1	-2.05339934378417	20.3837134961405	15.8820252068474	-2.48943439653955	19.2294197456076	14.205941842504	-13.4700044697848	21.0408164112325	16.8271647894606	-3.896822275743	20.1318802162062	15.621901550175
RAC3 VCAM1	-0.960840339621468	18.5841041675351	14.0911658631306	-1.13082769352568	18.4049593904691	13.3674273570102	-1.75848168334963	19.5577259491482	14.7769895955507	-1.33429212971765	18.8550362463306	14.1695754731165
RAC3 VEGFA	-0.459264052866253	16.9085663085303	13.256184423366	-0.126520562304607	14.8528282296501	10.7727211223241	-0.516871549131856	16.8495677430201	12.9309802024516	-0.380480987038352	16.3764754103007	12.3555343058191
RAC3 VEGFA.1	-4.50804421650985	20.1642341694938	15.761600130935	-2.90977574665268	19.9743532276496	14.4972926483753	-5.62975239827169	20.7616457856217	16.559509087772	-3.96721423540776	20.1792780422995	15.4509560800391
RAC3 VEGFC	-0.0509897180589889	16.1981107113411	12.2626185917426	-0.550962348073906	16.6556139424225	12.2342474050466	-0.477535464591529	17.2163780935737	13.3030410955928	-0.251224491506721	16.6448782086473	12.5904032312078
RAC3 VIP	-2.71656374180177	18.8966427863889	14.7689827509734	-1.20938733828989	18.2267665730904	13.3610378788959	-2.54830835827709	19.6141743109284	15.2550025065495	-1.87703909763495	18.9157191140603	14.4504986811774
RAC3 VTA1	-1.47982935905561	19.4113222435225	15.012320290624	-3.67446138100903	19.7893713920499	14.8032829268937	-6.88221356009301	20.4230305402113	16.2859409115403	-4.00587271985055	19.9144451966801	15.5523073009811
RAC3 VTN	-2.04754352923086	18.5640687341995	13.5442279904457	-3.26882074386912	19.1224871323611	14.4873685429234	-3.00509836463942	19.7365215873905	14.9470558991073	-3.19804224768725	19.3819462706722	14.4618057013129
RAC3 VWF	-3.75969335524113	19.8967842026613	15.0922917080896	-7.06482163142758	20.4298795265986	15.1912205974205	-14.0793337833905	21.9073075533556	16.6469923410889	-7.61571338274763	20.8727324110864	15.8209973612807
RAC3 WFIKKN1	-0.975272679184612	18.7425983041615	13.8260717352981	-3.22748660270327	19.7403259052908	14.866767844576	-2.12672897383207	20.3195689669963	15.3111529892976	-1.76161298637255	19.9049874441243	14.8472377580651
RAC3 WFIKKN2	-8.72746141899769	20.6442532808788	16.0663847433269	-5.55383310084359	20.7901377865599	15.1709290154859	-29.9567618459593	21.9590876727912	17.0746240955479	-10.7762234381427	21.0125332820766	16.1849524886114
RAC3 WIF1	-2.36048459648673	19.6483144030736	15.3982772849871	-4.14282947660117	20.1288573568405	14.1463686944201	-17.2178418789157	21.6945692193277	17.0518556857989	-4.15707449828196	20.4021359194873	15.3614321166789
RAC3 WISP1	-4.69177908886094	20.1853422177314	14.9338143714579	-2.577859762987	19.746447214732	14.3737243166908	-6.75368207317015	21.083798110192	16.0073685376568	-4.73598289080885	20.362395448338	15.2470023324197
RAC3 WISP3	-3.30334961185881	19.0512208625716	15.2194035570257	-4.28945261613864	20.4861537554835	14.6560945454224	-9.78123845366845	20.9577331870037	16.3174956970118	-5.68400506030389	20.2392347008388	15.5474920195043
RAC3 WNK3	-4.01003025496673	19.3678616458095	15.8100011751002	-5.06452989841371	19.7233597800926	15.039347926397	-10.2676650987073	20.8029906073177	16.7815346879833	-9.06291904469389	20.241683346347	16.2085687587368
RAC3 WNT7A	-4.32211761961274	20.2487948945374	15.8197642733891	-4.65146522500052	20.9539262225258	14.8092224143772	-10.2422723746857	21.2809297673961	16.5118592498735	-5.34362313836089	20.9554690517655	15.7673172331916
RAC3 XCL1	-2.31041453252164	19.4279269547234	14.8628616319951	-2.84626034265939	20.0457972593698	14.5053229361695	-4.50421624824266	20.649954453754	15.8374149683581	-3.16284615493068	19.9763603290678	15.1050339140768
RAC3 XPNPEP1	-1.93871738341102	18.8514759583588	14.7501276958246	-4.9744150667715	20.0978476829217	14.9995039280759	-4.27734934655144	20.4490704615628	15.7143208625544	-3.34072698470064	19.8342164491524	15.224357710406
RAC3 XRCC6	-4.09234557460499	19.888337639954	15.20980872781	-3.68258771526026	20.853051253351	14.641072594272	-6.36012860582816	20.5987787396116	16.1270493327508	-4.59930132237569	20.5530312202549	15.1946647214436
RAC3 YES1	-0.735513407986096	17.0800207790913	13.3143369797501	-0.457564380667063	16.185814995172	12.1376223522369	-0.659308195542894	17.6082138438509	13.7094012983931	-0.676883635739704	17.1293218934055	13.1625642082575
RAC3 YWHAB	-2.24030230651477	18.3442879789867	14.4711152845186	-5.17031688681575	20.4044474342149	15.5197332070137	-4.93392711653592	20.2510384873008	15.9335569104857	-4.36484841029281	20.039661558087	15.5582195093616
RAC3 YWHAB.YWHAE.YWHAG.YWHAH.YWHAQ.YWHAZ.SFN	-1.2348545355354	18.0928699448688	13.7195719747151	-5.92373033401519	19.9697583540175	15.3968888425265	-3.03527702892197	20.0702359830794	15.7149122552045	-3.91710421386537	19.6840419232215	15.2611894550555
RAC3 YWHAE	-4.26560711749623	19.9437289293936	15.4167112743544	-2.36444111218335	19.3291079016032	14.1139358787052	-5.00408827818227	20.2084806066027	15.4882424316979	-3.98602460822166	19.9261838342361	15.1760475011392
RAC3 YWHAQ	-3.0702180955152	19.0423640112168	15.2029573133188	-4.78470693197596	20.9031702826366	15.621516011629	-11.7185766193609	20.8096616349859	16.7858269174168	-4.52067682572776	20.3437838115247	15.9434560336743
RAC3 YWHAZ	-5.5236884719169	19.8189334820639	15.9554378562789	-6.4126985738033	20.4129312832386	15.4888386929683	-14.7147806827076	21.3518901690209	16.8207523437197	-7.61373258440258	20.4927309173442	16.1392762040277
RAC3 ZAP70	-8.62453159846578	20.4919693942505	16.265004785098	-4.69276999408113	20.1841357645651	15.211146574622	-19.5697872420807	21.5211408043748	16.9369500021724	-8.47036824275461	20.9385556958851	16.2666687462651
RAC3 ZNRF3	-3.78010925370674	19.4645727197725	15.6619552720773	-4.83679145242648	19.7594532148218	14.5644059268249	-18.0842976189967	21.0623061418509	16.7512885418512	-6.44071122696559	20.259519847264	15.7846845748568
