protein_name	r2_male	rmse_male	mae_male	r2_female	rmse_female	mae_female	r2_all	rmse_all	mae_all	r2_all_sex_adjust	rmse_all_sex_adjust	mae_all_sex_adjust
RBM39 RBP4	-2.63658735533925	19.8922393200655	15.0569890834236	-2.43437769452134	18.259469007395	14.4878307215396	-3.82223456618108	19.5376713213646	15.3586500522866	-3.1034699513193	19.9253488769665	15.5572832463504
RBM39 REG1A	-0.556049367795353	17.0487316513387	13.0169618048549	-0.95970981195502	17.4943964248841	12.9486050851257	-0.614124096675855	17.5731822082391	13.3802846509789	-0.844919703816888	17.4773408630302	13.2157636669518
RBM39 REG4	-0.0488390128347362	15.6252365839273	12.2844886184098	-0.76996568476058	17.1790633044887	12.8103248046602	-0.364346039543313	16.3342232569231	12.7390498917818	-0.475838446438458	16.629772871332	12.796847445626
RBM39 RELT	-0.23161472154344	15.8641971100068	11.7068809465852	-0.662431565333118	16.9148322082696	11.7418928242641	-0.410972675302762	16.6622260116471	11.9902011937199	-0.419592508217506	16.6994223826708	11.963077027595
RBM39 REN	-0.656030372569728	17.9317051526996	13.9526602042774	-1.6737284083313	18.8179328732809	14.0444724461784	-0.987852561723564	18.9344306497199	14.3860331637543	-1.09830319669042	19.1408483482937	14.4258435135881
RBM39 RET	0.440908437567725	13.1713391811472	9.6392836041794	-0.228751910124131	15.6999277114412	11.2796133964951	0.0349757670517894	14.9744427190019	10.9397402995959	0.070728290013514	14.9614878402259	10.8502709025053
RBM39 RETN	-1.33110573948524	17.6574967856383	13.7139238513433	-4.0030542538736	19.5661505717549	14.9731476491215	-2.06644577955572	19.7013482751919	14.5883255556837	-2.31718008577085	19.2253627068189	14.6501012582748
RBM39 RGMA	-0.861069062865193	17.8447273627509	13.6374544479282	-1.86411697232911	18.7851326988542	13.9266595838136	-1.55679202731084	18.761301629476	14.4986909371868	-1.6070700060064	18.7802079383452	14.3373767331036
RBM39 RGMB	-1.169428139841	17.6045688999193	13.6931731167893	-2.80787398936836	19.8120653130284	14.6335605318601	-2.19157791648442	19.201664722085	14.8249181558969	-2.05220880576795	19.2839280421457	14.5296257946547
RBM39 RNASEH1	-1.76671126520868	19.5604636914982	14.7684589808218	-0.842603412681942	17.4972772037694	13.0979231763828	-1.42898266617001	19.3352488244184	14.5387042821138	-1.36325221177873	18.8612753790774	14.2221838100085
RBM39 RNF43	-0.945539617111188	18.6852333339401	14.4156141248182	-3.89482183536187	19.2575779968975	15.0049884254373	-1.9402469457139	19.4675422716627	15.2765979989208	-2.14264035593164	19.720277965587	15.2418827885102
RBM39 ROBO2	-2.11843288456844	19.4613624531153	14.9079042481728	-1.24246677740543	18.7009620605298	13.1853006749381	-1.77802000697937	19.493476094295	14.7165921563973	-1.68580434302852	19.3511142353408	14.3236041883998
RBM39 ROBO3	-1.90243478070996	19.2986923356599	15.0546414540319	-4.71041520623836	19.7602498586249	15.1517871674789	-2.38366023320321	19.995920572186	15.4571534725961	-3.33982583692082	19.7652906479235	15.4764473848888
RBM39 ROR1	-0.259472517711925	15.6532083978006	12.1155673473335	-2.1639490651488	18.7381788419404	14.2571546280892	-1.18118517101129	18.2599213649389	13.7137715483816	-1.2278871245387	18.0013558385325	13.5511603528045
RBM39 RPS27A	-1.04559788898418	18.3043788327827	14.2676991604943	-0.51814337862988	16.8888364054019	13.393430065591	-0.738166906774584	17.6674883438139	14.097491000221	-0.941368756954265	17.8763671185834	14.2880820720744
RBM39 RPS27A.1	-1.49322168579268	18.7863135257825	14.4921547639077	-0.673502370337428	16.9857465530709	13.369036465572	-0.674215870557456	17.9549026782484	14.1597475642754	-1.19087455873047	18.1548187150251	14.3716194966808
RBM39 RPS3	-2.26916971915308	19.9395502922363	15.2543651416505	-2.88036299859511	19.5017102690852	14.419114808313	-3.62903786274315	19.874939021237	15.4602169503121	-3.07241157312617	20.1238653795503	15.1959955629638
RBM39 RPS3A	-2.07833016507865	19.2251201580662	14.8722021343178	-3.00951955049013	19.5787177002202	15.0390239812706	-2.47637552341751	19.6616454625942	15.3442209142039	-3.2714125071432	19.7583493432522	15.3465273976722
RBM39 RPS6KA3	-0.641645487693904	16.8773341466517	13.1343361100529	-2.17424477830902	18.8119524421805	13.7157312444737	-2.35872903507861	19.2105946708561	14.8785450071531	-1.60299513645361	18.5730933803622	14.099850634957
RBM39 RPS6KA5	-1.9992845360216	19.7417685554208	14.93511109355	-1.27810315970503	18.1105404253788	14.0343298271277	-2.11005037498055	19.2175178788263	15.2475596482035	-1.92211050517333	19.5094991009636	15.0692953051864
RBM39 RPS7	-2.16727257118435	19.5223070998909	14.9139847597835	-2.12337422297177	18.536952666922	14.3551444565451	-2.08021334032002	18.9445831260523	15.1986877203511	-2.6334508470596	19.2819827724641	15.0698457092865
RBM39 RPSA	-1.61102452362059	19.1580729528749	14.1604031431928	-1.52964711217002	18.6307680132708	13.8794761098882	-1.85049504677789	19.7081996819487	14.9329107453739	-2.23620160712822	19.5150838294165	14.6209765814381
RBM39 RSPO2	-1.0217421923762	18.6006847088238	13.432456834829	-1.27644685382819	17.9052198885217	13.9983427137475	-1.35396289202619	18.7359390386793	14.7569623909412	-1.32702891568464	18.5679478209267	14.1270633827833
RBM39 RSPO3	0.359982986606588	13.3767763019343	9.83814059009008	-0.11026107450431	14.9551656728371	10.5515650909169	0.233817252903494	14.0435147235159	10.2583795844933	0.148468587384719	14.2387629250134	10.4570564629893
RBM39 RSPO4	0.441351919485318	13.6144005596235	10.0062490009684	0.394285639198688	13.2386117524029	10.3774935159235	0.412856915046554	13.5303727341663	10.2951620518339	0.408149893518635	13.6225797627815	10.384475723469
RBM39 RTN4R	-1.98320774185903	19.6232190738829	14.9886831995846	-2.91593267803541	18.936674056167	14.4538733614086	-1.87739161769154	19.4166700101084	15.1114427278257	-2.19023547294705	19.4512240376773	15.0108785929277
RBM39 RXFP1	-0.757740453968168	18.9301954069687	13.6947058108691	-2.58334472297124	18.3788818775777	14.3025689474096	-0.94117886092744	18.5607121251714	14.1095791630949	-1.4216722670514	19.0639841703738	14.4719804443218
RBM39 S100A12	-2.20476577418416	19.0883514358387	14.8797128007783	-1.64926414080008	18.3019985165518	14.0002291833224	-2.14580571142775	19.0778648706338	15.1942056443162	-2.27710630522464	19.3636793895017	15.1392977718692
RBM39 S100A4	-1.52279649691965	19.9126545733834	14.895686803504	-2.08382571144989	18.1430325168373	14.0447240637213	-1.83549005045033	18.7046846482771	14.8315372908398	-2.12477902896638	19.5492897018493	15.0565784286038
RBM39 S100A6	-1.9354430234892	19.4806428622133	14.8032726314006	-1.91139154124983	19.2524444685064	14.0916641709904	-1.86391899147021	19.3663722573147	14.6792070993436	-2.13959414005006	19.7721762690865	14.8536189452427
RBM39 S100A7	-1.40320116604393	18.6357701462862	14.5167478805276	-2.26184376971654	19.3186538701997	14.4921462298634	-1.88694902774589	20.1088448904351	15.2526749720022	-1.9094505431227	19.5381637046207	14.9081727886578
RBM39 S100A9	-0.303843507616617	15.8036445131551	12.695309406049	-1.4224268694764	18.0122191519291	13.9468868368027	-0.563416295043427	17.0896047675259	13.5526271399435	-0.822269195458509	17.3983663835067	13.6671765736411
RBM39 SAA1	-1.66773892695291	19.3990661492186	14.4723087371556	-2.36549555424935	18.4100663662151	14.3598264411698	-1.75491283225947	18.8148118305404	14.6536936356053	-2.18259053462721	19.2394448083065	14.8167742867587
RBM39 SBDS	-1.9363468512187	19.9614044030435	15.0411724822671	-1.75500484169563	18.9600324571714	13.9781997842263	-1.97352910445055	19.4895778847946	14.7998925162355	-2.02916779841014	19.7267033757945	14.7892303472697
RBM39 SCARB2	-2.00476852755746	20.1265724118774	15.3795184140612	-4.09088607247798	19.5899864828338	14.7613618669707	-2.37153060870151	20.2766329755853	15.5523906500441	-2.84728345481605	20.1603776254602	15.5340026461836
RBM39 SCARF1	-0.919680879424575	17.6960825706008	13.2637774081727	-0.55142978694885	17.5054567287761	12.4949636900521	-0.57989534109942	17.4672575121811	12.810261817243	-0.803572909465616	17.6516455772825	13.0347121445391
RBM39 SCARF2	-1.22646691016457	18.6350967129799	14.4513310272991	-1.73555277466037	18.4725658138669	13.9533940947315	-1.3548945168494	19.2498177814528	14.9532889944188	-1.90866940217502	19.150864017617	14.7835589543392
RBM39 SCGB2A1	-1.29309152622784	19.9262900678924	14.4496328073658	-2.1819513138531	18.0336280477208	14.0641242603166	-2.58507369474579	19.8866740986938	15.3517365171684	-2.50033794395161	19.755956647206	15.0915448571238
RBM39 SCT	-1.23818710946423	19.1877985434371	14.3964901109382	-2.25020406207659	19.4180008649623	14.4190260316297	-1.65767450593249	19.5369624129497	14.8445553240311	-1.78569000797914	19.9500745785349	14.9231238015722
RBM39 SECTM1	-1.81851864266843	19.046666340629	14.4102691920039	-0.887620857186402	17.8155262251492	13.0626649274682	-0.986906685288935	18.6726923554063	13.8439805793219	-1.12897502438004	18.5912137695613	13.8716283569403
RBM39 SELE	-1.79630874211178	20.0754354763155	14.5726796781972	-1.23100689799431	18.174754538184	12.6036002187501	-1.84710839888665	19.6183486887998	14.6600006597182	-1.62954019946155	19.5082377871555	13.961812275116
RBM39 SELL	-1.20374813106781	18.2681541360112	14.4407633056515	-0.345895528633286	16.9163649756165	12.8708714090905	-0.933667010190908	18.1723897730914	14.1165944134274	-1.08260323300054	18.1519630554874	13.9908217053684
RBM39 SELP	-1.89824649671045	19.5267863955707	14.826086563099	-1.90941089111097	18.7822938528782	14.0200137934776	-2.4634646179736	19.6155183592826	14.7799596251343	-2.11050654635366	19.5517836821643	14.6950943564983
RBM39 SEMA3A	-1.6202814236491	18.8044815879984	14.756689138611	-2.0974103551803	18.9021302563315	14.3616891751116	-1.86863505785265	18.9219325809237	14.8582856833618	-2.61116073291713	19.214577992422	15.1933519034686
RBM39 SEMA3E	-0.851758357100801	17.842609627966	13.5453539011566	-0.59658960270991	18.2663084786957	12.8606119791348	-0.675750072339856	18.2910142827859	13.3986807562201	-0.744401467924283	18.4120231292564	13.4720990118588
RBM39 SEMA5A	-2.84496725205413	20.1044050101034	14.9204451651965	-1.79572285830743	19.0449035566202	13.7674565043085	-2.1347108932189	20.2605215272545	14.9409031277412	-2.40686673373087	20.3914115132687	14.8948032136417
RBM39 SEMA6A	-1.3814623526546	19.4862062443252	14.8279139142486	-2.32180120746898	18.2074469408617	14.1812890187121	-1.39290823889486	18.8743333629328	14.820794020572	-2.11899069661611	19.2239197665869	15.1002002570222
RBM39 SEMA6B	-2.3346409476545	20.2678128163359	14.8609654969305	-2.73918864088035	18.2460384134117	13.7371104567423	-2.06023832574515	20.1292268024259	14.9980989337813	-2.77056876002988	20.2285344001353	14.989280552728
RBM39 SERPINA1	-0.449732489950308	17.2206844444097	13.7077594174798	-0.577133890650476	17.9997968220133	13.117768578507	-0.722116378403797	17.6276973634421	13.7341634961618	-0.816122388833232	17.7256640886579	13.8772222836547
RBM39 SERPINA10	-2.33610657996997	18.8559841271913	14.2957028283971	-1.77224025477442	19.9942148236637	14.0594213653469	-1.8485020981691	19.6691628873911	14.5522800904339	-2.28247970871157	19.5241399275223	14.4312129234464
RBM39 SERPINA3	-1.28879779725519	19.934605652123	14.4988341186329	-2.83572815068981	19.2967245282759	14.3265584098055	-1.90464177026241	19.6422992978561	14.9381590094454	-1.86885878841852	19.9623034436566	14.7840659662361
RBM39 SERPINA3.1	-0.729115514598922	17.6636701169996	12.9041567529104	-1.45322001256539	18.176121077458	13.6072500763155	-0.909007450111161	17.8087547835289	13.4024861545646	-1.07003212609454	18.3396159133908	13.5940642871548
RBM39 SERPINA4	-1.70258680107428	18.753728520996	13.891556805041	-2.97426606806668	20.746999151134	14.7535102638654	-1.76947420438385	20.2053649425609	14.4489571757474	-1.82356257648393	20.3295712160674	14.5653021817602
RBM39 SERPINA5	-2.13405618997391	19.6334024581793	15.1226276762197	-3.3459190556417	19.8244735152727	15.1666810510589	-2.18917864679439	20.1283663482956	15.5696447191886	-2.20636972755653	20.3734726644756	15.4655966140551
RBM39 SERPINA6	-0.744459564749069	17.8970770491022	14.0837652935922	-1.03801750807849	17.7671506693956	14.1308218807785	-0.897429633534488	18.0131363651982	14.2203861756375	-1.08204713304619	18.6674429598342	14.7866163176755
RBM39 SERPINA7	-1.97157243060201	19.8299194525659	14.6382340747198	-2.25369129689991	18.7923409718896	14.0774340330214	-2.35424420767821	19.7622399786184	15.1152936031249	-2.55499889196309	19.5433511856287	14.8044662159719
RBM39 SERPINC1	-0.621328828908163	17.1122435555409	12.6355811842124	-0.836632838336858	17.0890507735927	12.8688954242932	-0.843539120963927	17.3446817631677	13.0063675408631	-1.05956306216813	17.8043308641	13.3244427671175
RBM39 SERPIND1	-1.73091660046963	19.7732873461814	14.3469056486506	-2.12313180154832	19.2740159452992	14.1068922562154	-2.10063236789795	19.7415804205356	14.6572799090669	-2.35742779304821	20.2977203443987	14.6676699989346
RBM39 SERPINE1	-1.58152725266438	19.407943360119	13.9060715099118	-4.50509589388431	19.7900859924296	14.8577529289956	-2.58923619550786	20.5720359455883	15.0670012176076	-3.0949815887644	20.018676691473	14.8898260057391
RBM39 SERPINE2	-1.72131286573745	19.7614696709934	14.7383301766406	-2.10135063762381	18.3091272347203	14.7554951857259	-1.92712379755493	19.465243108752	15.0895445753636	-2.0631468019298	19.610012370498	15.0667976289948
RBM39 SERPINF1	-1.84646713104046	19.8956450381088	14.715198702208	-2.1469372508369	18.9872087561406	14.0193530251957	-2.96974457680003	19.9958084603835	15.5959264824495	-2.0890361163266	19.7730542741695	14.7782504953026
RBM39 SERPINF2	0.146959400124296	14.0294455973638	10.2446296040002	-0.272208793272281	16.496807752378	11.3364983165911	0.0816481629405463	15.0749487263275	10.7720507356701	-0.0706138892733181	15.4347002013388	10.8971475140126
RBM39 SERPING1	-1.48562362222932	19.5759534338238	14.7628724561303	-2.31641951662465	17.9221643097943	14.1721328293457	-2.26266909409731	19.1851897355645	15.27067556495	-2.57471712043567	19.6083673128198	15.3051762014962
RBM39 SET	-1.93208977969104	20.1249651078457	14.8638377541311	-1.12610896188601	18.2511754403919	13.5825869230853	-1.47619416344161	19.1940613717273	14.4642200964116	-1.64999109627765	19.3025584265421	14.4048539909582
RBM39 SEZ6L2	-2.93771623299592	19.9495681673926	15.4697157204773	-2.06210718546241	18.7317902267077	14.461995393541	-2.83594897445119	19.8687822753799	15.4864526638287	-2.38878272392999	19.9218528319314	15.2816720798329
RBM39 SFN	-1.56955857248697	18.1437603599509	14.1261013756763	-0.901054465778617	18.1285415823819	13.7894101417576	-1.44104609744265	17.9422591737187	14.3349711940245	-1.40322949526912	18.4327403070159	14.3295952787211
RBM39 SFRP1	-0.757395904709421	17.2589244348666	12.9179810998941	-0.717697284298199	17.8920814291071	12.7586868159831	-0.753499050906547	17.8779471209867	13.2725889278243	-0.811672376884224	17.9055127255205	13.1839269487804
RBM39 SFTPD	-1.8176589791025	19.5524283753237	14.6134100632403	-0.125870897235181	16.17927277426	12.726694168297	-0.762067019412447	17.8597130937404	14.1400682098709	-0.792486367974721	18.1465276484574	13.9811252965583
RBM39 SGTA	-1.80823425288299	19.4552139061486	14.1916077744551	-2.10529405519031	18.7851385814331	13.721272369169	-2.15540001520461	19.1296940066082	14.3263614524103	-2.28416581974541	19.3154040973839	14.3606158332314
RBM39 SH2D1A	-2.01519533754891	18.2562811090525	14.4121141849747	-3.99473103161269	18.8450401468937	14.9338760056879	-2.31113284308011	18.6930618727387	14.8868225101791	-3.12452718911436	19.2062938818895	15.2035485189793
RBM39 SHBG	-0.354904019160839	16.2376706261922	12.4915043897977	-1.59601934921102	18.5192303429406	13.3028773352418	-1.04059092238171	18.3335488930825	13.6508228023446	-1.01779126136726	18.0379481633248	13.3916663293561
RBM39 SHC1	-2.46019016381055	20.0610989981078	14.8841653036371	-1.5977191176605	18.8419682554122	13.6325324322918	-2.14641910632397	20.1389283714477	14.8103015708553	-2.20238984102455	19.8886535649669	14.664980181905
RBM39 SHH	-0.848940805638112	17.3452862873514	13.9645353591491	-1.40538085476748	17.6355226403475	13.7931205106532	-0.781079675522975	17.896872711745	14.2890093907717	-1.31707748262983	18.2113456183723	14.5115694929252
RBM39 SIGLEC1	-1.91365342927076	19.1487199610392	14.9024899837864	-4.30393446451278	19.1741330756967	15.2163383163282	-2.18664742947249	19.6320211302642	15.3443653331788	-2.47984667372603	19.7019901711283	15.3908218470935
RBM39 SIGLEC14	-1.4209103374986	20.1043017410678	14.6281007722406	-1.29495668034828	18.7896306710424	13.6720971051407	-1.44314574861576	19.4166738082809	14.6731031456068	-1.47371766645896	19.676994999466	14.4229230218037
RBM39 SIGLEC6	-1.78258965173763	18.7665725638496	14.5969805514471	-1.62863881051993	18.8314299302012	14.5314297593487	-2.44417533527089	19.9358466533113	15.4647984913824	-2.5441763030299	19.3166937690332	15.0321248568518
RBM39 SIGLEC7	-1.85786393438185	18.834222697985	14.3285374270026	-2.50216242129039	18.9122362178129	14.1810821040298	-2.53519629729723	20.0469439675615	15.1200217070209	-2.46559399447275	19.7151018347294	14.8977302155414
RBM39 SIGLEC9	-2.50844065981956	19.774172147947	15.0663029902309	-2.42111426009146	19.5545583402134	15.0233900006909	-3.10970705780351	20.2187212234261	15.62611778227	-2.41471560370103	19.9662673970137	15.2895668051157
RBM39 SIRPA	-2.44534136105729	19.3172693170911	14.9236868073414	-1.78286937661633	18.7333370872533	14.1237836701161	-1.84927890682692	19.0789389116719	14.6002161580516	-1.91863912686578	19.5480321048391	14.7835354980802
RBM39 SIRT2	-1.10219645815604	18.367152206467	13.547327628172	-1.85648488874444	18.4834973136591	14.1910327475948	-1.68602812528461	18.8397189610642	14.4991407829665	-1.8719996904102	19.1074942146314	14.5105983334141
RBM39 SKP1	-1.7039006572105	19.0755101873224	14.7588124978272	-0.515292244894671	16.9129947809125	13.5178758081872	-1.0254318555291	17.8287579987258	14.6245705682762	-1.17693858136815	18.1325486791659	14.59898583469
RBM39 SLAMF6	-1.76108794860426	19.3417854246585	14.2300774643384	-2.71790233185848	18.9528783476803	14.324076482335	-1.71544470551045	19.8556840153334	14.5093117880822	-2.4664372460157	19.8388060874675	14.7716338643783
RBM39 SLAMF7	-1.45780319534384	18.5393270053485	14.3988851524204	-3.60791745159272	19.6133324357754	15.0497869903259	-2.72945639044134	19.315791128945	15.2230370245793	-2.60553783419192	19.5019729620915	15.032644908576
RBM39 SLC25A18	-2.30981170122355	19.8366446692747	14.9284089476848	-3.3044169754816	19.6684195295952	14.4138074100009	-2.22933105873877	19.3262583381381	14.6326476308133	-3.03300862645697	20.07824168681	14.9722878927276
RBM39 SLITRK1	-1.93105136283472	20.2596505059945	15.1259593027222	-2.11720802502209	18.1717797880542	14.4031057540211	-2.14922652017254	19.3841774460534	15.0776044062811	-2.18443750356011	19.73197271178	15.0837869066479
RBM39 SLITRK5	-1.50398099710753	18.3430181339101	14.0437658486478	-3.26323996866406	19.3966046300242	14.72791145225	-2.17200029557222	20.1165307148978	15.15632906239	-2.40996067805533	19.2895194354458	14.7491810506744
RBM39 SLPI	0.24659395282599	14.6570655205231	10.836361371294	-1.83702591329882	18.2035110149356	13.3548945548157	-0.59980855120197	16.9639250100842	12.5391736527084	-0.413493966209302	16.8078347870142	12.2509793828748
RBM39 SMAD2	-2.53772825239311	20.2559761545059	15.2797956608649	-1.54634367907814	18.669918201459	13.4725076976817	-1.86571750433741	19.5928469210232	14.5618401036828	-2.04981535664484	19.7600342230739	14.6540713506682
RBM39 SMAD3	-2.37712254192558	19.6786420857626	15.0083285176547	-1.77364482249355	18.7334806869992	13.4887898919893	-2.57165814266421	19.5569798992746	14.7913437088759	-2.05351855646165	19.4893313819955	14.482431676342
RBM39 SMOC1	0.245141888865016	13.7455882120776	9.82684342662532	-0.0530539557848118	15.2624424335762	10.2344005092373	0.119704127405002	14.6826600175969	10.2595043802529	0.119658648088587	14.6071406874544	10.217199824067
RBM39 SMPDL3A	-1.26943328326103	20.0587445954165	14.4082985058004	-1.27370984608192	17.4488504637171	13.8065398136158	-1.42355018206315	18.5178335083892	14.5493260896466	-1.67395234276993	19.3053362887854	14.6835244548855
RBM39 SNAP25	-0.939459644481698	19.6230513260474	14.3508520180047	-4.22657494606763	20.2333465042665	15.344664373171	-1.65568746084171	19.9266274496082	15.1837032225457	-1.77712709788576	20.3989091854242	15.2001872238077
RBM39 SNCA	-2.03081578238701	19.5642352742167	14.4802616092651	-1.08710596923552	18.8092457203707	13.9191190909314	-1.99593352177195	19.4122135496102	14.8668101721425	-1.95395719906747	19.3733695165425	14.6749959189471
RBM39 SNRPF	-0.60998737863257	16.7355139043359	12.828403700204	-0.284689174216417	16.2506534211236	12.5617229866611	-0.504003078609925	16.8909271757649	13.5308831467789	-0.680751178296862	16.9922731964787	13.2737275899582
RBM39 SNX4	-1.72698599485559	20.0956991688783	14.9914653245078	-2.30102693377409	19.4907482964952	14.5069182134142	-2.33836366569348	19.9652930531855	15.2041727735745	-2.21800431260335	20.1756368498179	15.0913647166342
RBM39 SOD1	-1.41904439011026	18.7651074227656	14.2905173600783	-0.353055788766808	16.4416631693801	12.9282438699184	-0.795415848175105	17.9247956219879	14.0097718164	-0.836669854259734	17.9305955813198	14.0059232733754
RBM39 SOD2	-0.847558302521234	18.476224556974	13.7239792178026	-0.441757497716442	17.2677215650052	12.6321423855061	-0.407527954520248	17.6923751854134	13.249591675362	-0.703704078661927	17.9223888949045	13.3549405753809
RBM39 SOD3	-0.840227281300572	17.8800976318595	13.765400464293	-1.47852178881664	18.0731998831086	13.1626250828788	-1.16980509983218	18.0759523770948	13.9178990129578	-1.37508000887252	18.2759586555929	13.8109647280315
RBM39 SORCS2	-1.51440402120443	18.8797279468667	14.4392509809701	-1.77360697980653	18.5657576670286	13.1692019192688	-2.38848818878717	19.8004080899182	14.7178264246785	-1.79913894863779	19.2335308217706	14.189661997702
RBM39 SOST	0.588966389218809	12.0683789995698	9.20788913803034	0.156693179453836	15.2976102114325	11.8627644466137	0.238684308515848	15.3673678315826	11.7085316904177	0.339023659070862	14.5048013391249	10.9855887714304
RBM39 SPARC	-2.20212253872434	19.590028837469	14.4808710061171	-2.63208532953071	19.0681247043508	14.6870891618279	-2.52074330620008	19.8042394522665	15.2372761650138	-2.33937190084028	19.6366376851592	15.0021898548853
RBM39 SPARCL1	-1.72469191878031	19.4619494496394	14.5285628191479	-3.43177294782155	19.4306840764499	14.999916833289	-2.28853228523216	19.3472420068725	15.1791217143773	-2.69518517050662	19.8201310042088	15.2005906745974
RBM39 SPHK1	-2.40606167128695	19.9749624796296	15.1023960746281	-2.03193241343893	18.9395595355765	13.9935672030185	-2.00197356592324	19.4662089736403	14.7429807167435	-2.36500073576347	19.5959691765046	14.8145697783913
RBM39 SPHK2	-2.4995425524521	20.2880986612904	15.2687461377813	-4.60504870940188	19.715532244492	15.3139583822666	-2.41390026540919	20.7338346729066	15.7224710010695	-3.04920460147762	20.6081747815247	15.7217947240045
RBM39 SPINT1	-1.54809356623362	19.2665510086448	14.6042736755264	-0.632735603824662	17.1811896163213	13.4306463290558	-0.850989128439989	17.9390880453992	14.1830582912288	-0.972713102327612	18.4236631665691	14.3902877619485
RBM39 SPINT2	-1.1691860638481	19.3415133950965	13.5631274303676	-2.25299542822794	18.7141550768015	14.4813859034302	-2.1898877706682	19.2706242883746	14.9182097889432	-2.00239859235082	19.4608720183704	14.6625508368605
RBM39 SPOCK1	-1.81498450095273	19.7760444492112	14.8062640430952	-2.12032030704014	18.8850804991846	14.4002426701701	-2.56859166769858	19.7580824347956	15.3291615473741	-2.18066248341768	19.7896577111605	15.1329365685835
RBM39 SPOCK2	-1.86289725171951	18.5765215338639	13.4900174606397	-1.20797965105237	19.3491289652526	12.7500231340057	-1.42519251355169	18.9247978855316	13.285868707786	-1.74508865484494	19.3105112858326	13.3785501275152
RBM39 SPON1	0.164975155311777	14.9983029286217	12.0006683579638	-0.877306300564503	17.1325865583161	13.1044620769941	-0.312956356914129	16.5831002983374	12.8239569601424	-0.309488925430043	16.5621507171006	12.866874006457
RBM39 SPP1	-0.684180314564595	18.0153574611702	12.3788510028779	-1.13275171703714	19.0152534820739	12.581316655586	-1.01595840371553	19.345033872389	13.2753578607509	-1.1039807156287	18.8694016550546	12.7978347335641
RBM39 SPTAN1	-1.80993092437635	19.9402654148999	15.3053788972678	-2.52783724746926	19.538373813006	14.6604971574796	-1.85724796961085	20.3871493867645	15.2670968897067	-2.06594679233527	20.3574575870375	15.3768914805125
RBM39 SRC	-1.82368647703502	20.1153375975614	14.9760980904103	-1.95666399216897	19.5639857594984	13.9653676308778	-1.90807630508605	19.8899292955365	14.7915421380223	-2.09691575330738	20.0913702742651	14.8618369165251
RBM39 SSRP1	-0.765023443648165	17.5654648212422	13.5759168878941	-1.83779365693267	19.6271199255383	14.7015222765149	-1.00122786824254	18.4742971674595	14.0894376770044	-1.48618042735128	19.1549033657534	14.5207397823846
RBM39 SST	0.17431111168873	14.3902152623685	11.3812526725134	-1.76646745169707	18.8295278768632	14.2809932638338	-0.729277188888413	17.4304473864807	13.4628789403208	-0.538945288793411	17.166950250859	13.0754224509547
RBM39 STAB2	-2.0549647867368	20.1318007496614	14.9486102161143	-2.31042369161399	18.3459215601972	14.0868993475378	-2.85625361203371	19.2500598765155	15.1518458086314	-2.8313907216607	19.6108622108283	14.9640653194195
RBM39 STAT1	-1.65230326831875	18.4822705140463	13.9984070873658	-0.970093212245037	17.7411740519966	13.0599609587582	-1.66146330544341	18.6381521482134	13.9599859049421	-1.4464722965245	18.6095459265208	13.9174019284147
RBM39 STAT3	-2.42172701350449	20.3115024675904	15.0199013435667	-2.00242534649477	19.2309450260399	14.2831652612399	-2.65070693922863	19.5975747464867	14.8995025500938	-2.34308969135673	20.1101084024091	14.9897265019107
RBM39 STAT6	-1.4300848242857	18.3605477014575	14.0471545689058	-2.23598605501843	18.5540184392257	14.1932325979585	-2.97656659638091	19.4386177622107	15.1711254353721	-2.42334652812192	19.0395850082462	14.7165369994298
RBM39 STC1	-0.234327167846827	15.3298418546787	11.8488624333372	-2.13794913643105	18.6526517903865	14.3273061177626	-0.766079333795054	17.4684405589097	13.4226050488833	-1.19553287319252	17.5367711228906	13.4834992636026
RBM39 STIP1	-1.98403680102498	19.7412198210783	14.4417544914292	-2.73579014633008	19.208695811552	14.5996496782267	-2.59880740830856	19.7252585205954	15.1114874704914	-2.24797133119989	19.9621780165163	14.9546070319076
RBM39 STK16	-2.93637756112421	19.9444625745496	15.4010793100087	-2.31251132142437	20.3674430354565	14.8106869592426	-2.54280847647602	20.7521694862657	15.5299068256472	-2.75492018947293	20.6040846741587	15.4174612886138
RBM39 STK17B	-1.93496595536657	19.9586618912714	14.5877596605701	-2.27159341795738	17.6365931272575	14.2242450405411	-1.50627658617687	19.1052771085453	14.7475177716921	-2.15114236147716	19.6197365762127	14.9189229536613
RBM39 STUB1	-1.25578908011211	19.1947462389659	14.5063467024126	-3.50991132717898	19.308534946001	14.3351610173522	-2.32400257364294	19.0654194136874	14.9658174580051	-2.37526535510164	19.6773828144184	14.930840156969
RBM39 STX1A	-1.9315709667253	20.1802165656958	14.6150876748519	-2.24651546947665	18.7065804636091	14.2251173382294	-1.52140893943776	20.0626280298565	14.5889843163788	-2.31891131426956	20.1144006771711	14.8904515923289
RBM39 SUMO3	-2.08679360693386	20.4274521658801	15.186453086633	-1.07823434463219	18.3993882975815	13.4817569925867	-1.88718112750128	19.6966043773271	14.9791867325674	-1.75572933424235	19.6522441102822	14.7431031260789
RBM39 SYNCRIP	-1.62513183333376	19.924956170795	14.7287190949837	-1.03995644927228	17.7326446000398	13.4051978469912	-1.61380983925584	19.0576803897291	14.8279878903706	-1.70908209531448	19.3949836617362	14.5844622824302
RBM39 TACSTD2	-1.10244552570355	19.4910958292973	14.4121058554225	-3.08835027826312	19.2650838829063	15.0253856911844	-2.06332078743738	19.8774620872468	15.2089619214082	-2.10179081668696	20.0182197592117	15.1761541955613
RBM39 TAGLN2	-1.34452721517471	19.9461125184768	14.4017425309041	-2.60853428039724	18.9370677714073	14.7005402280708	-2.99243351030047	20.3064063788234	15.8653393755217	-2.04370375148913	19.9753486979675	15.0739410531998
RBM39 TBK1	-1.34146386758515	20.0893795201748	14.5739699387489	-2.701314560574	18.5875263988807	14.759510730467	-2.03801124218377	19.0607207956634	15.0223357862151	-1.9566287941918	19.7912542832366	15.0862398642625
RBM39 TBP	-2.25972984331731	19.7626351433767	14.9605790218854	-2.05686320295784	20.3529490567038	14.2942588936816	-2.67805128148334	20.7251212824317	15.2757495048208	-2.77081286127294	20.5113930221067	15.2885001017653
RBM39 TDGF1	-2.69286656259398	18.558673118317	14.5041759991144	-3.09432952469809	20.0470403972171	15.0242289519616	-1.80819396283384	19.9978923375346	14.825331324597	-2.46829246448171	19.8945217607041	15.1491463602709
RBM39 TEC	-1.68093372808472	19.7241642730234	14.3971872951832	-1.7707709882555	18.9634166591547	14.0449058665766	-2.12866466327543	19.6979588959455	14.7830156038376	-2.22431449015429	19.8131746624409	14.6900433614795
RBM39 TEK	-2.60554936119961	20.1697732465795	15.1291665543175	-2.04395822103894	20.1065880817247	14.2593445059449	-2.00253796694923	20.1018435565218	15.042117708483	-2.50166158207085	20.4705327431524	14.9519112439533
RBM39 TF	-1.13031520401679	18.4895224007595	13.6972814603346	-0.846767557120891	17.5376971431648	13.0565500161834	-0.984995493785161	18.1225809504658	13.706952550411	-1.04379867352766	18.3793958564401	13.8116468170591
RBM39 TFF1	-1.86438567321552	19.1505464055682	14.8704780461603	-1.78055183455296	18.6690327423479	13.5391585049376	-1.92813379180204	19.0760697785723	14.7059798540084	-2.08550079203499	19.3625223859796	14.5960909685003
RBM39 TFF2	-1.20562971358642	18.4092949389848	14.2075209260675	-1.56900052064733	17.6855545035019	12.8410751400276	-1.19584138472572	18.1193364449162	13.7502416472053	-1.53668372746889	18.6679046854151	14.0195526564696
RBM39 TFF3	0.33775115014579	14.2387623095736	10.2087648670379	-0.448599889974582	16.5474823373306	11.8693244448972	-0.044892314457972	15.7372599279075	11.281117948714	-0.00527027534628921	15.6235802318805	11.184972730593
RBM39 TFPI	-1.80252249567614	18.8458942487284	14.6123397336077	-0.291948969293704	16.2307937221826	13.0399470896133	-0.780923195148097	17.9664318327779	14.0585585185566	-0.922805329604937	17.7902868489284	14.0291261300499
RBM39 TG	-1.47341571175152	19.5367122161994	14.6026246756084	-2.48204605102152	19.3565032870936	14.1710900404856	-2.13446288429555	20.1325862083238	15.0194651496256	-2.02323734012607	20.0345104460114	14.8075289457585
RBM39 TGFB1	-1.40646413219891	20.3842210106773	15.195401104815	-2.27215471081597	18.1539260002626	14.5093358741252	-2.10860443988608	19.6891837642804	15.4834459097878	-2.14148747147318	19.5252570048461	15.2540092958518
RBM39 TGFB2	-2.57130237981114	20.243513328151	15.5054597085739	-1.29466120538771	18.2479203189372	13.7395328471231	-2.1962754351068	20.1412967466239	15.272543378309	-2.22317686120957	19.6688420562969	14.9692627645922
RBM39 TGFB3	-1.07536426547901	18.4676099841518	14.3687051904145	-1.84011209485361	17.821396557516	14.3716924520673	-1.2134725991347	18.2285150140754	14.6525943366267	-1.64149219108171	18.6774421001928	14.8944492874608
RBM39 TGFBI	-2.21200108740195	20.0810295637621	15.0693676501174	-3.05178831622929	19.4225552407601	15.102224950782	-2.33141865816093	19.5475135480089	15.28564375638	-2.72311334771307	20.1068727293766	15.3884985511988
RBM39 TGFBR2	-1.28706052099873	18.6849179744449	14.4413752919268	-1.84518177900988	19.3581229858858	14.3890335661185	-2.87181644310341	20.0940636457884	15.5106374936633	-1.94064595033914	19.6916760409024	14.9562762148006
RBM39 TGFBR3	-2.04702335974698	19.6526224954947	14.7516832066101	-1.93043774933259	20.0362434264082	14.5164242332759	-1.7639813671254	20.0310443071125	14.7653614226503	-1.7951794330683	20.4062143696887	14.9322834543194
RBM39 TGM3	-2.04813526292573	18.4904584680802	14.3045382738171	-2.65394503721378	19.6275504939077	14.5762299859964	-2.76096071707342	19.4561634601703	15.0131798106616	-2.79947908826294	19.402510569316	14.8236799626568
RBM39 THBS1	-2.22557326458348	20.470834979302	14.7046265095634	-1.77584078564131	18.7997010061101	14.2630755506464	-2.23329177673511	19.429911574475	14.9405289919506	-1.79714989019988	19.6710883458914	14.7745333728786
RBM39 THBS2	-0.502643882496548	16.5658433697854	12.7951038075169	-1.06659195177327	17.0029882721755	12.3584945295316	-0.960360303512117	17.985487361851	13.5601350185207	-0.833550509803013	17.5081177300209	13.1645770809274
RBM39 THBS4	-0.0683401724124606	15.4109741610487	11.5138790823597	-0.778580748802285	16.7757755007378	12.6143484548492	-0.387406796185744	15.9898659157062	12.235719194456	-0.41479002033046	16.2305760218289	12.2963234397053
RBM39 THPO	-2.01423936710097	19.0943192172129	14.7712984101407	-3.02589365271987	19.8045030682126	14.554464785204	-2.84125486928573	19.6358414344305	15.4891105178791	-2.78585047956094	19.9876130765215	15.3855679620412
RBM39 TIE1	-1.48125750733051	19.6898066190281	14.6992944401724	-2.13174792981919	19.2935578674762	14.1767653106726	-2.20433943597791	19.6628904139143	15.0210532465306	-2.03082414848656	19.9927851683718	14.8122986502499
RBM39 TIMP1	0.147029949603902	14.9790962739153	11.9049848994266	-0.45443687174188	17.1801377364495	12.1761670022512	-0.0670310317338474	16.1293873650384	12.160064876784	-0.246185828398682	16.5233915851348	12.2529635705348
RBM39 TIMP2	-0.757104740947762	17.3854241431019	13.6555942103819	-1.21614636147401	17.8644228694898	13.3322365522665	-0.903704487856366	17.8205925685052	13.7563941857279	-1.06950909471963	17.9260471246762	13.7740759417975
RBM39 TIMP3	-2.02321653433355	20.3521271861844	15.31011923374	-1.94649648362303	18.5310629060801	13.7711422333398	-2.55513829337723	19.36797312702	15.2500152634655	-2.17228620959784	19.6147260677108	14.9275766629844
RBM39 TK1	-1.96679235741193	20.0754881542224	14.9441223060552	-5.55199593884967	20.01704339793	15.1918888162567	-2.19853176711896	20.3716369786783	15.6281652650648	-2.59692102533058	20.6563545373706	15.4269102903022
RBM39 TKT	-1.55627296308722	19.2897951447332	13.7049792603082	-1.79803382825152	18.782451304644	14.2473313186573	-1.92500608769238	19.8180187005075	14.9101224453724	-1.88962533570013	19.6071481265238	14.5557802481546
RBM39 TLR2	-0.920549121203574	19.217968668261	14.0008741514214	-4.0113540496485	20.1638839527038	14.8370175647968	-2.37002193253407	19.6445841154292	14.9112825058576	-2.18940494572702	19.9898046587606	14.7387121398315
RBM39 TLR4	-1.90729889304805	20.2765358113346	14.7586491207108	-2.56002286867469	19.2736251312132	14.2102408355416	-2.40167986410927	19.6689041899095	15.144002576431	-2.64138079385577	20.2370340291415	15.0487411233788
RBM39 TLR4.LY96	-2.00178632399523	20.4286453657624	14.8769959862464	-2.48824799310895	19.4274622649956	14.4416455191871	-2.70591571043553	20.1596856128074	15.3242767385075	-2.45159884026071	20.1683209194656	15.0282388954993
RBM39 TMPRSS15	-0.902685004549297	18.7615065510365	14.2069294713734	-2.09305033797624	19.671983429238	14.5361903046366	-1.52089069788047	19.583440433422	15.0637364699166	-1.49343566120483	19.4250257059541	14.7625901035961
RBM39 TNC	-1.54125728711937	19.9184631276076	14.9436831789332	-2.17448417495963	18.6789425159043	13.9907675763027	-2.439429959974	19.6187606804274	15.1346418327813	-1.80788159642336	19.6069271113484	14.6713432270373
RBM39 TNF	-0.0490910638063442	15.8759758045335	12.5299219634151	-1.18183388265887	17.8394859680578	13.9024727956179	-0.724210670208701	18.4622132390922	13.9484313550325	-0.517648121000976	17.2398833360401	13.6015650468076
RBM39 TNFAIP6	-0.433801702529649	16.7605322575576	12.7730532696162	-2.16681411161641	18.6464992058395	14.2028125795974	-1.42920346714565	18.7409178031839	14.3449090363379	-1.29703009193663	18.3427766621459	14.0297724413439
RBM39 TNFRSF10A	-1.95126059654863	20.079763743424	14.4863403651342	-1.95583277554567	17.7427048403134	13.8944013654761	-1.79709027968256	19.0271487177159	14.6138560844009	-2.38596487130173	19.379690227007	14.7461834975225
RBM39 TNFRSF10B	-0.749209102945672	18.5116080209697	14.2460929748768	-2.40789969373698	18.86949470721	14.3909472259075	-1.1899240244707	18.3777015080301	14.6052516308757	-1.59392758533512	18.9069431714959	14.7135954519922
RBM39 TNFRSF10D	-0.897779776658568	18.756445679246	14.0828238395175	-0.813218531035955	17.261927462455	13.7927226104055	-0.96618947061684	18.2224165617943	14.1499734604425	-0.984908884250146	18.3205913130129	14.2616431799819
RBM39 TNFRSF11A	-0.872933490759482	17.6617852425484	14.4123589596129	-0.492733067358185	17.0927165300217	13.4289944946362	-0.688682301756056	17.310697487293	13.995169408413	-0.980471637749273	17.6991863985175	14.4047314547899
RBM39 TNFRSF11B	-1.67826608597386	20.5118232302629	15.2812570467357	-2.93413607514112	18.7113590992978	14.3630159290777	-2.40243191030772	19.8353922956789	15.4769959102007	-2.52316378377535	20.4785009846222	15.4524381153183
RBM39 TNFRSF12A	-0.920355375167511	18.7167856098128	13.7784669838892	-5.44383705179921	20.4623945407078	15.3018948794183	-1.90804467879047	19.8906164433201	15.1363562098761	-2.16569914069529	19.8654054279633	14.8017622806055
RBM39 TNFRSF13B	-0.351011100636835	16.911788007958	13.3659663145479	-2.44087510864024	18.4745533570783	14.4991208612658	-1.06510349510233	17.7400146867924	14.2265720204587	-1.05535291349397	18.0942675741553	14.3281873978395
RBM39 TNFRSF13C	-1.00846936584896	18.3904641485234	13.3666138129615	-2.43804481902655	19.4311899756381	14.3245333914273	-1.86762533759711	19.1060180878349	14.5116007851431	-2.03498421581214	19.2304492426608	14.4063772474094
RBM39 TNFRSF14	-0.379224866854942	15.8304606910793	12.5726062585854	-2.50176656613792	18.6816101276491	14.1300169527846	-1.06701261364529	18.138836682138	14.6048590484864	-1.65639541746051	18.0000269003309	13.9715062088544
RBM39 TNFRSF17	-1.44732760536905	17.8090231954575	13.9640647730419	-2.68041572901745	19.3529823848058	14.6944534952207	-2.40499252649567	19.1630257021524	14.8919068952772	-2.4914815413869	19.0283385641179	14.7067790902387
RBM39 TNFRSF18	-0.818156766765085	17.6140665670186	13.5243483598191	-2.09580973296231	19.0816667071118	15.1345175114235	-1.86652715263618	18.8154184061455	14.938227723644	-2.25752919153171	19.0967267874146	15.1095660791393
RBM39 TNFRSF19	0.283884112888313	14.0668240575339	10.3699667892598	-0.72449925577947	17.5521396141885	12.5123030812022	-0.181376645163403	15.9994374169619	11.6204586410765	-0.106048509153761	16.0042456192748	11.6162577310822
RBM39 TNFRSF1A	0.331417908452236	13.6256182609091	10.3920385876427	-0.205443088501652	16.1130228132138	11.2897625245255	0.124771685841468	14.8229603689428	10.9833007516636	0.114636865575143	15.03492751729	10.9776996815685
RBM39 TNFRSF1B	-0.155786946283677	15.8843319756261	11.6953331471239	-0.204986966712108	16.3794629743997	11.2079838715464	-0.228334950410313	16.3965732146794	11.611815753091	-0.226820694655125	16.3982470684281	11.5857378990745
RBM39 TNFRSF21	-0.677117908998093	17.8159049307643	13.3335907194273	-3.23691460975162	19.0425193161997	14.8089243281174	-1.51568711064698	19.2860367911577	14.6696543667559	-1.62268827925911	18.7496022835936	14.4163411200878
RBM39 TNFRSF4	-0.0260652965237873	15.6446554995745	12.0390460716286	-0.618057380655187	16.5579813767407	12.8773947452455	-0.113998171409509	15.7963889004374	12.5540735513739	-0.196030371759474	16.1221092733628	12.5726826688199
RBM39 TNFRSF6B	-1.06766257296505	18.4596367931826	14.0341448226626	-2.49824515526838	20.0498607404266	14.7761107794798	-1.47435914059094	19.460653457365	14.623473715414	-1.6744647369175	19.3313144272725	14.6465967639748
RBM39 TNFRSF8	-1.54015827033513	20.1963121367007	14.4509449083679	-0.734581008063822	17.9981303186815	13.1551697663923	-1.20600720781953	19.1906701673877	14.1182409068238	-1.07062670174804	19.3463727082186	13.9610404982839
RBM39 TNFRSF9	-0.811296880435834	17.4444203245116	13.8146247747176	-0.328957536588708	17.2617542144012	11.8185290012678	-0.495268897432624	17.5482118236002	13.141448035251	-0.555176115312672	17.5082170232805	13.0914892149553
RBM39 TNFSF11	-1.2717485812029	18.8143379257695	13.9574343689481	-2.38881337237667	19.9873451799764	14.2097314391018	-2.34392493267652	19.9256986257075	15.3201444221776	-2.08672175820522	19.8282533726467	14.764215194836
RBM39 TNFSF12	-1.83450467316642	19.3845567383661	14.6033795594501	-2.98064676175582	19.928026743134	15.276290386863	-2.15601605531064	19.825752919058	15.1559432446103	-2.11284033489851	20.0246936313953	15.1664966457295
RBM39 TNFSF13B	-1.53903021974927	19.0307450545408	14.1418535404354	-3.76110636323959	19.2992624649227	14.7680021876804	-2.30803413347297	19.8659825823955	15.0616478830496	-2.83020573901126	19.7325053885355	14.9200939824264
RBM39 TNFSF14	-1.75963566742085	19.6827641797918	14.8603083734244	-3.84325183273773	19.3316861066329	14.8626619809996	-2.92299121810463	19.3762730027338	15.2610991698894	-2.85909653692445	19.7541694091586	15.2120736475845
RBM39 TNFSF15	-1.20535323629942	18.844554757034	13.4404518004836	-1.65856143162065	19.4665195405178	13.3638415571604	-1.52656187162223	19.4199558950258	13.7220417584772	-1.54068223180942	19.7038474048336	13.7864908847057
RBM39 TNFSF18	-2.50045873542224	19.8221752970394	14.9390863344248	-3.44833418605124	19.408228250088	14.5084731441918	-2.51321279554095	19.9132820666061	15.3259684966405	-2.44659392708431	20.2743113665725	15.1872754084568
RBM39 TNFSF4	-2.44351169363542	19.9917918059499	14.9636438274876	-2.5038806672996	19.9390803097941	14.6398609144639	-2.51768234865232	20.3214956225256	15.2478538937705	-2.36468292380599	20.5702241151854	15.1210542158667
RBM39 TNFSF8	-1.39327659944494	18.9175968076611	14.2901989650613	-4.05100644247152	19.4027312534614	14.8053066122476	-1.83127603488844	20.3671256930602	14.988404986487	-2.38765764018073	19.669323365653	14.9625652777715
RBM39 TNFSF9	-2.09331329656649	19.4232177786277	14.929397141912	-1.09864899644479	17.3379367716518	13.1615777809416	-2.18741995824999	19.1797278332354	14.7145566881169	-2.45829539650261	19.3793092344613	14.8087854963766
RBM39 TNNI2	-1.51345711031266	19.4739625555439	14.3463527334716	-4.24250718174177	20.1348203780593	14.8617843151079	-2.69744721911961	20.1304796196207	15.0446277341546	-2.67312974573716	20.4617419540804	15.1114911276078
RBM39 TNNI3	-0.513178461695924	16.2115037110367	12.8832165672403	-1.31203252352945	18.4352957402933	13.574633754027	-0.787831269917439	17.6029840742428	13.4677206590919	-0.727615881843078	17.6622795830972	13.5436033462722
RBM39 TNNT2	-0.364610784274477	16.9229794377712	12.0801460979719	-0.0390659867209022	15.7288312676804	11.3435658939404	-0.378571839783831	17.1109367844033	12.1928322808639	-0.296827048226449	16.7247602569067	11.9992833616496
RBM39 TOP1	-1.14825678798891	19.1154894658564	13.3941963333783	-1.81792658817069	19.935217538542	13.7502773780658	-1.6176603431922	20.0153067728573	14.4821264374379	-1.77752154670992	20.1553551052998	14.1289411233217
RBM39 TP53	-2.25611762944505	18.7265256562903	14.54461406838	-2.12411364958129	19.3233309828226	13.9834542492898	-2.30066046579976	19.8124832157208	15.3110155484684	-1.99267037934515	20.145760824755	14.8470657621979
RBM39 TPI1	-1.65502986385885	19.4558192098234	13.8866896413329	-1.86179514874585	18.9101956234036	14.3971342953217	-1.86194110488247	19.6227112297841	14.8619134748614	-1.9936077349516	19.6168324756627	14.680541773638
RBM39 TPM1	-2.043995580269	19.1225306257525	14.2519767900801	-1.1484670913914	18.5833961963014	13.7605715388786	-1.48922364643335	18.8956196871752	14.3275425998953	-1.59606764308499	19.0579862259186	14.1376567475962
RBM39 TPM2	-1.5552582463697	20.2268166639909	14.8922335520571	-3.72142827962541	19.6970730460727	14.7808807142738	-2.41519796286371	20.1561628418751	15.419108731634	-2.26445658688571	20.6918498966972	15.2718141875392
RBM39 TPM4	-1.70933841155163	20.1262072334047	14.8587220879676	-2.16124500610284	19.543079291595	14.6708917070256	-2.06724138780139	20.0778666204324	15.1050802632244	-2.16715444700796	20.1728740743565	15.1848808016894
RBM39 TPO	-2.08535542881997	19.8019715458599	15.2936359474475	-2.80173425015582	18.9187671130548	14.8709732377181	-1.97107992275935	19.6405050978823	15.3459091752861	-2.41107150183901	19.9403484410741	15.4240224275888
RBM39 TPSB2	-1.97029941835298	18.6162351964523	14.5045544851188	-3.10134570304651	19.4504023945917	14.7158187631579	-3.44483184566116	19.5637438814688	15.4807069502756	-3.06179872237166	19.5722348601923	14.9815425627781
RBM39 TPSG1	-1.42240845795486	19.0109420255264	14.4471054762431	-2.35526396323938	19.8582428050885	14.653230128243	-1.92741276442242	19.2728913844893	14.9984274120305	-1.88001278226551	19.5244583626721	14.8910842657531
RBM39 TPT1	-2.03432482829099	20.3537169057249	15.0208222346512	-1.74973137067308	19.2694408855862	14.3573827225309	-2.5665221925352	19.978926852161	15.3042240846727	-2.13772731903129	20.1208008513019	15.0532999176641
RBM39 TSLP	-1.99095214208339	20.1258177127356	15.1755017657405	-1.44699931551939	18.7204552893763	14.3330672340314	-1.85041256397957	19.5405102237795	15.3763945317882	-1.61926804999434	19.7354359970225	15.0041784050234
RBM39 TXNDC12	-1.88568547922585	18.2990132464915	13.9865207447137	-1.4015907760797	18.548129887105	13.2427127820661	-2.6865959190649	19.443268509232	15.0529653656938	-2.2811077720701	18.9047154686789	14.1965896051157
RBM39 TYK2	-1.18874694226029	18.9092605372073	14.3307391456383	-3.58378373773979	18.8095070392664	14.61208488899	-2.46445867141745	19.0238394840478	15.0918075437347	-2.45704071503063	19.3270584204517	14.8818302919154
RBM39 TYMS	-2.59816761047943	19.6693307955102	15.1641605022641	-3.97485355538218	19.7501973624563	15.1174999113316	-3.13448746464539	20.1843489204249	15.6172857555993	-2.6922611276813	20.0213132234568	15.3432140993131
RBM39 TYRO3	-1.62614670064269	18.992518664408	14.5020384953818	-3.84493120873239	18.7798414748128	14.6478782616672	-2.09860035562331	19.2058037955788	15.009889641681	-2.58319053945984	19.2514242286776	15.005283869754
RBM39 UBB	-1.86152423210674	19.4600090457017	14.1930835243476	-2.60498822783192	21.1508775886836	14.964496776213	-2.17500396840173	20.5365503298828	14.9748109003651	-2.2184742832132	20.7609158169668	14.835883511756
RBM39 UBC	-1.36070084330261	18.6710898867937	14.1045261325491	-1.60047211091102	18.2896173180251	13.2919472275622	-1.59924203989612	18.5353591982475	14.0988472435445	-1.59433648375085	19.1540651566767	14.2140594487106
RBM39 UBE2G2	-1.13562412578517	18.1351946997281	13.6104984517828	-3.2575504247402	19.2147841217763	14.2238222311029	-2.81244963621239	19.2422526577057	15.093931326885	-2.30008998841072	18.8964253639095	14.3376601556509
RBM39 UBE2I	-2.57359837085686	19.6179465494481	14.8912108638385	-1.34268594007149	18.1936419673552	13.834027543533	-2.0314677401521	19.2471650396884	15.0299614015902	-1.94774609193605	19.3424377095553	14.9159621083721
RBM39 UBE2L3	-2.20260599059727	19.5350274428677	14.5304267990093	-1.55618798131687	18.4127991895627	14.2808714089922	-2.47154399938787	19.5256270125681	15.2125094677797	-2.07311744815129	19.6198439908207	14.9244397989933
RBM39 UBE2N	-1.89020205288005	19.2994928957872	14.2482571179585	-1.34586880223203	18.4574658422884	14.2518688986281	-2.04534415734241	19.4513340693572	15.0353949490935	-1.94982749056185	19.3761470976515	14.8204070148756
RBM39 UCHL1	-1.95272258236479	20.11612679454	15.1911387367652	-3.85813892032967	19.5807035958493	15.0702123010667	-2.71449210369666	20.1966203735463	15.7249882978497	-3.25348126167197	20.2485021392257	15.7170529470332
RBM39 UFC1	-1.49098032783325	19.6225039737835	14.6675593385712	-2.31636486703021	19.2746151473653	13.9022787781482	-2.99212200072011	20.0958264278858	15.1548014447175	-2.18131101701548	19.9109714039982	14.688297047859
RBM39 UFM1	-1.08308383482335	19.0441161633627	14.1380991461433	-2.29692004709487	19.5896454039715	13.818680759059	-2.90050124873417	19.6108731701621	15.0923854814346	-1.84631094868433	19.724870223239	14.4711623705108
RBM39 ULBP1	-1.70843481273601	19.1938184660834	14.4952084916912	-3.0839318068998	19.3544987501342	14.8705714085141	-2.16675117854183	19.7211733178477	15.201379182653	-2.12163238191742	19.8493228212905	15.0144039141576
RBM39 ULBP2	-2.03880917337928	20.0002164623296	15.3125487480962	-2.55968049862536	18.9634330679314	13.984327148418	-3.04632535249578	19.8879069731193	15.5253151648436	-3.04170152264011	20.1092173796376	15.5479766251214
RBM39 ULBP3	-2.07612933689919	19.318149790759	14.8697712866336	-1.01377745854906	17.3685853375387	13.7483812674289	-1.81656117285526	18.2659363891907	14.6412995144339	-1.54871914985617	18.7924376797236	14.6573374349461
RBM39 UNC5C	-0.329475449527812	16.2362163728322	12.6425146157799	-0.611086039757751	16.5852628915255	11.4949393992923	-0.340663474153291	16.9446273683218	12.4881386019508	-0.384879803565052	16.5712633129529	12.3405850244467
RBM39 UNC5D	-0.808821131096803	17.4051250443952	13.331226628642	-2.64884755186823	19.8352185626	14.5389841256043	-1.76499924611577	19.1134003939692	14.1452135583527	-2.09671587415519	19.3996440097016	14.4696292918758
RBM39 USP25	-1.59853359183586	19.8206827444773	14.6665351638599	-1.87548626864125	18.8572345074275	13.5845635491359	-2.45843021268981	19.7098423793975	15.071647376188	-2.21778168452904	19.9486556245375	14.7138292063029
RBM39 VAV1	-2.48029009971494	20.3015517196412	14.8508413331088	-1.72809054490537	19.0594786773325	13.5528430669359	-1.97188960340949	19.5981836095263	14.1102530978117	-2.29606855819923	19.9991614336865	14.5844553758741
RBM39 VCAM1	-1.1506565562435	17.7784417880683	13.8686268120487	-1.16371898150846	17.9632015823151	13.4814310508808	-0.920285604992106	18.0856582463362	13.8184752129709	-1.03238622917109	18.3343070090186	13.8845131749846
RBM39 VEGFA	-0.185461189973533	16.6402785791325	12.9876400829024	-0.115276674869139	15.6696727038253	11.2462338872858	-0.0917070058058755	16.4080572007172	12.3209540370092	-0.192206147613064	16.2582623770322	12.2716611773863
RBM39 VEGFA.1	-2.02796947203573	20.8011571960103	14.9290448447123	-1.91749161740366	18.8436415373877	14.123152381167	-2.42396227258728	19.3957881197346	15.1337141649418	-1.9115984609446	20.0196455793875	14.866889451784
RBM39 VEGFC	-1.00549614677077	18.4160030404973	14.2363789511069	-0.195713983644686	16.4441812380435	12.2316755210295	-0.621209339184213	17.4862752459855	13.6176050796283	-0.546085272963731	17.8362298871892	13.6116515341705
RBM39 VIP	-2.11003415449493	20.3312617651329	14.9595908196887	-1.32034759098733	18.36750514748	14.0038261541387	-2.90747369000206	19.2710331835264	15.47276708403	-1.69410132330245	19.5918027029368	14.768913249957
RBM39 VTA1	-1.63606374435952	19.9095657503056	14.178623223088	-2.26625817693977	19.5346136805722	14.6179696259616	-2.5525410279992	19.8579446702606	15.2946516602403	-1.90633334791806	20.163278363449	14.7969887693394
RBM39 VTN	-1.60013222653692	20.0151237337935	13.4241892733724	-0.799152657832523	17.0379592519206	12.1699913857769	-0.866797178933925	18.8754484133223	13.0051265673333	-1.44793180235032	19.1580317246204	13.4003505960871
RBM39 VWF	-1.40316168233153	19.5845815017615	13.1375610762932	-2.99144955420128	19.049499642173	14.3435662711572	-1.84433776395106	20.4711541111466	14.7309001935923	-2.13715928752776	20.313738903789	14.5013628022596
RBM39 WFIKKN1	-0.743367515048914	16.5464276288496	12.6178144974694	-1.30573454007199	17.925133249614	12.9395223020307	-0.81940952318989	17.3047110697507	12.8827097863688	-1.16700930132159	17.5493352242191	13.1362807324033
RBM39 WFIKKN2	-2.76748846673401	19.4590820835664	14.9773273244717	-4.70014810406608	19.9729558427417	15.0061065397277	-3.00495854625749	20.050272641062	15.1462707616817	-3.82197844138457	20.2763299246637	15.3237111576098
RBM39 WIF1	-1.89312789209752	19.2280039475983	14.4163795072868	-1.68229874980504	19.361952746759	13.4772111186887	-2.0783042447434	19.4888199625528	14.4457903760499	-2.17333413330031	19.6094991657956	14.4412199402954
RBM39 WISP1	-1.75596331556447	18.8885764934563	13.8694749034202	-1.138994300682	19.1265367559145	13.5227943867053	-1.29179843435668	18.9993534613977	13.8839735152922	-1.51930676361304	19.3423914898466	13.9517076097547
RBM39 WISP3	-1.53834118438338	18.8519673167812	14.4449338823294	-1.47971875011766	19.4360444630147	14.006313399191	-1.81505320088677	19.6175077417091	14.665182438182	-1.72044638915475	19.6244409786305	14.6564551860116
RBM39 WNK3	-2.17449947679428	19.8791233074474	14.8602449983423	-2.02032792405013	19.0137254797855	14.5496364236765	-2.89628798264197	19.7114455945166	15.4450808057704	-2.82639836919798	19.8306400781559	15.2025729946613
RBM39 WNT7A	-1.78484643039257	19.8123926679457	14.8535060963158	-3.67103719997985	19.6110504865556	14.6293824920659	-2.69384459506714	20.1184100420769	15.5161822060661	-2.64872032367371	20.3643182169088	15.3300985026968
RBM39 XCL1	-1.89040043638819	18.7681971158991	14.6891637038822	-3.43411213158114	19.3971640858266	14.7546217942198	-2.25788491602067	19.0437268387987	15.1487831134855	-2.6174656261202	19.3911556898629	15.0830206875887
RBM39 XPNPEP1	-0.864849321417372	18.2200229736294	13.8011113569399	-3.24325631847998	19.317233301361	14.48893292528	-2.23218352778453	19.3694722599914	14.8500760712355	-1.89439646144638	19.0882732578266	14.6358912907249
RBM39 XRCC6	-1.91721685748262	19.3425857236149	14.2571137974946	-3.00343900745878	19.5079113644344	14.580739921106	-2.01976016061811	18.9188437005119	14.702782343069	-2.30705599610497	19.5973311427883	14.563631319054
RBM39 YES1	-1.62852407481045	19.8614113408179	14.1261487114426	-0.209776712079451	16.4138453880548	12.0288195564564	-0.970013405074125	18.3268897513664	13.9114984716556	-0.891772835335782	18.5208012801535	13.5289446670373
RBM39 YWHAB	-1.84505820577627	20.1400658996674	14.8396082577206	-2.2214945610601	19.2984358111564	14.4806566615345	-2.32083507020386	20.1283215043246	15.3802882669217	-2.32253606718042	20.1611203345697	15.1362559250252
RBM39 YWHAB.YWHAE.YWHAG.YWHAH.YWHAQ.YWHAZ.SFN	-1.88814622574296	20.5347980362309	14.9044549623775	-2.11444894237403	19.3230814847923	14.6593766482005	-2.27366252352216	20.2130477563427	15.2365515699881	-2.39260047912673	20.2813674794427	15.1237932310069
RBM39 YWHAE	-1.5463108484362	19.8934888342777	14.5973693217676	-1.78836632005418	18.3062849509388	13.9270213308876	-1.82367146061894	19.6308720340406	14.7733354044373	-1.88909076341548	19.6324672732539	14.6075311827562
RBM39 YWHAQ	-1.9090810329197	19.8920402834608	14.6031726345673	-2.07044215887531	18.9278347852011	14.6751087993088	-2.23501533584025	20.1234486836557	15.4338596181612	-2.63497674631255	19.7109596755482	15.1780367533207
RBM39 YWHAZ	-2.08210458450452	20.0207671328783	15.1362681351942	-2.47700521329983	19.5412555014796	14.5918614458176	-2.44340561111016	20.4191753628757	15.4647906369401	-2.47540242247142	20.1304523035117	15.361158200367
RBM39 ZAP70	-1.30829583788009	19.9708765056609	14.5974081165728	-2.34696276897732	19.4347827636126	14.1883737804254	-2.81323848509211	19.9221208851962	15.5728968457597	-1.93394038488402	20.7108525865379	15.0297684524954
RBM39 ZNRF3	-1.52279579443567	19.7962963276908	14.8489204909428	-1.67739658742895	18.0419693860037	13.6769819752389	-1.42026572148551	19.4964154360741	15.0905395771712	-1.85829280517748	19.3939545914492	14.8427670020088
