protein_name	r2_male	rmse_male	mae_male	r2_female	rmse_female	mae_female	r2_all	rmse_all	mae_all	r2_all_sex_adjust	rmse_all_sex_adjust	mae_all_sex_adjust
REG1A REG4	-0.378624838248443	17.0247560448949	12.8397409020367	-1.63222641017116	17.8374375036809	13.0918397680495	-0.783995187798394	17.4279331510876	13.1948827463429	-0.858360773400588	17.4805240844449	13.1042909872181
REG1A RELT	-0.109132880570585	15.5557610698523	11.3886031138551	-0.983981509727694	17.6329273321067	12.3187605150187	-0.530927494741422	16.6562239415639	12.08618724413	-0.540326841317368	16.792409315944	12.1135756888191
REG1A REN	0.0454192351834957	15.8699212651075	12.2393504829379	-1.86819309488115	18.2871358455252	13.661458053511	-0.769108056848361	17.3720850168764	13.4250494720769	-0.575949641109754	17.3441532841085	13.2744115813942
REG1A RET	0.495929721001779	11.9767487513576	9.43040828627303	-0.160396536727187	15.6524842648541	11.4147190314862	0.195821585312876	14.3108135991065	10.8281630590718	0.210322592457425	14.2288465650799	10.6648341344848
REG1A RETN	-0.668804257182314	16.9585171466598	12.8807150447037	-0.180761192593298	16.3505918991711	11.8666960608992	-1.21048666635421	17.9876629842144	13.8400841580085	-0.553898097642092	17.0986867244306	12.9695265822328
REG1A RGMA	0.0214691835840881	15.2298496884576	11.6171247603432	-1.10083405839862	17.3359802998748	12.4101952332315	-0.326652505770938	16.5725073857364	12.5528092212398	-0.424705880061921	16.6095444970286	12.3807872600901
REG1A RGMB	-0.76343542953406	17.3636532090369	13.1432500161395	-1.85919699961708	18.4479897255394	13.5843839740642	-1.15082336500898	18.2612998204709	14.0816432186099	-1.22803224457556	18.0804058020325	13.684820062302
REG1A RNASEH1	-0.29524122952398	17.0871583060868	13.0561043965473	-1.13527700720126	17.5360718093489	12.9917667244794	-1.09017007796098	17.8241321176237	13.4263452471092	-0.791505022194282	17.4725782221033	13.3259963957798
REG1A RNF43	-0.307250775044143	17.479324738925	13.2290050754584	-1.36198531876633	18.9061070020133	14.0726053185757	-0.874078213409841	18.4928335982328	14.1288959218663	-0.848395829804376	18.3022293872832	13.8803930443138
REG1A ROBO2	-1.0283629671571	17.6740079315763	13.7269821750949	-0.79878579508519	17.4775015502149	12.701417932032	-1.07205838979384	18.2458473928123	13.774238153516	-0.966123492277835	17.8340131470075	13.4174587911096
REG1A ROBO3	-0.54954745354247	17.3180960961666	13.6367444089324	-1.78426767166979	18.8697843174713	14.1176384051909	-1.06849720645605	17.8222846264666	14.0000992297825	-1.15439278533745	18.2805620578264	14.1604205560807
REG1A ROR1	0.0869634684160341	14.7134389955374	11.2562112471285	-1.54502295706494	18.8801890214306	13.8205797556672	-0.518966066088803	17.2677436228113	13.2111690602848	-0.570847030393726	17.1804981763497	12.8143334578291
REG1A RPS27A	-0.482894990612807	17.103701653061	13.4164900635457	-0.353182202763077	16.559924230095	12.105885353224	-0.471984225901194	17.5190454227762	13.6750625457368	-0.421185815764964	17.2861053824405	13.1972965813838
REG1A RPS27A.1	-0.549132528162964	17.245351259414	13.4976754705863	-0.469854180226877	16.7988662765018	12.0547733010841	-0.46297732974903	17.3142308195465	13.3807765590542	-0.590565941762807	17.3439124743703	13.1316110300692
REG1A RPS3	-0.695097876387763	18.3386567650129	13.8306684013001	-1.14623466084448	18.4760746100217	13.7250005970547	-1.01163663408615	18.3497984675428	13.9898948978328	-0.889684828409794	18.4086862767573	13.9499673162287
REG1A RPS3A	-0.407294544796266	17.7704816986342	13.1970243119848	-1.28819960096958	18.8606950485217	13.6926840173046	-1.06385079932304	18.6387481142531	14.0949587797321	-0.920673756622824	18.6678576561966	13.8714851432143
REG1A RPS6KA3	-0.505866193755833	17.1832093422744	13.3910950995366	-1.11437522572524	18.1152496431317	13.3252182416968	-1.31170550784794	18.336394972752	14.4242886649282	-0.800550670115734	17.8888284329685	13.7051781448558
REG1A RPS6KA5	-0.520028988134374	17.5719151424237	13.7024111302709	-0.660450594475112	17.7131050622318	13.1998277136212	-0.505472278512552	17.6744668162111	14.0252300387907	-0.633633892961457	17.8771553190618	13.7313741152795
REG1A RPS7	-0.97083833443064	17.8806321859426	13.6212815749134	-0.782466935022872	17.3788501498614	12.8347154013559	-0.928659813795649	18.009850351114	13.8489900338206	-0.931543785375965	17.811050615701	13.6492587663335
REG1A RPSA	-0.502831866691953	17.0479346764766	13.1472250568609	-1.43723710455891	18.6181073544419	13.625136097823	-1.04023143094783	18.3587432257015	13.8223352141451	-0.851487057543909	18.0655175809426	13.5864910067538
REG1A RSPO2	-0.491426152261568	17.7758238331647	13.4878229707881	-0.445309874598707	16.8408006986355	12.4096127293205	-0.723073780023969	17.751865763158	13.8176813966481	-0.467254982643386	17.6139863302049	13.4279426992949
REG1A RSPO3	0.567227788210739	11.9410203325431	8.90646826452131	0.140320334269394	14.3765742805285	10.3754452772109	0.404869776206364	13.2604312082274	9.83101283020771	0.38141261414419	13.3125217835073	9.87918928414021
REG1A RSPO4	0.381948320035313	13.7901482005285	9.77413929981733	0.248353029517896	13.8446337509327	10.2300386497539	0.361978367008659	13.7846039168064	10.728449925779	0.336854063518141	13.8946625432413	10.286180580919
REG1A RTN4R	-1.14758960140592	17.9975825865444	13.6338826483055	-1.05499514566769	18.5624051298772	13.4120851625412	-1.21791999860902	18.6547431867232	14.0664363602209	-0.962298797676853	18.4944758030801	13.8119016899699
REG1A RXFP1	-0.270588638434408	16.9611372166696	12.4564338908864	-1.41620991794695	17.8200721186574	13.7763150093896	-0.431374661895834	17.0545487865373	13.090752121461	-0.620917396030538	17.5195559323889	13.5137826620194
REG1A S100A12	-0.799127361634247	17.9565882309323	13.630014095258	-1.42512514994377	18.1256188856945	13.6278624722239	-1.34184942049524	18.2465338794056	14.3540416842715	-1.04875039163402	18.2833279778177	13.9930534419814
REG1A S100A4	-0.636556761801793	18.4689096878274	13.690132317303	-1.19213917915335	17.8086663287278	13.0354531879482	-0.834846420581872	18.5338301142973	13.9145485848991	-0.921732104848847	18.4988702531498	13.8721558192685
REG1A S100A6	-0.659049614286414	17.931020415029	13.479378904519	-1.40237817668028	18.2125823535954	13.1070965526718	-1.20069561492525	18.527315930891	14.20524834408	-1.22581296202457	18.4172704932103	13.8252003198564
REG1A S100A7	-0.876286782605331	17.6552762115201	13.7157586408613	-2.15231383494354	18.7495310479366	14.0647005584007	-1.35639588380215	18.7324118626762	14.4078668271119	-1.38446380611565	18.5275626317016	14.2510982023136
REG1A S100A9	-0.183522413435862	16.1452746091561	12.3212473066367	-0.737822513265535	17.5079623311352	12.9893386378615	-0.2960843162707	16.9793837758365	13.0336580120098	-0.491605880461815	16.8863493460127	12.8851654411361
REG1A SAA1	-0.263218880594317	16.6435140094985	13.0648295324947	-1.74400964665325	18.8962807259812	14.0248993505412	-0.935693488260001	17.9436358531512	13.9682406858083	-0.866671633319366	17.8855055460837	13.774607640329
REG1A SBDS	-0.75853329096592	17.873623366462	13.6927628945832	-1.11937149440991	17.8137682066402	13.177507964714	-1.0312797410471	18.2039398108533	14.0646136666004	-0.976903651288137	17.9157390861069	13.691087196738
REG1A SCARB2	-0.91686489408727	18.2536723143121	13.9128134696483	-1.66156759507135	18.8777866233393	13.7649886103177	-1.25550777254622	18.7153556171287	14.358168210676	-1.50261548088308	18.8289849759847	14.3882347028777
REG1A SCARF1	-0.326211087253171	16.2485084655455	12.3992701006546	-1.0707872788948	17.8363867210901	13.0977320705097	-0.586132749185084	17.0222888262987	13.000402447167	-0.76672370373905	17.2533013195557	13.0141511275184
REG1A SCARF2	-0.631240493133118	17.4207675049374	13.4974258797478	-1.37937664598102	18.548610327415	13.7051586807264	-0.811540339966878	18.1723801345324	13.9259410955792	-0.976243569171538	18.168378669841	13.8547309405953
REG1A SCGB2A1	-0.311707401217254	17.2561400991279	13.3658197085611	-1.32264365202266	18.5743713136944	13.4055633099069	-0.703674913791885	18.0002901978687	13.8083777694519	-0.745772914916959	18.1397756197051	13.8198075205387
REG1A SCT	-0.609478131435579	17.9612592676765	13.2463663139815	-1.25341156275342	18.5042790770048	13.6541705390832	-0.884136768259001	18.4189421565844	14.1386230795084	-0.782132464120775	18.3094488280588	13.7092307540828
REG1A SECTM1	-0.903409589594422	17.9984794049714	13.6150499811473	-1.07780170880926	17.0117897171447	12.389557929172	-1.10788472530247	17.8658017722262	13.5117118063004	-0.958593516590979	17.8097725242307	13.3958426105305
REG1A SELE	-0.572603801010638	17.4169076293982	12.6480325061124	-1.27241205666847	18.8020475466157	13.7284125643478	-1.00504251524267	18.473396895666	14.1635655168506	-0.858358671857371	18.3170052699885	13.5639797770117
REG1A SELL	-0.663087989045964	17.8994363526465	14.0476943510414	-0.89711484666145	16.5388706780416	12.4415268300037	-0.862806592928027	17.5493844962826	13.5431685734845	-0.758675069690168	17.4594338730253	13.4818640063167
REG1A SELP	-0.682073663087702	17.5981971465524	13.2515732187873	-0.901260720423407	17.5923863235746	13.1715886544552	-1.12532061094472	17.8042910752709	13.7705163614647	-0.804177414702601	17.7217211170791	13.4953053112389
REG1A SEMA3A	-0.751940580214838	18.0820050036272	13.6413898096142	-0.915884903231424	18.088680988085	13.5076712971666	-0.730797641682273	18.079759933194	13.8874268613607	-0.806772421870751	18.2480589804522	13.958713097616
REG1A SEMA3E	-0.132166559393106	15.887671262694	11.4750543023504	-1.06568118092842	18.311592479979	12.992751050933	-0.399564405829028	17.0922229421085	12.5553210630565	-0.517887990223085	17.3896760533869	12.628454199892
REG1A SEMA5A	-0.87843238832795	17.3652897249987	12.9857231275476	-1.52770506283722	18.2783327337649	13.670359648327	-1.21373142072433	18.0399626746315	13.7913391486869	-1.40320210489716	18.1602384650042	13.7103399817194
REG1A SEMA6A	-0.414645977517877	17.0459297201199	13.2455748861917	-1.11533300514759	17.8736552183732	13.713645640416	-0.630881784642558	17.4939454310849	13.7528751203527	-0.643661344705746	17.6392589653245	13.6865051755878
REG1A SEMA6B	-0.67328138685527	18.1155421765014	13.6709514519688	-1.71676681257685	18.4962502057679	13.6044295243465	-1.26200928382113	18.3527271950649	13.9825610501375	-1.16815566258407	18.4005440128398	13.9150633367982
REG1A SERPINA1	-0.705471223417314	17.4064095499894	13.4006889937403	-0.670211683854835	17.3006739395969	12.5946987587871	-0.498661899899917	17.2404896428975	13.1994600225617	-0.749792504036483	17.4480324274308	13.2542979988586
REG1A SERPINA10	-0.614829439716319	16.7618541786456	12.1947652933523	-2.06306824457267	18.7355420967307	13.9964598772827	-1.12266357621752	17.9353433245002	13.4165045272319	-1.23699794299857	17.8731716350323	13.3169072373836
REG1A SERPINA3	-0.659152900575839	17.5300052981642	12.8969701852783	-1.776733052952	18.8630430798045	14.0378150106312	-1.25052096475158	18.1883495285448	13.9168280684018	-1.21672118275502	18.3210209967309	13.749465868967
REG1A SERPINA3.1	-0.00670338160071782	15.4281088218807	11.4351941468696	-0.867420487235845	17.6159845592782	12.6248974141345	-0.466300040408627	16.9099064662221	12.7410123549812	-0.472648759312968	16.8697166571264	12.3115612756985
REG1A SERPINA4	-0.64499469007617	16.7517520139081	12.5052068419101	-1.37491495153417	18.5822367129243	13.3922459631554	-1.35902069645813	18.3903579640399	14.0889639041289	-1.04182085393233	17.948516098212	13.3792761851957
REG1A SERPINA5	-0.497207928041777	17.7970670080191	13.7542385853193	-1.4500631886827	18.9846716053741	14.01649526374	-0.795046582678272	18.3384841296806	14.1606654819662	-0.919695323565507	18.5501382012958	14.1309151900676
REG1A SERPINA6	-0.423969840363718	17.7878499954129	13.047929289789	-1.05952970636354	17.8652463109054	13.2350539203038	-0.955657930753775	17.8936824032552	13.8878455655446	-0.87170103189684	18.0076509025916	13.5924942246626
REG1A SERPINA7	-1.05969549466948	18.3964913243505	13.922194340548	-1.16893157073272	17.9184187246322	12.9814343274114	-1.30999439904354	18.6205324144715	14.1425734442356	-1.24339075364727	18.5105467514395	13.9563725157388
REG1A SERPINC1	-0.427851017807286	16.2043601114162	12.4583469829773	-0.476167286451435	17.2651728287263	12.8222908920301	-0.412127048782531	17.1410303961296	13.1723927243647	-0.409602320261502	17.0000536275634	12.9612635360312
REG1A SERPIND1	-0.772081539359817	17.0631075129901	12.6554954587907	-1.21439847498936	19.152656724831	13.1315194433623	-1.05298273136718	18.1959126356543	13.2801865095654	-1.06591414157141	18.3564656886891	13.2754164052867
REG1A SERPINE1	-0.74143953965196	17.2879532418279	12.8134161904133	-1.77135168177661	18.6393037303592	14.2283236958466	-1.32352705802012	18.5599375396069	14.0810458589894	-1.01466525599756	18.1440458626191	13.6854994285323
REG1A SERPINE2	-0.604209260879413	17.8226616550264	13.7520584177997	-0.780051555673082	17.3635217812657	13.247623311829	-0.741633781525202	17.9331097241925	14.0733058373903	-0.730421034746059	17.9142308533812	13.8372304386118
REG1A SERPINF1	-0.90125425052865	18.0048567897116	13.1999445033236	-1.48171792617358	18.5935312820171	13.2438425279865	-1.8209611359179	19.1086749299885	14.1282167363129	-1.35297245127039	18.4841460701733	13.5969297731918
REG1A SERPINF2	0.583866489406434	11.429196946666	8.63951197987097	-0.300811176952313	16.1876193226674	11.3201229496095	0.240628192169884	14.1545652981785	10.3447586030115	0.207301958768466	14.2603735026305	10.2989388814985
REG1A SERPING1	-0.794469624126362	17.8232795808151	13.7926898013029	-0.728654284450563	17.4951307150748	13.5970083611416	-0.754168823940081	18.0200884798818	14.0323357056556	-0.844672478130922	17.8530257621734	14.0051850012138
REG1A SET	-0.937235454719634	17.2023136476499	13.3180005829621	-1.41786553359418	18.7517403677938	13.7262120321124	-1.30077103925933	18.0176201245612	13.8371453182692	-1.38149195915805	18.3671186407345	13.960852559358
REG1A SEZ6L2	-0.946117542459392	18.0833382612732	13.9746292953893	-0.721695445343174	18.0369283831353	13.1708187256104	-1.03894260548646	18.2895441880461	14.3223016002248	-0.92734702949027	18.3012132522125	13.9310086077503
REG1A SFN	-0.894421421130899	17.763514405054	13.3994771129145	-0.876542345702281	18.5302041794156	13.6484115228291	-1.2197813463284	18.0865066453103	13.9733746053674	-0.971052453011558	18.153571676332	13.7055286664386
REG1A SFRP1	-0.270507087747155	16.3468974712066	12.3219810578688	-0.591376083505075	17.0582336498519	12.6607757629512	-0.264799779975549	16.8475480066632	12.6402940238414	-0.531204329877004	17.0002754110731	12.8410075709621
REG1A SFTPD	-0.439409183732689	17.4821299675147	13.8054258033227	-0.734828162271908	17.0362705962906	12.4349751646346	-0.489653717377428	17.3324141067976	13.5979836588918	-0.480694522369785	17.3084856296608	13.2897517682732
REG1A SGTA	-1.12085627813235	17.59751282056	13.7195055657134	-1.19287081960109	17.898037914697	13.3804161391851	-1.44356391002287	18.3869226179637	14.1323547411028	-1.21782383154794	18.0914180209196	13.8896169476956
REG1A SH2D1A	-0.54344570355068	17.5019927256653	13.3054973814973	-0.893120197210353	17.3716605474542	13.3400103288346	-0.78946118217097	17.5929681690703	13.7874886932397	-0.856681633768282	17.7337834694612	13.5639412226722
REG1A SHBG	-0.196178905070367	15.4502719214514	12.2229854811519	-1.13706130785643	18.2813958625499	13.6031277301094	-1.63902886569149	18.1099466823174	13.8256471746949	-0.719058427287433	17.3431347097811	13.370847589947
REG1A SHC1	-1.2237752890434	17.8778026381954	13.6899948944158	-1.09824397571742	18.0886066322977	13.3011754780913	-1.39464539747283	18.3566296113201	14.1622176226517	-1.18113683485392	18.1086169427008	13.6730523094882
REG1A SHH	-0.503798731559638	16.9994182402112	13.490694173049	-0.564363770093968	16.9443148654327	12.6506399999329	-0.505747944439535	17.178398746761	13.5555610728806	-0.507383807460433	17.1633025010041	13.4692650854143
REG1A SIGLEC1	-0.827485741320112	18.3174342719942	13.9108907952805	-1.56660479721701	18.4260242028416	13.6473368226147	-1.11876801509709	18.1918832383161	13.8877128440829	-1.08305462380076	18.5080874791349	14.0395661465824
REG1A SIGLEC14	-0.655379917290421	17.8660682905487	13.9888997030536	-1.42596659459706	18.4823549004695	13.5907301379992	-1.08525185801947	18.0663275695913	14.0672006669659	-1.06545036046731	18.3174876398003	13.8680257966714
REG1A SIGLEC6	-0.570706634658258	17.7913169755881	13.7849203599927	-1.53454773307253	18.1890777321166	13.6042665147359	-1.28648039033736	18.4051594859362	14.1583600292882	-0.996811089745112	18.1616445858416	13.8706545180616
REG1A SIGLEC7	-1.0067058250124	17.8558049463858	13.3401732617526	-1.48892498126291	18.3595715317303	13.8751525540589	-1.24652569111597	18.3446453703543	14.0950734376776	-1.09825188427259	18.2099328334757	13.903019086385
REG1A SIGLEC9	-0.903637951572418	17.9176904938992	13.6263453911984	-1.46945305400017	19.0526060696503	14.2039467770671	-1.39198484888532	18.6922199173868	14.3784401756431	-1.09057369357998	18.6800923096854	14.2226336750529
REG1A SIRPA	-1.02448933027802	17.9362553274206	13.820506695566	-1.52027804830025	19.2440745704061	14.5126677957664	-1.45852693368029	18.6849852680286	14.5887669121622	-1.39478064513353	18.7061254863758	14.3351946981958
REG1A SIRT2	-0.844670938820942	17.3899682108077	13.0397708101087	-1.81474128476019	18.8005431016494	14.3499935916746	-1.42595437201848	18.1710278910846	14.0103880881393	-1.26051534805629	18.3265631692846	13.9734408242701
REG1A SKP1	-0.483955145990218	18.3427170177739	13.6330414355265	-0.286113046594611	16.6941882190918	12.4890860488109	-0.737404763881454	17.9279935910908	14.0101984499152	-0.545136470961022	17.6901054365334	13.4270485277048
REG1A SLAMF6	-0.783475137807612	17.1592316786537	12.9894604516009	-1.35240656234912	18.2100800645726	13.1198095098402	-1.18062949394379	18.2621379757453	13.449976529063	-1.09375665848748	17.8839599180246	13.3893595710391
REG1A SLAMF7	-0.644688122156068	17.3030684497233	13.2754872968706	-1.40165418486892	18.6363138489895	13.7917386815982	-1.05424120876748	18.083009619833	14.1675734872794	-1.02518397629845	18.1441828914003	13.8035116689479
REG1A SLC25A18	-0.681889539145129	18.306829591563	13.8513371510385	-1.2033001526558	18.2842023309776	13.6972134743698	-1.17446565299541	18.7172785146261	14.3909385898441	-0.901358012637217	18.5827752442229	14.0588255642788
REG1A SLITRK1	-0.467594518984934	17.7110787865206	13.668395134178	-0.75848705939192	17.8934646094594	13.2001132425061	-1.00685513944906	17.7648931318116	13.9683137793397	-0.870225613645808	17.8640156430544	13.7995902276052
REG1A SLITRK5	-0.715374990507862	17.9401490591527	13.4934914051855	-1.3916750422428	18.6021566971512	13.5982541647969	-1.17564851090354	18.3674073673274	13.8902489761382	-1.0039887194893	18.3339130669946	13.7703556892938
REG1A SLPI	0.226598182935176	14.4320328440662	11.1447760408443	-0.885927861460168	17.4747463037683	12.3122991208784	-0.629534145595119	16.6730503341495	12.6751195553182	-0.274454776053626	16.2007318635674	12.0116882212381
REG1A SMAD2	-1.12828222763769	17.9556892945109	14.1931844902041	-0.898782889683361	17.6439073351031	13.0524478785342	-1.32133543033838	18.3677399638655	14.2978137300129	-0.953443328366335	17.9455515737097	13.7734844260357
REG1A SMAD3	-0.786240477308033	17.7675266058876	13.7190626636589	-1.07343940503946	17.6755713361772	13.0697480227882	-1.10269282945518	18.3999321072605	13.8682688556904	-1.00253383965057	17.8727162965508	13.5843229957369
REG1A SMOC1	0.447985111275161	13.0521358848973	9.30645509238897	0.0340705482750994	14.7102716521724	10.0785012142579	0.160238108771305	14.3873667204606	10.3782429608882	0.295309961641883	14.0846184896514	9.93807425750461
REG1A SMPDL3A	-0.486246976529005	17.5452190292009	13.478682250644	-0.859628630501867	17.8097286881554	13.5258737133539	-0.386704597041462	17.6033300681273	13.826630435583	-0.698286762584101	17.8181703891015	13.7988806800607
REG1A SNAP25	-0.306391378093578	16.9316448309008	12.789098667854	-1.9229121398437	19.0994176825743	14.4898599794476	-1.08088772644034	17.9488813897847	14.0334338491215	-0.873381017987841	18.3860153490137	13.9590040452611
REG1A SNCA	-0.655185257895094	18.1008338988327	13.7883906828773	-1.26161126158885	17.8307237725189	13.2012951057741	-1.07930688831404	18.3935865407569	14.1361442311701	-0.96798092812547	18.3516252097249	13.880525231836
REG1A SNRPF	-0.791782438410212	17.7956558059918	13.1651092340262	-0.800779338675056	17.3473064278526	13.1773622985573	-0.605842346543376	17.7200009563412	13.7003019754336	-0.82595521232427	17.769877247933	13.4572321802521
REG1A SNX4	-0.479230330513452	18.0310933241373	13.9342698684985	-1.02972119758481	18.5327500253726	13.6899704765532	-1.11031986776292	18.7479291424558	14.6172909239967	-1.01167333166785	18.5731403966082	14.2153939886748
REG1A SOD1	-0.717390320711678	17.8383579296586	13.2752062126838	-0.159299323602925	16.4899975604447	11.8383456852558	-0.555469972734062	17.2728882869054	13.3453028194928	-0.473501962434198	17.181560547109	12.8765609698279
REG1A SOD2	-0.567961072211872	16.7931604167767	12.7225445624225	-0.267574652518813	16.9702401468568	12.6167552449239	-0.402431086204633	17.1716857546415	13.2733975178057	-0.384826363964835	17.1293222506134	12.931866925384
REG1A SOD3	-0.445366043686271	17.0549015731499	13.1570044498447	-1.1420895395486	17.8907926412346	13.3907791965691	-0.775013526231994	17.6299084616131	13.6962496619088	-0.773922375479871	17.6982309777787	13.4505800509875
REG1A SORCS2	-0.2680556864849	16.8396609592821	12.3415626768615	-1.5059147348951	17.9611765389762	12.9191391715962	-1.06536294088095	18.0881777546577	13.5022347736517	-0.810485959575717	17.7521761368142	12.9994227228478
REG1A SOST	0.601064939144906	12.1719414161206	9.33577165388217	0.217268694853434	15.5805238107437	11.2050431820166	0.300632685384659	15.0643468416558	11.5274436192913	0.396973135850874	14.2888795619087	10.645474826866
REG1A SPARC	-0.803549883263511	17.8328928380454	13.4942252114476	-0.741587064845829	17.5946243589822	13.5067931677333	-1.23300701559684	18.1279110005976	14.1395482895769	-0.706329923062005	18.1121946852941	13.7722527023028
REG1A SPARCL1	-0.966921954434986	17.9613864674623	13.7807653779384	-1.14229510916162	18.0051898123373	13.6747076476713	-1.46942435575477	18.6712678826956	14.6107758339408	-1.02107154320005	18.1134879279377	14.120976229765
REG1A SPHK1	-0.692675967042357	18.1787291512483	14.2721723034141	-1.06158274438909	17.7936260921381	13.3238324460675	-0.961964182307085	18.2604118426112	14.2176212411753	-0.819490761493186	18.038846897827	13.8886183410621
REG1A SPHK2	-0.512510697920225	17.7132751727664	13.5935116989171	-1.97185197823344	18.8823216894748	14.4030303571361	-1.11852355772262	18.3231314329347	14.130781402605	-1.04237206581055	18.4880018253998	14.1547459585689
REG1A SPINT1	-0.253273585176119	17.0067515427776	12.7380273685984	-0.371600570503815	16.8080301568684	12.7809716511812	-0.321317952240373	17.0329807282843	13.2563416677198	-0.383404901645992	16.9845648202472	13.0273236841175
REG1A SPINT2	-1.1137876960755	18.0350376824065	14.0026120857928	-0.765800645740756	17.7767390665091	13.367738135105	-0.99928060426269	18.3009469619776	14.2568202642762	-1.04283058733547	18.162418470128	14.1336842002695
REG1A SPOCK1	-0.739343777586045	17.9783324553636	13.4857800604884	-1.1056607548491	18.4296928078344	13.4462399109845	-0.929377766485318	18.7315051706718	14.1537742509478	-0.95954232145195	18.4155753036286	13.7312253268258
REG1A SPOCK2	-0.742237034014159	17.1674869347985	12.6394766438436	-1.27971961406778	18.2817039243779	13.3858762619424	-1.39471176495306	18.6339128102782	13.6495635566997	-1.21542587114171	18.107648887733	13.3733071386049
REG1A SPON1	0.253367736538686	14.3739092775804	11.0301071848631	-0.547411808039217	16.4697544715326	12.1503117052446	-0.133267197123514	16.0777539141283	12.1079098778188	-0.132358909710169	15.8722619636945	11.963375583006
REG1A SPP1	-0.398243195709818	17.0952420123643	11.9369817828632	-0.763496446430439	17.9869313820051	13.4003849398475	-0.537810485904102	17.4261057490279	12.9992585990064	-0.609596444014345	17.5760589884649	12.9119352238958
REG1A SPTAN1	-0.873087271682101	18.2817392346055	14.0814347736309	-1.6505807898257	19.0139466709044	14.2951361201433	-1.5275122208609	18.7214292580523	14.4865839687562	-1.12576663263717	18.8329792809237	14.3147500115742
REG1A SRC	-0.353396427835001	17.4081827364231	13.1271364290674	-1.28983796041227	18.3786448097182	13.6596127227339	-1.02891492891427	18.4540383296262	14.1312042517465	-0.69147383322487	17.9977242084342	13.5763972047982
REG1A SSRP1	-0.311312352124689	16.8947888622594	12.7423849446266	-1.50035202821932	18.4635068664856	13.7581194530489	-0.575853458426644	17.6403718600036	13.5064250100142	-0.735192405305439	17.9280024042054	13.5750104680411
REG1A SST	-0.186805686033661	15.8653741832972	12.7302131100452	-1.37093338567892	18.7893739462442	14.2630867320573	-0.988750351761111	17.9160249124438	13.972252214054	-0.792388193436882	17.4956402209879	13.7874256435672
REG1A STAB2	-0.592926743124716	17.4680370117968	13.3725289771716	-1.41416518924743	18.2885275131039	13.614819722071	-0.966093746662463	18.0724459671151	13.9502741764321	-1.23837982263608	18.1900282138644	13.9911728883969
REG1A STAT1	-1.2648875348861	17.4635548380383	14.1551429809153	-0.818577282449677	17.4238229937137	12.9004341821123	-1.1450118831745	17.9062784146704	13.9248071971524	-0.9871440786734	17.7980690587292	13.7582322134488
REG1A STAT3	-1.64345720490864	18.1112077222137	14.2863433985872	-1.25918918140511	18.5600611449205	13.8207329971318	-1.26116513343727	18.5291197656403	14.4323860143396	-1.31776445491874	18.2923834030173	14.25448887011
REG1A STAT6	-0.584436171352663	18.0028657511636	13.8495740938204	-1.78308886142104	19.0734643505008	14.2608730574717	-1.16680710464735	18.6773338989175	14.3558731925292	-1.01006659697198	18.7197672461107	14.2813169836013
REG1A STC1	-0.0407915563240604	14.5075259362634	11.4035505232378	-1.21431488657007	17.8777688763438	13.358729705406	-0.840414650804517	17.3890144029279	13.2029457162724	-0.527976668770598	16.6700135537266	12.6127980404937
REG1A STIP1	-0.888962116297579	18.0634364330421	13.4888162655565	-0.982439239486773	18.5632324316002	13.9095291227614	-1.33387384640901	18.6977336113088	14.3946243935753	-1.05259411056107	18.4656522922545	14.0708455660347
REG1A STK16	-1.09334344019112	17.655724076073	13.4882827582028	-1.57757779342425	19.2543545610161	13.8765391202358	-1.46763395292228	18.5922395278094	14.4468109890319	-1.25083018865915	18.6719774032709	14.1061831677387
REG1A STK17B	-0.53867401593135	18.0722347852775	13.239161149248	-0.94383309382028	17.7129221206135	12.9548192498075	-0.780971180792383	17.7261954900448	13.5483972322405	-0.843550427343956	17.9067578854902	13.4502520794683
REG1A STUB1	-0.604255948210844	17.9990513248997	13.7776729409321	-0.56527543188049	17.7119922848679	13.38956773389	-0.637570732955053	18.026781020843	13.959852474723	-0.571099078948388	18.2217478586485	13.9591778337811
REG1A STX1A	-0.700125684847715	17.7217704951554	13.3667331115026	-1.46051425087397	17.6015916830371	13.2493428249635	-0.993036458496349	17.6766796345431	13.6674879175849	-1.18014102913224	18.0180513857709	13.7238527993474
REG1A SUMO3	-0.991999944746534	18.3552315918825	13.7361630544721	-0.756488209157854	17.7730584027095	13.3427801928951	-1.45405980207047	18.3589397903576	14.0978735199855	-0.903588762089906	18.166436950444	13.6793054796915
REG1A SYNCRIP	-0.468693338581032	18.1309280776568	13.6541123612276	-0.440610611092537	16.6834927698944	12.1900952565425	-0.666542387611476	17.8421735128951	13.5977012943796	-0.551100086863459	17.6308700779158	13.4025971796423
REG1A TACSTD2	-0.501846571195754	17.893571248738	13.202524342624	-1.11299224636673	18.0890305633316	13.9493948890392	-0.889763328841996	18.3098993148699	14.0301302219369	-0.788683103337135	18.1096637641439	13.8151030345491
REG1A TAGLN2	-0.897986241280227	18.070877976944	13.7153568613313	-1.25283043521499	18.7508093719089	14.0274910401894	-1.31418485379373	18.983413237347	14.5915426379784	-1.1511128874796	18.6708833725339	14.3331678755727
REG1A TBK1	-0.585883547172938	17.9889965894992	13.7919362873792	-0.421845326933361	16.8206190436022	11.9920702379306	-0.507149057557407	17.5617012545017	13.4555264036555	-0.631304364665109	17.7125507705356	13.3045274152601
REG1A TBP	-0.635764884168606	17.7950560397993	13.5815891654299	-1.82833950792299	18.4211975611088	13.9328611347841	-1.6367432837213	18.3004498371722	14.3191407746905	-1.17896445556252	18.3237717662666	14.1935190375329
REG1A TDGF1	-0.917956242387549	18.2728637235739	13.7355433754026	-1.91705598104459	18.9290847300604	14.1616027345569	-1.42849997399899	18.8367176458213	14.5394980870296	-1.33463940049642	18.7333402499277	14.2229173569601
REG1A TEC	-1.11935021553381	17.802919898922	13.610743436765	-1.07046402073698	17.8405609899709	13.2371409935212	-1.15429588047261	18.3164779034499	14.1558129372573	-1.17574095841074	18.0827448302166	13.8834542379525
REG1A TEK	-0.537866252579067	17.0013645063553	12.6114797332632	-1.57565393444508	18.3509071069517	13.6835480671869	-0.557868407037538	17.7729282262464	13.4826210387175	-0.934457168998476	17.8790800061049	13.5510700390263
REG1A TF	-0.54776956710355	17.4255821547165	13.1776706300751	-0.607539542682758	17.0042947695386	12.7713978111954	-0.615723784946171	17.6061982083383	13.717653083713	-0.524251778595411	17.4086599595251	13.3128662892236
REG1A TFF1	-1.15537472373968	18.1597631763296	13.908331532139	-0.839506981771508	17.7832131786655	12.8825218793796	-1.09666960732388	18.1002533646563	14.0265060722547	-1.08901864369531	18.2093846741386	13.7108237445192
REG1A TFF2	-0.612665201967404	17.4518100090543	13.2195499204655	-1.6068464485488	18.7713539658183	13.5430077798495	-1.28653636686327	18.466684231925	13.9470364570319	-1.06436922426235	18.2682752687513	13.628898618747
REG1A TFF3	0.122968727868025	14.6596387501563	10.2474269850884	-1.1688373398613	17.5610570899893	12.6388001150758	-0.165719605377495	16.1374069149	11.8614496859203	-0.38995043229456	16.2796845772611	11.6998878476028
REG1A TFPI	-0.937825365051985	17.6422797748191	13.4281491668266	-0.569191123354703	16.4948235568868	12.8112450515553	-0.967761799917878	17.5906310898375	13.6936073078378	-0.834624575513277	17.4206469478595	13.5711420003549
REG1A TG	-0.627270598777965	17.6375846156247	13.5205817725307	-1.40400852059735	18.8346691414273	14.1824155720018	-1.52574229713253	18.6360609897693	14.4145360193105	-1.38317210220678	18.7283891386662	14.405233495658
REG1A TGFB1	-0.244773062940275	17.1471123716459	13.5878150710396	-1.025048438597	17.6421562175796	13.6239411670019	-0.676725208379652	17.6929641440718	14.1250528250766	-0.750359591630707	17.6661580588866	13.9099713298237
REG1A TGFB2	-0.255595894670668	16.6472448152476	12.8238763423458	-1.4335767647068	18.5821263607135	14.0093487183468	-0.918235424206232	17.8623063248559	13.848326135713	-0.824162137924046	17.9957403904057	13.7189182388679
REG1A TGFB3	-0.351267569670631	17.0572412752546	13.1340410073817	-0.427078120744282	17.1836945226121	13.212623441058	-0.590904242473061	17.4405928785327	13.5634316410408	-0.580358312106864	17.4578869453383	13.4865627695634
REG1A TGFBI	-0.71358483017413	17.8271934406093	13.5614903713218	-2.36483884423027	19.2310401735731	14.4827130626948	-1.33394378283005	18.3498049138229	14.2646320519048	-1.35429022917638	18.7046537991427	14.367925766049
REG1A TGFBR2	-0.0191454678115446	16.755038824094	12.7846999406124	-1.35159123253093	18.8426464951179	13.909639305096	-1.19931689358097	18.6300019542008	14.3438335946423	-0.53120484682866	18.0308113079221	13.6051051105049
REG1A TGFBR3	-0.878095192620328	17.6494127556911	13.0465247989974	-1.69855720268673	19.2786167764189	14.1209809431045	-1.41675102196215	18.4854088075567	14.1264182660753	-1.27194027103178	18.5786373196591	13.9654191775542
REG1A TGM3	-0.892841488886169	17.598271799709	13.4908194605135	-1.63549884130502	18.9945794495446	13.5817216522494	-1.14214176017544	18.4405345727503	14.1849183586526	-1.34068731573696	18.5477979905252	13.9467891847994
REG1A THBS1	-0.628999850052849	18.1565288944606	13.7903509460904	-0.594711890977901	17.4106809279231	13.1168877638186	-0.806523280843268	18.0170691744849	14.2191684563246	-0.664445215734552	17.991176175095	13.6926565726506
REG1A THBS2	-0.452715208491462	17.2311143740789	13.0869260590831	-1.02373188240702	17.870100522684	12.777738614123	-0.946179966722477	18.0377138924135	13.6387768467874	-0.929294756995472	17.7211617846712	13.0977947191983
REG1A THBS4	0.171251504906855	14.0031335561647	10.5647978871165	-0.711518338996086	17.0496558045521	12.4376760077152	-0.131764936392603	15.8382696877855	12.1587327361404	-0.138304913561033	15.704889270653	11.8042636688594
REG1A THPO	-0.383729752095202	17.5819592435371	13.3889997908534	-1.77719796465887	18.9409052577112	14.3504470784408	-0.818314829828307	18.3648545608524	14.3543879715539	-0.862186369966298	18.4490431226142	14.0996605046472
REG1A TIE1	-1.133131604945	18.6356849027809	14.0064850079892	-1.58887435998332	18.735588614957	13.4882529051379	-1.08626987799383	18.4270382540726	14.0115637512117	-1.27789375865224	18.8144898242707	13.9463448567616
REG1A TIMP1	0.241591534617081	14.229884688341	10.6290508286972	-0.581025840855529	17.9383938451185	12.35316174891	-0.162838611437327	16.5582481562933	12.197942757632	-0.167740594249537	16.5385948915025	11.8407094669261
REG1A TIMP2	-0.468848622690312	16.398707274677	12.9250199189083	-1.12681088077277	18.0366739481853	13.3323558499148	-0.769812035118909	17.7580087246226	13.6261870140167	-0.714649689581373	17.5562602046802	13.4469125862698
REG1A TIMP3	-0.52961408991951	17.9141645800416	14.0737170322108	-1.14821704923944	17.7114353320384	13.249121361926	-0.885740760272564	17.9696060805273	13.973678605515	-0.780837140553231	17.9465814017956	13.8299523132541
REG1A TK1	-0.338880118342513	16.9867910642012	12.7259205251479	-1.92065715048946	18.5379297809341	13.5832525431563	-1.29609169123316	18.2989454015182	14.0290353340053	-1.12884017066674	18.0612637867881	13.6104590504437
REG1A TKT	-0.645061348607767	17.7457654756115	13.740861666406	-0.86080804567575	18.2887448594591	13.5846514062853	-1.24453942952696	18.5716324395561	14.306961985142	-0.919847581382682	18.2255230641957	13.9960311241642
REG1A TLR2	-0.38145712035488	16.8152260606246	12.5187997984637	-1.76170034404489	18.3630201320177	13.6250788752889	-0.798310608810479	17.5517707534809	13.2839997856866	-0.809890123918134	17.787463430145	13.4029532131809
REG1A TLR4	-0.841852507606201	18.5351713468468	13.9958193208107	-1.59283802872264	18.606108949202	13.3788550519932	-1.25774691151107	18.6546286652041	14.1254408902319	-1.18996264507797	18.822507588361	14.0709844741839
REG1A TLR4.LY96	-1.07929699716663	18.1525949472144	13.7497300501276	-0.655441025199561	16.7620999314702	12.5145531429149	-1.22009077074927	18.0292480333202	14.017664480809	-0.915478975341881	17.6080967152046	13.3218400839004
REG1A TMPRSS15	-0.543748781388342	17.105680850907	13.0535536352826	-0.583118891812792	17.373082817129	13.1651243105955	-0.511818717402773	17.2900050220098	13.3608772679671	-0.622723817694252	17.5316191444579	13.4422395002851
REG1A TNC	-0.93639583295552	18.152425975755	13.6533430621379	-0.676348303280193	17.2836521639791	12.6790876110269	-0.696731186510644	18.1280379545358	13.6278617002913	-0.835140262483261	17.9782121333297	13.5404109204211
REG1A TNF	-0.0567637281266031	15.2104957175848	12.125791789455	-0.596299736483161	17.2581796259773	12.9047728513455	-0.468988956407977	16.9291678205705	13.3840701104313	-0.372350086161832	16.5564135978476	12.8721483565878
REG1A TNFAIP6	-0.140139803126173	16.2600317716788	12.3989363047074	-0.951293163851223	17.682837808121	13.1724193683205	-1.04018621447613	17.709378454754	13.5995646498392	-0.698613319750347	17.3582447735429	13.2236589678628
REG1A TNFRSF10A	-0.469773117269962	17.2870546585813	12.4893454992234	-1.1624775078512	17.6589337403178	13.514035569513	-0.911222607652916	17.5637061337035	13.7250533169521	-0.948217961355616	17.7788148936475	13.5910973846003
REG1A TNFRSF10B	-0.365945896738746	17.4251905739875	13.243151702098	-1.05281713182511	17.8179219449172	13.3536989263437	-0.579485624758347	17.5694314847211	13.788137768786	-0.705250634446904	17.7198181876712	13.6618635564714
REG1A TNFRSF10D	-0.562049611171223	16.6681290713522	12.8383115314463	-1.23334438988591	17.4805911618161	13.5894779259711	-0.623756536799876	17.0980872188907	13.2141254502229	-0.914169996472542	17.439670927707	13.4996884146892
REG1A TNFRSF11A	-0.644087605322199	17.8187469547759	13.5341849262336	-0.618612800566408	17.3245500974153	13.2190496838881	-0.605988697980461	17.69383669595	13.788842221694	-0.542371635845137	17.6160783178965	13.5153898508076
REG1A TNFRSF11B	-0.69142835339817	18.2818821571406	14.0366781750191	-1.56873353139588	19.0563547850031	13.8928546541927	-1.2047901127032	18.4634167003047	14.2690889982129	-1.05275425366427	18.8278650604277	14.1552563121038
REG1A TNFRSF12A	-0.746043011442585	18.1173868323085	13.6500526573353	-1.56122632080576	18.8247438152045	13.8677884575802	-1.21112177288054	18.292631354061	14.0279017428434	-1.07058035880642	18.4243540555677	13.8881772744963
REG1A TNFRSF13B	-0.274806974138092	16.6037612159948	12.9726741571408	-1.04639080889222	17.7985468820065	13.2713554443067	-0.489763477485655	17.128564640561	13.3941461451753	-0.52812293218852	17.2246870304984	13.4065849534764
REG1A TNFRSF13C	-0.558037750342711	17.3159080134714	12.8854591061895	-1.26177382034083	18.6175538951119	13.3226112441645	-1.03945012175362	18.2274056289053	13.4659695448695	-0.966516538822677	18.2473602016945	13.3547937115752
REG1A TNFRSF14	-0.647632578115557	17.0181411965695	13.5255640337483	-1.3492946843426	18.2833315699173	13.7219841538316	-0.900232908201809	17.7344251762431	13.8708406556086	-0.971683007100814	17.8236650114015	13.8976397715575
REG1A TNFRSF17	-1.06778785090157	18.3825417673134	14.1695409556162	-1.6590483838089	18.6028233086696	13.9428493519669	-1.50706848644097	18.5695116535991	14.3867553057207	-1.34298374969634	18.4789735883967	14.1229992319031
REG1A TNFRSF18	-0.687396809482579	17.1450065765387	13.2613657989974	-1.19244655632703	18.7070829538976	13.701238247103	-1.17173314564107	18.2471849872864	14.1759535253788	-1.0955820462956	18.4728712719101	13.913548103884
REG1A TNFRSF19	0.189363898727182	14.2484238105006	10.4745584178242	-1.42571410161973	18.2194951962907	13.2655108350375	-0.270600425705327	16.4562120319918	12.2966004531455	-0.406186760722519	16.4212220010642	12.1460678387022
REG1A TNFRSF1A	0.425908561022381	13.0900206638179	9.77665298888094	-0.134987639594889	15.315053590435	10.5359837827357	0.210203637983317	14.4561499576333	10.6170784113407	0.202187682024214	14.4336458438919	10.5077246561328
REG1A TNFRSF1B	0.0773956617392709	14.8283792499465	10.9622907235893	-0.430436261820466	16.3518861755846	11.6604019715495	-0.176937818417792	15.7666611824558	11.7212084139949	-0.18887345142098	15.7788223680735	11.6836475105572
REG1A TNFRSF21	-0.369335996904631	16.3490705362126	12.8304015378973	-1.36213921059908	18.9790180073547	14.1919618334776	-1.2559323436157	18.2735369546295	14.195759032784	-1.00195564933727	17.8759905123202	13.8534252285206
REG1A TNFRSF4	0.0575246806153621	15.4328046123399	11.6507553259718	-0.548243836011836	16.8056212281326	13.0912006759587	-0.216412924699366	16.2086714668357	12.6403590253103	-0.209172231858755	16.2688928391953	12.5575119083512
REG1A TNFRSF6B	-0.22384923989511	16.6679337185405	12.9516537335071	-1.56109237659028	18.9573116248753	13.7017409154986	-0.972642726458776	17.986289960055	13.8059253048385	-0.609207080259313	17.9663270156095	13.545161391706
REG1A TNFRSF8	-0.667374970683329	18.5473185019187	13.2589668177543	-0.599823415079771	17.1615741557746	12.7387812197052	-0.973295991961974	18.1338174450403	13.3777181151891	-0.742075586075462	18.0585238797614	13.2103982435228
REG1A TNFRSF9	-0.337058229357559	16.7119818954103	12.95252336377	-0.53725656204478	16.4781273220928	12.0466434343448	-0.583858456884522	16.6190601678613	12.6353585718327	-0.392837082555449	16.7174156868678	12.6722842784699
REG1A TNFSF11	-0.565726825700069	17.466573089886	12.9292788442119	-1.89434548199123	18.7375985139324	14.3497848174893	-1.10416955814374	17.9221770211595	13.8295187493562	-1.2285917054032	18.344011569129	13.9370685464293
REG1A TNFSF12	-0.49985699165331	17.715205771335	13.240771157876	-1.34914019600301	19.073867904262	14.2227983522097	-1.05775580484388	18.2918624649886	14.2357478454416	-0.807637599031457	18.3921422587612	13.9148652483924
REG1A TNFSF13B	-0.563282897376712	17.8582612736333	12.9774022426011	-1.50810365091729	18.2748126794494	13.5551278679515	-1.33619634507644	18.6797831235803	14.1475463152248	-1.13189476949083	18.3016539527409	13.5853440115733
REG1A TNFSF14	-0.989410408774748	18.8872353530214	14.2529802622108	-1.4935816539476	18.4986608148343	13.8589714397888	-1.32605965876997	18.299130294049	14.299770154338	-1.24868318953679	18.735733168037	14.2645951368046
REG1A TNFSF15	-0.4680867055476	16.8335844352458	12.1692390573415	-0.98468867320313	17.9453131264924	13.0097442952364	-0.708516309471185	17.5876415192432	12.9705001318775	-0.796930026032144	17.6361617592831	12.930299209333
REG1A TNFSF18	-1.12167344173369	18.0538346037432	13.5389352917548	-1.91285475852928	18.7830535606055	13.9662968269897	-1.56350525151646	18.3635571031979	14.1251822295068	-1.59307970275038	18.5511348247735	14.2603745687263
REG1A TNFSF4	-0.758564731454738	18.1913411143249	13.6438615611112	-2.31363309316048	18.9956036449455	14.3406735220287	-1.64704421582729	18.712442329246	14.5863794191805	-1.29487303320143	18.7230297123123	14.2087243576045
REG1A TNFSF8	-0.84976249709902	17.6940229976993	13.7505681917359	-1.39823358728624	18.4038523066405	13.6012589701372	-1.4122799687693	18.4155697112799	13.9937693350586	-1.28624029131555	18.3230854785727	14.0111487388827
REG1A TNFSF9	-0.634725445511816	18.2000708155673	13.5898190700135	-0.955086092559644	17.4134398650711	12.7496691427048	-1.02819422193786	18.0549140639083	13.7551040979079	-0.994502709877208	18.335795252512	13.7535680941043
REG1A TNNI2	-0.605718176880328	17.339190709252	12.6770251512951	-0.842565339700475	17.6625074281647	13.5465797257453	-1.1942802854203	18.1096377561073	13.7819631364387	-0.782210289626492	17.6228927312457	13.3050109842063
REG1A TNNI3	-0.277536004305725	15.9258533945979	12.2669105801404	-1.32391549731686	18.494210541897	13.4907641594846	-0.875537189954712	17.6102038962628	13.3583149958242	-0.740366205595312	17.3957553066995	12.9986289496327
REG1A TNNT2	-0.00829652490928723	15.8881569290338	11.2746416369371	0.014949074030612	15.5943442512227	10.9134867227921	-0.166876980849896	15.9835965934078	11.8909134633569	-0.000404300724036633	15.947865108725	11.3408538515418
REG1A TOP1	-0.471625050772091	17.3853189479012	12.979445799899	-1.36662201414089	18.545665317163	13.8282262916195	-1.13123683312421	18.348886877794	13.9944583723375	-0.873243930144125	18.228259801012	13.7031917350214
REG1A TP53	-0.672193546195405	17.4637692933994	14.0337708932166	-2.25690463924828	19.2459677889993	14.4876079268511	-1.08486534733221	18.4643169587164	14.4442260046369	-1.36264021216571	18.54056542276	14.4072329411579
REG1A TPI1	-0.610967240700048	17.7220044185756	13.6518438707674	-0.816411443228064	18.226157952099	13.5275734881713	-1.11004823954831	18.2271326318857	14.1597070003558	-0.81757128066228	18.1648838682439	13.9368202492117
REG1A TPM1	-0.732141733375385	17.3914730833492	13.0901268696729	-1.34477899246456	18.6522993725823	13.6534052451368	-1.3144198736008	18.1000794835939	13.6813600814699	-0.931381507793887	18.0959352737218	13.5082303220001
REG1A TPM2	-0.571077123766302	17.6988410607952	13.5997840752513	-1.74029754101575	18.7680150404627	13.9004602324556	-1.21535146602417	18.0142984730293	14.0742979695683	-1.12907821739534	18.4794885660927	14.1588222209817
REG1A TPM4	-0.478346636123063	17.6190968565987	13.4544474392565	-1.51905242222754	18.9332271926196	14.1935623845224	-1.01860735968139	18.4999054330066	14.370894236834	-0.891316849415538	18.3997413255349	14.0779931116273
REG1A TPO	-0.70757612119088	18.0468419298736	13.5412462300274	-1.33290013905021	17.7994253251982	13.581034797158	-0.870928735181375	18.2323823856624	14.0383906166206	-1.01858334140767	18.2257642103922	13.9103691083413
REG1A TPSB2	-0.615797530883708	17.7918201467798	13.4514374841536	-1.06336355412243	18.0745631678286	13.3941331173125	-0.950490312979797	18.3487982290241	13.9526332906945	-0.943896231865676	18.1316209216684	13.6971284345586
REG1A TPSG1	-0.622585530505056	17.4359526083637	13.307132938799	-1.58316390510044	19.0477917987615	14.1770395855296	-1.12349299913257	18.2813582209231	14.2961744791143	-1.09701741647455	18.4124726199086	14.1087977610524
REG1A TPT1	-1.03232810573322	17.9591130888679	14.1438519685539	-0.911205406843799	18.4834421187419	13.7068436027098	-1.16872718593774	18.5516981253965	14.4204027495996	-0.931215696876112	18.3311887008235	14.1333180314363
REG1A TSLP	-0.733945956525447	18.448474906652	13.9423553883952	-0.395990515248781	17.2687125193788	11.9950745142218	-0.722139307238342	18.0233599040253	13.7267282239559	-0.731043380951735	17.981761299357	13.3684847755297
REG1A TXNDC12	-0.898592166145368	18.0778586973363	13.6084735432795	-1.15187029792872	18.4177750938493	13.5854641655375	-1.19805350666704	18.4474708899184	14.0385786750155	-1.07734011976697	18.4591318928492	13.874398967579
REG1A TYK2	-0.636539082557371	17.4102323325168	12.6826799654701	-1.84620205376044	19.0858185325689	13.8029506270862	-1.16993072426833	18.407393392612	13.8493528537844	-1.20584005151806	18.4391842772787	13.7172272493856
REG1A TYMS	-0.768865789532003	17.8736946648559	13.5767101900241	-1.08080751250818	18.8051803280519	13.7711606533503	-1.2273328090613	18.7440405600528	14.2774025948839	-1.09490677757648	18.6942759967723	14.0047898032512
REG1A TYRO3	-0.50595380852996	17.6717099514798	12.6642688776952	-0.672577839193383	17.8023541695246	13.4856383821523	-0.584387914959732	18.1467980805216	13.7533717541798	-0.688256738064918	17.8217268531688	13.5309334952168
REG1A UBB	-0.655839020395958	17.2958745180676	13.1299095585363	-0.598493499818705	17.8899612466815	13.0593970306851	-0.951742591107921	17.7702071173535	13.6822703240122	-0.793502502955309	17.7621878356464	13.3278073280583
REG1A UBC	-0.328781075358721	16.4332925772832	12.3937152251155	-0.987988119926586	17.5619904246121	12.2936443304234	-0.708278039669699	17.3557863862879	13.0044462870569	-0.645757094335812	17.1248639552772	12.5530302537731
REG1A UBE2G2	-0.868804535223652	17.6658697070354	12.7484789840694	-1.65117425713912	18.7160241455252	13.493474134031	-1.35249460842212	18.5017231229471	13.9132383584714	-1.43085622162409	18.4156025245302	13.6727923629609
REG1A UBE2I	-0.634312303670847	18.4285987177854	13.9466520585322	-0.833188392404747	17.7085699044579	13.1531975214001	-0.940091527346524	18.1718914153528	14.0991732488952	-0.815893464472909	18.1994373019632	13.843521660488
REG1A UBE2L3	-0.667353479997016	18.247661543181	13.4714059706507	-0.568024176256366	17.4936472592776	13.3741422902506	-1.09605458165282	18.227037030611	14.351088946615	-0.704887638027833	18.0201163597055	13.6899657543287
REG1A UBE2N	-0.732726960211347	17.9952186450223	13.7013727141121	-0.948672495688693	18.3130102843944	13.7436413602008	-0.980943143070024	18.4411878550729	14.2295103640201	-0.99081662852452	18.2808606688437	14.0529448292991
REG1A UCHL1	-0.498208460612261	17.7782819790011	13.61109179267	-2.36858358032443	19.018735963792	14.2839658644259	-0.91806080277529	18.504379093648	14.129229636325	-1.05594914619664	18.5397586455829	14.1303213451324
REG1A UFC1	-0.521399802257484	17.5690642834459	13.5210105294784	-0.985506173016409	17.6387273497988	13.2365147279451	-1.07558005096655	18.0856548270795	14.0449866659968	-0.812793860327947	17.8413268242912	13.585337640365
REG1A UFM1	-0.716579087054368	17.3492029577204	13.6215983681372	-1.08624797982126	17.9157349486342	13.2470594110569	-1.0263455898142	18.3092831743761	14.0759286865899	-0.846776742706653	17.7760067133285	13.7121368107918
REG1A ULBP1	-0.549785449550165	17.9166625740427	13.3153269739958	-1.27286600655875	18.7055343217451	14.0392845983762	-1.34904441778426	18.4222065717546	14.3183872050455	-0.970092092848718	18.4546674179646	13.9038251762763
REG1A ULBP2	-0.629064227336232	18.2248950371742	14.027025126036	-2.05854417808586	18.5876187319313	13.8463566069415	-1.46174749498178	18.7787534619834	14.5438114960164	-1.19956079799375	18.6096480008269	14.3420595102224
REG1A ULBP3	-0.864464862137076	18.1934373670614	13.8291415574357	-0.724790038290265	17.0418531993256	12.8820031866937	-1.23191665818479	17.8367298439409	13.9636861477644	-0.798719385835361	17.7198720797493	13.5752426492307
REG1A UNC5C	-0.0792902669995399	15.9193828030919	12.5794171821161	-0.717266594455965	17.2464280423968	12.4127653103713	-0.503536360483701	16.6876006157022	12.811995820278	-0.341334284146165	16.6147394580561	12.7022950532289
REG1A UNC5D	-0.515469495725214	17.3706685247246	12.9149107003506	-0.946036412699898	18.1684261996606	13.6666529360636	-0.832895428417938	18.0620963483891	14.0062090613029	-0.862444457654699	17.9275759355803	13.6551823495641
REG1A USP25	-0.44753072767431	16.4801559133856	12.8200711754112	-2.38847484471838	19.0134829720931	14.1075340010129	-1.13469306964042	18.3955542648518	14.0596282147374	-1.16907992604224	18.2386804019518	13.9527384826476
REG1A VAV1	-1.29026725377806	17.8978625347694	14.140697438679	-1.09199625003192	18.0405523779773	13.1843824599025	-1.06344499789107	18.2599718999287	14.0928318831337	-1.05712255043557	18.1383722991547	13.8797999403088
REG1A VCAM1	-0.308785473539391	16.0758449153412	12.2456357987533	-1.50195342097506	17.9613227022736	13.1849131111468	-0.588833476675482	17.0204765318633	12.9351861367395	-0.751858478682716	17.2358929337097	13.013063005745
REG1A VEGFA	-0.202999928689605	16.4231080761901	12.4970415657073	-0.493354094967278	16.1490758992158	11.4997071776333	-0.138536059576236	16.0856644014165	12.5162972537004	-0.268677977600471	16.1857901370366	12.2599306006093
REG1A VEGFA.1	-0.707892332224379	18.0167431991093	13.2717435240662	-1.53884667333462	18.2416981762956	13.4322758441284	-1.14024452246526	18.269759372296	14.0253913403713	-1.08978818731741	18.2804565091752	13.5979113090131
REG1A VEGFC	-0.445771247068613	17.1004228017275	12.5908816642524	-0.624117271593465	16.7579583360458	12.0568725540862	-0.641248335219087	16.8206939069762	12.8428908738504	-0.558345403070113	17.0820468940674	12.662286101993
REG1A VIP	-0.443398254281312	17.6126483755911	13.3712040042971	-0.533878943286853	16.9477807437783	12.7336204530264	-0.798163004068335	18.0666881209765	14.193919237123	-0.549293906438176	17.5625287473965	13.4007936070396
REG1A VTA1	-0.670081062589085	17.8717233858957	13.7573885681188	-1.06451859960222	18.4670146071067	13.754545502593	-1.17059640259432	18.6879443389322	14.5367405046467	-0.92718384024948	18.3417158867804	14.0354789942703
REG1A VTN	-0.701973930045595	17.2388139943938	12.30201855304	-1.07097995967385	17.3908528585881	12.6427560818788	-0.893240254673843	17.3186862337843	12.8816490986696	-0.913447872867176	17.6024174131847	12.9073482138893
REG1A VWF	-0.839539993473657	17.8885180507606	13.1621998180006	-1.55828861103171	18.73426963494	14.0312993149435	-1.56129774340101	18.682273226206	14.353958806966	-1.25414134864938	18.6332019942366	14.0524946358083
REG1A WFIKKN1	-0.262524350404761	16.8093280638287	11.9329625029493	-1.33234535056224	18.5785838209994	13.8170696557155	-0.919000822835024	18.1832553329479	13.4929194824322	-0.873196372536565	17.9545228610132	13.2193746383804
REG1A WFIKKN2	-0.893513731516519	18.4429071636277	13.9557897585925	-1.78027583927385	18.7302180781897	13.6771332776607	-1.06434478469789	18.445213303533	14.2221299407863	-1.26921467961539	18.6817063017079	14.0772544279011
REG1A WIF1	-0.661332236895489	17.786587744951	13.1772966405002	-1.11596786345318	18.6089864205967	13.1991564276441	-1.0120157404234	18.6089341818709	13.9378794905841	-0.887616635622376	18.4325314145597	13.6219903407727
REG1A WISP1	-0.436797081492957	16.9348024974804	12.0537390516433	-0.969155313259146	18.1255066439084	13.419682892641	-0.849065144764143	17.7146653004416	13.2983429261359	-0.782065268115806	17.824838737978	13.0310836009549
REG1A WISP3	-0.368131539678905	17.8380538753429	13.3735218092058	-1.29800749923733	18.5615195276164	13.6580670951402	-0.786885557998964	18.3971987426421	13.9846497246775	-0.764104931141613	18.2743740549242	13.8254543030422
REG1A WNK3	-0.817877213839918	18.0227434454373	13.8973523379152	-1.74353007197204	18.2823031132558	13.8235114574985	-1.2633754727288	18.5048856848999	14.4215042739025	-1.20435917901999	18.2195112818756	14.0606970871738
REG1A WNT7A	-0.604428111178611	17.3134998574897	13.386329631124	-1.4150675896452	19.1115666275628	13.7179434693317	-1.30801276317846	18.652996213482	14.3550052474627	-1.10022934623611	18.5071426301076	13.8970274319487
REG1A XCL1	-0.725391694918883	17.7629483496373	13.482755526269	-1.39232281478934	18.5352243388327	14.1042141504857	-0.765255651450831	18.236177048661	13.9607867706045	-0.998818820174381	18.3236471902149	13.9897593005673
REG1A XPNPEP1	-0.323505247930386	16.923582518545	13.1212353093611	-0.936826890339911	17.8349343649707	13.1926931858495	-0.857578271186532	17.6897184399588	13.681428507585	-0.605463869968139	17.7655782543177	13.524252396988
REG1A XRCC6	-0.781237322002628	17.9548650267452	13.8465165982466	-3.2256765318721	18.9817702099987	14.1611721821998	-1.60040303282665	18.5218407533526	14.309210620604	-1.60700030158816	18.6255091591179	14.2090211112659
REG1A YES1	-0.747568723169107	18.17433311646	13.5103622118894	-0.143701444715837	15.9811858721031	11.3081662401567	-0.534304320181904	17.452602282279	13.069320344828	-0.460272989747486	17.2659067530081	12.6253426647054
REG1A YWHAB	-0.921358192099018	18.4679846769825	14.3438102067247	-1.02898849646629	18.9416741245514	14.0352793653232	-1.40727065612263	18.9703130818071	14.702022102203	-1.09959001029041	18.77858939739	14.3844178761828
REG1A YWHAB.YWHAE.YWHAG.YWHAH.YWHAQ.YWHAZ.SFN	-1.09475392522902	18.0132236962538	13.8425044992964	-1.16416564002132	18.8813853976606	13.8328861315381	-1.37159398573503	18.6226171793661	14.3432618585423	-1.25571613960163	18.5607374585913	14.1928091472592
REG1A YWHAE	-0.441834524271203	17.4209739620608	12.9480879871423	-0.146761094583308	16.0956305724566	12.0657640705892	-0.255822429490487	17.0453473199509	12.9024875180739	-0.300065428247307	16.9708219935056	12.8253090566638
REG1A YWHAQ	-0.352527186986722	17.5754791025645	13.1756579435719	-1.23089803339621	18.1382211521787	13.2809317060802	-0.721524262161495	18.1009846946303	13.909703382183	-0.737733220517276	17.9687136248063	13.4446621730697
REG1A YWHAZ	-0.624049196711731	17.4542704011261	13.6428747158459	-1.55200601970122	18.9050383038	13.9579174070492	-1.10578637060617	18.4990353253467	14.2727537803029	-1.06299237137682	18.4462053736495	14.1713087067016
REG1A ZAP70	-0.301029030822171	17.4086915857674	13.0905442368014	-1.25248353734844	18.4327831310602	13.5058673657513	-0.917065205516032	17.8808400973936	13.8100505922395	-0.813789608035049	18.1788189737347	13.6383947351041
REG1A ZNRF3	-0.726492529622288	18.1392280378105	14.0564722757238	-1.82925830750154	18.9072560892482	14.1601814417301	-1.20685840022487	18.5367571475229	14.4386443534592	-1.28303981805381	18.615075158976	14.3084238551746
