protein_name	r2_male	rmse_male	mae_male	r2_female	rmse_female	mae_female	r2_all	rmse_all	mae_all	r2_all_sex_adjust	rmse_all_sex_adjust	mae_all_sex_adjust
REN RET	0.562120026832734	12.2545353627798	9.08566970022601	-0.410662887401571	16.1161492258363	11.6125700631713	0.177804037972983	14.8058873326836	10.8261078086747	0.152729885837273	14.691078000092	10.6963854460132
REN RETN	-0.648253174836804	17.5203198495242	13.663630799074	-3.43101925163212	19.8984080744408	15.2282248860259	-2.36073865534266	19.5858330055838	15.0983841933335	-1.72454405024634	19.0666262914169	14.8909682967033
REN RGMA	0.116830067361133	15.4164556229151	11.4714116623517	-2.32352800945404	19.3951150735048	13.9395393479456	-0.657147917107152	18.0105582828905	13.2936561320325	-0.713706098374225	17.9053812415319	13.1566820019274
REN RGMB	-0.80518627409327	17.6345124288937	13.7074092492579	-2.75713931894142	19.2799177066591	14.3319018380322	-1.54909636946134	18.9129811595586	14.5210846595808	-2.00148419472043	18.9080018049563	14.6146017808052
REN RNASEH1	-0.588115410108628	17.0970820462247	13.4881246596379	-2.98805347077723	19.7628150696758	14.981420479508	-2.58635422048708	19.5494623289081	15.0749538212338	-1.71536203064426	18.7239888304416	14.6119925294788
REN RNF43	-0.895298909798658	18.0439436997549	14.6472260156316	-3.77258923365839	20.3152760200715	15.4087545099583	-3.05169662022815	20.0494922040376	15.8077031601024	-2.06875179306513	19.5441615164867	15.4682627945316
REN ROBO2	-1.57792589847252	17.9970667147259	14.097845512854	-1.77445712227919	19.0781677861114	13.4524377917267	-2.18850810463364	19.4255562800456	14.7918987962891	-1.85736148980139	18.7883014227717	14.2701647724824
REN ROBO3	-1.62215676429753	18.5067002656712	15.0546896214736	-4.82118291545678	20.573267310013	15.9213142350976	-3.57113969502917	20.2232964369194	15.9406223087594	-2.91347130780612	19.8712806127415	15.8931044138541
REN ROR1	-0.245279338316633	15.561863380735	12.2641423997101	-2.35248021743562	18.9080704961578	13.7831293753349	-0.915405043914506	17.276556949198	13.1374334637806	-1.15438441495482	17.5971495007502	13.4449182876479
REN RPS27A	-0.0831700059844591	16.1134643508532	13.0525800519173	-1.03792791152948	17.8831143767569	13.838904585103	-0.781827414893308	17.9822363187037	14.3526337409251	-0.505215328294842	17.3486018354672	13.7090911591309
REN RPS27A.1	-0.0670936732893013	17.0250433552672	13.2895865334609	-1.05235977426328	17.8253232409324	13.8000089940133	-0.586082475863165	17.7040579382656	13.852891640314	-0.594066079880542	17.7558305492548	13.9058649784039
REN RPS3	-1.07742891841281	18.5889512686538	14.7690580500155	-3.37992029810815	20.3165204673221	14.789690928141	-2.98672851651039	19.9473959066584	15.4469880343467	-2.06847090970097	19.6883054431714	15.1918951206773
REN RPS3A	-1.17526454252311	17.7025828174753	14.6854433015592	-4.47116684078753	20.5049301011146	15.5255857556828	-2.68763823034586	19.6135455261408	15.4680140799278	-2.38903206783283	19.4368712810761	15.404406881064
REN RPS6KA3	-0.747509392650141	16.9641004362691	13.5351981304338	-3.71883484204527	20.384506324754	14.7766060116692	-2.26677054713715	19.9320363260098	15.3669593241728	-2.00109486387242	19.0184369982537	14.4461500749105
REN RPS6KA5	-0.610626438819609	17.7414187356836	14.160928248564	-1.13781502281535	18.1117305111971	13.5819838947912	-1.11624957692614	18.5129388090876	14.4382027583123	-1.07867558722327	18.3506454590176	14.322492260846
REN RPS7	-1.86727328503977	18.6678790635691	14.9675885756531	-2.2870925449366	19.2347911478605	14.5874098833568	-2.21937555195607	19.4281093426611	15.4867107607978	-2.15472894581863	19.3525653776728	15.16383090991
REN RPSA	-0.949865944002681	17.7021435341811	14.0752272556422	-4.31837240184528	20.6530553264205	15.3645980346284	-2.79639648350003	19.8930843703641	15.4927098123249	-2.12975363752748	19.4626017907416	14.9782689446579
REN RSPO2	-0.706956124974675	17.561716769396	14.0912385450482	-0.976863535833278	17.9255311506522	13.5927886590738	-0.907761943698485	18.417070937541	14.4294401088699	-0.812251831590689	18.005603461009	14.1417314303235
REN RSPO3	0.54063994221597	12.7307063628472	9.42091115585778	-0.0136691258640913	14.8260918304617	10.354720502532	0.36097217364458	13.8475108440467	10.2482380466631	0.308253780630425	13.9290930193088	10.1800971740253
REN RSPO4	0.408983391697431	13.5555723299486	10.0052257721918	0.231262993175339	14.6349495168291	11.1899853800106	0.336607046239308	14.5910805335368	10.7439538831852	0.29536284173749	14.5019142472874	10.8750670436631
REN RTN4R	-1.43443473870018	18.2750524448597	14.8374733093458	-3.63977330071299	20.1011553187534	15.2293951118745	-2.53671917179957	19.6097283133091	15.328076076454	-2.4852193356558	19.4905919650678	15.288368587779
REN RXFP1	-0.451709437647898	17.7730193701898	14.0865654659089	-3.20837346118678	19.4707402604117	14.9485898509931	-1.52667277156185	18.8856443308052	14.8231285600214	-1.49686954203067	19.0180796010464	14.8786766627718
REN S100A12	-1.06830266737549	18.2604666539707	14.3417365813308	-2.61768115308429	19.6524740160286	14.7284257172363	-2.01370389553441	19.2618598521368	14.9758564562556	-1.72499897264638	19.2732070842193	15.1025867014573
REN S100A4	-0.619655572553601	17.6222186528147	14.217507062045	-2.46297637612299	18.721635571596	14.4505387634692	-1.47737164384392	18.5300051784909	15.0862441576489	-1.62099266514637	18.4395736699784	14.8212903324031
REN S100A6	-0.577071732697013	18.0221680142944	14.0801355526369	-2.23794206544688	19.7192401380547	14.1328780611367	-2.47095398057925	19.5829379619605	15.1581591482215	-1.56626901062093	19.028399853873	14.5264830978791
REN S100A7	-1.04397080705179	17.2962495631226	14.5749850808899	-3.34918656035831	20.4973679756734	15.5214788777748	-2.99998052778294	19.6818125053084	15.5861168217356	-2.14588397986003	19.3181982775483	15.417836266489
REN S100A9	-0.07597645337359	15.7796862988273	12.1018057107144	-1.91536329343264	18.924981591064	14.342284258133	-0.89990126837031	18.0712740371825	14.1751840061348	-0.823842893785386	17.6911526357459	13.6849373805493
REN SAA1	-0.841323595257365	17.5482895694069	13.6395168497394	-4.27506817784258	19.9886208810712	15.3307935933826	-1.9935902666279	18.9480137147427	14.9851601626351	-2.27339439216208	19.0888544563135	14.9552448353285
REN SBDS	-0.943281747078242	18.2595698396505	14.2278250616247	-1.73548308677564	19.2614388388705	13.9894284391248	-2.34960998610327	19.4761642285881	14.9666944310177	-1.65668173926738	19.0443856959755	14.5882775444596
REN SCARB2	-0.940762861595131	17.6770321892548	14.5492124684658	-4.29695382692667	19.5672346051806	14.9206914771619	-2.4768862326825	19.6313629509334	15.5038854521644	-2.42768792273004	19.3841634141473	15.4452977451443
REN SCARF1	-0.205141835181338	15.7749629807419	12.3747153405222	-0.937119587430075	17.4325878135299	12.521676214748	-0.581884051196084	17.3466082744049	13.004369704849	-0.680744795866181	17.1811124784222	13.0376052817956
REN SCARF2	-1.21215438458185	18.0683253397321	14.7778443237399	-3.41356018965798	20.2894862403713	15.488331188756	-1.76473036039988	19.5437788047398	15.2327577669151	-2.51760779039321	19.5006978236435	15.4824421107151
REN SCGB2A1	-0.766641069785517	18.0999636269794	14.8100303995228	-3.85359488180961	19.8498475499613	15.0980912461934	-3.00394597905612	19.8751312007985	15.7651849785216	-2.0665835412483	19.4642457450087	15.4821832418281
REN SCT	-0.85731111009936	17.8687006850509	13.9548698968719	-2.83619899998751	20.0735390333037	15.1520828401409	-1.93164967880311	19.2396133868146	14.8581600402684	-1.81085353712143	19.2730037103199	14.993387757569
REN SECTM1	-0.220127417872813	16.3620605894763	12.4897073593455	-1.05757452088937	17.8474291468949	13.3375548548708	-0.71072983346803	17.63389171493	13.3427252076656	-0.789104969816329	17.708632463145	13.3526321939499
REN SELE	-1.55710699506248	18.3607786004526	14.269896780404	-4.21107557654936	20.2362196350511	15.0279473156567	-2.08766706381545	19.5465884985923	14.8897826154188	-2.59771976400369	19.4955190094579	14.9087479592919
REN SELL	-0.60082328516669	16.8533595151517	13.1849285883435	-1.53340049841419	18.4584295040701	13.6528647452452	-1.08492095393951	18.3693349478967	13.992309471794	-1.07261356611402	18.0245102531566	13.7930369151562
REN SELP	-0.979270086903485	17.4194428269059	12.9273232320444	-2.56516096269708	19.3459048645779	13.6811824256111	-3.10843723640525	19.5631665352796	14.934463803354	-2.13795721633671	18.685344913065	14.0587100640976
REN SEMA3A	-0.61771989190024	17.6767673593755	14.2750801709281	-4.26113962818739	20.6092815831996	15.7445127471368	-2.26753425013131	19.6492781588105	15.5298097759068	-1.80094232438707	19.4037333551117	15.3199707850774
REN SEMA3E	-0.329615309605302	16.9320821776947	13.1418170498583	-2.21407874787719	19.6441116672812	14.5660925450101	-1.19563792151635	18.4306750641435	14.2300200993485	-1.00297202102921	18.6360685981514	14.1610783121756
REN SEMA5A	-1.75826173798956	18.1998156416719	13.8599411195515	-3.03437613328591	20.7554665134835	15.1693291792186	-2.78484943957044	19.8626597558652	15.1605948165261	-3.24832880707292	19.8497849512962	15.1726276146195
REN SEMA6A	-0.548084937705098	16.9163331683291	13.4566326170342	-1.61452001103128	19.0978960589726	14.5348876941138	-0.795058543928001	18.5216794536042	14.4755156230296	-0.979577488010348	18.3156964027786	14.3747664386378
REN SEMA6B	-1.44109397936793	19.4556550152473	14.8118264183397	-4.15207559211031	19.8785127823852	14.7685798053345	-3.08571545072875	19.8681925286566	15.6319090766773	-2.83679431119791	19.9915767065788	15.3532999838234
REN SERPINA1	0.0233354629430831	16.3369309000294	13.0684982520249	-0.875151690991897	18.0024936425321	13.2930824135649	-0.323568184546682	17.5837566011514	13.7817596965702	-0.368434447554172	17.382768020317	13.6182897643835
REN SERPINA10	-1.34161530582945	17.7138270779174	13.4011180278331	-2.69874449866205	19.2852406608114	14.5044029716266	-2.3115577402116	19.124731112882	14.7616502615174	-2.41474100775012	18.9807386784534	14.3758534321046
REN SERPINA3	-2.0621881063791	18.4022971785935	14.5694656047829	-4.8389411563194	20.0104719323933	14.9318686575181	-3.7726096445078	19.5964455386386	15.0089160937749	-3.59989669964648	19.4840174743913	15.1119255619165
REN SERPINA3.1	-0.527633686531469	16.4801521531371	12.3470501355735	-1.51283089079899	18.9303947360416	13.6395114934882	-1.24544725456018	18.3369086283139	13.6838132620925	-1.25239025715917	18.0821536220438	13.5620147809848
REN SERPINA4	-1.34880533775747	18.9688542235678	14.3870004279134	-3.13112036364611	19.9577194455143	14.4512468249544	-2.75572986652748	19.8508452417799	15.0844068679518	-2.16766696156877	19.8956823769651	14.8624967634104
REN SERPINA5	-1.2911308082766	18.0938264042255	14.6424472078419	-4.82951843641485	20.6739455981832	15.9951798102898	-2.38392699025843	19.7315469435213	15.6518224670523	-3.00483025190606	19.6984234529295	15.7529135162249
REN SERPINA6	-0.179047644916756	16.5456989455772	13.8072791280361	-3.40655938188547	19.8803616426853	15.5820014354744	-1.2210658305871	18.9751141768131	15.2764984771724	-1.35368215620092	18.7386299830205	15.1239773865783
REN SERPINA7	-1.0011474874953	17.9610057350613	13.6237306105905	-3.77964164686301	19.9635923019748	14.9235148805295	-2.15372548830584	19.5066062066161	15.1864501773556	-2.11216768920696	19.3589310624948	14.7868520372556
REN SERPINC1	0.244875790355461	14.49210174292	11.4071224494113	-1.67011844755341	18.3034262671808	13.9597991260083	-0.573920262749702	17.2746834213597	13.5093041412568	-0.602214446290976	17.0037294938715	13.1909574107002
REN SERPIND1	-1.51076075182784	18.5424267583909	14.3026674825303	-2.12249454272377	20.3581894779016	14.1453922459271	-2.34024711583395	19.7918167994929	14.8775138518704	-2.454316183921	19.7730293394494	14.7595863732299
REN SERPINE1	-0.94598917422694	18.1956902951038	13.8569952531014	-3.54348663598687	20.1035090079306	15.4900465081613	-2.60013454492181	19.9770355139988	15.5799970985225	-2.43022755047472	19.506614178093	15.0732304548438
REN SERPINE2	-0.95229518305397	18.4736108719766	14.3822219066186	-2.14843201328159	19.2759390499403	14.7281366513369	-1.82557965485492	19.2474865787296	15.0966404019014	-1.91726075051343	19.1515508424036	15.0435401121213
REN SERPINF1	-1.42731915473203	19.1352037520933	14.9760167123985	-2.0256589136911	19.132461291478	14.1588227177838	-2.85962484752355	20.1056355030625	15.6671158950867	-2.17781452990502	19.5200559650051	15.0199513380645
REN SERPINF2	0.371072925867514	13.2487968771933	9.91550847212812	-0.227424295120928	16.2446008663806	11.2836563610182	0.0446433284103451	15.0481216180716	10.8809374890237	0.0536247568664915	15.0996575242851	10.9177642161253
REN SERPING1	-0.800133302525589	18.0982292178283	14.3577110693404	-2.68555700680527	19.5246519746124	14.3103705643527	-1.66814170019357	19.2143210021955	14.9607765659861	-2.0686923598451	19.2495053381232	14.8599632651183
REN SET	-1.03599637155437	17.5534400307223	13.6944098390175	-2.66472839585306	19.6335585055039	14.7690866110408	-1.91486967629089	19.1337610868552	14.8833346230898	-1.78654134952011	18.8843307551408	14.6222711419401
REN SEZ6L2	-1.26869624855964	18.086492816639	14.5839849203212	-1.54831470284675	18.7485551341343	13.7247515707097	-1.84465283784562	19.0815714630339	14.7845825010318	-1.70970359505175	18.8034134825772	14.6039191507504
REN SFN	-0.353552500570135	16.3334660048099	13.4119126488435	-0.973239768395317	17.8006343093041	13.4668932275469	-0.843636676372578	17.9356967772688	14.2146876136796	-0.809279329242221	17.6473437762397	14.2538628380279
REN SFRP1	-0.420966913368144	16.4806742695166	13.1204280764093	-1.84603652905614	18.5456025301516	14.3473786833175	-0.823382612486944	18.1436945948092	13.9428002266406	-0.972983401578729	18.1020078121972	14.0345456702301
REN SFTPD	-0.661473286923578	18.0301714383682	14.4983792733298	-0.831889736615763	17.6552424566629	13.2117279318792	-1.09206614189511	18.4829307613557	14.5293098036509	-0.908635006997327	18.0037847764584	14.1703904460699
REN SGTA	-1.28347812669068	18.1823608383526	13.8913343735556	-2.70470077193837	19.5559163333304	14.1301305401663	-3.3690719179047	19.9635777971071	15.459425778034	-2.57988385934728	19.2669434485284	14.5504112370563
REN SH2D1A	-1.08661257334541	17.9755577259508	14.6024172486345	-3.3409770355644	19.6648236244814	15.1431750312351	-2.34786660930671	19.0793037051286	15.0914981941078	-1.96828947291557	19.1211673453842	15.130892741112
REN SHBG	-0.381875235745926	16.4673212220478	12.9525556331032	-2.76771879597333	19.6618216485833	14.0544430297739	-1.51916458802933	18.61698029655	13.9987098683709	-1.181977838674	18.4038269158725	13.8966631620288
REN SHC1	-2.45827263882457	19.0515842874226	15.0546932592337	-2.08340557251155	19.3695118321476	13.6240764422943	-2.67192880151578	20.0706992853622	15.486620293806	-2.25941662635958	19.4387261642445	14.6030421603017
REN SHH	-0.478416830972422	17.4435386947043	14.048538390882	-1.69251824821049	18.906136971853	14.6194453598872	-1.05506124116892	18.6521957667147	14.6618303604668	-0.990708967892297	18.4400983534269	14.6134533420713
REN SIGLEC1	-0.569459033297157	17.6217534044946	13.8646561067376	-4.45851664503232	20.3375174111921	15.6917901057758	-2.22074134848992	19.4746883395761	15.4076881442176	-1.94947967268987	19.3930941420214	15.214374423017
REN SIGLEC14	-1.48845719177607	19.037083985288	15.1911104926089	-1.42844831314105	18.7941073955577	14.033644876106	-1.67784594665357	18.9673936499416	14.7272884250251	-1.64546764742819	19.1185415263438	14.8299519646626
REN SIGLEC6	-0.600420065125519	17.1351089445989	14.3577411850517	-7.05713995094848	20.3154120876463	15.8690693922708	-2.27060882624326	19.2244872356899	15.2423592070316	-2.48116911034535	19.266411117077	15.4400171675013
REN SIGLEC7	-2.27649523754982	18.6954470235735	14.7952419853292	-3.82372513912607	20.6764840364705	15.1999311507533	-3.1672567153368	19.9259985470931	15.3778596309082	-3.29151839423989	19.8746842351378	15.2908431545675
REN SIGLEC9	-1.8225453807772	19.0869334275448	15.3308556985498	-4.06257495791532	20.2832179847402	15.5523352877097	-4.26688449617934	20.2771120434436	15.7896071222895	-2.58923931725901	19.859533197487	15.614622649154
REN SIRPA	-1.01540913992337	18.1321948866528	14.7340551500547	-3.86188245680222	20.141201986315	14.939101457383	-2.35317625534007	19.685926223369	15.1848111624018	-1.91530154142438	19.5300972383516	15.1164480966811
REN SIRT2	-1.19056667995635	18.2327619937548	14.492505167494	-1.58638646871144	18.5956545809494	13.7411485287987	-1.90717921369605	19.2556707849171	15.1114602091237	-1.84102708647978	18.852224163845	14.687492851877
REN SKP1	-0.324652464738785	17.0983854387469	14.0491367713135	-1.08318374048448	17.794410869153	13.7575690085191	-1.41467264674744	18.5511232621569	14.7403450334316	-0.764909911131482	17.8698428249722	14.3935204922892
REN SLAMF6	-1.89306114218647	18.4733640488805	14.5766166366332	-2.02556279970664	20.7502964275875	15.2968175047824	-2.78614328556846	20.024745705503	15.4357682157241	-1.84779822420575	20.1169978357526	15.4544383913442
REN SLAMF7	-0.844498196053189	17.5435542062951	14.0887433789574	-3.48343491976718	19.7560259404539	14.6966035287508	-2.55778716752519	19.6623534672796	15.234903760924	-2.12222007115309	18.9904036800037	14.8612092176372
REN SLC25A18	-1.07920756324124	18.552436983995	14.6254790213598	-4.60256097502953	20.1890290904197	14.9103016529657	-2.38472299003514	19.7147243139302	15.2325896877731	-2.46109116521485	19.6413567003396	15.18673448113
REN SLITRK1	-0.627103808087928	17.9332243475785	14.5172787307233	-2.10929890703733	19.878515189445	14.6889375423725	-1.78585214263097	19.3046603800947	15.1535061330482	-1.50941677823803	19.1545389260919	14.9894176139979
REN SLITRK5	-0.725861875968143	17.6285773333869	13.9760680130733	-3.56926612120351	19.6653533423681	14.8190467757676	-2.25737345930731	19.558405567679	15.1074271457715	-2.31770881220009	19.0803449312261	14.8743672882386
REN SLPI	0.405150694166609	13.791050871974	9.93139686415339	-3.24929704890509	19.1206759005837	14.0613473716127	-0.485968939540197	17.2674669907786	13.0304945086624	-0.540241913501543	17.0148886074724	12.4654795632115
REN SMAD2	-1.35748521406326	18.4764360830189	14.4207144891451	-1.99565231633387	19.0190068736821	13.8093651534219	-2.39897438877094	19.6078694870626	15.1177641606024	-2.01879846178603	18.9775214314795	14.531067091672
REN SMAD3	-0.611861887101557	17.5509383530926	13.7126945545704	-2.76431516428529	19.3709121646079	13.9393089312484	-2.59526264647049	19.4666558221795	14.9385647776447	-1.5924663647521	18.8018468709469	14.1805116495878
REN SMOC1	0.373407430601466	13.3043787712184	9.35297370205409	0.178828635346938	14.9650648229018	10.3828406623432	0.201629301273868	14.4365679749117	10.312100984536	0.267537240241201	14.3224847792054	10.0486653834631
REN SMPDL3A	-0.476567617693985	17.7378917742426	13.8424614064159	-1.7936806629248	19.3464698112616	14.9002285920409	-1.58891598949026	18.9061720970912	15.0653623577512	-1.21251525884426	18.7325448444106	14.7513237159721
REN SNAP25	-1.39380094503904	18.2308046382089	14.8025140272652	-7.6287347142585	20.6111813043055	15.7614373967825	-2.76704159926992	19.8087596466662	15.6356525586084	-3.29296120768791	19.7133642048572	15.66776985348
REN SNCA	-0.989837919729244	18.3630613563793	14.5704352276503	-2.3499269507519	20.0632962543488	14.61882820413	-1.8623567619111	19.2766902582643	14.6768283246098	-1.6112205631963	19.2897444561662	14.7460966494242
REN SNRPF	-0.831358086789717	17.7432722472963	14.0752323660315	-2.86276302654014	19.0119154692681	14.8216585163361	-2.09969989437041	18.9247188442605	15.067540038505	-1.85655566753376	18.6169616197638	14.8310903406041
REN SNX4	-1.11394082541889	18.4779307970271	14.5139328719456	-3.16648122034669	19.9496388625251	14.759404463262	-2.35784532272908	19.7173829109136	15.2544938270107	-2.38003250028954	19.5229211374054	15.0512163305917
REN SOD1	-0.695945925473787	17.6945655332239	14.1973632834876	-0.617423744484253	17.6932449058789	13.3368198562959	-0.894183377097867	18.2594935344568	14.322075267141	-0.726457617909493	17.9191940266232	14.0156097831334
REN SOD2	-0.571412490776445	16.9289059178782	13.8827676147086	-0.597632598511702	17.2711081539384	12.4783277701735	-0.503116577901865	17.4831820649383	13.3455548914882	-0.7252654621615	17.4052390192926	13.5356799518119
REN SOD3	-0.513002801765131	16.8968509005733	13.8214095761084	-1.51912478303159	18.5980174844189	13.4382128940904	-0.804740664692451	18.1141292788936	13.9836607542066	-1.09180976375864	18.0241840225852	13.9097578851084
REN SORCS2	-0.547443381440206	17.4912032767013	13.9028607448283	-2.62148687081334	19.9439844821498	14.4079734407015	-1.73297720447144	19.6715068874549	14.9686011911148	-1.64002827006894	19.1423431586125	14.4921152735218
REN SOST	0.539005167617259	12.9962546027866	10.0832484626049	-0.21036994660599	16.9349367670258	12.6752556850749	0.0727182781059568	16.4265741603497	12.2575426053015	0.190115114189608	15.5251720980619	11.7664996569533
REN SPARC	-0.961525195912353	17.9670264323586	13.9313514982786	-2.92703653586473	19.5316750759787	14.4531081681284	-2.1393715025532	19.3917108360755	15.2673080735989	-1.99767838883455	19.1171304716428	14.6575787154997
REN SPARCL1	-0.738481528513695	17.9651538090483	13.7233823834236	-2.49192597855285	18.9079623594812	14.4193528253854	-2.445027495739	18.9860169087133	15.2957305710519	-1.59523699116776	18.8410385909852	14.5056397765449
REN SPHK1	-0.984352543707769	18.311643782353	14.3328642182393	-1.97716636705926	19.1415873902531	13.8510235943369	-2.30847359545978	19.5990001120861	15.0120992797793	-1.8898741238593	19.0405897674803	14.6477435115754
REN SPHK2	-1.06889333384313	18.3225302969856	14.5990965130351	-5.82465591669747	20.531566792789	15.8848813835759	-2.58243258669512	19.9028332697424	15.710024058343	-2.42341675713691	19.7166470308877	15.5621446346504
REN SPINT1	-0.0902546738407666	16.4548479942791	12.7416994160638	-1.07512896565034	17.6833933359077	13.5456981858651	-0.416261644254414	17.4863970227266	13.5847661443029	-0.556896717993617	17.4278377878708	13.6400871804219
REN SPINT2	-0.965920015775886	18.1528764508715	14.2768711211481	-2.12762278235383	18.724736648252	13.7716721445131	-1.87581454404924	19.1843302945499	14.870833595374	-1.80598778856358	18.8523314951393	14.5118645300563
REN SPOCK1	-1.1323140494116	18.144463467016	14.4287793783003	-3.69279133059284	20.1785945443788	15.1221636338354	-2.6192468864146	19.759233106156	15.5382577661202	-2.63517979089635	19.5679442705673	15.2319323115988
REN SPOCK2	-1.2768615222374	18.0486834016573	13.4831328567613	-2.36772539615911	19.4238869888664	13.6579199193514	-2.07075087469235	19.1734269332483	14.0682811816581	-2.08374744070741	19.1458884448197	13.9432616251419
REN SPON1	0.396037753896703	13.894374054508	10.7174838738153	-0.94163079490616	17.3750930326738	13.1280234883223	-0.0383016821400668	16.1462948374313	12.184311101023	-0.108985133062304	15.9373920838977	12.2881722393103
REN SPP1	-0.113999479838069	15.8910082630516	11.8457180486532	-3.08435016838224	19.5947102450669	14.6704731916047	-0.844482206435419	18.4425474393017	13.5950404815036	-1.25723833223927	18.3742343025605	13.6751385551834
REN SPTAN1	-1.20018161324709	18.667623339528	14.6182838055045	-4.08528191026231	20.4075082289451	15.5599396422133	-2.63518043775905	19.8623180118189	15.3355711777247	-2.38012686753755	19.8303805151586	15.4268209107775
REN SRC	-0.961654161378721	18.3290016489127	14.1017388956407	-2.77450136435547	19.9199313720204	14.5131529985459	-2.79482177966574	19.9155356887141	15.4904573056162	-2.06138881758957	19.3111296337385	14.6535742646476
REN SSRP1	-0.444003378044372	16.8664616963917	13.5858842069822	-3.59477468706588	20.3394931137727	15.4490265916564	-1.31231428792253	18.8243921422137	14.8600629983006	-1.84753861546629	19.016026212214	14.9629838319586
REN SST	0.229205082240632	15.0227159198411	12.0628687501249	-2.08482998736718	19.4412676066239	14.7948912936871	-0.666176279426094	17.9935153127823	14.1248703079343	-0.524670291421166	17.5797549216516	13.6969574899071
REN STAB2	-2.2498712103587	18.9686474020402	15.4829489912598	-1.83228032112126	19.4511915667207	13.7163056604887	-1.57456996215622	19.2882380974781	15.0150370979563	-2.22680136911423	19.3389468929956	15.1715557556319
REN STAT1	-0.658863350143518	17.0539486631905	13.5455127884517	-1.23687152951594	18.2020161440525	12.7425191997572	-1.30091176015884	18.6762649285222	14.1320298744739	-1.23106698553697	18.1466788772612	13.7012507349167
REN STAT3	-1.99640566149779	18.8212452012102	14.7534528594604	-2.48278645472783	19.4900375734347	14.1955734922725	-2.58499501644166	19.6030749902207	15.1778676682504	-2.43793935204654	19.4115336501597	14.8432867884314
REN STAT6	-1.17738691506731	18.6051054986029	14.9981642637536	-3.86179547544596	20.3857276630078	15.2546595630359	-3.06555817785912	19.9450340984624	15.8608103364749	-2.40886527626526	19.7889601628894	15.366998594944
REN STC1	-0.0692224451633348	15.6194804508508	12.2469878165977	-1.99345067900047	19.0533075941558	14.153751346255	-0.88701634463961	17.9589032753547	13.7450568519455	-0.716835925644636	17.7800456164152	13.5531361640444
REN STIP1	-1.11942494037682	18.1394834421595	13.962153386788	-2.38364347148495	19.8358034472911	14.7157843038659	-2.20121461137636	19.8994900898168	15.3006803085742	-1.77068289045117	19.2669769700581	14.6515680669847
REN STK16	-1.82474516254639	18.6915143069047	15.3180320121351	-4.27734651625326	20.7608458790562	14.9510892979269	-3.09389362136647	19.8376081601256	15.3330612002705	-2.90619898716944	19.9683224360349	15.6848253810619
REN STK17B	-2.4872711313267	19.2467763821046	15.252524322289	-2.68409279073206	19.9774107442026	15.2205089090743	-3.08768346771134	19.8689824599646	15.4881742846111	-2.83561672144435	19.7891111657299	15.5170848301002
REN STUB1	-0.669532213428324	18.0861097998703	14.3342292753044	-3.82466175782859	19.9415737741004	14.5940145888621	-1.71172493659759	19.3212329550481	14.9394505698935	-1.67080561526699	19.3406232697437	14.8981694829274
REN STX1A	-1.68292453814484	18.8152569336853	14.8212040374586	-3.60808813141477	19.6099573410425	14.5662900339072	-2.3953080550421	19.5885123219312	15.0879124064419	-2.74884715713974	19.622174433536	15.0592464585152
REN SUMO3	-1.76638393268595	18.5249012891292	14.806356992265	-1.62547941465972	18.731505172152	14.069828231897	-1.77129078600933	19.3659563508055	15.0909880051779	-1.84931504462517	18.6997756737118	14.7732089014787
REN SYNCRIP	-2.23703388091106	18.908043346067	15.4303984410041	-2.48160586102162	19.0387571024744	14.0604373264005	-2.31943570079525	19.5121344087723	15.2376184342267	-2.41047627260004	19.2709557624134	15.0935963194523
REN TACSTD2	-0.610352758600631	17.7703024273152	14.3251045219468	-3.04920133905382	20.1260763617166	15.5824755318288	-1.56866222438299	19.3855213833237	15.3892623898646	-1.74504358820446	19.2255642275896	15.3161979911524
REN TAGLN2	-1.03737701288898	17.9521192144944	14.1472575063704	-4.2833642943206	19.9913003329983	15.0611647922898	-2.59005643154357	19.7182914106362	15.2656630121395	-2.32756372869472	19.4110146093432	15.0356658367933
REN TBK1	-0.808016614169607	18.3252797545314	14.8708180270965	-1.43808682339598	19.546635995039	14.554671970188	-1.23745585116937	19.1485813497696	14.9751508348552	-1.17650089609121	19.0482133212444	15.065785255045
REN TBP	-0.898974339557063	18.0015280037362	14.994599056244	-3.55873960601757	19.8248434765265	14.9425566384086	-2.57849047741971	19.5246155615147	15.5080899225429	-1.90491569408166	19.2246416773257	15.2953083856267
REN TDGF1	-1.80933833864131	18.5292760605975	14.7187993682841	-2.26179334651044	20.0413492926511	14.6946745050935	-3.16114076866476	19.913245563239	15.4603019217187	-2.58008435511217	19.6517724892512	15.218877050079
REN TEC	-1.74399930996675	18.259124769533	14.1495491011241	-2.00408546727404	19.6298079236697	13.9994395223293	-2.78954199696958	19.6983277432874	15.166974881194	-1.89904412035361	19.2017431732095	14.6607938031836
REN TEK	-1.81315739116281	18.7469778248487	14.9084728485204	-2.46897189170106	20.3171857492978	14.1351274584834	-2.72158897893276	20.1909100796771	14.9851580755554	-2.84012098074565	19.8949050935485	14.874000029369
REN TF	-0.299896191467568	16.5697146922545	12.8100981835766	-1.54014925853193	18.8743473819824	14.3854480257478	-1.09746570116997	18.4273349048307	14.3154790149487	-0.907174080513963	17.9792838232292	13.9718828037513
REN TFF1	-0.788638724016134	17.6553393764156	14.0686874542048	-1.65733051241147	18.9751743979792	14.0431148948261	-1.17869607564802	18.9131471348	14.4336207516269	-1.12632936209026	18.7572713637654	14.4594198810415
REN TFF2	-0.55675353242767	16.9406560773714	12.8225544037976	-2.10184511767718	18.5410737849168	13.8514664829532	-1.79625802098896	18.6657510169285	14.3238190305435	-1.46192139456398	18.2054040548067	13.7976136496781
REN TFF3	0.351041753259385	13.9865971898446	9.91714279672115	-1.26558459617695	17.5756020612803	13.0983821161447	-0.0531123804920488	16.0350341388707	11.7134019556725	-0.123928241679884	16.0867969518877	11.7712172286738
REN TFPI	-1.61238364890201	18.5455380201073	14.8068917891971	-1.038466023791	18.2759773977026	14.1202742838225	-1.91581496375357	19.1142005813369	15.113981111695	-1.65271320693164	18.7086956683763	14.901594117897
REN TG	-0.47494942163945	17.4114739362305	13.7543789123185	-5.04216644425191	20.7883292081979	15.3483706078909	-2.63048930661518	19.5109517394801	15.3656023689992	-2.23163511859379	19.4794147507456	15.1503792884687
REN TGFB1	-1.08736254125948	18.3660691108071	14.870120120885	-1.9413078814393	19.5243357520008	14.8240225254153	-1.51980896402306	18.9549292578588	15.0135479476905	-1.47391004800015	19.056099542435	15.1177534154657
REN TGFB2	-0.403111992002459	17.4461873130112	14.3676716934653	-4.82057432711562	20.6318931903242	15.4091893993081	-1.6895060692769	19.3303502378558	15.34993359649	-2.03825614393889	19.358253285515	15.2972059515042
REN TGFB3	-0.528457577145843	17.3220609063022	13.8638010802077	-1.42499554765716	18.3300310614806	14.4396990568913	-0.897257157225482	18.471337463728	14.6986471297118	-1.02775672467167	18.4325603650539	14.5139369218432
REN TGFBI	-0.680726196887767	17.5504364580684	14.1946410994572	-5.3013301572499	20.2198844915878	15.3285680468657	-2.73905943042559	19.4553158164431	15.2708696182853	-2.19383582577691	19.2486232113114	15.1399558688301
REN TGFBR2	-0.326768764414168	16.9543193005655	14.0601825824119	-3.34719525704069	19.6769367997481	14.6248924944543	-2.95320196191811	19.8699765581678	15.6524825666611	-1.50555039999515	18.7866771628598	14.7618425894716
REN TGFBR3	-0.850952126379222	18.2902385390299	13.6976239988469	-2.95173008096436	20.3861779257777	14.8418351879611	-1.89702686729247	19.5118303607238	14.8344577877863	-1.89502317983508	19.6283637371027	14.6412616754095
REN TGM3	-0.822124954959739	17.3051482675682	14.2535519380897	-3.43426415373991	20.0183457326729	15.1831901996034	-2.00384772465502	19.3405594015054	15.2474378495418	-2.03011053744443	19.0764060688314	15.1939916060532
REN THBS1	-0.660083362813493	18.0608151357126	14.0834430174354	-2.13279458251827	19.1504811038336	14.0868793779545	-1.53052039720844	19.0381222026519	14.998752273477	-1.27710136660943	18.710567191921	14.484095182985
REN THBS2	-0.165669882654238	16.3352438319484	13.3464009569561	-2.56574693893658	18.9569310207698	14.0822040928799	-1.09135717744655	18.5830718737303	14.3729320185882	-1.05959711203718	18.2130638191542	14.1989865200686
REN THBS4	0.181958696293205	14.1834397887095	11.0710268522939	-0.859170437558732	17.1402953603001	12.8826663213899	-0.355548956142965	16.391178221562	12.8255019357329	-0.224282642170403	16.1210395933953	12.4042627749003
REN THPO	-1.31900554084267	18.7474301164447	15.2931238060325	-3.87317264483802	19.8572878309463	14.9240215296972	-2.4126705508486	19.7232215787062	15.4074182887717	-2.31442759589329	19.5257136157809	15.4668310075121
REN TIE1	-1.64891822133242	19.0667145248382	15.3222722237472	-2.4600412811256	19.6310734372787	13.8225321559458	-2.61617647444928	19.5736768055757	15.2009361338905	-2.45984745547249	19.5564556433701	15.0071737774227
REN TIMP1	0.379975636633305	14.5235559459992	11.3060626362005	-0.620826408320957	16.7511421424033	11.7685716590655	-0.145345284963221	16.0850938402486	11.9774337967677	-0.0816696393129079	16.0471092870325	11.9349232639393
REN TIMP2	-0.0847457550638082	16.1363801087071	13.0122951850141	-1.53138612192632	18.7426366615696	13.549352242876	-1.16780129632663	17.949469931559	13.7808672476765	-0.748603963375097	17.8427399439278	13.6877255663549
REN TIMP3	-0.775971230086197	17.9879290778709	14.5505498250856	-2.39173090249315	18.9182198766328	13.7809024548253	-2.44384281086302	19.1008725335627	14.9545995325082	-1.74996824378713	18.7204183033751	14.7155192821383
REN TK1	-1.99664045365567	18.9247572606474	15.32686166134	-2.54094318407226	19.9941657171286	14.4721165249912	-2.1626893490949	20.1572565493643	15.3437647299704	-2.37416134591231	19.8009075097921	15.2873391871083
REN TKT	-1.36956038148446	18.0120524867609	14.1298798057333	-2.71906229438112	19.7147016998158	14.6458748004402	-2.83442499959979	19.8611864500515	15.3455569517736	-2.18099107308114	19.2211128627486	14.7872125550576
REN TLR2	-1.14530404525377	18.5332701245799	14.3255329211025	-4.09736817754601	20.4614619678048	15.3944829811131	-2.04345156086342	19.7011820893587	15.099411933423	-2.35896999918718	19.7632043527804	15.3350339764446
REN TLR4	-1.43919236810322	18.9489353679796	14.9337251704837	-2.74567459979519	20.5966679568083	14.8181798900004	-3.31953591604479	20.2252049642423	15.4765349505506	-2.14630552793098	20.0815683994031	15.1895974198277
REN TLR4.LY96	-2.17641707833792	18.7670789890653	14.7937998032139	-2.16898020014858	19.4112576615732	14.374401993297	-2.01815638361202	19.2357381240466	15.0488513520456	-2.3405508400369	19.3105176848726	14.930952884115
REN TMPRSS15	-0.107650771423529	17.0548029568998	14.2255274570932	-1.73337541217906	18.244873982916	13.9002042501035	-0.943451233209166	18.4673731585931	14.6993425329002	-0.836617882986775	17.9962272528417	14.4410746520364
REN TNC	-2.47781401829905	18.6312059918756	14.7553688327625	-2.05683800662928	19.3425704596118	14.2950251574804	-2.23728415692537	19.7083610203876	15.2666078247684	-2.33340072879755	19.2724578049309	14.8869045503402
REN TNF	0.342576934926284	14.7772870483443	11.8902743323705	-2.5674671675784	18.6703428891418	14.6779752069563	-0.681710025201607	17.4988428706679	14.1185415800507	-0.449110322906604	17.0654031481188	13.6729406262634
REN TNFAIP6	-0.133876168326769	16.3296609072708	12.9271231045784	-6.96011482631644	20.4515841838815	15.410345749306	-1.98168243155277	19.2299166577146	14.8640470615898	-1.47978601847588	18.8039197939753	14.4774722993916
REN TNFRSF10A	-1.22058606220903	18.3864415015143	14.6858070036743	-3.50242221524056	19.9135375925798	15.1039096581075	-2.34090412228785	19.5385418660854	15.2628203278052	-2.72537466274122	19.559972112258	15.3695917437422
REN TNFRSF10B	-0.379183306768108	16.9458135702158	13.3817381112492	-2.27138028715241	19.5885836193532	14.7931176721663	-0.840959509450808	18.518572371977	14.5733961904884	-1.12102821341068	18.6115637081926	14.5329527897842
REN TNFRSF10D	-0.609430278048551	17.8306464048944	14.1114287870504	-2.3335104131463	19.4171046265783	14.9909752054808	-1.49830390237359	18.7053550015528	14.7374474458096	-1.40777902545689	18.7337248628102	14.8003973792626
REN TNFRSF11A	-0.440284735194728	17.5019529694924	13.7665708437436	-1.53351644738591	18.5150962471661	14.5449046235246	-0.99468740151867	18.2747815616911	14.438893788611	-0.899238650124461	18.2017923594963	14.3418616540825
REN TNFRSF11B	-1.67188786557556	18.6272604373014	15.3792525078703	-3.46264636172372	20.9687718299191	15.337953742153	-2.78320156078561	20.1109979214569	15.7646392112725	-3.01312268860291	20.1816276528289	15.7367933187442
REN TNFRSF12A	-1.09355966980615	18.6066867489232	14.7892633844525	-3.1000011187458	19.702999371312	14.8437390873654	-2.38100618522701	19.5758818273623	15.2015094692248	-2.14978788726784	19.4591274666612	15.1252158248999
REN TNFRSF13B	-0.231446606313449	16.7716380126583	13.7783862674738	-1.59456774874385	18.408135222695	14.2145355385269	-0.814319820062402	18.0334386020471	14.4042044817275	-0.846443734751014	17.9621060501006	14.28013658848
REN TNFRSF13C	-0.407258481113869	16.6344440793677	12.4379605691789	-2.72323992133578	19.441479791823	14.5690317749693	-1.28192223061041	18.771129646632	14.1144840134321	-1.32871727130557	18.3739983550779	13.8274707619028
REN TNFRSF14	-0.385420098816404	17.7790178519891	14.0499214763458	-3.12866518723575	19.7687151168222	15.2654724508076	-1.30783726927884	19.0041602418247	15.0957582580951	-1.29189226285699	19.0270431880301	14.9133428153608
REN TNFRSF17	-0.409702379847339	17.4298861323814	13.7297473279443	-3.23593333753823	20.2782243424209	14.9294324230213	-1.65581779082382	19.0556235748774	14.7928108814154	-1.5702110655789	19.1672581649513	14.6566906939954
REN TNFRSF18	-0.833236130236043	17.2861167408714	13.9924093176975	-3.2654380000644	20.2467012330152	14.7377403377909	-1.94770614262032	19.2525301166493	14.7851069633673	-1.87555494435712	19.2040804899327	14.8484809601717
REN TNFRSF19	0.283959921162421	13.7440109291853	10.4461200122815	-0.968528915688678	17.7696874860565	12.8754469620168	-0.313256527400422	16.444992510669	11.9846852496369	-0.283712359503003	16.2640137160303	12.0279180112938
REN TNFRSF1A	0.492538891844485	12.6703410248747	9.55050177973173	-0.147010060974972	16.2707279560798	11.1377799965084	0.139432874104765	14.9496215939412	10.9897813652439	0.209116508698017	14.7307488641738	10.5882924079794
REN TNFRSF1B	0.171206206928932	15.1658195068145	10.8944671275319	-0.52958727340034	16.8307428364281	11.9583063197288	-0.214028839008538	16.2080638936134	11.8337469062996	-0.191314783636228	16.2311416960983	11.7114323053593
REN TNFRSF21	-0.68424181939236	17.3645814320394	13.5810536040657	-2.37955051431245	19.5662281686614	14.5534281334136	-2.0092073544615	19.3261888807759	15.051197118758	-1.40093383398029	18.7548734982777	14.2756693735121
REN TNFRSF4	0.306807711795866	14.6747244782899	11.5500875839928	-0.71880481117516	16.9132340703087	12.9122591853115	0.0435358877860473	16.3689549793788	12.546853966413	-0.0703449776437568	16.1631836381082	12.5223588388852
REN TNFRSF6B	-0.207328825597445	16.995129383426	13.5662753519564	-3.45327900549059	20.2157888773829	15.2784908394783	-1.27522105838058	19.2777934712705	14.9235616094744	-1.2428346651862	19.058332248041	14.8241087536636
REN TNFRSF8	-1.19221844123647	18.2936776525117	13.7237433389078	-0.884976365900974	17.8188051075243	13.2447437255123	-1.09782159046441	19.1625958833076	13.9960705718653	-1.13561379034821	18.3775279735854	13.8527855863013
REN TNFRSF9	-0.243064427952024	16.2557332446766	12.814548785603	-0.8128482283145	17.5957106541232	12.9553979041645	-0.587298429167652	17.5285140258646	13.6040957306537	-0.538677406056217	17.3048548321053	13.228273987201
REN TNFSF11	-1.68150929262949	18.6987053815345	14.3960118267283	-2.74163940659826	20.1765289294151	14.5168751198235	-2.54715981989965	19.4195401288694	14.9569626004352	-2.36271658890348	19.6589686152103	14.777236760911
REN TNFSF12	-1.09045444885961	17.9284014159134	13.7486859057264	-2.35265650835287	19.9794148342674	14.7576852518826	-1.86264089159952	19.4416289345649	14.8524590080973	-1.91209821858079	19.1543714716497	14.6713925938991
REN TNFSF13B	-1.56492618617054	18.502181937124	14.5903230864775	-2.57166141209046	19.7301718558879	14.6347365250919	-3.10205011931866	20.074763732449	15.7130896561879	-2.31841036120211	19.4236996499062	15.1557125698086
REN TNFSF14	-1.26229050503823	18.3660333481069	15.2267198542809	-5.89851854091215	20.5154568012418	15.551453512858	-2.907789321552	19.7662205951375	15.7691813371647	-2.69913921792078	19.5883603178825	15.593404498928
REN TNFSF15	-0.373967225618924	16.563408189106	12.5227012876791	-1.82748137533601	18.8118157207144	13.9542101746264	-0.881004666664914	17.9166232156954	13.4893275493887	-1.06110922288462	18.1549942627234	13.6470439205333
REN TNFSF18	-1.82248882995925	18.4003547799024	14.7872151747508	-2.23558237590029	20.3151518950731	14.0311519613642	-1.97517472946959	20.100728710181	15.1225814166553	-2.21106056997162	19.6656891155368	14.8024970440699
REN TNFSF4	-1.83064764139289	18.5275785573331	14.9376144833487	-4.28701626164414	20.1801400194562	14.9243621737171	-3.42420242704878	19.8134997616013	15.3889725120333	-3.10374058001479	19.6655544754162	15.3097587071812
REN TNFSF8	-1.33956141651247	18.5554469799753	14.9854802843597	-2.75381135902718	20.2935225710357	15.2195792722899	-2.36781068032882	19.9439257081119	15.3852428401934	-2.44138820985368	19.7998283086165	15.4380124273864
REN TNFSF9	-2.23075612914434	18.8254218013898	15.155346662786	-2.87227143438532	19.5639757708477	14.4024388412254	-2.08462336971256	19.2405955676121	15.0330246851595	-2.96517064273871	19.524512231155	15.2304212738907
REN TNNI2	-1.09358705810942	18.8086804029409	14.6304580263107	-3.5620505051189	19.3073663895075	14.3207250010009	-2.46398430813857	19.7759456688937	15.232072154496	-1.93681840776902	19.4489620298905	14.9323073388234
REN TNNI3	-0.243851680513803	16.1035213187215	12.8356033539926	-1.92765637641341	19.1569172485016	14.4177823616704	-1.14046110038061	18.211087642877	14.1112262231998	-1.32944372519858	18.0178741949045	14.0803477613967
REN TNNT2	-0.0246611040142082	15.6257202287099	11.8607981494957	-0.384727634349801	16.3466504476103	11.7558798280361	-0.727136145818413	17.094674308179	12.6573343468721	-0.292577838842376	16.3662987027044	12.1757940716543
REN TOP1	-0.757839560820729	18.2764260590351	14.4342180417187	-4.5814110999229	20.3037193576218	15.0551445655506	-2.48887612106843	19.8452459090337	15.3947902687054	-2.23994765416685	19.6071625559648	15.1011895853236
REN TP53	-0.650361615320262	17.8134972850219	14.1226870576456	-3.46434693865079	19.9764171623861	14.7564349604494	-2.83898006208168	19.6382434090289	15.4225115081952	-1.64859962038985	19.1790655525126	14.7275854593168
REN TPI1	-1.53157841397979	18.349172861594	14.2751751831616	-2.17321565009589	19.689107800244	14.482022633914	-2.20451251473143	19.6909245738211	15.1887785167201	-2.14469618625878	19.2158031754589	14.7272124231133
REN TPM1	-1.92774789942924	18.8957487555613	15.1285842060962	-3.84615207219943	20.055788243706	15.0295184949415	-2.69737252041354	19.8577319233897	15.280692014802	-2.59615753090711	19.657274606815	15.2935028151921
REN TPM2	-2.32600440018617	19.0480040597817	15.5490735684529	-4.07135862914382	20.5446384926198	14.9782669583354	-2.75583014999988	19.9833769551983	15.6235826332427	-3.32026567070028	20.0845469769066	15.7254697904877
REN TPM4	-1.25724684153279	18.4523350876382	14.4580619055174	-2.92357463206134	20.1103937860086	14.9202680792192	-2.16314769662478	19.7848768907655	15.2869272488141	-2.00304468993072	19.4720583642313	15.0472826291558
REN TPO	-1.19668233506565	18.3136993058332	15.0639237803599	-4.87126202065861	19.9806685840191	15.4919199728944	-2.64759978949926	19.6686502063202	15.7227627759994	-2.89158882783453	19.5672437266467	15.6707460623183
REN TPSB2	-0.930293762464583	17.6688465018556	14.3859123765042	-2.78420737928238	19.4030831648899	14.3981546601676	-2.58039366532602	19.4534189020075	15.1621111459667	-2.14324321290452	19.1451667012127	15.0927949034851
REN TPSG1	-2.13208460781125	18.4124636390146	15.0720581022308	-3.82789362860523	20.2994367884531	14.0530309466952	-3.05755155897558	19.6835871037327	15.340220162033	-3.21792194924438	19.810047421512	15.4161704109535
REN TPT1	-1.95091255912171	18.8216632854535	15.0974139247997	-1.83408358950784	19.5755161438394	14.5143498913683	-3.07794505516365	20.1012262402746	15.7137911355154	-2.32996207393525	19.3481011130739	15.1530811471774
REN TSLP	-0.797304819874298	18.1907434560556	14.5009104324226	-1.35438124581828	18.5420677540055	14.1545460068875	-1.1024828659694	18.9437164309928	14.8268031684198	-1.0578537985963	18.587377326616	14.6563540418265
REN TXNDC12	-1.06647269968025	18.7274258883172	14.5708375379879	-3.15295067646128	18.8495076533074	14.2960827922071	-2.48922436675998	19.5880233798099	15.141070271061	-2.42313722981754	19.1307679096153	14.7944931411162
REN TYK2	-1.43592488256286	18.057698942018	14.754642733243	-2.87082167229817	19.5261079556477	14.7734775518211	-2.50401976564163	19.1744142862823	15.278677404134	-2.57571092084764	19.2145085308081	15.3330172206391
REN TYMS	-1.17701800668127	18.7624585132209	14.4301545898272	-3.64867878535248	20.1309549993155	14.9878820072588	-3.51182044517728	20.2561056835399	15.7125559223814	-2.45541177460764	19.6449200083784	15.0615668700167
REN TYRO3	-1.07718494461839	17.9386813911301	13.9013746898223	-1.3088015849903	19.0814257649113	13.920781075545	-1.23029638149045	18.9927206395905	14.4632717856615	-1.2480468906221	18.7768912260028	14.3178584130575
REN UBB	-0.439663942477187	17.1987869448816	13.7966543472309	-3.92203722872769	20.4572267835206	15.4913606392264	-2.46962265006421	19.5674354285592	15.3133478966237	-1.77304927047433	19.181907479624	15.0770856797156
REN UBC	-0.471880195408241	17.109772186426	13.4686956115432	-1.46670073404036	19.0086805313783	13.6363740208112	-1.274267752382	18.4605343289628	14.2377312756111	-1.15014251626315	18.4403895163759	14.0128201639353
REN UBE2G2	-1.38978042181928	17.8896743653056	14.4533464029076	-4.29054701518679	19.7019905628754	15.1220306987083	-2.68307371718102	19.3745205536649	15.3925024130389	-2.88291705192538	19.160454448576	15.3394216200334
REN UBE2I	-0.975757589267623	18.2605414990362	14.3531844596038	-1.70321335859954	19.0237060802688	14.1457819878718	-1.82489037881057	19.3530428312271	14.955301168372	-1.77501913342817	18.9232214021246	14.6235867037917
REN UBE2L3	-1.80874772288857	18.4064497767311	14.3895336699729	-1.29910947701064	18.574842041681	13.4749512645346	-1.62881751660919	19.0963829166831	14.6164822506834	-1.75757356148233	18.7449733346218	14.4633883191974
REN UBE2N	-0.899837233753406	17.7176014601873	13.9847695152066	-1.74797590674769	19.5540437911279	14.3335050861938	-1.82232303236502	19.5084944062893	14.9151763283268	-1.62005244053895	18.8672364851959	14.5209794764076
REN UCHL1	-1.28794557124509	18.9360073516764	15.0457224077127	-5.35717917844894	20.1117523081976	15.0135977372555	-2.42127111995666	19.8201157089238	15.3218610228783	-2.50450052934609	19.7559260600849	15.2946423670428
REN UFC1	-1.64354016537263	18.6894905271808	14.5370495750403	-3.43355347233053	20.0230632702452	14.6242740886667	-3.59934324139434	20.2552917069504	15.760155671832	-2.45742764171511	19.5525608852891	14.9709369015084
REN UFM1	-1.57519413495454	18.4746306834016	14.4185599213573	-3.97379180243085	20.3587650028624	14.7909525252186	-2.79288378709781	20.0569508331075	15.5598745561212	-2.68610694358993	19.6087306221295	14.9007326426885
REN ULBP1	-1.0035878455209	17.4095293951208	13.9663143094104	-4.34235426418328	20.604373729765	15.8218405502963	-2.22149459041025	19.3857502026642	15.1660527056417	-2.30475896580382	19.3159649631764	15.2824742081154
REN ULBP2	-1.4845341850227	18.7654550881065	15.2488044513394	-2.95846156366413	19.3914784634818	14.1899947932229	-2.48294006654943	19.6929920419023	15.4789439195366	-2.77055327521848	19.6997409277383	15.4838755176064
REN ULBP3	-0.813774542203891	17.7980583916061	14.3623072508069	-1.05593019116745	17.9048235443667	13.5926943086201	-1.25854155581745	18.5430781659092	14.558090087711	-1.09378905246539	18.1965903559289	14.4349168336411
REN UNC5C	0.0620465920788591	15.3802816082108	11.8003020674377	-0.678827947307758	16.4563933138635	12.1033563329983	-0.21025940380115	16.1784489410241	12.3606461495426	-0.399732770933218	16.501548306233	12.5331902121447
REN UNC5D	-0.476866123183421	16.6524684137778	13.3634030542212	-4.35140513997179	20.1784966852149	14.6006204812224	-2.33536872569297	19.5730667447616	14.8686055698969	-2.27983253680499	19.1241462895822	14.7062876602779
REN USP25	-1.46024103652337	18.3495585111746	14.7856740696925	-6.52938626852682	20.6550824899205	15.5665747121953	-3.33332402920014	20.0888253492298	15.917138294479	-2.45562490549271	19.7234902582343	15.4551075577772
REN VAV1	-1.11718641781812	18.3823158462062	14.5832763618522	-2.39784612679073	19.5269322909256	14.0091809993841	-3.6935350260394	20.1226533163586	15.6961432010661	-1.96052156539612	19.2445035713161	14.5782968737338
REN VCAM1	-0.402339312040575	16.9434676169859	12.9795198668281	-1.682361154643	19.3941472971197	13.6925313991391	-1.15386099408066	18.7720139628271	14.3804363774645	-0.917761382056589	18.3736334787093	13.6748048466307
REN VEGFA	-0.111442787026777	15.7449379694704	12.7669080436628	-0.652679523393018	16.51905128078	12.5370389574553	-0.39929541493545	16.6769611203359	13.1204644572909	-0.387446954956625	16.4487337411251	13.0063568429311
REN VEGFA.1	-0.743924229750433	17.6609655056146	14.7408793681985	-2.49534102258146	18.9097760735591	14.035539731343	-1.62057327325889	18.9754210979144	14.8587448265922	-1.52699348552195	18.6282410736019	14.6403033358876
REN VEGFC	-0.821135271357345	17.3822994558557	14.1746619612934	-0.670646918956057	17.1817476674388	12.3815580834005	-0.854598775230974	18.2593196942491	14.113619694708	-0.908821355994661	17.5823716859598	13.6249568657346
REN VIP	-1.13927287961219	18.2240893353255	14.7357667374384	-0.895127255295731	18.1106326457838	13.2497647924291	-1.13705617953748	18.6913039408178	14.5096412561981	-1.26729665107422	18.3109337288248	14.283189583386
REN VTA1	-1.23287242374996	18.2222070036383	13.916660515281	-2.205044236982	19.9909601874181	14.3917865269316	-2.40723349144565	19.8222215119016	15.3241587389731	-2.18555426967923	19.3465228766715	14.634453973004
REN VTN	-1.77494588963664	18.992573843516	14.376540610255	-1.92113246714265	19.0341766900813	13.9425792402318	-2.02891164960318	19.1334231649773	14.269940535172	-2.09999683431436	19.2978055785963	14.4536960484421
REN VWF	-1.15805689098818	18.3716928393433	13.7700666982757	-5.46502315840443	20.7490140516319	15.2813696119699	-2.71850823332071	20.1084776152582	15.1402920784233	-2.79596381059741	19.9218178012607	15.10045688871
REN WFIKKN1	-1.44691284079572	17.9723019691228	14.2245279244664	-1.97986185422679	19.2989358597434	13.7763915063374	-1.62219852187238	19.0093020485074	14.4423100241168	-1.78287036780432	18.9656155534235	14.3786658055981
REN WFIKKN2	-2.49871975185983	18.8304872541367	15.1761041501254	-4.63746386431896	20.6997825028142	15.6444423787766	-3.32616400911962	20.2875028633576	15.5543992664062	-3.46819599047675	20.0494049077897	15.6734650139356
REN WIF1	-1.22287375656515	18.2666890780325	14.7282702170197	-7.07879359074697	20.5795442363456	15.85260478281	-2.87455705423907	20.0928419068006	15.7623846294197	-2.99544853265716	19.7152160714834	15.6901227110549
REN WISP1	-1.19846875973689	17.4866549255673	12.765974267247	-2.16891956692605	18.7691641244578	14.5912906040868	-1.80175448314041	18.562197817421	13.8628871431092	-2.07360694869257	18.6182229273402	14.0726264679838
REN WISP3	-0.720408163571585	17.6728227904069	14.358609847499	-3.58664863274859	20.0285771434382	14.950396594374	-2.28673520758529	19.286904713225	15.2171964901402	-1.82382631775672	19.06492691525	14.9848968299537
REN WNK3	-1.11939185857706	18.2175948880975	14.2299029743762	-2.17874617106348	19.5832800243537	14.4398080242482	-1.71910194715788	19.3366392824243	15.0212240245215	-1.73986602931976	19.053446279538	14.6042689704954
REN WNT7A	-1.26223215527633	17.3453993083415	13.8747344234629	-3.60646076110553	20.2826478727227	15.1365811380915	-2.44206374466156	19.2387454309766	15.2249338843233	-2.21913638045454	19.4608625868428	14.9674838404561
REN XCL1	-1.36765365298042	18.1596222475937	14.8775367150023	-4.56915582467263	20.4152757892764	15.4462468901934	-2.08086734182064	19.2777325932343	15.369917691123	-2.37905539807095	19.423499779192	15.4266512845065
REN XPNPEP1	-0.39891202567187	17.2922217686278	13.5589629064177	-3.7824956784236	20.1327178158471	14.4711811626122	-1.59754399288448	18.8702218046504	14.3275252766909	-1.71581103161307	19.0927422190776	14.4793438746965
REN XRCC6	-2.0443551708359	19.2465567177789	15.1471469519117	-3.11024607859593	19.8702089845882	14.8584913330391	-2.86722493896422	20.0111695050992	15.7737021140254	-2.88717804104457	19.8571443777726	15.4268288578903
REN YES1	-1.91354181555318	18.6257217376256	15.0422465016619	-0.940444597877279	17.1474409001551	12.514814805931	-1.21960197839173	18.3199533880281	14.1391427581127	-1.47861978159248	18.0802825608976	14.0258571671117
REN YWHAB	-1.69594811505004	19.1250998229722	15.146349185562	-2.49280133150599	20.0576990368632	14.7186584988413	-3.00408773407526	20.1317746729359	15.6576736109759	-2.33593973651992	19.6854157836716	15.2420888583845
REN YWHAB.YWHAE.YWHAG.YWHAH.YWHAQ.YWHAZ.SFN	-1.88934559264737	19.0857360506771	15.1406365981289	-2.79135884391247	19.9212163329548	14.7518148140451	-2.71673336324694	19.8297940454533	15.4756308761021	-2.52292366019688	19.6339760137024	15.263845554187
REN YWHAE	-1.20718267621032	18.2996137760614	14.5152583946314	-3.52847289338916	19.4217069005416	14.7942626983233	-1.72644372686006	19.247939843213	14.8027168681426	-1.92761386806541	19.2323661068982	14.9961809627521
REN YWHAQ	-1.72907102966662	18.6018713271915	14.9150803184209	-1.74899366760454	19.7805279362698	14.4938083460646	-2.20424071063824	19.5717514084999	15.3778402062987	-2.01554650481309	19.4059507894886	15.1278121681809
REN YWHAZ	-1.20304947499142	18.8269955822325	14.9569894626391	-4.13188635245892	20.5186626241222	15.1134894775411	-3.17533037848183	19.9889579107889	15.5539789857938	-2.25716111712843	19.8183755445849	15.3210932668723
REN ZAP70	-1.72869925854686	19.0101732221616	15.3487514926287	-3.27942274622856	20.4650797285466	14.8389982542931	-2.39878181827258	19.8461411328885	15.4039748670668	-2.6264505163419	20.0607944408924	15.6181667393646
REN ZNRF3	-0.74203648164263	18.0042342293771	14.2901023245787	-3.37345857496309	19.5368353800102	14.518756957072	-1.87434968198543	19.1986510900631	14.9543970496573	-1.88263163659471	19.0514211906226	14.7933567022995
