protein_name	r2_male	rmse_male	mae_male	r2_female	rmse_female	mae_female	r2_all	rmse_all	mae_all	r2_all_sex_adjust	rmse_all_sex_adjust	mae_all_sex_adjust
RNASEH1 RNF43	-2.58390341416778	19.6730723336812	15.6013512851727	-13.9196790985594	20.9529502173045	16.0520217000087	-14.9908912696659	21.2779842198459	16.6372966268942	-8.67946035853275	20.5654244679941	16.1587742453881
RNASEH1 ROBO2	-4.38627974868196	19.6968778451408	15.2746361459946	-1.84377000957235	18.7024121297357	13.3234276843163	-6.3002002057916	20.5845993013905	15.7966917947002	-3.18858815229332	19.6720814512235	14.7570502506232
RNASEH1 ROBO3	-9.0344979957205	20.7761899246805	16.5055542820864	-7.45998037739188	20.0090254183319	15.3130831388521	-9.82504079795675	21.1044679952177	16.2914191853751	-10.1941368516262	20.6079493719314	16.1409880070483
RNASEH1 ROR1	-0.101952733113613	15.5641355719273	11.9284731286999	-3.26696164976824	19.0941966239663	14.4535554223198	-1.22316261833934	18.1225272153713	13.7040454075753	-1.12412888465522	17.6986728370199	13.4554557391068
RNASEH1 RPS27A	-0.695586632430121	17.2596913944829	13.2045963761315	-1.40277626658397	17.4903618673922	13.7925988131596	-1.48405782884331	18.7657450555029	14.8725682800725	-1.27169362641996	17.7989968943138	13.9980871973613
RNASEH1 RPS27A.1	-1.83156457247468	18.7829743644979	14.7045759749931	-1.39180735509496	17.6495305926766	13.9386188999576	-2.11458208961302	18.860420049002	15.1094226830234	-1.87315765146429	18.4309994010156	14.6114032325511
RNASEH1 RPS3	-6.8665042206975	20.94261301059	16.3042915888455	-2.28581358283012	18.8891674998967	13.7709638990015	-6.86875397803553	21.3540448709294	16.2947787491119	-4.48246313660747	20.1379922054447	15.2916055429536
RNASEH1 RPS3A	-1.97016266317952	19.0536035057613	14.8105553170445	-6.16825811631803	19.8690982679415	15.3522455491017	-7.21253583553702	20.6259387283707	16.0945675243496	-6.6870056037991	20.1250336108729	15.8645097853171
RNASEH1 RPS6KA3	-1.52403032545932	18.1294170250656	14.5895531950901	-4.1573302064689	19.7080060735837	14.6391084015612	-6.1429381524964	20.2111011630865	15.9315496965241	-2.89257993546035	19.0848758305947	14.8445368389151
RNASEH1 RPS6KA5	-2.17417732620461	19.5806548215532	15.0854935918691	-2.15867711797936	18.5808188295314	14.320944255218	-2.58232591718111	20.106908209243	15.4701924079753	-2.43341369403484	19.3819543249612	15.1684878858622
RNASEH1 RPS7	-2.68345977989049	19.5958398243175	15.0127833278886	-3.37552361424297	18.8798238043722	14.7437908935731	-2.83501518678095	19.876769647267	15.4042388637088	-3.97032253014483	19.405727344093	15.4411091750555
RNASEH1 RPSA	-3.21971079391418	19.5815514018038	14.4603902008702	-9.42595761827824	20.4839364273638	15.7993204825922	-7.13458099771332	20.9003792175543	16.0016611976867	-7.15688585288368	20.2862387953549	15.4958227606571
RNASEH1 RSPO2	-1.42777785068487	18.2482385847271	14.0842379536406	-1.19900976817779	17.3983212095171	13.5369527169453	-1.63312361134298	18.6952726174831	14.5837317928991	-1.60365498319868	17.9795047834911	14.1658283715195
RNASEH1 RSPO3	0.412218317398419	13.0107079151447	9.51024448909596	-0.0249772205268255	14.5634085842088	9.99584921222441	0.235792894384238	14.2209026552145	10.2347783059666	0.244555935570984	13.9430156165378	10.0440499152899
RNASEH1 RSPO4	0.265426558766118	14.8513080375351	10.6838064448737	0.260189262850635	14.6612714726307	11.056717721757	0.248335056684206	14.9817976973562	11.0859597680511	0.274312769488394	14.8936295965054	11.0160851012141
RNASEH1 RTN4R	-3.83213507530455	19.9488766787399	15.5006668574699	-8.70904247842093	20.0208584661428	15.5474273127743	-4.225302206405	20.8556890408697	16.0904910863667	-5.52861187397499	20.1437444375821	15.7740954348479
RNASEH1 RXFP1	-2.13362987990136	19.2803041950964	14.8926206085222	-5.49535138796779	19.6065199359415	15.0198492420414	-3.68973278673853	20.085139397423	15.4042697803198	-4.33993408726502	19.721959518167	15.3675942766095
RNASEH1 S100A12	-1.9672122076073	19.0582321775114	14.8552251690028	-1.91775629078772	19.1575979260487	14.2607938527264	-2.87700696256387	20.2000132957548	15.5981912633134	-2.05352294736987	19.3634012579407	14.8614047726171
RNASEH1 S100A4	-6.129957761054	21.0707115568599	16.4464583216145	-5.22957849419813	19.023044309448	14.9611598502989	-11.7367772380991	21.0634804463443	16.4175540854585	-7.12697251126002	20.2888677932887	15.950376912923
RNASEH1 S100A6	-3.04032209477322	19.6567183728902	15.4837521775533	-4.27778393732131	20.0520337187322	14.9872519062327	-6.91884244811211	20.7990781355216	16.1785892175708	-4.48923285068331	20.1916340327301	15.5495484410307
RNASEH1 S100A7	-4.00906612247462	19.967833398685	15.9608248573954	-6.45742285842329	19.7630964018911	15.2367568829134	-11.2212358402463	21.1939739269346	16.6539095282393	-8.09840681225613	20.1784957676209	15.9303160032775
RNASEH1 S100A9	-0.0339322242017817	15.7227588910989	12.3451811509105	-1.48463268152729	18.5547881588961	13.6777210769252	-1.0490815879729	18.0843483528394	13.9449621936528	-0.671152650741248	17.3647672021181	13.4152334491256
RNASEH1 SAA1	-1.39365567692803	18.9908322589439	14.8118033995944	-3.4371349236261	19.3923201901199	14.9533710939491	-3.50942656345906	20.0335451913147	15.6010695587552	-2.57937382165688	19.4420128102698	15.2095797457234
RNASEH1 SBDS	-4.36556463960448	19.9749003193886	16.0398884713485	-2.53120640879075	18.8699059494778	13.813568894215	-4.79883349324002	20.5802914138825	15.8353819805366	-4.17617351125864	19.8057320834997	15.2818209354899
RNASEH1 SCARB2	-5.21735177485078	20.1097997165416	16.2755818342803	-5.80652677800081	19.2627514990848	14.5255369090809	-14.1750305329195	21.0613748345217	16.6040933821884	-6.55805916580901	20.2350085009265	16.0638410091064
RNASEH1 SCARF1	-0.45734633639048	17.1212623414975	12.9023834982614	-0.841490879120324	17.0290573472614	12.4025099134869	-0.891830440851998	17.9268541047215	13.1881931018211	-0.637255276765071	17.2504842524871	12.7819915236547
RNASEH1 SCARF2	-3.88941685061005	19.7272251592549	15.6001076402276	-4.86788925587973	19.452405744397	15.2389613679389	-5.04057194689079	20.0977300865729	15.8568957261345	-4.66526826348773	19.8188244534202	15.7495835339485
RNASEH1 SCGB2A1	-4.8166627526949	20.4690261420836	16.1197554589404	-4.05040649123037	19.2350268990413	15.0007124773273	-9.52800869108051	20.5261043123841	16.3770924507599	-5.17713521169743	20.047186564457	15.9702069490895
RNASEH1 SCT	-3.9225695317271	20.2779063663689	15.6627441405051	-5.28099715896912	19.6997583835176	15.396049904715	-5.93495945033333	20.521613736903	16.0358405573973	-5.19767798755868	20.166430974577	15.7619959514061
RNASEH1 SECTM1	-1.53713533063113	17.7458385857676	14.0190778592415	-1.22757073917183	17.9405599540003	13.5083946951791	-1.68090220514133	18.8260803076539	14.4111019437564	-1.3687575962203	18.0490693794234	13.9834362935812
RNASEH1 SELE	-3.20104113923757	19.2663421324477	14.6911896244316	-4.58734193766338	19.4758401439201	14.4137146515473	-6.98883829140061	20.7408840226308	16.1198431134477	-4.7657199413331	19.9142807915476	15.2436192294047
RNASEH1 SELL	-2.20492758891179	18.8776651164573	14.6628099786531	-3.2627595717926	19.0837822654322	14.0951250475256	-3.89611572388688	19.5237030009317	14.9960775495944	-2.7687275325679	19.305371940242	14.8049125190816
RNASEH1 SELP	-6.0256356810308	20.575143528801	16.0534688587897	-2.76049671742912	19.2654901958484	14.2666511608356	-6.28447268623977	20.5482870213588	15.8693124069819	-4.55854497333761	20.1194702335302	15.4152250342242
RNASEH1 SEMA3A	-2.36732495179686	19.4925410070379	15.0005365409956	-5.06447718539052	19.2655602470709	15.2170180329297	-7.31513002422863	20.2750003021527	16.0762473992415	-4.15068060165061	19.763539025583	15.5321510801572
RNASEH1 SEMA3E	-0.575196613320159	17.4653511047404	13.0490390637659	-4.58733696733067	19.5570793687311	15.014012576029	-2.38587889980018	19.2465454145783	14.9158119437476	-1.8250639850016	18.8923784783276	14.5171792764033
RNASEH1 SEMA5A	-9.9037451886411	20.7568815776825	16.0841480061686	-6.51031587692782	20.4101169882806	15.3008774315564	-9.49919151744618	21.1810856405281	16.2618056890223	-8.17269401417981	20.8817866360605	16.1532202631409
RNASEH1 SEMA6A	-2.63085217533057	19.4393467278794	15.34545216742	-2.92973740199317	18.6067436802367	14.3861806589983	-2.90842692122048	19.4575227964094	15.5121760132235	-3.05671162898691	19.2334571242165	15.2231916761629
RNASEH1 SEMA6B	-9.31057698599583	21.1882720292837	16.4454097577654	-6.4168156638345	20.3737345844528	15.4664943981135	-14.5262258483581	21.3452432381991	16.579375456505	-9.56831173610515	20.9429537430383	16.2164118526123
RNASEH1 SERPINA1	-0.265231440391854	17.3270028341545	13.6671449833219	-0.771633951341627	17.2244705758455	12.8877243840795	-0.848845230454386	18.0339572568214	13.9277281613386	-0.692533832228665	17.4197980248932	13.6792111904931
RNASEH1 SERPINA10	-2.29871487635906	19.2722271787123	14.4244308911467	-2.81055154061132	20.0062237985347	14.4383139959832	-4.84419608778989	20.4561202649	15.4051846581434	-3.04281659976917	19.8732399315383	14.7952921292371
RNASEH1 SERPINA3	-3.01993974392027	20.0544855989071	15.7552156406531	-5.86122408699937	20.1477570307238	15.183714917873	-8.47008696197915	20.9485172228005	16.1445844886881	-5.25142724039767	20.3702790905014	15.7861657888809
RNASEH1 SERPINA3.1	-0.680379820913683	17.7321514928379	13.1255778243376	-1.06842380311017	18.1624951144268	13.1510522771518	-1.42988907066233	18.9775736048058	13.9945783204898	-1.04326038149921	18.2518997939387	13.4463121237567
RNASEH1 SERPINA4	-2.6019090086912	20.3782702664873	15.1185350909951	-5.68163723906891	20.4592816524177	15.1901506429381	-5.11032096817796	21.1208129469476	15.8262626718386	-3.95047139300481	20.5347544075242	15.3952550158256
RNASEH1 SERPINA5	-6.62516478957359	20.5386056148467	16.202380946887	-9.7121522005309	20.747852593539	16.1677243509025	-13.0386901442007	21.2123774300397	16.6398964282081	-8.99275047070459	20.9019241234616	16.3565254539276
RNASEH1 SERPINA6	-0.615207311750691	17.9838196558671	14.3513869431508	-2.8155358468893	18.6465846149051	14.777949525704	-3.99895518196843	19.8401570211758	15.9530977222245	-2.81912642207936	18.7841520271653	15.2629930375545
RNASEH1 SERPINA7	-6.04696338202015	20.2657770519451	15.6871329925801	-4.46122004798847	19.5436412458512	14.8476777031233	-10.6045075438818	21.165333771337	16.4886644174626	-5.7877955839336	20.3405266743983	15.8561675856779
RNASEH1 SERPINC1	-1.0574787412756	17.9991100466863	13.7991819344189	-2.40855349813145	18.444967415455	13.9193625620885	-1.93282502970868	18.8903072315637	14.439925457464	-1.8430360513805	18.5519673883845	14.2112056644492
RNASEH1 SERPIND1	-6.85575031874492	20.5525859611056	16.0471279790148	-3.09312144899787	19.892901124062	14.5008201844627	-7.68127415419374	21.2805891382859	16.173232944293	-4.99978608146214	20.447700469237	15.6196550065498
RNASEH1 SERPINE1	-6.42278384348745	20.2581240513687	15.377872916619	-6.67292010053223	20.0536638810223	15.2580556425978	-9.11422685960354	21.1598479761312	16.2636171079754	-7.46470530388159	20.4429766760185	15.7028759478752
RNASEH1 SERPINE2	-4.03759830275562	19.8696677851706	15.6704590148656	-1.86182717787167	18.8261881833797	14.1313532675877	-3.71175483357319	20.4244063919125	15.7755678721162	-3.02554457508404	19.525903403577	15.1790000318809
RNASEH1 SERPINF1	-4.44005468473626	20.3895411575269	15.7232560450043	-2.78471606233941	19.1937559969106	14.2855144186309	-6.40001816816424	20.922364230598	15.9969264845887	-4.17632379025293	19.9318047537867	15.2337837234055
RNASEH1 SERPINF2	0.339499858933578	13.0831553700293	10.2308524999031	-0.702908982156815	16.9987507368553	11.8847750618663	-0.345707990370397	16.1533664377178	11.7854979340984	-0.11744646041139	15.4271950556468	11.4182835155836
RNASEH1 SERPING1	-4.44112972086218	20.3511416072855	15.9580914973628	-5.52557414160977	19.5305301667607	15.1744553196394	-8.86442673935212	20.9385586591955	16.4937873654215	-5.86543010284911	20.1678009159914	15.9511583437394
RNASEH1 SET	-2.00193335805977	18.6049349649385	14.5809058663191	-7.18318319520803	20.0658980357948	15.2808807985088	-6.00237475825553	20.2745028216175	15.53632401009	-5.23831865928445	19.6790078345697	15.3356001424762
RNASEH1 SEZ6L2	-5.36104346014514	20.0224477940843	15.6628904799702	-2.09705592310559	18.9282694268361	14.0554759794993	-4.18635892421496	20.3822830828959	15.4337947980911	-3.38162309672558	19.839267748282	15.237354351686
RNASEH1 SFN	-1.39269242377062	18.295631999319	14.493826348134	-1.32103593445939	18.7826891223918	13.9700539786926	-2.27982820250041	19.5046812759777	14.9852978979511	-1.63121792309427	18.9250923560591	14.6530555260965
RNASEH1 SFRP1	-0.694975291945174	17.4968869120153	12.8835021379589	-1.05914426608264	18.2501150251301	14.2203290276811	-1.2268359506995	18.5367534458201	14.1305207194916	-1.07807784492154	18.0060299409211	13.7112498344176
RNASEH1 SFTPD	-0.772338658266584	17.7412959724573	13.8130111369643	-1.1586194744479	18.1352281629987	13.743972048422	-1.3905484767202	18.8823463494669	14.5928026195689	-1.28332959886846	18.1663586570755	14.1968478498086
RNASEH1 SGTA	-4.6924494478309	19.8936077107963	15.5093482981915	-2.28675858324403	18.6775678051205	13.1520857722256	-5.40453889559353	20.8280403776928	15.7758145294543	-3.96849552238428	19.5932065799376	14.7706137000032
RNASEH1 SH2D1A	-2.25580269958765	19.2255050123145	15.2487707070317	-4.11913162556502	19.082184637588	14.7478367924913	-2.74582487717885	19.6213950827812	15.294071253797	-3.26638604027244	19.630958672588	15.3490804122448
RNASEH1 SHBG	-0.412852117608677	16.6770066441875	12.7215578299102	-3.33228597204211	19.2512285562522	14.0424793130103	-1.69931642123987	19.1265125309373	14.1975581473671	-1.64883431588611	18.4161505701267	13.8533491720824
RNASEH1 SHC1	-18.0818386099948	21.2194222787264	16.799899957796	-2.65261786416746	18.8126745214253	13.7660446657643	-8.25337553863067	21.0701062948913	16.3320565814936	-6.15597042446326	20.2514740996535	15.5124184971887
RNASEH1 SHH	-0.416763682686924	16.6506219269115	13.1977527334799	-1.10602026494523	18.0466041223032	14.2531745346945	-1.06742986686638	18.3608218710651	14.594977245428	-0.792230086873134	17.8469281165514	14.1495377044976
RNASEH1 SIGLEC1	-4.02364521661007	19.4847972345899	15.281587299189	-5.78102500057441	19.3444099477804	15.1629087645757	-4.2428377768817	20.1228441145225	15.8596176218857	-5.27708223273641	19.7526459700688	15.560433716377
RNASEH1 SIGLEC14	-5.74111246835981	20.7251498070733	16.0722852152659	-1.32578239099765	18.2956592000831	13.569977047587	-2.09790435770818	19.9368902830973	14.876204912528	-2.87675029809655	19.6386866185055	14.9870754963571
RNASEH1 SIGLEC6	-7.42510109479204	20.5250605447535	16.1058821301151	-5.92235679660195	19.3076187021151	15.1495115588834	-9.06201243730904	20.7736821988873	16.164199741679	-8.73710076781594	20.4102134609111	16.028810727155
RNASEH1 SIGLEC7	-8.24608773259918	20.1488571646504	15.8983001059844	-7.97756221639927	20.6496549065562	15.700719549894	-13.3824973976251	20.9465859935602	16.3642280814706	-10.9347974115164	20.669951269685	16.1362571830517
RNASEH1 SIGLEC9	-9.61555307287733	21.1444165167563	16.4904077716324	-7.99011880552506	20.1378085874274	15.7319919957883	-12.5690030791985	21.2566322256586	16.4899172061364	-10.3338164903996	20.8513834950124	16.25311013551
RNASEH1 SIRPA	-2.55592915598123	19.2945927450709	15.3153734889148	-4.87885085771003	19.568466512061	14.5141605541942	-3.68144726606505	20.3712466714923	15.5871561441188	-5.10255440641367	19.7824620305678	15.4324232797433
RNASEH1 SIRT2	-6.13690879193694	19.6243391454586	15.6386868239566	-5.29618231216244	19.7213836190227	15.1880407822052	-7.60430795487815	20.5952235454532	15.9617229629992	-8.13659867167667	20.1722481482373	15.8141803239551
RNASEH1 SKP1	-0.985423221210882	18.1518486049522	13.8954555845525	-1.50487584975924	17.9806625790389	14.2149527575848	-2.12060488666146	19.0512268975879	14.7413553040145	-1.62509588534556	18.5364086597844	14.5828456461448
RNASEH1 SLAMF6	-10.9967325152737	20.8229624496227	16.5531513657623	-6.71008699003764	20.5704912164619	15.6458056193183	-10.3638478245563	21.4243652219349	16.4246041460539	-9.08586687709207	20.7891700107814	16.1853981014331
RNASEH1 SLAMF7	-2.09730246160441	19.1947492425623	14.6409104838983	-8.32256611623658	20.3170172657873	15.4990207168604	-5.95320841833013	20.9002633658612	15.7643885575668	-4.82150250492984	20.0604768911229	15.4168489430167
RNASEH1 SLC25A18	-2.85783911149838	19.9728321555209	15.7849805141831	-8.77547916510327	20.6845326744195	15.7888462993027	-6.03992387032664	20.8068107655519	15.9926974089699	-6.08364547899301	20.477993714065	15.9954121494068
RNASEH1 SLITRK1	-3.86468955073862	19.6898864049645	15.7216331062055	-3.2145765934196	19.4993970159894	14.873769300002	-5.97300480219485	20.6468760133379	16.2579468756473	-4.38926249132997	19.9349021556964	15.6671182183518
RNASEH1 SLITRK5	-2.93038015483185	19.1134596183614	14.9723025161506	-5.32022597562571	19.7267273031172	14.8996270697784	-8.33176672666184	20.7928176036049	16.0947476314676	-4.21547049328925	19.6116191458934	15.1947321864813
RNASEH1 SLPI	0.324387881919703	13.8650248988965	10.036875452684	-1.93774775657538	18.3466531531094	13.2120371778247	-0.450625877002379	17.1586358682062	12.737210648309	-0.355721079928961	16.4814128467799	11.8514441568149
RNASEH1 SMAD2	-7.26879175598133	20.4743745231505	16.5565423061642	-2.14617655097531	18.5542797299787	13.2697562861305	-4.52922009449368	20.7406712738699	15.8871632791998	-4.36841296596597	19.7985568981228	15.1144141613338
RNASEH1 SMAD3	-4.28823147566292	20.1840725221274	15.8076366764041	-2.35268229164906	18.8954066724033	13.5846209861544	-5.99473447989473	20.7684497786226	16.0533735300364	-3.73050310843617	19.7798939134883	15.0060481251224
RNASEH1 SMOC1	0.41462359087408	12.9250570480241	9.03258983338252	0.0493993029886926	14.7362704922851	9.80984603731493	0.139211653369947	14.6034131575668	10.2744504214552	0.290115469071763	13.8321529636288	9.58741393794876
RNASEH1 SMPDL3A	-1.42488325891434	18.8404580903	15.0288430725125	-3.57508529371872	19.0792221466882	15.1302456549031	-3.2056312755442	19.67932857608	16.061248096015	-3.50583334747987	19.3511994932012	15.6101236784353
RNASEH1 SNAP25	-4.09593483928494	20.0599507809956	15.6719463675666	-6.48968955555968	20.2879549668429	15.4566211387799	-11.1554553022183	21.0724822534659	16.6057280348782	-7.33710607216656	20.4838601872293	16.0516579991173
RNASEH1 SNCA	-3.46071548563231	20.1440591897305	15.4189522676638	-4.67766544488238	19.6429714505455	14.8785900498572	-4.65182449781819	20.8078020434063	15.8164486349951	-4.1659897442411	20.1993631123999	15.5095177076894
RNASEH1 SNRPF	-1.3141690851634	18.3041958760946	14.4908332626057	-3.67744416925818	18.6818743958198	14.6482394427205	-5.03922751527171	19.6597844414892	15.6735311371934	-3.0553387567525	18.8201950797354	14.9763785226101
RNASEH1 SNX4	-4.07315407689941	19.9039943540648	15.8218403852468	-4.17389614444284	19.539814860521	14.8349351692333	-6.49649518482131	20.7337257041063	16.1120022602222	-5.03043651711895	20.1826093631327	15.7284995161999
RNASEH1 SOD1	-1.11877291169927	18.3908379995619	14.0526665518434	-1.03471036395226	17.3552721506014	13.5202200630757	-1.24333175550828	19.1315052596029	14.4743688080889	-1.23014509366552	18.2364392583014	14.1628152261946
RNASEH1 SOD2	-2.79604220559583	18.9375690329598	14.722766686071	-0.557155084668711	16.961873346796	12.5173372026292	-1.46238917765713	18.6988175270367	14.3869901026567	-1.50669233302164	18.1506749039295	13.9308976248103
RNASEH1 SOD3	-0.606922935785184	16.9922301999617	13.8312445829413	-1.26288290598753	18.4318725832595	13.0818482556807	-1.41658724639493	18.5990843316886	14.2966910902927	-1.02829962567879	18.0123075260016	13.6830710576547
RNASEH1 SORCS2	-3.10465469263599	19.7866776492068	15.4346422725159	-4.41914374921838	19.5072613943264	14.7655740119521	-7.27386665068378	21.0379491987914	16.336936981569	-4.81092968778988	19.989507212148	15.4704716423937
RNASEH1 SOST	0.499768317718178	13.0652357210709	9.03471137080524	-0.623877321784355	17.9130748729287	13.2845885240902	-0.243518124588418	16.9704903432057	12.7445982104164	-0.00186397329742571	16.1267572274214	11.8054380540681
RNASEH1 SPARC	-6.29209994988764	20.4119766193983	16.0772735694928	-2.75491530021946	19.15141301647	14.3090984108977	-8.54204382879429	20.564786993504	16.2638009089784	-4.57640864476003	20.0888710882308	15.5473887156051
RNASEH1 SPARCL1	-1.14344429195462	18.4023160314401	13.9298563278443	-6.53738579157299	19.9290592673712	15.4526460393831	-5.01383086858358	19.7781191086111	15.8955553014452	-2.738683655666	19.2889816891681	14.889790690289
RNASEH1 SPHK1	-3.82332357585034	20.1665208004776	16.0104155387372	-2.39566249356034	18.55686776554	13.582634830584	-4.87501162681163	20.5781561459169	15.8746002741623	-3.58434812041759	19.625398153948	15.0809193076883
RNASEH1 SPHK2	-5.16410269546192	20.7277595491986	16.2044739089187	-6.80040602734619	19.8020440169996	15.146547103023	-13.6343519967305	21.0989466367205	16.5092139888564	-8.20577400683555	20.5586282993771	16.0693888732419
RNASEH1 SPINT1	-1.13120215168099	18.1076650935151	14.3882180147674	-2.05925808918429	18.2808394062153	13.8815175696742	-1.60305599143556	18.7501583094362	14.6498821390992	-1.62788723205357	18.4301183828221	14.3683543539943
RNASEH1 SPINT2	-7.20240809385032	20.5181318179754	16.222614685654	-2.2723812253288	18.833270501893	14.5356909603686	-5.68156630209945	20.6341740783612	15.9377668734076	-4.39496698903727	19.9264988242866	15.6185192502355
RNASEH1 SPOCK1	-4.80842887045858	20.1102567530084	15.6777644079962	-4.90976292629396	19.4003663238926	14.8459846914427	-5.64994240064288	20.3862256796749	15.5616619802712	-5.89345648470099	20.0082350940269	15.6252788898191
RNASEH1 SPOCK2	-3.80737943115059	20.8194775447067	15.2701270084541	-3.13055598727796	19.846299047618	14.5145309786326	-3.49961980257565	21.5126713792778	15.4898800746321	-3.77217314923501	20.4896198074168	15.1499640585906
RNASEH1 SPON1	0.284745641471851	14.277332816262	11.0667867749391	-0.645820616047729	17.4116868944675	12.530697187973	-0.123186213977986	16.4468959573471	12.2995023990238	-0.105446083824523	16.1620818787857	12.0866508845782
RNASEH1 SPP1	-1.19084625150255	18.9172530975435	14.0008650854131	-7.39231144847185	19.8132739578912	15.1224563202464	-4.31086601729332	20.5862971463795	15.6150217877173	-3.34616844365433	19.6565826753155	14.9910046429615
RNASEH1 SPTAN1	-4.32649506275908	20.8159949716456	15.9983511016879	-6.33924876100676	19.7863792565167	15.662251013448	-13.7971936504935	21.1607709819124	16.6358778598785	-5.92387582507914	20.5315550957295	16.0976148533247
RNASEH1 SRC	-1.86398684072131	19.712490083472	15.2339997078216	-4.19084488582791	20.1125069294074	14.6113776202282	-6.01753450727932	20.5071870663174	15.9937939805238	-3.00968040374139	19.976715212556	15.1553123534652
RNASEH1 SSRP1	-0.98587155091592	17.5437557991184	13.9091376849008	-4.73922936265421	19.465811133811	15.0094682829656	-1.79250651715611	19.272516278426	14.8342586241424	-2.938178242357	18.9027507640952	14.9145556991741
RNASEH1 SST	0.143623401341955	15.1798898621606	11.4993962242124	-2.77258630188979	18.5967352761865	14.6774010476912	-1.5821897025483	18.7586829058717	14.7359154219616	-0.900954906315268	17.1649900320988	13.5035591235246
RNASEH1 STAB2	-4.91827788802309	20.0869492407782	15.471106637068	-2.8232234413628	19.5649323956132	14.9136437567744	-5.09278711194177	20.5625613308596	15.8163282662317	-4.27518339035382	20.0298659639669	15.451366186964
RNASEH1 STAT1	-3.93288354121786	19.6137504561033	15.6452776456633	-1.46207240917349	18.0237268430776	12.731949583787	-3.00673802875041	20.0664039474308	14.9363612696452	-2.99555719417124	19.3938916662096	14.6400874370915
RNASEH1 STAT3	-14.4645590439948	21.0259794880796	16.8166994973426	-2.48650738455829	18.8455339494373	13.8219121401436	-5.73369303640548	21.1280813987002	16.2574518892195	-5.54044961450824	20.2518190496224	15.5258638423746
RNASEH1 STAT6	-4.72524363623496	20.2920381696211	15.9261875923168	-5.20210157841353	19.9259937092296	15.3770245149405	-9.23846057278999	20.8642630351709	16.298242493289	-5.82236174987971	20.2508327673747	15.8488955558166
RNASEH1 STC1	-0.136249779104625	15.4321721537428	12.1985588875719	-2.57498629152002	19.0116243506311	14.0228582931963	-0.871763324133771	18.2431037399235	13.8591776779739	-0.884535762550865	17.5062254380217	13.4447847190811
RNASEH1 STIP1	-6.15307758876876	20.4117593173899	15.5528773935058	-2.98664591750979	19.3887612030365	14.4983977150331	-8.63992322797544	21.0962694908367	16.2115058338285	-5.17911557444789	20.217474847629	15.3652701387421
RNASEH1 STK16	-6.71943005086881	20.7505661900245	15.9421824225477	-12.1992607241771	21.1874862789316	16.0629336599492	-12.5785357271171	21.4703040560665	16.4699359816415	-11.9812788140101	21.1512077399191	16.2665465628234
RNASEH1 STK17B	-7.22411273544377	20.3750361166758	16.2920464432118	-5.62590660390184	19.4000879685454	14.8111857542235	-13.5152764414707	21.1407137777798	16.5456881223112	-7.95541866188777	20.2039000582402	15.8215207009051
RNASEH1 STUB1	-3.08096663967191	19.4828590381767	15.8611125819468	-5.53989061319454	20.6489753384038	15.5367365400654	-4.75576176507708	20.3960456577943	15.9080936478825	-4.13822072569359	20.1435453137183	15.8742097193177
RNASEH1 STX1A	-10.8523173818641	21.1923820904556	16.5019702393058	-6.65173022211213	20.0165132425614	15.1301218600009	-13.6049413213687	21.2517004312072	16.4228292877955	-10.683521649713	20.7724812695527	16.0888025583428
RNASEH1 SUMO3	-5.24758866418626	20.7228337671104	16.0700257402976	-1.30917424694271	18.8871391549974	13.2931378934017	-2.41949465259205	20.7653530843333	15.1714492755444	-2.73148244979707	19.9168239997541	14.9163731012538
RNASEH1 SYNCRIP	-4.51345648717023	20.3601214730774	15.9036100610905	-2.81143051895504	18.8963510805876	14.1183085080709	-6.29677108615956	20.6233433920058	16.0540261617656	-4.03904799409595	19.966936719236	15.2687574327332
RNASEH1 TACSTD2	-1.83789376732048	18.9198286399893	14.9312595621631	-2.27503172666261	18.7907384400549	14.7586245651571	-4.31205081159624	20.0898080263664	15.9538496120769	-2.58280019619518	19.1755261086819	15.2053692937934
RNASEH1 TAGLN2	-4.56763533519518	20.2836833539446	15.8271092387197	-4.52191379533155	19.8752636420175	14.9141521733555	-6.07409831243829	20.9168890413955	16.0011373776713	-5.01617396959801	20.2986556232203	15.6811274582142
RNASEH1 TBK1	-3.51211333249825	20.5138620024541	15.4434357298438	-2.25905944553041	19.0127896561289	14.5252804925766	-4.17629650304231	20.60867547641	15.5767751312038	-3.82526144379125	19.8987671698108	15.3914522870746
RNASEH1 TBP	-3.46383792598188	19.7886069082963	15.8741520946683	-7.2595586695699	20.0034809985837	15.2321177372509	-8.46338096113824	20.4643487341505	16.3856447041048	-6.01991102889667	20.0989967420078	15.8942753797089
RNASEH1 TDGF1	-9.46846030425529	20.3634744438187	16.0766475754327	-6.2360542225709	20.0379282583464	15.0427270608868	-11.3212806326271	21.2165322785493	16.5827318858724	-8.66990429697768	20.4351423446837	15.9574975330889
RNASEH1 TEC	-4.61730305843285	20.031674507058	15.9806631920064	-3.08348602448696	19.4375543127689	14.1263578986066	-7.92807395388643	21.1491468846019	16.4778556123652	-5.36140174062731	20.1788594064494	15.4883293836155
RNASEH1 TEK	-6.49739823381805	20.2686899794031	16.0666029963154	-5.30622100537935	19.9693559530904	15.0968617021352	-9.7331934631394	21.0710610509556	16.2799913272923	-6.17327497064059	20.4367219143188	15.8573356992362
RNASEH1 TF	-1.95371792702983	19.272393601529	14.3767280804857	-1.8261341600722	18.2549776043592	13.9246594876603	-2.58151628180685	19.4098899065251	15.1602574999983	-2.13792564654136	18.9105324224109	14.4573221780043
RNASEH1 TFF1	-3.65244477537902	20.379338993942	15.7178585403538	-4.84854288908844	19.7896648990092	14.9399131032786	-4.43834793237086	20.3553166630103	15.9011781982837	-4.22151698396099	20.1174026895375	15.6625178890482
RNASEH1 TFF2	-1.26704655305299	18.1120568084375	13.8786058460531	-1.45907276407914	18.4274771830137	13.582726049184	-2.25091390782366	19.3435616647511	14.5625458841073	-1.78096643030051	18.6384568342079	14.0804625887125
RNASEH1 TFF3	0.406010184517547	14.0856212096634	9.87422423641942	-0.816445372878599	17.5844988564856	12.8064211311173	-0.105821712757642	16.2747524085586	11.8265069626738	-0.0282235966860465	16.0035312299803	11.4462953555008
RNASEH1 TFPI	-2.79916465862271	19.8566397701958	15.3896306933558	-3.28074093554024	18.7606903911421	15.0037066229758	-3.35634757522287	19.7062690017946	15.4644289666192	-3.9425937729293	19.5139880162418	15.4139430373082
RNASEH1 TG	-2.19536644382759	19.4117417140191	15.5069577876935	-7.86359083382827	20.211042517393	15.2577416490445	-8.77652136731703	20.9042930666089	16.3878750315625	-5.00127393266721	20.2018485173128	15.6311558128762
RNASEH1 TGFB1	-1.52176024445408	19.6761185626926	15.0425522296632	-2.33114471285238	18.7685939382004	14.5989925596167	-2.43298963926707	19.8843816698163	15.3263378302991	-2.58662190291133	19.163105025705	15.1186530578785
RNASEH1 TGFB2	-2.65296312088672	19.1305882857494	15.0327620687386	-3.35403212789395	19.5355571926346	15.0856076906341	-3.90759021947534	20.086621852855	16.0121017840039	-4.06943712680406	19.6141376259967	15.474495274885
RNASEH1 TGFB3	-1.91663369718564	18.4877518069196	14.6703703288604	-2.36041619585836	17.9074775256195	14.1420160917129	-2.04417127705557	18.9734964010553	15.2216714746939	-2.32988255082103	18.5391216686886	14.748964367872
RNASEH1 TGFBI	-3.49007322674236	20.5079768373602	15.9824781746323	-5.919660217578	20.2546007305778	15.6619763525493	-7.45701177972843	20.9524874787715	16.3042103719453	-5.0609936175754	20.5702025711698	16.0150770004872
RNASEH1 TGFBR2	-3.60383145028067	19.556143633003	15.4910573852871	-8.89016764841027	20.4270031854296	15.6231096710342	-14.7528003480569	21.3377738105483	16.7211572959873	-5.30430501819214	20.1484362995028	15.9009359270134
RNASEH1 TGFBR3	-2.08079200177416	19.8557883797386	15.246985410131	-5.61293507996661	19.9704425684403	15.186220076135	-5.94415951234262	20.5122814975242	15.903542370414	-4.13713308920217	20.0663291371098	15.4469235146207
RNASEH1 TGM3	-3.42305206261059	19.925372397965	15.5106429210879	-4.38802523630433	19.4037220625624	14.7124410350309	-6.60795793371774	20.5906550384726	15.9949368100323	-3.72039121532783	19.9517440743532	15.4453621999419
RNASEH1 THBS1	-4.41937693320528	20.7754726050532	16.4568200251099	-1.73464233766451	18.8618779859147	13.952578984212	-4.71302805222738	20.0923003581407	15.9311115931445	-3.09460421242774	19.9853987023051	15.4133181958323
RNASEH1 THBS2	-0.85241178063125	17.3393633808428	13.6434892108835	-1.46818085678189	18.3187310944177	13.1598198053878	-1.338379797253	18.407803487797	13.9298503629903	-1.15486084493575	17.9154591926432	13.7839159009876
RNASEH1 THBS4	0.29008024281114	13.9960468923399	10.7356881043241	-0.401162958099738	16.4399989067384	12.0186886083335	-0.394804231910006	16.16619801059	12.20145668541	-0.19726244863519	15.7906318223067	11.7977940595074
RNASEH1 THPO	-2.35339508215353	19.504872842635	15.3181908013347	-6.04657357414107	20.3124619881783	15.4836396943656	-6.05205907276112	20.3707880380729	16.0996465110496	-5.26967631576345	20.0761876033526	15.7870215981088
RNASEH1 TIE1	-7.1443637064579	20.9876423680753	16.1290564189716	-5.37280259416298	20.3281927711115	14.8387000279897	-8.79101176115906	21.105446676581	16.2990428328862	-7.06328212590534	20.8329507493037	15.8367287942768
RNASEH1 TIMP1	0.264628615866947	14.3071600648836	11.1912760747011	-0.408662435304912	17.8526786173947	11.6170587826963	-0.29776231033668	16.9174114508957	12.1910322876878	-0.047034153230076	16.5322196224726	11.6920105065656
RNASEH1 TIMP2	-0.645432183651255	17.4011695039257	13.3184811896365	-1.06329497289092	18.0648868512255	13.1105553090262	-1.28907121050937	18.5974026343231	13.9174448293451	-0.923619674870555	17.8854496618913	13.4402678425641
RNASEH1 TIMP3	-6.28862672364842	20.4550827317409	16.255249367277	-2.23710894677675	18.8724109119779	13.9096353138908	-5.92480263832708	20.6158303578796	15.9793357022063	-4.31780907912916	19.9912215867697	15.4828155828353
RNASEH1 TK1	-6.28608990102521	20.3617195799275	15.895018138422	-6.0219929792361	20.5257048550108	15.6618483940753	-11.4056668601072	21.2437905562989	16.3574258679571	-9.27962589503996	20.7344468636518	16.122096876767
RNASEH1 TKT	-3.99191833454966	20.0632683110365	15.2134793851325	-1.92117126045811	18.9580206571407	13.8953930073286	-5.12600865623413	20.7410758260165	15.6981355575157	-3.45822902021297	19.8967340863773	14.9140318499029
RNASEH1 TLR2	-3.47433698153254	20.2819789281141	15.6015693577313	-8.78297722256105	20.4344695958923	15.5867378717611	-7.82794441274133	21.1232906376284	16.3575536948994	-6.44202190963115	20.6210001133419	16.0045672966951
RNASEH1 TLR4	-6.73394104862281	20.8494277273286	15.9954682210496	-5.39139871326007	19.8043334136329	14.8778916624645	-8.17068639638542	20.9231673248654	15.9993244342014	-7.25435811100772	20.7327293291647	15.7935661616308
RNASEH1 TLR4.LY96	-9.09026706154721	21.1132446814904	16.6478997370438	-2.38051113270843	18.6448195280459	13.9110179553867	-9.11063876108952	21.0006148726155	16.4023668367864	-5.77117826480161	20.1526452932708	15.6319717210038
RNASEH1 TMPRSS15	-1.83261683294717	18.8253922093157	15.3564208295729	-1.12603240921642	17.6423280677761	13.7004045479519	-1.64214758874104	19.4043881663121	14.8565444968858	-1.7451720179579	18.4422426029051	14.826949500452
RNASEH1 TNC	-5.38832291547005	20.1807364322702	15.9956322634535	-4.42163900166977	19.9212754455543	15.106610705992	-8.38907610846345	20.9037528473472	16.4777431638834	-6.59354093175409	20.3126904806222	15.9194090039826
RNASEH1 TNF	0.170070358337323	14.6673653651166	11.2268948986389	-1.8456098626362	17.8301601093493	14.2303382329061	-0.85252187549124	17.3739226140356	13.6328442658958	-0.494058183758284	16.5977548026906	13.1509847758288
RNASEH1 TNFAIP6	-0.46874979420978	16.6277340281574	12.3959116120571	-4.91397189335164	19.8177667566525	14.7673705848099	-1.84842384279389	19.3897124661111	14.4628151848396	-1.60697049578018	18.6037981430647	13.9183671403282
RNASEH1 TNFRSF10A	-2.9552296206098	19.3910251630348	14.7849749656332	-5.3144632139663	19.0328624828621	14.7270523392307	-6.20782104036474	20.2130908969869	15.7763989605558	-6.90327821640138	20.0662458667076	15.7087838529128
RNASEH1 TNFRSF10B	-1.16480253747176	19.0628671457517	14.8755000479967	-2.51894559109668	18.9948227839658	14.3101110483573	-2.17993691695648	19.2965830139595	15.1098152625709	-1.93166759328928	18.9913345691137	14.7275359150488
RNASEH1 TNFRSF10D	-0.539930460691958	18.0238122086658	13.6605394561267	-2.53096502824731	18.3456627386321	14.4994308029265	-1.5470393506819	19.4667716982913	15.0878076750614	-1.55462384870149	18.6428107783626	14.5359433084822
RNASEH1 TNFRSF11A	-1.23211380598685	18.4285573157279	14.4027797697128	-2.70203681541935	18.3660555994071	14.6970400759023	-2.53082651889868	19.2359330471586	15.3174692281602	-2.48979914429817	18.6134899703444	14.9231011857127
RNASEH1 TNFRSF11B	-4.92013976684	20.4556461784553	15.7929363748482	-7.33924928974197	20.5358583393366	15.7038252854714	-12.1842101777498	21.3763485658572	16.3689008557584	-8.22580760586813	20.6880114817132	16.0149731523207
RNASEH1 TNFRSF12A	-3.69344284166324	20.2225245934869	15.8851104669415	-6.28522040895698	20.3719785376224	15.2282475759374	-8.13910143585425	21.0363129669277	16.4676600553782	-6.41491380370309	20.5062598613096	15.8521629860675
RNASEH1 TNFRSF13B	-0.120714949834793	15.9920531883696	12.3534207739088	-2.18778653878678	17.9669827686173	13.8315626630822	-1.29802572307243	18.073304975184	14.1552645610509	-0.937125071770009	17.4699955691741	13.4680659842453
RNASEH1 TNFRSF13C	-1.27777832960083	18.867279684711	13.4848978714722	-3.69955261595483	20.0388731522231	14.8021106521757	-3.05071440869475	20.1108150547737	15.0670982385302	-2.27465239993065	19.7106165333679	14.4897963158163
RNASEH1 TNFRSF14	-1.29201867555453	19.1636169523609	14.724795654639	-6.01721417773648	19.8364979643512	15.1866673283992	-5.33737478770102	20.030890213055	15.7509130899394	-2.88399792790419	19.5683334361875	15.2535478491633
RNASEH1 TNFRSF17	-1.31861697312581	18.4330721616055	14.1376229304621	-3.63096721559764	19.6116146570482	14.4061312331837	-2.43681180647696	19.9927445016938	15.0332237726494	-2.25271388834932	19.2569453604703	14.5901404287939
RNASEH1 TNFRSF18	-1.17304969007589	17.8832511473513	13.9223207053466	-8.29099647151203	20.2111917775128	15.3717503001981	-4.47059531649746	20.0252376450011	15.6015748082456	-3.85249514214265	19.4035162832048	15.0717706431629
RNASEH1 TNFRSF19	0.206570213368103	14.0113173456124	10.3148466491414	-0.739333086209382	16.7638953028708	12.3856759202186	-0.405859969428757	16.5149993245062	12.2851667079807	-0.226317478739907	15.744637072396	11.6737565421621
RNASEH1 TNFRSF1A	0.581363029612586	11.9607265373148	9.17945172469508	-0.0125790662797602	15.0082411848887	10.6246673251223	0.215837301615506	14.5519154110545	10.6112893112293	0.306933208937791	13.8059200475059	10.1238772300005
RNASEH1 TNFRSF1B	0.149340366569131	14.8239586491516	10.5109720200258	-0.268781867514464	16.2071815768317	11.5559051314344	-0.233060935188039	16.3578394696662	11.7887910019476	-0.10800158858972	15.7261967026981	11.3143622508939
RNASEH1 TNFRSF21	-0.561703937889344	18.2671299058972	13.4238764055192	-5.66524345373711	19.8959645690464	15.0534604623589	-3.34456190909364	19.6685852829036	15.4269436592973	-1.81593883171657	19.3034209402353	14.5739025843592
RNASEH1 TNFRSF4	-0.0358532297516319	15.8796600332299	12.0423815592992	-0.254572519517834	16.4539444721581	12.3460066928478	-0.17150640412498	16.5941798304332	12.6806091357182	-0.127736812286623	16.3002949189025	12.3793025430769
RNASEH1 TNFRSF6B	-0.89049023915356	18.1768786396845	14.0460193247229	-3.05864433981731	19.1649668836246	14.8422203245776	-3.15317800087993	19.8157466872174	15.4337064435905	-1.87527711975514	19.0115062220092	14.8611792451455
RNASEH1 TNFRSF8	-2.8736660379773	20.8898563936024	15.1726126484468	-1.41121716258144	18.1890881943981	13.3389021038333	-2.22986925466068	20.1479787371737	14.6597302932713	-1.92309857991958	19.706621587729	14.4126319007199
RNASEH1 TNFRSF9	-1.13997428654197	18.4787457131636	14.1696809598998	-0.674764479325981	16.7739311487286	12.5967992383422	-0.940901905196285	17.9326395962392	13.9031186832431	-0.984947262997169	18.0441631315259	13.6677820565751
RNASEH1 TNFSF11	-3.51294615301416	19.5016299339254	15.0188856406421	-6.30458849803639	20.0190882789891	15.3544894077553	-6.98239912764594	20.6528759856719	16.0282398502603	-6.16142938437005	20.0730023339182	15.5775470697709
RNASEH1 TNFSF12	-2.54968073495623	19.6395513353654	14.7559707556979	-11.6099786364056	20.5897267327298	15.9965242680827	-8.6313293759013	20.7617933591265	16.1287118989937	-5.88922073906664	20.4316938038153	15.7729095337985
RNASEH1 TNFSF13B	-8.49499289773091	20.9133187069822	16.4054257455536	-10.2990971685577	20.5796583659163	15.5275516212929	-12.6319722737092	21.4020241905607	16.4984978448676	-10.7217487425981	20.8556275817538	16.2603157579854
RNASEH1 TNFSF14	-3.26282319542705	19.8362270068263	15.9845468454076	-6.66646538849205	19.7407803498367	15.4005543093766	-7.93204314191367	20.6486410743266	16.2747500048443	-5.4042445286075	20.0313469965993	15.9286266334227
RNASEH1 TNFSF15	-1.53918629282063	18.7651083223872	14.2515674981387	-2.86900912128386	19.7330183666323	14.8628658557004	-2.64729841565827	20.0552851561882	14.9502833826918	-2.30686099029267	19.4340041325625	14.7076770284315
RNASEH1 TNFSF18	-3.85897281841713	20.1562692629179	15.1653270347749	-5.49378918655078	20.2474242993727	15.0426566610181	-7.17301325762657	21.2881219117781	16.0953771936408	-6.19059637867376	20.6415152778855	15.5931140624612
RNASEH1 TNFSF4	-7.25104922951366	20.5928793342343	16.0342120900474	-5.27937494716917	19.6681665297844	14.8639092315815	-10.7052441046491	20.9806194419107	16.2416205134226	-9.63316509757806	20.5530288231948	15.9599018690899
RNASEH1 TNFSF8	-2.87920522979687	19.8343185069222	15.0663075525463	-8.86247353594501	19.9137761757108	15.511161326885	-4.58645546595371	20.5301624200954	15.6074607408953	-4.58891077050493	20.1316112029596	15.5846210749153
RNASEH1 TNFSF9	-12.7755114907354	20.7994202989534	16.6924863019738	-2.63879893835647	18.7066511739194	13.7110092795816	-6.88954237341101	20.6194003859517	15.8721956227115	-7.83524018126524	20.1257395805824	15.9390703378911
RNASEH1 TNNI2	-7.74803973030849	20.7039933708907	16.1516490143759	-6.00851616011359	19.5794093923792	14.9844711387959	-11.3621073941862	21.1548066368568	16.34496789808	-7.21023776152926	20.3992943839386	15.8795952071022
RNASEH1 TNNI3	-0.525014616500919	16.8508334959276	13.0966019347073	-2.47874425362442	19.1707442806002	14.572017446104	-1.14881910671395	18.579863613548	13.9874624608556	-1.21890977178463	18.2090882098753	13.9816014021023
RNASEH1 TNNT2	0.0161429860748533	15.3183049250311	10.8075081828282	-0.344067101956424	15.9875615235095	11.3173276138257	-0.596993960669969	17.5121892449191	12.5315650981064	-0.16500123288168	15.9594493458919	11.3795469579304
RNASEH1 TOP1	-3.28921050506029	19.184811988948	14.5741732874271	-6.70317342849203	19.7566603575212	14.8210596942362	-5.43780723253009	20.4996749493307	15.6816698120106	-5.17596079752695	19.7108969384367	15.0353391224875
RNASEH1 TP53	-2.49725025044834	19.3367153430651	15.1393886468175	-6.49554824590771	20.2705006998611	15.2803116342383	-10.4850204072444	21.1502000643654	16.4072426242508	-6.96772834314502	20.2907017891896	15.7817589843626
RNASEH1 TPI1	-5.29789100714355	20.2213808416253	15.3987970971724	-1.8577412814135	19.1403193816997	13.9494319482012	-6.67973739699964	20.8365060009208	15.8723473554164	-4.27289333746231	20.0186572645961	15.1497315761666
RNASEH1 TPM1	-5.61422093869317	20.5101208268019	15.9134780635678	-8.90976370290464	20.3023509745779	15.4277189354326	-9.12160582666003	21.1479055046753	16.1427563577076	-8.23136174127868	20.6289487651914	15.8884677415032
RNASEH1 TPM2	-4.00782614895285	20.3035463652167	15.7995902997983	-10.0466950123093	20.7422938041432	15.8556935303891	-11.4056539521822	21.2206686150252	16.3970524695291	-7.81205918569953	20.6908161719721	16.0800506485101
RNASEH1 TPM4	-3.60331886055639	19.8516982858546	15.6038930229488	-5.14090441548697	20.4549597738836	15.3954606672214	-5.59942250522241	20.4528169996594	16.0364027819826	-4.42104844302071	20.2886954265376	15.7018299960766
RNASEH1 TPO	-3.41557921449822	20.4312607231831	15.9339930206058	-10.1159627657403	20.3272015881884	15.7909782390642	-8.15860220758945	20.8751375442459	16.3410235423772	-7.51944242589057	20.621619675017	16.2307256758833
RNASEH1 TPSB2	-4.37682526565098	19.4323081154946	15.2680585514231	-5.73742426570375	20.2143176878068	15.3640757811314	-7.5265189937247	20.5789495588878	16.0254730763008	-6.38637504894519	20.1766196249976	15.6575601149133
RNASEH1 TPSG1	-6.70297423495854	20.0066132443174	16.1271403161318	-5.23904034125008	20.9460618845951	15.0341639170415	-7.5978678220221	21.0281677589096	16.2653726210335	-7.64301492365518	20.3953624720454	15.9931376179443
RNASEH1 TPT1	-8.20128392824088	20.6295501986102	16.3895197945244	-2.60081981307143	19.4209943196364	14.1664829996527	-3.74219455971326	21.1522638353025	15.8361226849834	-4.55233821316132	20.2941354260242	15.4735386454612
RNASEH1 TSLP	-2.81421005057354	20.0791549958107	15.2703400453466	-1.50717279934095	18.0672733829277	13.8502628468575	-2.28477798915682	20.0327250946937	15.1701306054567	-2.45848107827638	19.2734541823932	14.939710624993
RNASEH1 TXNDC12	-7.42675136089467	21.0333641708646	16.3019002547501	-5.47577394933933	19.5472778044681	15.0339531412196	-8.97808946009052	21.0116313006302	16.2070487960193	-7.6293001431724	20.4940497282669	15.9453907888726
RNASEH1 TYK2	-3.902856580745	19.356239729118	15.0827874091448	-4.93401692915323	19.5900004345651	14.5896090206924	-4.74726285604418	20.0019368329268	15.2575551887966	-5.30275524398399	19.7301099940443	15.1634883943233
RNASEH1 TYMS	-4.76937343269274	20.5671372421447	15.1706581407497	-6.65015021949873	20.3757766163476	15.52086126072	-14.011212026119	21.4455936014265	16.5179509588798	-7.09415488662672	20.6594704653311	15.7608264069027
RNASEH1 TYRO3	-4.15923285400615	19.965304471413	15.482751873417	-3.72873230518945	19.0446547493357	14.66402945618	-4.85426013409018	20.0773737332902	15.6727333039148	-4.07007420605729	19.7658399092898	15.4151272084714
RNASEH1 UBB	-5.40988494265776	20.565754547489	16.0910247544006	-8.33742814324605	20.0717577337674	15.3239615940592	-12.886770927544	20.9767207025331	16.3715448529588	-9.27214929243079	20.591405899271	16.1372904851553
RNASEH1 UBC	-1.19400093334672	18.3629761162839	14.0517100150579	-1.54925073702263	18.304888715914	12.9566993060608	-1.63814521177891	19.3269636426634	14.3423122563374	-1.46836981718884	18.6309575862255	13.9268037413701
RNASEH1 UBE2G2	-2.78345685773471	18.959662636662	14.7859500053843	-6.18083427733232	19.9533599700444	15.1275237843594	-4.63398369711899	20.4074196408223	15.6966068837348	-4.33735211950312	19.6578302189014	15.2761221368018
RNASEH1 UBE2I	-3.13533076110938	19.7899675364687	15.0274703944536	-1.7459190351266	18.7018374102553	13.7604090916757	-3.4061248595851	20.4279183360663	15.3915040363315	-2.97212873770631	19.5829139675297	15.0228110087993
RNASEH1 UBE2L3	-6.61593521647194	20.4488185278409	15.7716991920989	-1.61021596487491	18.6685235536425	13.7344918168205	-5.55585967930497	20.5303217253063	15.663527469562	-3.77844788643664	19.7999717364632	15.1981380408583
RNASEH1 UBE2N	-3.63281075716894	19.7396579447536	14.94950595284	-2.23312709782895	19.1085023251003	14.1734253073473	-4.37818546564382	20.6484944329304	15.6172146664758	-3.37097841791983	19.7534164266741	15.0144760061789
RNASEH1 UCHL1	-9.98750592437842	20.8531761716163	16.6083241295015	-6.25871246427031	19.8390472762994	15.3349248301975	-14.9509572233151	21.0636421412634	16.7032948741731	-9.65221494598986	20.5913190518183	16.3573322144133
RNASEH1 UFC1	-4.89165619096382	20.4668843926619	16.2435804153258	-2.77274211912521	19.5942017711451	13.9209649692643	-6.70202249041197	21.2080030257756	16.3425889808194	-3.83988258478697	20.2987030164686	15.263864094811
RNASEH1 UFM1	-2.16360789158207	19.4052213421597	15.3196854600586	-3.77227987502254	19.8244474213944	14.519613104876	-6.00346044847797	20.7050926202148	16.1805318783419	-3.402392812064	19.849731863266	15.1321129861345
RNASEH1 ULBP1	-4.32134995056099	20.1388743464462	15.7175026739	-7.38418793589557	20.2161579560683	15.5967089659852	-8.83948797545998	20.7639127309688	16.2407156078435	-7.37296576653586	20.4122778593139	15.914453305962
RNASEH1 ULBP2	-5.12092775991797	21.0280648673945	16.3142997987216	-4.69605010185812	19.4600640749778	14.2312254649414	-8.77813543081592	21.0546161474636	16.091321799614	-6.99441002158123	20.7929804631666	16.0066392967268
RNASEH1 ULBP3	-2.86986879029343	19.7824962974675	15.3136010609074	-1.75220328980649	18.2822423303012	13.6409420039377	-2.69502429567135	19.7771377672099	15.2566872109327	-2.66720737883405	19.2948814707466	14.8951463661698
RNASEH1 UNC5C	-0.0420299228017826	16.0141611161967	12.1139511246694	-0.581571657146878	16.3404011664608	12.1338979884717	-0.278583155114939	16.6793446225362	12.7563937614548	-0.228144157163638	16.3211761593731	12.2998562637387
RNASEH1 UNC5D	-1.40567462491375	17.9936238745	14.2040873429872	-4.46997752229575	20.0378633541086	14.9232351732608	-5.06265042348686	20.38910174206	15.6261942901353	-3.60563049637693	19.4799068988532	15.0651943054514
RNASEH1 USP25	-2.60263219868466	19.7892377002144	15.0367038711265	-7.62873718681136	20.3796423730125	15.3554846714986	-8.65156480919783	21.2693732242772	16.1532442752734	-4.9793963414549	20.3160753196705	15.5134360844235
RNASEH1 VAV1	-5.87225620773719	20.1953352631486	16.1856527124692	-2.76836119948149	19.2988793142784	13.7941012167056	-10.0516204834236	21.0182688898899	16.3806072866638	-4.33446402930164	19.9958797745191	15.3245227401795
RNASEH1 VCAM1	-1.11956482656168	18.3598079525121	14.4824762069433	-2.0272962745875	18.9773462646815	14.2890499884132	-1.78563790523565	19.393019946257	14.7864530125719	-1.37001114280776	19.0619763008695	14.5811586271295
RNASEH1 VEGFA	0.0621367615575682	15.9490361284292	12.2340083288533	-0.436200148396193	16.1032816364263	12.1711098998155	-0.496152778117644	16.6716030298057	12.9586533448109	-0.256609520340279	16.1150551675484	12.4423373401517
RNASEH1 VEGFA.1	-9.66558447922892	20.8941243382546	16.7522014467708	-2.58133633970365	18.9489981140338	14.4840842079011	-5.31190172061561	20.1930484361336	16.0284887201144	-5.07687237306312	20.0618719805507	15.7739605174296
RNASEH1 VEGFC	-1.64421109914549	19.277976726247	15.0830610713797	-0.656380693916927	16.8295263095112	12.0002019926572	-1.37392094539842	18.9313989666662	14.129679793665	-1.37806299396344	18.3988793427879	13.9638771874876
RNASEH1 VIP	-4.9457718229373	20.3068384235274	15.9111476478983	-1.53378780041341	18.439365563091	14.0142188457942	-3.73527520841863	20.5397262726186	15.7221353539885	-3.31346242786074	19.7021545521619	15.2251754277181
RNASEH1 VTA1	-5.70907018112323	20.5972244393542	15.8236856248232	-2.84365191739661	19.1933579653542	14.1376943168439	-7.86511993291129	20.8265659496803	16.1541270380647	-5.46924865003664	20.1031739112612	15.3379716853909
RNASEH1 VTN	-3.15200087107119	19.6632523651554	14.6378520975995	-3.08462941521562	18.9148539228957	13.9426322941019	-3.02584749320951	19.936617123245	14.7864597150887	-4.07408124018006	19.658313360525	14.7547298368494
RNASEH1 VWF	-7.45618109491969	20.913519563568	15.5294218417256	-9.31432206428804	20.3872776178175	15.6460648326818	-8.72717024761841	21.3908347869629	16.1364885376326	-9.0116350008079	20.9499784284776	15.9117590550543
RNASEH1 WFIKKN1	-2.10798100071301	19.0856198356823	14.5218606426255	-2.40848418986482	18.8345243156325	14.1109921257926	-3.15037112665885	20.3525799928164	15.2023871554398	-2.41510629563682	19.4426703486991	14.7459581458706
RNASEH1 WFIKKN2	-10.7500153373235	20.9054814399004	16.3059004534603	-5.14583847376391	19.7804591152687	14.986050476977	-13.5289368505873	21.2575821116697	16.6415352593896	-8.22197226951219	20.5866469976397	15.9571550053194
RNASEH1 WIF1	-5.19730615547808	19.8923187546012	15.8120715385669	-8.25687837530928	20.2391720434324	15.6200808376911	-10.8572652866821	21.0044076603873	16.5002161164611	-8.90561128371091	20.477673318121	16.2237677442423
RNASEH1 WISP1	-4.95197151750706	20.3696638586801	15.5809073849099	-5.70643552181304	19.7680148410857	15.3082352419515	-6.65062149448794	20.6518281705122	16.0538829663108	-5.97880235908118	20.2411445126192	15.806007112855
RNASEH1 WISP3	-2.22472580302091	18.6062096566035	14.9393035982355	-5.405485308922	19.7800379687911	14.984868214429	-6.56919551903884	20.3732385747672	16.1925087322503	-4.1880052640422	19.5282716562897	15.4916342567093
RNASEH1 WNK3	-4.74380913256732	20.1690979377584	15.6934916094556	-4.80934937456656	19.5418181458375	14.876113289541	-9.41069030591366	20.8751748495973	16.4399407215721	-6.66936935121043	20.1866860756994	15.6475174892109
RNASEH1 WNT7A	-9.70939385938195	20.9221064448533	16.3877083121353	-3.9528248842561	19.2880514221085	14.3191040805551	-8.60822552408214	21.0917584180354	15.9812184457755	-8.29111550963968	20.4892617845786	15.7401140436263
RNASEH1 XCL1	-1.70502619613228	19.0510805540186	14.7887227906344	-6.32689774867736	19.6628036612284	15.1652621767471	-4.40629657399407	20.0184409139512	15.8864716877246	-3.24600400203081	19.4414010029948	15.2091547757559
RNASEH1 XPNPEP1	-0.692447950366165	17.8957515008802	13.8619472713635	-5.12153225843226	19.3765974631652	14.7358805726965	-2.93036051970003	19.6262692610088	15.0774980966845	-2.1038119164954	19.0573651772894	14.7136247382943
RNASEH1 XRCC6	-11.4213475501893	21.0457499971379	16.4972918467714	-3.266313548178	19.4638584588753	14.4625527413412	-9.79689733974327	21.3070939483862	16.5963587120581	-6.81932907512474	20.4206275577512	15.7254580726702
RNASEH1 YES1	-4.00399431704215	20.050254040056	15.4860965637174	-0.749657692224921	17.4932363942339	12.4665842634384	-1.90121716304975	19.5689952996163	14.4941521687857	-2.01430888290282	19.1210724777983	14.4162754655164
RNASEH1 YWHAB	-6.94867068168279	20.8826291108127	16.2811688412482	-2.96901931681817	19.7612153302648	14.6342857269895	-7.14935040711609	21.1825785630662	16.3724082619907	-5.34968576107929	20.5172496390782	15.7503761783465
RNASEH1 YWHAB.YWHAE.YWHAG.YWHAH.YWHAQ.YWHAZ.SFN	-6.83041080522654	20.6664806342825	16.1278176426544	-3.04293027139321	19.5224476634811	14.58662734217	-4.70323066063815	21.0754146283313	16.1627108181405	-4.85106996301466	20.3192502639778	15.6492681085239
RNASEH1 YWHAE	-5.98686015992797	20.5186292207301	16.0215536320752	-2.50464871477176	18.7374002536189	14.1709641414398	-5.28913530000994	20.4089650024601	15.6910881412734	-4.42270212395605	19.9068890670294	15.4469760901416
RNASEH1 YWHAQ	-7.72181000720618	20.7295597737213	16.2578624848248	-3.72874693117991	19.8327911172865	15.1951842086869	-11.4839110201093	20.9235153977671	16.3988528640285	-6.34800289419713	20.4629522439335	15.9960071328325
RNASEH1 YWHAZ	-4.4278060121675	20.2287226677419	16.0802254580555	-6.55420580049904	20.4539090536532	15.4889036351852	-7.3250048294598	20.8343853549706	16.1707034032585	-6.30213802923579	20.4904367804196	15.9883197325685
RNASEH1 ZAP70	-3.07716691761233	20.0702836944579	15.5074519680304	-11.5617701390541	20.7513770702627	16.0449699594412	-12.2792391829494	21.3297162542738	16.5367170871458	-6.43931697955679	20.5787012621569	15.9723869299035
RNASEH1 ZNRF3	-3.10430707439057	20.5288787030025	15.6786537494954	-5.08156963102879	19.0528543999991	14.4056221795322	-7.41880849924156	20.5403518108852	16.1447569178502	-4.63085086483443	20.13650221321	15.4566803840558
