protein_name	r2_male	rmse_male	mae_male	r2_female	rmse_female	mae_female	r2_all	rmse_all	mae_all	r2_all_sex_adjust	rmse_all_sex_adjust	mae_all_sex_adjust
RPS3A RPS6KA3	-1.70984577950464	18.263158313148	14.1347356783732	-5.22358932454199	20.3532398048579	14.7083340373414	-5.22484869520768	19.9184691348077	15.3888073214603	-4.35185351523389	19.7070789800324	15.0242546427984
RPS3A RPS6KA5	-1.95879273019895	19.0112782539873	14.881891058367	-2.0901087095076	19.1016963947733	14.6288708261766	-4.70847661381988	19.9655023410253	15.9009512896179	-3.01057966010927	19.5399774300625	15.4870572239772
RPS3A RPS7	-6.05706596660686	20.3657068862449	15.8815387169871	-3.65568891900117	19.1689325084806	14.4143343034343	-5.21333969815948	20.0710630712861	15.8979119355238	-6.46998824672629	19.9995351221461	15.7211284820166
RPS3A RPSA	-2.03970124390172	18.8459017643249	14.3337605120262	-19.1366550463311	21.390048319589	16.3388181742246	-9.10379744255486	20.9012840207335	16.2660077295247	-9.14435926542937	20.6160738845302	15.8829705138538
RPS3A RSPO2	-1.27913358562545	19.0513648588701	14.876644455081	-2.37940261463444	18.4843988728901	14.4115310799886	-3.7979360261144	19.3654782301038	15.5009562249917	-3.12834645995205	19.0045452820427	15.2618050972327
RPS3A RSPO3	0.54568218911666	12.860345626794	9.13960438031288	0.0806222337012457	14.6875816570036	10.5851778622624	0.324046866053972	13.8881678050184	10.1691123989259	0.321625150631863	14.0547175896775	10.0413903396092
RPS3A RSPO4	0.325042720304822	14.3169373163884	10.424337042587	0.40066507018216	13.4327870158124	10.0546196719283	0.293755780745084	14.4718510956994	10.6393131668719	0.301080659357905	14.3896815952719	10.6624224642096
RPS3A RTN4R	-4.6999671142956	20.1341308605425	16.1746581096576	-5.90079074109838	19.9185027654799	15.2479719249145	-10.4171013501301	20.6970306303935	16.380086881187	-9.24006768092713	20.5514736234894	16.3471877400088
RPS3A RXFP1	-2.45893246466435	19.4166804567121	15.3804644493624	-11.6450699712423	20.2229893435303	15.5776297664008	-4.79713894290052	20.0863281674738	15.7676051153092	-7.74468161701984	20.2661756086545	15.9866109076304
RPS3A S100A12	-1.46518671494019	19.350566803992	14.7218462075971	-4.08340703676704	19.7536187716493	14.9954071867218	-4.32565664631392	20.580510141163	16.0412598693168	-4.09984277904394	20.1009280216255	15.813168032663
RPS3A S100A4	-4.5079147608561	20.2780599246956	15.591865073082	-14.8573727065816	20.8395258476125	16.2177788520569	-10.1713365525408	20.9480752694796	16.2840909810157	-16.6846267604085	21.1387455955166	16.5451893761323
RPS3A S100A6	-2.5341669524792	19.9747245625143	15.5485506528615	-5.01441444761286	20.822440864646	15.4271363011799	-8.10707315085481	20.8427103659518	16.3851978772778	-7.96319786534721	20.8211132749465	16.1897014641854
RPS3A S100A7	-4.32009934804682	19.677894736771	15.7006282258597	-12.8226357022566	21.0082197522231	16.0710769192822	-14.8781690129652	21.3352516568325	16.7335874631495	-17.2508798897576	20.9913155892113	16.6024920569934
RPS3A S100A9	-0.582967205826101	17.6442568036493	13.583166422833	-2.30338576094876	18.8359141355933	13.9983575271383	-1.53125754053798	18.7344903791224	14.6376154853677	-1.25770603297974	18.3432903772612	14.0862691719479
RPS3A SAA1	-1.8578259176004	18.050228810122	13.956715836031	-7.35688338356604	20.3441252720595	15.5036924292979	-4.73776619307136	20.35530361757	15.661222483301	-5.05319521585891	20.0227554417439	15.4866000955031
RPS3A SBDS	-3.69058232457007	20.0524892469119	15.5625705287708	-4.03440369200328	20.2465974694118	14.9995330418912	-6.21823259448512	20.7338532334694	16.0366907968288	-6.21145895928385	20.6507974730614	15.9803517757618
RPS3A SCARB2	-2.29416509609163	18.7729895298361	15.3978938575121	-20.1972533619732	21.1068672862938	15.9959459731544	-16.6493835882149	21.1095322215586	16.8476899825852	-14.0133391071574	20.8589002288513	16.7140023072017
RPS3A SCARF1	-0.570900629160365	17.1825076398971	13.0540037982063	-1.31043266317645	18.4416358641223	13.5333017885527	-1.0090301508266	18.0864902047051	13.5419830919683	-1.08704617571839	18.0722559248376	13.6765965045942
RPS3A SCARF2	-3.00257137555109	19.6296099220601	16.0936377262079	-15.1321563966759	21.2842142511688	16.6503051287229	-4.73222584290912	20.5905938520835	16.6161116561206	-7.67469422473405	20.6958420801263	16.7128721039602
RPS3A SCGB2A1	-1.42403907172181	18.5057098223034	14.4003653144306	-4.67750337542555	19.1641057939749	14.9616717646377	-5.3541800514127	20.0557664422827	15.4316321188427	-7.92347184083343	19.8353728579816	15.6708311276084
RPS3A SCT	-2.13278797825161	19.7139248075249	15.2985909009875	-7.06887951620331	20.5354396389717	16.0178528413102	-3.69511855497506	20.5648967336159	16.1349463345192	-5.30479247123635	20.5045711261818	16.1628022004855
RPS3A SECTM1	-2.7617122224621	19.0810375389716	15.0436016631802	-1.70608631436214	18.4310621739335	13.7012741831756	-1.78066908346608	19.1561592666399	14.9025989414723	-2.06878841199962	19.0464026066933	14.8203734234216
RPS3A SELE	-3.75535356543167	20.050739218741	15.5650733563301	-6.07177619542224	20.769268594554	15.0290346226307	-7.84635962516216	21.0190519902384	16.2341924030884	-5.58035314372289	20.9670247673832	15.8395664308751
RPS3A SELL	-2.20142251918299	19.0475932316582	15.1086228512759	-5.8633701613518	20.2801716273106	15.220572092963	-3.78596066066156	20.0230961179066	15.6246336842504	-4.06346378006264	19.9833042035027	15.5892646061125
RPS3A SELP	-5.21227192109515	20.6982310736093	15.9765019543063	-3.64562832925884	19.9045974641252	15.0587563883642	-12.3677676484405	20.9947776144111	16.5378556921523	-7.95667241024341	20.7555065362233	16.2312983805853
RPS3A SEMA3A	-1.82898474985294	19.6295476738958	14.9220388927188	-6.4146379193714	19.885913075494	15.622827515648	-8.29951823323763	20.6841661202498	16.3902108248248	-7.4484288631099	20.2079585096808	16.1205256925092
RPS3A SEMA3E	-0.830306206933155	17.7282322273587	13.7225961114565	-4.73221598429501	20.5147277250955	15.6532116244014	-3.08710024155953	19.7436120238536	15.3893765124805	-2.64665882004246	19.7061870083223	15.2212945411904
RPS3A SEMA5A	-6.8791723920826	20.4666846229645	16.2451089912759	-9.72135662600442	20.7440282792861	15.6941968566312	-10.126199540043	21.3330355624787	16.4443579439542	-11.8188942932908	21.2903959059174	16.3982326961258
RPS3A SEMA6A	-1.14273710248279	19.5883406695568	14.7924842656198	-2.84710867481281	19.4926916093562	15.0652020639681	-2.98683197869342	19.734066053162	15.6705523063336	-2.93667131543678	19.7461717490293	15.5060306336324
RPS3A SEMA6B	-4.46600575962524	20.857710699661	15.916463406299	-25.9565170841514	21.3393721233686	16.3044399380089	-15.0297167430497	21.4707658401474	16.5185109451494	-18.1038579212216	21.5295935573987	16.6267667470899
RPS3A SERPINA1	-0.908030357629172	17.3901859004385	14.0280649026563	-0.888765678061226	17.7122572734684	12.9581929216131	-1.05661632116467	18.1713782833746	14.2517675931629	-0.930054385322393	17.8145537696356	13.9939213802604
RPS3A SERPINA10	-2.55773004782371	19.2685757741309	14.3673117523283	-3.6270317314488	21.045358587497	15.0249931677252	-5.64507531738422	20.9489743487151	15.8104403960123	-4.58710487462127	20.7820436501723	15.4247791710233
RPS3A SERPINA3	-4.39133151088274	20.2063307192399	16.1871988626191	-8.17709716820028	20.9759654678413	15.7087956477592	-5.64082774060492	20.9469471761374	16.1909903147284	-6.44592622095132	21.0663416659417	16.3054316995724
RPS3A SERPINA3.1	-1.28514179773049	18.3908454076176	13.6067595173572	-1.71415781985211	19.0169351718306	13.4062935444079	-1.6094608294288	19.2366045389809	14.1750500397264	-1.6355104506178	19.0142960463666	13.8357228804331
RPS3A SERPINA4	-3.062223579739	19.6537514083538	14.8385742524286	-13.8770525350165	21.6587460640305	16.2808015398114	-5.58211967500837	21.1520522336852	15.9413821092906	-6.90583281717865	21.0752213136917	15.9724230432378
RPS3A SERPINA5	-3.4621928661724	19.9075745808003	15.9470503709847	-31.3286738622954	21.7075476567993	16.7064362647078	-11.5044992803505	21.1981193887341	16.6588958887107	-17.03136459225	21.3408297910989	16.8337644895676
RPS3A SERPINA6	-1.77517987720579	19.1567394840008	14.9983764983216	-5.2636324844069	19.4697671079336	15.3099150474459	-5.1433207732343	19.9959974973188	16.0602000322746	-4.75214359879254	19.7513666865742	15.9774779592878
RPS3A SERPINA7	-2.37349782377381	19.2709891077578	15.020768587584	-7.36124510207968	20.8740004476012	15.3647105634409	-6.90138879527995	21.3554719826116	16.1946230926979	-6.50833927225874	20.8787278931411	15.9371767082779
RPS3A SERPINC1	-0.985942245277815	17.7142130411659	13.6171923099297	-3.20157149945238	19.3051916378643	14.6905567204072	-2.0804368592561	18.786706158227	14.4336586385543	-2.16553820118445	18.9093518767687	14.4813452643874
RPS3A SERPIND1	-3.37849024302085	19.9616437094571	15.0994457295986	-3.89267001816226	21.249816760243	15.0564879803082	-5.69463113118987	21.5496482233802	16.1118483799153	-7.44263740013361	21.3490191484655	16.1075142064011
RPS3A SERPINE1	-2.41578097878805	19.3253091009157	14.3728815046793	-13.8387211223368	21.0626437417431	16.21279652184	-6.34180065453262	20.7833549296535	16.0754130459812	-9.0143978481333	20.8400927685521	16.1147056108952
RPS3A SERPINE2	-3.39440447432527	19.8220286209452	15.7234209215148	-2.18703514608335	20.010260751426	14.9640610567401	-2.93405959279846	20.2441739855615	15.8016429072406	-3.61369843741372	20.2565862768635	15.7284262182699
RPS3A SERPINF1	-4.56932837037871	20.3532924145032	16.1395318269822	-3.99518952564566	20.1972813806119	15.201151526012	-12.5716423589269	21.102596722046	16.6272255887594	-9.14068171322979	20.9553270179928	16.3500021615792
RPS3A SERPINF2	-0.0568263316183473	14.6855996691262	11.2548405885087	-0.872839880481084	17.6255877209396	12.7242342446801	-0.437230604269485	16.3157790758546	12.0891148148263	-0.443297282348242	16.4370893075468	12.2556751394119
RPS3A SERPING1	-1.68037757901841	19.7558928870419	15.1589984425363	-11.5978671128262	20.4880544891211	15.8025161475834	-7.83387713967662	20.5398452234054	16.2395842174787	-12.3874878161462	20.7456948594414	16.444560886314
RPS3A SET	-2.03472814125156	18.4654470844771	14.921773205303	-6.03729212917436	20.4102343402261	15.5160223427187	-4.85436822837915	19.86485078642	15.6971298416262	-4.83978004125698	20.062848811094	15.7510582356242
RPS3A SEZ6L2	-3.08504548217281	18.4282831370147	14.4713059987637	-2.45582845796687	19.6436288292085	14.9024566089343	-4.62544969434184	20.2201779589107	15.8127645624325	-4.04551175293321	20.0073109484757	15.5626764746285
RPS3A SFN	-1.40119100103354	18.2039226616427	14.1171026345582	-1.49550878009284	19.2619532841381	14.2824573728505	-2.37965221249236	19.2747303839481	14.7939162871595	-2.16837923087674	19.3256995356204	14.736525238495
RPS3A SFRP1	-0.655560074338544	17.5219830147612	13.2083805416717	-1.34130444978645	18.6758547756882	14.030554981888	-1.3722785847912	18.8789044657919	14.3650129676962	-1.34394059026509	18.6010018441985	14.0851148627521
RPS3A SFTPD	-1.68382951982571	19.5647862173105	15.1145999767791	-1.23826610181608	18.1738394453588	14.1212239750897	-2.3702394758981	19.2991674047808	15.3588749555857	-2.04552041225874	19.0527040168885	15.1477245319666
RPS3A SGTA	-2.62680966283466	19.0940275463122	14.4058402071844	-4.17460953567968	20.4669932403316	14.682564132009	-4.70694434516637	20.5487022672393	15.6765286598086	-4.48976705012367	20.1290593964976	15.1517380160871
RPS3A SH2D1A	-4.24666387807996	19.7907975035592	15.8957261485106	-7.33237029449893	19.9502160598742	15.5501436844615	-4.46644668710426	20.1240235609819	16.1523703470812	-5.1729276310771	20.316793438449	16.178936646817
RPS3A SHBG	-0.468032920381223	16.5188937439075	12.9127823594752	-4.827033854126	20.6698733280525	15.0015425279948	-3.03510447012668	19.8249159928838	14.9859926629391	-2.19149660273179	19.2529024475912	14.661924026539
RPS3A SHC1	-4.46964357233284	20.8960248834662	15.7800502635912	-4.00124325644761	20.3274870081557	14.8827841148109	-8.90156470694081	21.3096037137743	16.2746843036968	-6.40197529986707	21.02780248951	15.9008908315138
RPS3A SHH	-0.514489589407745	17.4756366428985	13.5991274298963	-1.63436705319876	18.7232522969678	14.720650296107	-0.924201845801149	18.1753059055104	14.5803885459398	-1.20045044566151	18.2289129614082	14.7551789118604
RPS3A SIGLEC1	-2.11805179161765	19.2119441349219	15.2267350276219	-11.9071234670005	20.6532309189107	16.0026378279866	-5.34484741666479	20.1094239568884	15.8363118125399	-5.95399001188938	20.3900831300848	16.05736811153
RPS3A SIGLEC14	-2.52393518866171	20.3341813337324	15.8156648509801	-1.62107424671067	19.1466695351793	13.8098505893403	-2.19277134769477	19.8728619911524	15.0060137449683	-3.49553910729384	20.1456242671456	15.3325303857463
RPS3A SIGLEC6	-7.64692972077611	20.0971789621469	16.0309432875064	-19.1156276913324	20.6830754680543	16.1083029133565	-13.0550311502571	20.9582472910563	16.5097984357241	-16.0182890178942	20.953524689737	16.6053751403726
RPS3A SIGLEC7	-4.86101445181157	19.9237090189368	16.0327189628125	-9.57523684990647	20.5281932960595	15.4610306651065	-9.60035141460582	20.7433193111063	16.4336187138736	-15.0490848519301	20.9667390594115	16.5311790425865
RPS3A SIGLEC9	-4.26767916921705	20.5917953918647	16.4374588694124	-18.2777637941547	20.9966763976194	16.645012588048	-18.7603696745194	21.3534162710229	16.9286635380427	-21.7175464066316	21.2171562349134	16.9955164475955
RPS3A SIRPA	-3.6953369240041	20.1067450591586	15.6869278542228	-7.09751885742254	20.3365075191676	15.2397546491627	-4.84240088186687	20.7476084922999	15.9849486819347	-5.66427944915915	20.5885120212099	15.8690461057
RPS3A SIRT2	-5.7351350627137	20.0909879839114	15.6842528086668	-9.12355439262289	20.1578319302118	15.8556344871511	-6.62659784029267	20.4888657121338	15.9361270601261	-11.1728161769404	20.7907739871786	16.4377248563248
RPS3A SKP1	-1.84018044852662	19.8546811878283	15.2938826192916	-1.58249180662889	17.9080118248428	13.9779682729753	-2.89502183437738	19.7697404000359	15.5343569815979	-3.53501410385893	19.3028383909959	15.3402333126139
RPS3A SLAMF6	-4.71066472592515	19.9907190756752	15.6610086508584	-5.53594652392946	20.8826442824753	15.7648443331413	-4.21923960940416	20.6985009071176	15.7549379408788	-6.83481025620391	20.7690119240878	16.0495544227569
RPS3A SLAMF7	-2.90305514344078	19.1293830413547	15.1887933519002	-16.9164470794638	21.1271809769488	16.4431124695125	-7.72811707756193	20.8452832345558	16.5237473358419	-7.76324238836147	20.5690002052343	16.3600101137313
RPS3A SLC25A18	-3.67219400778122	20.1567140384445	16.1175818649947	-11.7533354416297	21.5376290342366	16.2278404493432	-8.39006630922526	21.1046724971411	16.7266069194588	-10.0023706781655	21.1714274582318	16.5312257695532
RPS3A SLITRK1	-2.18717879022486	19.590926478906	15.8592778861515	-4.88898843324285	19.9561658113585	14.9509954230824	-5.3018307789271	20.3281541280112	15.859473552624	-5.67837166843789	20.1600140187759	15.9535275516007
RPS3A SLITRK5	-2.45478943186254	19.3482187323911	14.8875689579409	-14.1457807002772	20.7887145117403	15.8051036602363	-7.71073156268878	20.6505752320959	16.0331949171572	-5.96563910869935	20.3971165866056	15.8892426191479
RPS3A SLPI	0.265137811191978	14.895154351285	11.049413876195	-2.85007053700971	19.4873524328907	14.2055357280416	-0.560330882543598	17.7945928663339	13.3515475522177	-0.484647038456719	17.3775773211978	12.8553032190259
RPS3A SMAD2	-5.0386228898517	20.6161029462686	16.0234821546713	-4.24387532626385	19.9156061995323	14.8011073573915	-7.0511638287437	20.7710923027233	16.0932550796017	-6.71162320726271	20.5764008910577	15.9345639735484
RPS3A SMAD3	-4.85516359010898	19.8275248473543	15.3997584914727	-4.11886022429058	20.0772904107763	14.8342940102448	-6.47718116980409	20.8377259700382	15.8835946139378	-5.66186743975083	20.3872769493368	15.7415745576492
RPS3A SMOC1	0.427217480199801	13.3025460001718	9.56983870524656	0.091621232760321	15.647783058741	10.5505419490904	0.175060592601256	14.7272873678984	10.5046798776296	0.206922885238516	14.6686607931728	10.3511349564642
RPS3A SMPDL3A	-1.64158117734645	19.439731400979	15.1498717341938	-3.62507532251968	19.2730773070727	14.489416307963	-3.21268423434458	19.5779304135789	15.5548904245623	-5.04342724721829	19.9300098744686	15.6834822550985
RPS3A SNAP25	-3.76261721672015	20.1243840827055	16.235152488227	-18.4747019257575	21.3505904698894	16.2446107550419	-26.7036260674272	21.4523917757221	16.9586156523758	-14.8457105831373	21.2335792738575	16.7426541769807
RPS3A SNCA	-2.32625780528197	20.2466119103528	14.887843424071	-3.5695244988235	20.1256885568252	15.0979367967979	-3.51261754676759	20.8669197266087	15.6840510485073	-4.97714035009387	20.556841862794	15.7350919335882
RPS3A SNRPF	-4.14671550048788	19.7887119357588	16.0214154206492	-4.60123891126627	19.5521833612385	15.4939314942681	-9.80317028826573	20.3818487575236	16.3902709574134	-5.48329194200752	19.9738920490989	16.1412917228451
RPS3A SNX4	-3.99868777161639	20.3663505523344	16.0057961032431	-6.41765652609569	20.8018977590668	15.6859546013494	-7.62030354474827	20.9423392153595	16.2330721788596	-7.96204282597324	20.9716811336199	16.3687552926804
RPS3A SOD1	-1.08808962500475	19.3841389233546	14.4558620721364	-0.859840052996219	17.7229961134619	13.7604550347326	-1.64986696076648	19.0372692396083	14.838441666446	-1.31136483694531	18.6590491897543	14.6362689057451
RPS3A SOD2	-1.06397352442828	18.7955154815577	13.9143032825656	-1.36042573218029	18.1317506844958	13.656288700054	-1.14918439296069	18.8137545143914	14.1988384085993	-1.79459233482178	18.8332121899984	14.4116027962815
RPS3A SOD3	-0.594853357099288	17.2121567579809	13.2443464942136	-2.23880345067652	19.2289593892262	14.1338735341748	-1.18751857550684	18.6885458048572	14.1345231071816	-1.35771086935328	18.5796157327635	14.0476404564144
RPS3A SORCS2	-3.33601278190323	19.493074506593	15.6294627366693	-4.58242735914017	19.965428534639	14.4617068793771	-4.38118892359611	20.5754034454727	15.4356947331	-5.97988739742769	20.2270127094526	15.5496350903888
RPS3A SOST	0.339796422582034	13.8800515944232	10.502059787266	-0.55395112371913	17.6314801240524	13.3431531763876	-0.292353848315628	16.9839039609788	13.1224702141986	-0.0142701705993895	16.1481611920728	12.1734156030057
RPS3A SPARC	-3.66610591670707	19.8155899857872	15.0507037032131	-2.50087295960679	19.913049769001	14.985830776711	-8.73519942622763	20.4711796402745	16.1502443349431	-5.07773827295885	20.6495483646555	16.0192647625879
RPS3A SPARCL1	-1.04787056286591	18.6439417890429	14.3594206180956	-20.0672660683721	21.176679575396	16.4439135049094	-4.76159416560513	20.5158123535106	16.1713463294697	-4.52406780120346	20.4029796421969	15.8113779976788
RPS3A SPHK1	-3.09500550336315	20.0000859555123	15.5559433792126	-4.71088301196377	20.1150932697407	14.875400702681	-6.23369245684645	20.6282377006248	15.9611214276607	-5.24279165155308	20.4542408731114	15.8668900113572
RPS3A SPHK2	-8.56792744780908	20.3989075505426	16.3134623230317	-12.4090582739638	21.3950697078835	16.1093501057625	-10.4555665983872	21.1081149568024	16.4877669522758	-15.1859457372472	21.2969030368556	16.6448447346641
RPS3A SPINT1	-1.02599227010443	18.5312429991677	14.2205430540355	-0.926667139249117	18.2505426668885	14.2673509391409	-1.70346461182676	18.9425212954184	15.0294193846849	-1.64087808994427	18.7743128514885	14.8755277822262
RPS3A SPINT2	-6.18652928194497	20.1466406268174	15.7110604255669	-4.31973056055427	19.9504990221352	15.3019364345641	-6.34230484129701	20.3283155130258	16.2018936759188	-6.99293165223361	20.6036549688829	16.120090008406
RPS3A SPOCK1	-2.48311051525326	19.628856092185	14.8209400389528	-7.90856055141438	20.7053261027255	16.055568466458	-9.27965208254897	21.0750723917278	16.3431410773862	-8.33185524666455	20.6653454537359	15.9926861384892
RPS3A SPOCK2	-4.6016298636324	20.7154963167037	15.462545301321	-3.8525742681702	21.1576831243747	14.8501703345902	-3.54461496083062	21.2389169514617	15.2405439224631	-4.29337688834267	21.4545678481828	15.5076688732057
RPS3A SPON1	0.183542534469051	14.9244254375434	11.072000833256	-1.67070579069734	18.2160827669974	13.8340564634975	-0.350603292375568	16.5361266476507	12.5965059028702	-0.374947246431036	16.6561060327569	12.7099490859277
RPS3A SPP1	-1.15612002953237	18.7990823246648	13.6330492836762	-6.13932913404739	21.165021019487	15.6756720219419	-4.25730237222706	20.5906000829719	15.6657810192108	-4.8591312017931	20.4848045721555	15.443168707642
RPS3A SPTAN1	-3.67395915351964	20.1421745881113	16.0630953342152	-11.2489330407522	20.980637284741	16.2367725542579	-13.9328631603347	21.3672095945918	16.8334950083835	-12.0138401545166	21.0788664297158	16.8311850124408
RPS3A SRC	-2.44113924345538	19.5570403847107	15.3736801705697	-5.22599614862356	21.0207448705801	15.3333579486752	-8.19313845583276	20.8975298865902	16.268502708111	-5.47966095800931	20.7603509454269	15.973973275036
RPS3A SSRP1	-1.23462417389314	18.8235988539602	14.7012678202889	-12.4561323466603	20.5777167167544	16.2502386503124	-2.55478092972875	19.5731448343675	15.7964689662703	-5.20036348524525	19.9004654518578	16.0012634813394
RPS3A SST	-0.00524113081308641	16.5743594014805	12.5339609923433	-4.54654963895754	20.0194485178282	15.3551781526026	-1.45381112538581	19.4796484934761	15.0255758594471	-1.05816889450271	18.7126455000464	14.2023682671238
RPS3A STAB2	-4.01758752965966	19.6943912690175	15.4477231414007	-4.37765011378509	20.1968603301044	15.1953244978981	-7.03808941996915	20.3731665014121	15.9069648975118	-7.8950893340633	20.4815369271221	15.9715300703115
RPS3A STAT1	-4.00806168292794	20.3376622631176	15.9839890499954	-1.7864497390838	18.8411815212656	13.7764091565391	-3.46254300083252	20.4097994960545	15.4246044283464	-3.06267399985451	20.1393352338155	15.2317553274916
RPS3A STAT3	-5.53010141341048	21.1492040500926	16.1066650797648	-4.35692206347899	20.1296318418522	14.9277751610396	-7.03164623784351	21.0656053942951	16.057371578257	-8.12369423451067	21.0150597195244	16.1290486709968
RPS3A STAT6	-3.21164952303442	20.1675519459177	15.8825199870199	-14.9748714703009	20.8540750728653	16.1035799705768	-9.65429829779005	20.952919163554	16.4576434326937	-8.30079637366934	20.8495582342553	16.4826321491091
RPS3A STC1	0.00473784375113162	15.6647696712452	12.0780633463816	-2.45600663815725	19.2985960461281	14.5876821575211	-0.827257846200151	18.3790764541047	13.933883053066	-0.755536925550382	18.1193718845692	13.8198858079898
RPS3A STIP1	-3.42021475202298	20.3008537807338	15.1653231685829	-4.2790051463893	19.695118750001	14.9817179439014	-7.98123983211878	21.1596854271142	16.2347965806873	-6.53710209223985	20.3925484822574	15.7812335967444
RPS3A STK16	-5.7694235080865	20.3482183260297	15.9200419619953	-15.2820949471413	21.4922528368903	16.1012987717115	-12.7022383089895	21.2379321830951	16.3930803191761	-13.743989087486	21.3168646341343	16.4174869301757
RPS3A STK17B	-3.73115678998188	20.241089517507	15.8170066564078	-7.34535438349024	20.0504567930201	15.29070548465	-6.36850190442426	20.5873170492399	16.0317948579389	-10.8701494189682	20.6214801232812	16.1516691117474
RPS3A STUB1	-1.46644277835927	18.082377789746	14.5880122711728	-5.63775942838185	20.9788016355936	15.3709532345851	-5.0050945366808	20.2438647715334	15.66491019516	-4.88134072458391	20.2997979082387	15.8513933555255
RPS3A STX1A	-7.3016551665235	21.0515074655881	16.4964275768916	-13.6010372469654	21.1466676614825	15.7714622646467	-11.3574360949679	21.4085918574616	16.5658771593685	-13.1488770476391	21.4476554451593	16.5622325124874
RPS3A SUMO3	-3.13771827576579	20.294402776063	15.2156500428842	-1.76075108610198	19.496958939574	14.0731068887139	-2.91379818627806	20.6622270471671	15.4127787138663	-3.41353606734941	20.3245561446	15.3300924682483
RPS3A SYNCRIP	-4.18069285554607	20.5627585191304	16.3168721539446	-3.1751927293649	19.8811785873921	14.709350262484	-7.69672836701554	20.7301719485478	16.3205046056319	-6.51448548263274	20.6427323817797	16.0459486129895
RPS3A TACSTD2	-2.47162955841906	18.9426179831554	14.961607766676	-5.54428218625391	20.4277068583822	15.8906268151045	-7.37944762037986	20.3228452211347	15.851687482205	-6.02541775937165	20.1543921918556	15.9777364129413
RPS3A TAGLN2	-4.80458712464805	20.0966675787115	15.6652359807108	-3.7453180771119	19.8515193046124	14.9290559220046	-8.21949914989322	20.9309284376029	16.328462949882	-5.70218150434453	20.4408910682431	15.7299551032106
RPS3A TBK1	-3.24234205563649	19.288109954799	15.1297053718496	-3.48822580998904	19.9148181831627	15.5182388902498	-5.26487048893995	20.4190777986679	16.0088907865468	-5.32311585495944	20.0765587388591	15.9433267986641
RPS3A TBP	-5.8261497235479	20.170501680985	16.0840816941943	-23.7208309681485	21.5628507631628	16.4795834730463	-12.8832666067874	21.2429346197281	16.5849971329029	-16.65713929557	21.2002957413352	16.6748167843597
RPS3A TDGF1	-3.7239479328474	19.8501059688785	15.6074691073595	-10.7369578698723	21.3533117442114	16.3777846729519	-10.4929680190964	21.3893806876987	16.6106036254151	-15.5144797629334	21.312571844906	16.7943503083972
RPS3A TEC	-3.21206245976979	19.3319443181315	14.7883933183891	-3.94730818188963	20.2794796861843	14.840763060862	-6.89087834344486	20.6228401508945	15.8054870738913	-6.30368272917619	20.4879881741321	15.7007127317718
RPS3A TEK	-5.76296069406681	20.0706675007214	15.7385069686264	-8.35059393930716	21.2236706323606	15.5288403156255	-7.60793033904437	20.8714857054086	15.8988829844595	-10.072695405839	21.260011369673	16.2646395974441
RPS3A TF	-1.81846760011891	18.4472675432052	14.061679579341	-4.21121881328626	19.4352293743459	14.9525172789794	-2.75530082521798	19.4257777465255	15.0680371909737	-3.2622384510691	19.3525310305431	15.0569500498286
RPS3A TFF1	-2.43460872065513	19.444506508747	15.2658063781928	-5.89032978342015	20.4689758858132	15.4618782789521	-4.13810069355686	20.1648695192419	15.8889255335254	-5.04350560990292	20.3052783662518	15.8221648822834
RPS3A TFF2	-0.823134931325716	18.5254056222575	13.8055135504119	-3.67042533784079	19.69758949919	14.654976840849	-2.14958982281155	19.6187093186501	14.6947008602849	-2.97082519535631	19.5828002231403	14.8740513917521
RPS3A TFF3	0.318071898942618	14.1320019004449	10.2484006653436	-0.88709579016805	18.1898859616776	13.4489330084112	-0.0821318521722991	16.323889217225	11.948422358195	-0.165568039615762	16.3779636310351	11.9830180404546
RPS3A TFPI	-1.97845012624154	20.2518988382704	15.9002222160817	-2.64215240632727	18.6476454011663	14.8420231885779	-3.18900548550078	19.7535126899869	15.8566068229634	-3.68666897013127	19.7339571118422	15.8751935330129
RPS3A TG	-1.59040362443848	18.3494828850795	13.9665394031726	-20.6742290604225	21.6570057620105	16.4647368553485	-7.52750867408024	20.8227395318056	15.9587409472688	-11.2766605144417	20.8647810604367	16.3568530875095
RPS3A TGFB1	-1.09968646795695	18.9277344163862	15.0540087931052	-3.9972177415421	19.645785617355	15.2644090222129	-2.6929266236074	19.8940168119857	15.6105246126502	-2.66593604694084	19.5726333492203	15.5230683834738
RPS3A TGFB2	-1.95895393013226	19.1605731236663	15.5986105505222	-35.9309430648714	21.4537698030337	16.7393192561302	-11.4534490714273	20.7385896248378	16.5194929382535	-9.30877647626957	20.5274104840894	16.4645030605882
RPS3A TGFB3	-1.81339676925725	18.7630412417484	15.1301287293962	-2.53682293633905	18.9684264440138	15.225771419663	-2.92502542696879	19.5395678172726	15.798265447097	-4.86698114471499	19.4866161490531	15.8299336110157
RPS3A TGFBI	-1.43906613905473	19.1740946152515	14.4425660622298	-5.74191273648067	20.1735870172244	15.5917283125363	-5.44087221300137	20.3314388918332	16.0563825358483	-5.83662192757427	20.5470835467574	16.0829073940887
RPS3A TGFBR2	-3.55733573622504	19.2371425561095	15.9057017369796	-14.2427645455791	21.3757571504816	16.2640854768053	-14.4585132565277	21.5248610736933	16.6789388750725	-8.26166120721451	20.7251299633732	16.4244227765129
RPS3A TGFBR3	-2.08336077333214	19.7394094297034	14.9371503714694	-7.91304935835556	20.4356915630224	15.5495909513717	-5.8489675780251	20.6029687263976	16.0036882825	-7.93819118363481	20.6988418873864	16.0731213052407
RPS3A TGM3	-2.67636227324389	19.0754014399407	14.9393768172872	-6.01670215159756	20.3441900757094	15.2743001513245	-7.60524763247591	20.5864877643417	16.0833245947335	-4.98797594647274	20.1555997316019	15.6882194162002
RPS3A THBS1	-3.08204548437453	19.7056647915381	15.4645866824728	-2.14683858196644	19.8997037915438	14.8914999589762	-6.16514548216719	20.2757473032423	16.3202645616294	-4.13196886430658	20.2938247091568	15.8657503348249
RPS3A THBS2	-0.884247231621822	17.5628834004978	13.7413462449107	-1.93348759517105	19.4809925293455	13.8683408097121	-2.59721474187841	19.3410500361037	14.7981576822182	-1.48771587505056	19.018251040304	14.1964204283951
RPS3A THBS4	0.0344715840216473	14.8573662509316	11.4418587033699	-1.25783711504885	17.7356754893947	13.3095158281889	-0.613735964736023	16.8438139697144	12.9376624284212	-0.663338532508293	16.7577592296292	12.8644200851264
RPS3A THPO	-1.21027140678397	18.6336132934704	15.2126112630243	-8.64082407666694	20.6014653429348	15.9299537662747	-5.97536165574024	20.2725760003045	16.4250483432861	-8.89249123513542	20.1835029075475	16.469545430711
RPS3A TIE1	-4.19928475181496	20.6340506321438	15.9414387011711	-4.53416091458523	20.3688433203221	14.9362498045371	-9.38063629803557	21.0445743323298	16.3584449186879	-8.50637694384735	21.0099832513671	16.0645695861345
RPS3A TIMP1	0.0706208306917084	14.9766386704035	12.0198850995582	-0.686191917968048	18.1163171273585	12.2801308241756	-0.180006161638575	16.8979399400306	12.5071476472898	-0.277960331623359	16.9776685846623	12.5460487546545
RPS3A TIMP2	-1.03410961392609	17.4459426993302	13.6493117595649	-2.17000609851046	19.4305839808538	14.2941331675669	-1.85312859107194	19.0845252684623	14.6280736896827	-1.80352655502483	18.9022456896347	14.5204157397616
RPS3A TIMP3	-5.47377443742598	19.8278850890471	15.5295896217809	-3.57660803101049	20.2066192785381	15.0479087637679	-5.29299804199961	20.4794728019414	16.142169112291	-6.41412052052938	20.611302873121	16.0495348871581
RPS3A TK1	-6.78285305209078	20.3399324458793	16.1224353823833	-18.8568876161331	21.5529739312568	16.1727005163706	-11.4957440472322	21.5398445762156	16.4953696269574	-16.9148900854951	21.4832602824781	16.639367519589
RPS3A TKT	-2.60775272305435	19.5600104669036	14.3774247614545	-2.97504442055277	20.0526788123319	15.039079787023	-5.15731148887097	20.7580685284693	15.888545815063	-4.79507462100816	20.2961783427908	15.6620251373373
RPS3A TLR2	-3.53305422817904	20.2728911609798	16.0483349007576	-13.4809306976312	21.2131189044008	16.0125699613654	-13.2239177745156	21.2964943203616	16.7413874704126	-11.4690212615766	21.0746651975741	16.5222455828112
RPS3A TLR4	-4.96415295087721	20.2079608106606	15.6856536929583	-5.3737477231197	21.1047856625422	15.3509838595276	-8.51343627555726	21.6186570066148	16.5030065975654	-10.6573174894109	21.3322232993218	16.3519939519458
RPS3A TLR4.LY96	-5.12736778272206	20.4657075815357	16.0965429735555	-4.51988849781619	20.3400707348339	14.8125980182294	-6.67578544704165	21.2248461546302	16.3348768104092	-6.33536363816642	20.9561265437984	16.0040967053646
RPS3A TMPRSS15	-0.636886724673069	18.0709823938339	14.5336482800383	-2.77639842082465	19.2290013062724	15.2216088848247	-3.1830640118145	19.5065513116693	15.8102131903658	-2.33608036752921	19.1814310713592	15.7546828528434
RPS3A TNC	-3.27359040888056	19.4487323151212	14.723127719416	-4.13320425730202	20.7582872986458	15.4105260136088	-15.7321981403729	21.0765998010982	16.7052568245459	-5.50642911062938	20.9863752512044	15.8444613326582
RPS3A TNF	-0.0493000295851058	15.6176334373674	12.3907884524783	-2.44887653962323	18.8478516564152	14.9279243823752	-1.01424260627914	18.3428186383026	14.2623860943385	-0.808859355715893	17.5900234596307	14.0183198790247
RPS3A TNFAIP6	-0.258577869011661	17.24051133329	12.8640298050829	-5.39157567306841	20.8382146150651	15.4606952671	-2.76792385558385	20.0486070291929	15.2414668472854	-1.8307648978359	19.4624768223766	14.6783830982939
RPS3A TNFRSF10A	-3.09462672658207	20.0645529155238	15.7465995560594	-16.7934798790602	20.6309232933235	16.0507411132667	-7.60735360602647	20.5021163792134	16.1740798656076	-18.7626229052849	21.2267352588828	16.7530886970679
RPS3A TNFRSF10B	-0.832256100907591	18.7213258753398	14.4554633749616	-6.21024611965136	20.3641503276465	15.7074771359741	-2.76543257465588	19.4857484110363	15.7051788187575	-2.51985707113968	19.702021664148	15.6463646740569
RPS3A TNFRSF10D	-0.688462034651598	18.943401564849	14.8658411840995	-6.06379946325153	19.7681343104152	15.6864849957167	-1.84678874419672	19.4226575667068	15.5337108617967	-1.68568861672128	19.5356495020802	15.5468131084323
RPS3A TNFRSF11A	-1.67098514238732	19.5356807291941	15.4995086075051	-3.95401225098346	18.9261862316791	15.2782154221413	-3.22703627801137	19.4703374214276	15.850875173305	-2.57719162133441	19.5816666060029	15.8544197063529
RPS3A TNFRSF11B	-2.71546854366753	19.9511552248217	15.6149115202408	-17.7312283615574	21.5528000211485	16.2356488662859	-13.4543349417063	21.1424363147146	16.3848085548174	-15.0214300297464	21.2364466314212	16.5318408936001
RPS3A TNFRSF12A	-2.68038920548681	19.7389469431226	15.8666552521339	-11.137842854392	21.2786383128083	15.9712869508629	-8.12225621685737	21.1949011016582	16.4631374150587	-7.49184460372559	20.8499141977639	16.3592910758107
RPS3A TNFRSF13B	-0.404549446739968	17.0155589146456	13.354105726114	-2.89192342833387	18.7785162595569	14.5478516495709	-1.73369924632836	18.3745701863918	14.5555774131456	-1.25818965139331	18.3567085402862	14.4905059998123
RPS3A TNFRSF13C	-1.37939283623834	18.646895751189	13.8513220460307	-4.31576704744948	20.2654468261331	15.0840405177291	-2.73060256683447	19.8624596863553	14.9828852099283	-3.14101258686963	19.8430460473931	14.9985578197689
RPS3A TNFRSF14	-1.02122365163528	18.563410430418	14.955285881856	-8.20056740896396	20.3137114194588	15.8401584348194	-4.15805573948396	19.8679593719287	16.1651253191982	-3.59769004441207	19.8451270843625	15.8375576026358
RPS3A TNFRSF17	-1.73713896494847	19.0100454296531	15.4797869153411	-4.22007785404622	20.3851027943586	15.1560691666705	-3.20279202520052	20.0819539084953	15.8244375645972	-2.79203900655902	19.9145538863513	15.6339502696344
RPS3A TNFRSF18	-0.636060611905823	17.6450106994537	13.029069049099	-12.0747900254262	20.8434954419627	15.76776484961	-5.4772799022516	20.099121056096	15.7532552293295	-4.14134073150346	20.0108344417127	15.3779251161386
RPS3A TNFRSF19	0.0640675972705569	14.6201541274177	11.1065279862833	-0.985805644293137	17.6207783943895	12.5798694280272	-0.297357804894832	16.679818585469	12.3405900436041	-0.268577400192249	16.4660565686659	12.1327844336828
RPS3A TNFRSF1A	0.391162914817083	13.1695786035869	10.1169662478279	-0.185743482853165	15.9605626933153	11.38796607792	0.0944722764895154	14.9465275054935	11.1137599483959	0.17033875109059	14.7101947178432	10.9016500564452
RPS3A TNFRSF1B	-0.0860877618562783	15.8019901812459	11.2746502125783	-0.75235705070431	17.2166297889332	12.2893910116905	-0.302025053102227	16.62145183435	12.0236102151784	-0.34063197640073	16.5719987964357	11.9562130183478
RPS3A TNFRSF21	-0.860291524443914	17.8464689560811	13.8266418254711	-5.39186695225718	19.8506873577687	14.837173668646	-2.42581948639704	19.4305067648667	15.118906722134	-2.40076848733467	19.3455558420583	14.8519425329765
RPS3A TNFRSF4	-0.0881663839005202	15.6383935093565	12.1534872820655	-0.498208689104911	17.1863181808133	13.2501804407717	-0.172752454927663	16.6096861684102	12.7369330482629	-0.234596964010084	16.6854410772061	12.9497595380912
RPS3A TNFRSF6B	-0.933308044927588	18.2743875155795	14.5503251859337	-6.91022219239201	20.6151799147883	16.1406821197934	-2.9905094156599	20.2341834739831	15.9962914203277	-2.36321729744594	19.9062335260108	15.7733106582947
RPS3A TNFRSF8	-3.64352127631662	20.0615347105883	15.5178738396369	-1.31735184206608	18.0098831531159	13.5871251344456	-2.14786748026798	20.4614534857756	15.0851746209967	-2.25914910825559	19.58288819589	14.7795626813705
RPS3A TNFRSF9	-1.33179069987997	18.226094958173	14.7300720091085	-0.498511795234381	17.7037495295221	12.5740690334622	-0.675628522896585	18.494346302308	14.0138649134129	-0.897502536825597	18.4164633125631	13.9596146104926
RPS3A TNFSF11	-4.39832900743625	20.1501252577902	15.5820554653477	-12.7312355240511	21.025125417948	16.016396499013	-7.11665495833403	20.8187798073931	16.1024847085875	-11.7813244700437	21.1152485424658	16.323131022299
RPS3A TNFSF12	-4.02173860445208	19.7292961885119	15.39793176154	-27.250643738614	21.3222215458069	16.5314621790838	-12.7877609440087	21.0161157401619	16.5845464478706	-13.8379362783677	20.9692159606597	16.4879501508172
RPS3A TNFSF13B	-4.11781250287514	20.1659283997288	15.4085044312023	-8.25503400800358	20.8900357348432	15.6418485974523	-5.25495908839659	21.0513111675786	16.0942732871556	-8.28512681476036	21.0409665210696	16.1536973298312
RPS3A TNFSF14	-2.32691689619946	19.0235003373722	14.6597721311579	-12.7924708808951	20.3272095572464	15.7935188614937	-8.36485579744369	20.5409168929105	16.1589616100282	-11.6733032845226	20.452087925319	16.084470297446
RPS3A TNFSF15	-1.47223246706355	18.2504764631926	13.9533535468738	-3.60136741056947	21.0280304308125	15.2616987851308	-2.70373818759084	20.0311028786014	14.9854456528881	-3.32231222216132	20.2941082788687	15.1735778189787
RPS3A TNFSF18	-4.00995157004994	20.1103847411316	15.2111686557203	-13.8472323395598	21.5145944723016	16.0078949565488	-9.52818966303046	21.3991532146018	16.0661545180249	-11.9651804007943	21.4370839698669	16.270042012413
RPS3A TNFSF4	-6.25257862034062	20.3666042415453	16.0810875511515	-15.7405344457614	21.1848586879919	16.0760116777596	-13.3947711803406	21.0931449224026	16.4381837984822	-19.8620077914133	21.3040368442314	16.6883164006737
RPS3A TNFSF8	-2.94783824733681	20.02667081846	15.6056737010364	-15.3318222001982	21.2849926409465	16.1580281254834	-6.11056093826695	21.1170148730125	16.2382657439599	-6.60733936214655	20.9614597757871	16.2282101567493
RPS3A TNFSF9	-5.10375953791848	20.374649890735	16.2253682892647	-4.67160108488865	20.0149457600266	14.8547385840964	-7.54921708703882	20.7895499854658	16.1124609799672	-11.4708215755054	20.9069876704447	16.4051702027706
RPS3A TNNI2	-2.39582294428181	19.523862809971	15.0229960644192	-12.4294019843582	20.8796695619691	15.7625616313347	-9.99096780893719	21.0822588090814	16.3651280995222	-9.43453151365889	20.8499754864182	16.2812431356881
RPS3A TNNI3	-1.03918188705015	17.8961410709402	14.4342045430629	-3.43231718618778	19.6124803535292	14.9821502142819	-2.02736725757017	19.0560991241214	14.8256038642382	-1.64721663484965	18.9998639545019	14.7464600639805
RPS3A TNNT2	-0.569624829296855	17.262933060288	12.7645896326186	-0.419229104135157	16.6264829620058	12.1553962871803	-0.795848372935491	17.8972486953751	12.968160738749	-0.480451638830681	17.2347645892927	12.654676334793
RPS3A TOP1	-2.47395565752114	19.1906127815497	14.5392110774333	-11.8950040719675	20.7611941115743	15.5209582853656	-5.96614535830559	20.5710608132872	15.5686079814772	-8.33010475132978	20.6992333917987	15.6277554433382
RPS3A TP53	-2.12018921742081	19.1168640480109	15.209997251508	-8.84072243612663	21.5824919784102	15.6194066291923	-16.7160363094023	21.5959124813741	16.664366333207	-8.02866042261522	20.9151649036729	16.0829925859152
RPS3A TPI1	-1.87020499431947	18.8374138046704	13.8808775600804	-2.77503281623836	20.0546332347915	15.0269309602448	-4.86888166453036	20.3515830415334	15.7023264407712	-3.94895052807141	20.1251715844927	15.4614787620889
RPS3A TPM1	-3.53444366366823	19.4649251292117	15.3512566800981	-12.4866170602443	21.1690872813428	15.9187893171335	-8.48842578958135	21.1035476171869	16.2994308822412	-9.71552856882512	20.9601419513748	16.1802510534697
RPS3A TPM2	-3.26128673567796	19.9718333153127	15.7494663991334	-29.1205835301506	21.6233926616749	16.368781566987	-13.8930877953199	21.1085617234196	16.3304053436261	-16.4259725358862	21.3565872944018	16.7365440618592
RPS3A TPM4	-3.97641616833404	20.2003535855193	15.933736519816	-8.98556300766848	21.149719747533	16.0945607433717	-6.8506113051401	20.9441722735829	16.2950987090215	-7.97718612142125	21.0062154656596	16.4586601139722
RPS3A TPO	-4.16898055247895	20.3554400556393	16.2108208577823	-13.6787340926272	20.9133284733155	16.0572572082643	-11.5872182000055	21.2537937490832	16.5851520778668	-15.9082646616131	21.2595976900156	16.6962580321325
RPS3A TPSB2	-3.92992399988809	19.4072950786611	15.5291461469478	-11.5034430599438	20.8974903686068	15.7420564431525	-13.9361557195468	20.8918967399695	16.6388341796077	-10.2078874987605	20.6890542124414	16.27627598359
RPS3A TPSG1	-4.71989185858026	20.1726773513499	16.0518805733536	-11.9548899551331	21.5192710645165	15.8575857875326	-10.201289885246	20.8609867799618	16.4252412053967	-10.8555322125834	21.056006282962	16.3872590690487
RPS3A TPT1	-8.93931807985995	20.8497243942322	16.415847914758	-3.62228115154622	20.3074913432631	14.9502669434423	-6.4569328014774	21.3158313460939	16.3016260068816	-6.24584537120997	20.949285738944	16.0746452394355
RPS3A TSLP	-2.29033660764552	19.2054461712617	14.7849304471144	-1.51091535868395	18.7817710378873	14.3007671023272	-4.13970416695247	20.1554252883592	15.7935732947923	-3.54808195790736	19.5533025394452	15.3495001051001
RPS3A TXNDC12	-8.06080205925777	20.571918318041	16.2565554493328	-4.24338253350174	19.1282518293583	14.5664110066908	-7.10485318803215	20.3215108123326	16.0575335748376	-7.2373790131575	20.291579194935	15.9062987772409
RPS3A TYK2	-2.7638870894409	20.1217152721277	15.7397602189867	-10.0361759315521	20.6240542121884	15.5256110554804	-8.24351183758453	20.7448338013865	16.0973951943242	-7.33152129220454	20.6886986404324	15.9146778761138
RPS3A TYMS	-5.75732229637608	20.417253017761	15.9796881240682	-14.3125705794726	21.2350883963659	16.1152773770747	-9.87420219165674	21.4621584728297	16.6306265986074	-12.065900559534	21.2234353004485	16.4761647081189
RPS3A TYRO3	-1.34845007979401	19.5875554769253	14.7100610010075	-8.12760087729463	20.2717490833942	15.7415283761543	-3.94756252837466	20.3476947389249	15.9570516407166	-5.52960493942449	20.2823540486664	15.9837834572309
RPS3A UBB	-3.87630443585105	19.7053273213824	15.7535933581139	-15.9379673247722	21.1553210759303	16.0874632517114	-14.1465325701866	20.8847723908225	16.5630394783595	-17.4994660492967	21.0780157976393	16.6290460360973
RPS3A UBC	-1.01650872936858	17.7207228985325	13.5928870250113	-3.08352422917049	20.1027135205757	14.4382862035926	-2.83017535653772	19.6332577301151	14.9032197900972	-2.46166936969039	19.5364256041531	14.7437481365407
RPS3A UBE2G2	-2.97634572459323	19.4906694586819	15.2835918672153	-6.82574655807131	20.2822918236851	15.0331782350059	-6.94647482091876	20.405469943864	16.0695637301284	-7.4817892582214	20.4351076264084	15.9587697682395
RPS3A UBE2I	-2.82932453826948	20.4233467675563	15.41049803788	-2.09490424278546	19.1073669216897	14.2727812535674	-4.0358794654053	20.4303337617656	15.6961357613163	-4.03139053784804	20.1315378052446	15.4886896013676
RPS3A UBE2L3	-2.99891956963531	20.2928713737153	15.1974602923367	-2.40881804819796	19.5621079745056	14.8769658017857	-6.19861198023323	20.598660480353	16.177117773161	-4.20848824499195	20.2229035335908	15.7365754302985
RPS3A UBE2N	-2.14581046682612	19.6367360766272	14.4444424065975	-3.00395300747795	19.9210150772324	15.1373153918359	-4.50111000075585	20.5824495189227	15.7700558341428	-4.80949555932506	20.1127379971762	15.5585808799096
RPS3A UCHL1	-2.63806076795141	19.2087818381488	15.0756263855252	-7.24951633543412	21.0456695846954	15.9405908904003	-9.72250143772479	20.8847965231829	16.3102693782039	-6.64092805118064	20.594661507964	15.9310607303737
RPS3A UFC1	-3.41658104533286	19.821227921561	15.2769594046951	-4.44575561318089	20.9217254265883	14.9363981961665	-6.99997430931657	21.030557281812	16.022196924189	-5.4734808933218	20.6608457417741	15.7837949565108
RPS3A UFM1	-1.84682294596656	18.5056177777061	14.1892800431644	-5.87035088836472	21.0326409056768	15.0456987237854	-6.05359944103323	20.6180678494713	15.8117588689635	-4.80817152550092	20.2883319999248	15.3078619634688
RPS3A ULBP1	-3.71608391444048	19.7955060817487	15.6037215591161	-24.585354785939	21.6331030343022	16.7456473889469	-12.582202812911	21.0513452336885	16.5744103724565	-14.9243815768575	21.1985265028703	16.6959925541987
RPS3A ULBP2	-5.44783518722194	20.1548442805701	16.3084750521517	-7.79266356933739	21.1161212392576	15.6584284811064	-15.3382226870591	21.4589411480051	17.0099622729587	-19.2464450652438	21.3760342946835	16.9388112858796
RPS3A ULBP3	-3.91523071218799	20.0754043468095	15.5784504271045	-1.88983328244491	18.5833619673599	14.326314120356	-2.94431165112799	20.126642835696	15.7907166731302	-4.08280655363962	19.8348622759589	15.5546403134112
RPS3A UNC5C	-0.248970334685856	16.3661116774576	12.9006518665108	-0.874001404065751	17.2116966842754	12.5839734105854	-0.666103151338884	17.2634679105009	13.1716593924765	-0.592829914008463	17.1047427834548	13.0906049225139
RPS3A UNC5D	-0.965533666298413	18.7654447566794	13.714139969282	-12.309461165634	21.4655840291582	16.1965792518004	-4.00555264075365	20.7582129782592	15.776262882398	-5.35750491032925	20.6613709295749	15.7578038486859
RPS3A USP25	-4.30406908055952	19.7490207302884	15.7127046426093	-11.9194150043072	21.1364493956315	15.7468646960002	-13.9244016765737	21.437067270643	16.758069702634	-12.1957759286937	21.1566168973654	16.3966558157776
RPS3A VAV1	-4.62851214288741	20.1794901213372	15.7546349493992	-4.13744174543049	20.9818246608707	14.8256993171609	-7.4678600535447	20.9926086943584	15.9329725334875	-6.95526072378726	20.8829578691785	15.9208291313926
RPS3A VCAM1	-0.810893863465021	17.9061662403845	14.2796321214312	-2.38849187226859	19.5447068547214	14.828153361912	-1.55618717515999	19.0629054243344	14.8943865398778	-1.79061319641132	19.2177162381003	14.9585199487969
RPS3A VEGFA	-0.0631943506936592	16.6079085962403	12.4783458987878	-0.300077539677742	16.3215954194177	12.0572194571451	-0.169763514581156	16.9029951614561	12.9762298103817	-0.219927819575342	16.6764798702058	12.6501365059305
RPS3A VEGFA.1	-5.93872774186189	20.1635088930686	16.2822831485132	-4.22018622605458	20.2280670824851	15.2971799209449	-8.15734580688722	20.7131114596018	16.2417102899177	-6.81264216739671	20.5936725707354	16.1301793866654
RPS3A VEGFC	-1.47149625018969	19.5052930860428	14.6297709958439	-0.677361543624307	17.2096905144408	12.3756853090195	-1.76580743528298	19.0715220707861	14.7610911665244	-1.49835454447091	18.637285047495	14.2136309691125
RPS3A VIP	-3.36366879982773	19.466988843586	15.5504758673775	-1.60057334837017	19.3139587875043	14.6840387768479	-5.55865434608201	20.4413237847405	16.0473035318371	-3.71022679959474	19.8601474841225	15.5398469745967
RPS3A VTA1	-4.08789496003417	20.5064952845597	15.4206860001289	-5.26312706785512	20.49568786447	15.4338291563248	-11.2593389035832	21.3058132690776	16.593612510409	-7.22372507950367	20.8830657002859	16.1289993703237
RPS3A VTN	-2.57070431571182	19.5597382657365	14.6799013809682	-2.52929267918387	19.1151741971976	13.8178316055712	-2.13456266298562	19.4845104995694	14.3843075886784	-3.18903456733461	19.798528188424	14.6779175615774
RPS3A VWF	-1.58972959086	18.5543281808417	13.6123716817192	-10.004981066175	21.3104592074851	15.9769924347972	-5.99737477811076	20.4592763741056	15.6181765330544	-6.92350079608871	20.918802698996	15.977088340756
RPS3A WFIKKN1	-1.80342864591587	19.0571011275092	14.5670276656075	-3.64292776913497	19.354713230254	14.4077542287513	-3.00632904798634	20.2468410482081	15.0561384632132	-2.62593366973638	19.8482579804715	14.9968605821665
RPS3A WFIKKN2	-4.24654996154763	20.4747102414676	15.6918972838527	-13.2475342755244	21.0001598679764	15.6959353284318	-9.05549491231553	21.3068519723929	16.2673432167906	-11.0354011436345	21.2508747211608	16.2202128200288
RPS3A WIF1	-4.2137397030416	20.6724202226638	16.3236418454373	-24.5253537836404	21.818236283468	16.6152522034706	-13.0478124442738	21.3658261609825	16.7688997445617	-13.2852828155217	21.5272961103651	16.8491474216949
RPS3A WISP1	-2.13266060530157	19.4951722073259	14.2456331363396	-2.733472510548	19.3993738324614	14.7596275272877	-2.9125535309426	20.1516017439171	15.1599932189718	-3.67455496817777	20.132460649279	15.2873229195232
RPS3A WISP3	-1.90145410044987	19.0753779336891	15.0400280741374	-8.93329420711532	20.6754345332862	15.8650733399017	-6.27252512199608	20.4854050094306	16.2783958008606	-5.82451296836372	20.0786308950076	16.0328537433328
RPS3A WNK3	-4.12540223770365	20.0244882929677	15.7291121739181	-6.47956189572732	20.2235604167541	15.5152271738177	-7.13778035719345	20.4561468173771	16.2301211212912	-8.6541808973242	20.5736193973466	16.1227622969082
RPS3A WNT7A	-3.37501957110261	19.5399818410151	15.4892304019677	-10.178527026319	21.3507855132523	15.7051525718084	-13.9949055572116	21.3491983377011	16.5788068935688	-8.7969471344512	21.1695164629516	16.3671856005329
RPS3A XCL1	-2.86244839102885	19.2904765411956	15.3023145318604	-14.3478739174115	20.6728930540744	16.1538139652599	-6.86550712410526	20.1203960671628	16.0448805485294	-6.47215427479112	20.2282864956128	16.0327149515944
RPS3A XPNPEP1	-1.18114621932132	18.6862603293846	14.5382002904723	-6.13494106531621	20.0570822190033	14.9289630928448	-3.95106698890569	20.2454109494873	15.409217217013	-3.7912113447175	19.9258510717001	15.4596101035554
RPS3A XRCC6	-2.64551650225667	19.5442141721327	14.9740052398214	-5.93699909575789	20.4001221731659	15.2910039987919	-5.12374301147956	20.9379788330484	16.1754474590162	-6.77211426820239	20.4883642395591	15.6953776923562
RPS3A YES1	-4.146747705232	20.2106469479217	15.4755424753519	-1.06237403108643	17.9859727020295	13.0069367855495	-2.62005608424087	20.0398567833345	15.2994162023303	-2.62689736419883	19.5803310394805	14.7888922785979
RPS3A YWHAB	-6.19914675212795	20.8314594860615	15.9580187260945	-4.83156607754942	20.6703034195662	15.3111830726941	-8.96999904904375	21.5331337231889	16.3957675198869	-7.63252730452773	21.196387678102	16.2724826571911
RPS3A YWHAB.YWHAE.YWHAG.YWHAH.YWHAQ.YWHAZ.SFN	-5.92352883130509	21.48758794183	16.4836455232962	-4.73640109457724	20.5853932345259	15.4647609089008	-7.38930024622544	21.4335466742745	16.4656685643775	-7.54177249105193	21.2652268217406	16.3886905203675
RPS3A YWHAE	-1.52861541189322	18.9209286857066	14.3484704607511	-5.05415976053547	19.6136214458988	15.050327330087	-5.32704585691699	20.4418901245426	15.8155337688507	-5.91896576032011	20.1100054776966	15.8149716916321
RPS3A YWHAQ	-2.53779273945115	19.2993664865173	15.2869834000075	-11.3492326885465	20.8716865486314	16.1247219070895	-9.60693794730015	20.916453813984	16.3039600514792	-10.5985243643174	20.6726751910313	16.2693093832055
RPS3A YWHAZ	-6.54763568438415	20.440321088048	16.5087741732489	-9.05001430648809	21.271344073857	15.9851391316868	-11.217522987189	21.3489854770513	16.5083086281712	-12.1131900420723	21.1264218985393	16.6551882064557
RPS3A ZAP70	-2.80175056528909	20.1059129300315	15.7805571772136	-25.4103746567793	21.5561547681582	16.3754502559196	-14.7506532819854	21.1562040837553	16.4665073937137	-14.1477668583861	21.2680957780171	16.5736604007468
RPS3A ZNRF3	-2.93809385724133	20.2364002874133	16.2122268281643	-6.53006471069641	20.4392774315174	14.8597574122464	-10.6258454080695	21.0981253745064	16.5703002912693	-5.99420274945115	20.6517572500327	15.967726488452
