protein_name	r2_male	rmse_male	mae_male	r2_female	rmse_female	mae_female	r2_all	rmse_all	mae_all	r2_all_sex_adjust	rmse_all_sex_adjust	mae_all_sex_adjust
RSPO2 RSPO3	0.42749752473875	13.0936749017603	9.70653949467602	0.154887810581002	13.6557542117805	9.74023739582161	0.33471459534663	13.549660391245	10.2517317725348	0.307586167982474	13.440269534661	10.0670137672459
RSPO2 RSPO4	0.32623302845307	13.8638457858008	10.426871571091	0.28384168745572	14.0920076877862	11.0948849735863	0.377100892083992	14.5129716881624	10.8857909492441	0.31290900581258	14.2767718742716	11.0713113485666
RSPO2 RTN4R	-2.35840930684248	18.8529250956267	15.1430152145845	-2.27238763759407	18.4149589091991	13.978128649816	-3.30343514816411	19.3102043743685	15.694440869688	-2.68147836085993	18.9769721044416	14.9676568464347
RSPO2 RXFP1	-1.91492754717566	19.0997688349896	14.7971574426455	-1.78225079393371	18.5075674030328	14.2584223531635	-1.99806951787548	19.0159979940161	15.1819701686811	-1.98520439309848	18.8578533365031	14.7349758808032
RSPO2 S100A12	-2.3446339124931	19.0955398567574	15.0751780857749	-2.84367362823878	18.6815532951614	14.5143926298214	-2.34955020943092	19.2314512983046	15.5983816897355	-2.77157141959538	19.1968920951779	15.3313983996396
RSPO2 S100A4	-2.07701680445378	19.6346254969119	15.2223018412538	-1.55207402826207	18.0055614228019	13.7966454560921	-1.87459403843937	19.0037471560814	14.9876750573876	-1.72755156530223	18.8392037684023	14.706570139633
RSPO2 S100A6	-2.44082674885261	18.9753130207192	14.9216579387884	-1.30034467403647	17.8777451261241	13.1350746883197	-2.70305082596939	18.7890707020788	14.6703470479433	-2.58970028176817	18.7877540426051	14.6435681756262
RSPO2 S100A7	-3.22782059410006	19.4021682561793	15.6181519069061	-1.79447255521577	17.7096168798202	13.7910651325039	-3.54589594130487	19.120748319769	15.0692650576285	-2.42618111396091	18.7762258134227	14.9741332625341
RSPO2 S100A9	-0.918632901549922	17.734472153454	14.0933171898276	-1.37302754256118	18.1860122592615	14.1222122455187	-1.46157371016593	18.3757808542359	14.8595325795153	-1.29146409136626	18.2345481659778	14.5834501973391
RSPO2 SAA1	-1.5121056771068	18.5273178289181	14.4790832182931	-1.94582997303564	18.6424510575879	14.4389282851727	-2.37871226170871	18.9280720959917	15.0357554211638	-1.73283956058348	18.7738692955736	14.7753652220181
RSPO2 SBDS	-1.48382755075743	19.0441539016731	14.4421677219832	-1.27957251103776	18.2260771717887	13.0965296538818	-1.81986070424631	19.1243363586417	14.5770299253887	-1.58983153777855	18.7686006841551	14.1568408052506
RSPO2 SCARB2	-2.65688639201996	19.5080584239123	15.2567994363926	-1.35484789457786	17.9760141106137	13.2530196590639	-3.1704605447905	19.6344211713799	15.5063563072309	-2.27051062597398	19.2192470816416	14.8178537914824
RSPO2 SCARF1	-0.396468702250818	16.8345389604436	12.9169414864662	-0.623004941617269	16.7959281171356	12.5479562411171	-0.439897321960244	17.1519396028452	13.1303557504508	-0.500852448345863	17.1050114317204	12.9129254273565
RSPO2 SCARF2	-0.931975362736313	18.1359860372757	14.5841653589438	-0.883043367816494	17.6293408825809	13.2503323659787	-1.24616058922798	18.6973780583338	14.7788605618011	-1.27512905782839	18.4465265197123	14.6247176381992
RSPO2 SCGB2A1	-1.84611165347561	19.7731953685738	14.3880612752419	-2.98566803113727	18.3767999010378	14.1883512264004	-2.32096768240626	19.5773868500669	15.1443826077661	-2.24544517024389	19.3941320822303	14.6585665464828
RSPO2 SCT	-1.87575642378563	19.0765089231	14.9871534302235	-1.67301461664947	18.6008240341679	14.2002853831267	-2.110837354708	19.1400130118062	15.3144009088428	-1.8863378380956	19.0237111275685	14.9519485193859
RSPO2 SECTM1	-0.7666290130303	18.4359045132425	13.8746639293985	-0.53691500216231	17.5041442283815	12.9758584377292	-0.596599532223993	18.1490418388295	13.6073612681777	-0.64390700146783	18.1249140096994	13.6782848964849
RSPO2 SELE	-1.30829996633183	18.3019195727502	13.7641197104765	-0.610541385529174	16.5767467750304	12.0511758140453	-1.21589130073728	17.95419753189	14.1439811887384	-1.06408838057184	17.8370513940882	13.4488207655581
RSPO2 SELL	-1.50138874569546	18.4854283030081	14.7962868682753	-1.21336177025838	17.3007995499602	13.2957436098647	-1.91041004457252	18.5450961493679	14.7293021894199	-1.19718186955306	18.1228409840698	14.292368672469
RSPO2 SELP	-2.01202992289803	19.7413026102361	14.8242183992837	-1.04277278324993	18.3376946645296	13.7003734032339	-2.49125964829672	19.3533538749418	15.1335418276933	-1.79408007650271	19.1860563951536	14.7828654205555
RSPO2 SEMA3A	-2.88187149131689	19.2851126508756	15.0437865790875	-1.99354132372289	18.5196695492726	14.3910864779663	-2.38836939406288	19.1635720659953	15.2749412104574	-2.78208371425065	19.1464387697903	15.0809578267772
RSPO2 SEMA3E	-0.183990064949343	16.9511760549568	13.0068229785955	-0.315131373976915	17.0782451890647	12.7754152958976	-0.50304110212903	17.697472310232	13.5880916026326	-0.381380265582736	17.4333424841216	13.2138073543027
RSPO2 SEMA5A	-2.23075656816655	20.124702552422	14.6142437737412	-1.58789480265555	17.6405928656007	13.4482937997973	-2.29146188859657	19.0851144133177	14.729853663393	-2.15765857653968	19.4698545431804	14.6079053823832
RSPO2 SEMA6A	-1.82171000791415	18.6626494861623	14.8154081929666	-2.23396394255104	18.1694919934295	14.4293363477066	-2.22298053378727	18.8068593498073	15.1475985535681	-2.42464059822092	18.802011938937	14.9993327961655
RSPO2 SEMA6B	-2.94412863862443	19.4561134121425	15.1231586669954	-1.27919731942134	17.6415282379323	13.3220759233618	-1.53534631668491	18.8367608589566	14.8332759961798	-1.94537564360337	18.7646096942573	14.5104024781194
RSPO2 SERPINA1	-0.501312781423373	17.4284475205165	13.8568445827111	-0.770318265368456	17.0878539712579	12.8731851449081	-0.79790885876586	17.6316339679094	14.0969983622606	-0.684460151505286	17.6821242836473	13.8374757885021
RSPO2 SERPINA10	-1.89944617384675	18.4181379665509	13.7446003206448	-1.15110942552821	18.856927540112	13.1482887357951	-1.4380658039067	18.7859770305676	14.2652131240484	-1.40036883420794	18.7743907364816	13.673938246801
RSPO2 SERPINA3	-1.34904145594172	18.9277967648649	14.7269148801532	-1.48258037104651	18.6773420687349	14.0020546138567	-1.42298171866764	19.1597203877225	14.9028898292652	-1.5712422873623	19.0146624167266	14.6510353935179
RSPO2 SERPINA3.1	-0.577578127558994	17.6798447078257	12.6203913958925	-0.562867690373716	17.4735930457485	12.9183973745162	-0.747852340049727	18.0667819606672	13.6588384005398	-0.686695783578064	17.8683562299627	13.121552523581
RSPO2 SERPINA4	-1.21488516014678	18.3737618279676	13.790285833487	-1.63386597040326	19.205931859147	14.3488172153105	-1.60190454273627	19.3249032913986	14.705992097406	-1.50491405075802	18.9736535649001	14.4453262901177
RSPO2 SERPINA5	-2.47434972059866	19.2075777621013	14.7163153447048	-1.93528490942136	18.5119034452543	14.5937369276805	-3.25367426791818	19.4597854600588	15.6491954912365	-2.3653393782777	19.1090222466423	15.0039875175977
RSPO2 SERPINA6	-2.6695886516282	19.2360033730705	15.5418418160888	-1.10439133594012	17.7166260937582	13.7688529447958	-2.09101741082425	19.2456518399897	15.3081748918711	-2.20381013816944	18.9629234496122	15.0691276578438
RSPO2 SERPINA7	-1.94886196486418	18.8696612019737	14.7505759475727	-1.51372346859908	18.5003486818092	14.5146343369451	-1.77981078819504	19.0153297504211	14.9329405223774	-1.89190940870104	19.0851502346345	14.8091078743777
RSPO2 SERPINC1	-0.555626372592322	17.0052370078437	12.8191992883393	-0.836744341848781	17.2555219687448	13.157858539441	-0.830420800446493	17.7584578715666	13.6950082214646	-0.678528243589317	17.4527900606435	13.4099542124758
RSPO2 SERPIND1	-1.62675284217312	18.7923180252192	14.0852539344177	-1.57336768158644	18.469337907374	13.3878323481212	-1.29938551550314	19.0722824200465	14.2134406180065	-1.45964125465461	19.2831435737711	14.1649823838126
RSPO2 SERPINE1	-1.19360240253906	19.1981912264306	13.9166579579416	-1.86371728993592	18.5552772375772	14.3087453978495	-1.35406057248326	19.425059607654	14.6800926049449	-1.86680850118447	19.1565927072026	14.5025824328315
RSPO2 SERPINE2	-1.58180432310218	20.2043124456241	15.3857644880139	-1.15641242120701	18.3033149340859	14.2937111313105	-2.09191409877371	19.5709930532632	15.4682213213447	-1.63125748597069	19.4171805956363	15.1216199152359
RSPO2 SERPINF1	-1.85676179028203	18.7666716081572	14.565353197923	-0.98326766768403	17.9624301553836	13.2314581132929	-2.02177820018129	19.1284497751646	14.8954877418313	-1.5286316744138	18.6567233454104	14.3696707969476
RSPO2 SERPINF2	0.416585587281258	12.5884927352162	9.40490551015027	0.052440823509132	15.1180919569672	10.4066058523366	0.240424371171407	13.9582313926299	10.0485285108961	0.20504857620016	14.1171653975024	10.2852213744376
RSPO2 SERPING1	-2.0816569288556	19.2599811875254	15.3086695278184	-1.41648067498848	17.6862707882657	13.9745092258117	-2.13535886056428	18.9330417700331	15.1709776367633	-2.22061439422151	18.79268341765	15.083363827634
RSPO2 SET	-0.581693073086082	17.5067345933207	13.4867124957961	-0.67169430468728	17.1796303873036	12.8448534166005	-0.704573949558526	17.7775836565917	13.685442219052	-0.807918662503524	17.5884342355607	13.5771134076812
RSPO2 SEZ6L2	-2.03793219444057	18.6033956579497	14.1080247936712	-1.01422955100716	17.9489445659814	13.2277826088358	-2.11278415001289	18.8521722445789	14.7147151648508	-1.7453315107808	18.5466063467188	14.1906390064457
RSPO2 SFN	-1.30867511318298	17.601636547113	13.7203953928262	-0.931977855732313	17.8796777574033	13.5384738566519	-1.49977983735615	18.1751035883433	14.1368590631852	-1.2331419278149	18.1516641343053	14.0210325792569
RSPO2 SFRP1	-0.643758991920381	17.2050143748086	12.8718356496323	-0.162097013977992	16.4435154800837	12.3437919589309	-0.472081775709825	17.1974756855205	13.0877482428387	-0.394401047908243	17.0350402318905	12.8718045297741
RSPO2 SFTPD	-1.62373186297945	19.4588802672873	15.4664439419929	-0.557766084212463	16.9171468431871	13.418544749635	-1.00447292232359	18.2449564198995	14.8337182391174	-1.20047627497743	18.4981273825549	14.8237954469194
RSPO2 SGTA	-1.26993251148144	18.302789359861	13.6825402414927	-1.59875188215286	18.2295552115894	13.1762893529018	-2.29960294308324	19.4856681616178	14.739019649661	-1.78850113910494	18.4791205793217	13.9470766697029
RSPO2 SH2D1A	-1.53550445128968	18.7573606367099	14.6973912298997	-2.06806467420835	18.3164806844369	13.990504778007	-2.32773113662816	19.0039153175506	15.0664830583372	-2.09118690002475	18.8143826919322	14.8297568409518
RSPO2 SHBG	0.00579584484804885	15.7142502907411	12.0035624816738	-0.819476395083624	17.6376384612278	12.7170611116282	-0.662989999900712	17.6546636880091	13.3622152819678	-0.396773739258383	16.9607894791374	12.6828177389466
RSPO2 SHC1	-2.05120519690111	20.0093267393129	14.9161659275642	-1.02120046634288	17.5156263469816	12.7495652743652	-1.92816944627684	19.2187229750218	14.59017579729	-1.6101890946545	19.0919001030418	14.2506226620988
RSPO2 SHH	-1.03334041140283	17.9004046477783	14.4826184765688	-1.23675176902477	18.1573422328676	13.9618725807076	-0.888654499053224	18.2988716633539	14.6324538966761	-1.01695920980114	18.2354178002882	14.5296541443072
RSPO2 SIGLEC1	-2.62786334521234	19.5739621829463	15.3511112045535	-1.24942488086526	17.9461299608011	13.8757745672523	-3.20991672025081	19.5072177420868	15.6664952130571	-2.10317437528034	19.0235367280387	14.9737081291855
RSPO2 SIGLEC14	-1.68962453267133	18.9053358556531	14.9883766884271	-0.559512411933128	17.0473465629664	12.8934163750234	-0.947195497613564	18.3124817012311	14.0425066821262	-1.28084094536202	18.2481712373737	14.2409330298122
RSPO2 SIGLEC6	-2.79127233715304	19.0738900124956	15.4915314586789	-2.63128012485229	19.030456272334	14.6554043490964	-3.16737297737582	19.4999968272062	15.7670722303947	-2.55649062289195	19.1638575582238	15.2129086972784
RSPO2 SIGLEC7	-1.85903236184184	18.6318111705357	14.339915987081	-1.41061225415752	18.4202804379104	13.5668785985058	-1.98624603698767	19.0351332272988	14.9217502301726	-1.93276252536773	18.9153612433389	14.4177227155652
RSPO2 SIGLEC9	-1.96164043469981	18.7803852050321	14.7959128789628	-1.9587963476522	18.591766142254	14.5289492619794	-3.40454791569585	19.3506163216094	15.5197578725325	-2.12899245372071	18.9037427532492	15.0350059905156
RSPO2 SIRPA	-1.3846620745434	18.3558933133568	14.3792356287631	-1.46420715008318	17.8437424059828	13.6666912599026	-1.55206697817617	18.3323854222242	14.5771535861885	-1.41440056961284	18.3431738468785	14.3526350478316
RSPO2 SIRT2	-0.955959633374849	17.914521608474	13.7740444246659	-1.7170888556134	18.1336305673455	14.4343863971432	-1.29062133524291	18.5072638928941	14.5874830789622	-1.44007229961019	18.4955069941493	14.6576490083359
RSPO2 SKP1	-3.29846422764208	19.4032984406444	14.9964801499309	-1.16312385999759	17.7465108607939	13.6018923736877	-2.4981204479592	19.0184182367319	15.0973555969967	-2.39571796127513	18.7130934230772	14.7983596692113
RSPO2 SLAMF6	-1.06017239036642	18.0827809920209	14.293539165176	-0.95804881307627	18.3488917722842	13.6374211816528	-1.34542684294952	19.2541632438841	14.8707940107152	-1.26340485039437	18.6154336993442	14.3855812656994
RSPO2 SLAMF7	-0.994050979292791	18.1573901255906	14.5444741684523	-2.1022694643091	18.6084729549374	14.4041798924103	-2.30624671319405	19.0177427174945	15.3020236835892	-1.42543501296275	18.7417160160385	14.836000037589
RSPO2 SLC25A18	-3.59489029864326	19.2868121993082	15.246974700451	-1.45112348002597	18.8219044101866	13.5716518054241	-2.58908874407523	19.3729015660877	14.7996100597374	-2.21059277419173	19.2320169325805	14.6182247930024
RSPO2 SLITRK1	-3.3971054698798	19.4461116260082	15.5471216648578	-1.77547436137622	18.091079067339	14.0946834402991	-2.42765158766784	18.849341439034	15.302856337928	-2.52407326283023	19.2113271140772	15.203952291946
RSPO2 SLITRK5	-0.904825779005073	18.1817626678304	14.1121349642972	-1.67519113752155	18.2299251954964	13.7813630089484	-1.85120092670416	18.961026949883	14.9816043085779	-1.20465935375598	18.3711820700255	14.2348796633392
RSPO2 SLPI	0.157445666709426	15.2308399465779	11.2660961071694	-0.975781229713485	17.6853250572605	13.0102403251635	-0.420724234864023	17.0397029939098	13.0457710125119	-0.270140239956748	16.6682380612775	12.434947270386
RSPO2 SMAD2	-1.92500995153302	19.4496176146213	14.6788498872104	-1.31711632442658	18.1288924426134	12.8553573382672	-2.03619646587942	19.2262403214612	14.4959464108391	-1.9631758860248	18.8362245255647	14.1402494690922
RSPO2 SMAD3	-2.21383538100574	19.1011423960311	14.7836986502575	-0.942895276200146	17.7095869137053	12.2964205139675	-1.84525271262626	19.039995734339	14.1160906123943	-1.52178259922138	18.5690276872581	13.8483810126352
RSPO2 SMOC1	0.312034135641564	13.7267668840564	9.82003942167992	0.0940408355297367	14.3676345149707	9.61043177910881	0.244851316175227	14.093225296504	9.8966680508791	0.226950682928105	14.0870547234768	9.84263463387376
RSPO2 SMPDL3A	-1.93112968104583	19.2817012908675	15.0066765452615	-1.30951189984822	18.0768517901655	13.9775718063014	-1.52094584615019	19.1919103826769	15.1710431001846	-1.87924619068807	19.086033521452	14.8467578160998
RSPO2 SNAP25	-1.7955880884109	18.9868301438304	15.2181701331591	-2.08484075122892	19.0581323542023	14.474178344444	-2.01918861565241	19.3495573276896	15.3309509687888	-2.40038931983118	19.236862763077	15.0976870229213
RSPO2 SNCA	-2.08946620161392	19.2783469122343	14.7472609035042	-1.35945006020917	18.0089360540195	13.4546638086354	-2.27832120713437	19.4934537258733	14.9287832413201	-2.12158995920879	19.0097990615785	14.6829368396957
RSPO2 SNRPF	-2.76529561396533	18.6983870182895	14.5568264153989	-1.73840586976859	17.7919604434769	14.1558208837749	-2.91093567436327	18.7775513587955	15.3883329766985	-2.13539853399291	18.4174782881952	14.6655891823124
RSPO2 SNX4	-1.49919478995897	19.1045656858039	14.8681523084788	-1.26673942897006	18.7467371167097	13.7547636197079	-2.36520127263096	19.566662746849	15.2759023903326	-1.7223710569583	19.0163023743836	14.6826509726712
RSPO2 SOD1	-1.88575894700242	19.1840226064857	15.1191537906548	-0.994309485150584	18.0159541067056	13.6385419149973	-1.65707199539782	18.9270770652209	15.0124853847174	-1.49777012635124	18.671419766849	14.8460220500328
RSPO2 SOD2	-0.844717961429708	17.3542651347843	12.8482372415821	-0.185569600433496	15.9153336480552	11.5832399561098	-0.616089145633049	17.4003802325078	13.029417185674	-0.485185306223861	17.1556228276123	12.7540765374919
RSPO2 SOD3	-0.516006121463817	17.3438611984569	12.9712157845794	-0.831341847076091	17.5942409677917	13.2255021859089	-0.915738855244735	18.0716601096754	14.0354814443591	-0.698973941048141	17.7590753090027	13.3260294629713
RSPO2 SORCS2	-2.20404404137011	18.8378961940136	14.9576852861333	-0.754322064997285	16.9708263375505	12.4922221771665	-1.33525800671638	18.362346365667	14.0996778714374	-1.78766374478552	18.174666068204	14.1913274772704
RSPO2 SOST	0.463081724032646	13.458557193754	10.0738726688473	-0.0049947342822505	15.5451389398639	12.1015372789869	0.0997581819727186	16.0014524464665	12.407133868434	0.22602586984767	15.0810592254161	11.4451392791476
RSPO2 SPARC	-1.36864947163072	19.549962117459	14.3624700482709	-1.59315657658894	18.1030699638538	14.0683919991085	-1.92495338615628	19.2490970202943	15.2221331786418	-1.5551998478167	19.3448210284073	14.6905508918715
RSPO2 SPARCL1	-0.974433929082577	18.672300814665	14.0509576286498	-1.84217766393711	18.3904755771802	14.2569715832453	-1.7692127600568	19.3198302225055	15.2776559958676	-1.5490688722686	19.0598238618013	14.7865824861129
RSPO2 SPHK1	-1.27695171957989	19.2343893619829	14.5666681594732	-1.38474573930387	18.3289005863308	13.0814148108672	-1.88400188752959	19.3317954885443	14.6824490643468	-1.56380077769524	18.8564571381153	14.214610397217
RSPO2 SPHK2	-4.04537305948493	19.4886104969868	15.4866504877394	-1.30516999406357	18.4708375181585	14.3985506574352	-3.00088483772266	19.323175030158	15.4409978348413	-2.51867269730014	19.2272311797744	15.2248666923075
RSPO2 SPINT1	-1.20416995549781	17.4801447772605	13.703754374652	-0.75692784776843	16.8653297770751	13.4460476630113	-1.3964728916902	17.9452983213338	14.3919198050618	-1.07842552832696	17.4809647469327	13.8814679636786
RSPO2 SPINT2	-2.30923937310948	18.7973826293431	14.5491533811214	-1.61796023350755	18.071725485649	13.80984584823	-2.57006523722293	19.0885163968317	15.1773624017035	-2.26935976428234	18.8818346858778	14.6982092136532
RSPO2 SPOCK1	-1.00024460036962	18.0614068452648	13.7170726674348	-1.89501013893593	18.1845818844587	13.7699245499109	-1.84930773887115	19.0017303679482	14.7641922503897	-1.66607041241559	18.5238739307683	14.1740850675961
RSPO2 SPOCK2	-1.57940120529637	18.455909353508	13.518093912743	-0.946008989695557	17.6563751629799	12.0535533000076	-1.14831940981146	18.6032331298997	13.3312347285793	-1.38652618599852	18.443806555646	13.1499239986384
RSPO2 SPON1	0.0764488063343302	14.9399220173002	11.4769069100139	-0.0982599442289271	16.0028155082768	12.3372395619299	-0.211492283099596	16.1299216510457	12.3430702422157	-0.069720644206039	15.7127817896928	12.2060676400924
RSPO2 SPP1	-0.502830983192909	18.0225046101917	12.0561762192999	-0.322091165013015	16.527009774739	11.5519886139911	-0.496350152248937	17.6395295249796	12.5570311292183	-0.560563097213312	17.6585087632587	12.3347347003153
RSPO2 SPTAN1	-1.53378817505104	19.1210215674527	15.1379478388842	-1.79491431425894	18.3091166591514	14.3451187232629	-2.3081461006061	19.0378816408552	15.3600165704028	-1.9516780243222	18.9451990710969	15.0634258655023
RSPO2 SRC	-1.22644749146843	18.8288041081297	14.3534527774692	-1.54377265377871	18.5056059513978	13.554908103723	-1.9818762294572	19.2952769133242	14.8892823903143	-1.55684941367033	18.83488303437	14.2998865339662
RSPO2 SSRP1	-0.465283581206773	16.6331659367957	13.2418915633331	-1.73234242822313	17.8694803249971	14.1999521544338	-1.04514240486471	17.9228403236931	14.6940587201083	-1.20639879608409	17.9650681887161	14.3339739291075
RSPO2 SST	-0.326213911031388	16.9104626400388	13.5820674409148	-1.19862916602945	17.828898250237	14.0157693585873	-1.02914138025143	18.3359965709866	14.7560485204028	-0.774061335980494	17.7321221510905	14.0080040456254
RSPO2 STAB2	-2.43098140423954	18.8401512232198	14.9902808360936	-2.40099762379876	18.4467538934771	13.9370817784199	-2.33429626987641	18.831002090377	14.7239267574442	-2.61095782908665	18.9369096680688	14.8624507368872
RSPO2 STAT1	-1.8763404818877	18.6542975974077	14.0608016598119	-0.662990010488036	16.3719536665715	11.5372664786894	-1.11021355458138	18.2043785166355	13.4942257544218	-1.32424931050137	17.9019324442289	13.3407606522039
RSPO2 STAT3	-2.01672137684962	19.8021510474196	14.7117808533159	-1.16785220883701	18.014128934492	12.9804873474647	-2.10708734690249	19.4107455491433	14.5220148317578	-1.92613167076136	19.1349594316124	14.2290305573619
RSPO2 STAT6	-1.70265948535181	18.9361177583119	15.0794917434447	-1.57807521325101	18.5610786439451	13.933125671624	-2.749573401936	19.0353615641148	15.0708509607435	-2.03831326514824	18.87345569296	14.7994698504761
RSPO2 STC1	-0.086805823608469	15.3356815851293	11.7119888018827	-1.41904484864376	18.3309221094351	14.3130039614087	-0.7026935426886	17.4654044772512	13.3988805814984	-0.705117721590351	17.2519324751629	13.2650078226257
RSPO2 STIP1	-2.51846196282644	19.2344304106364	15.0332329614585	-1.47611615469269	17.9365375478739	13.2539624753547	-2.4666357350559	19.4935117942088	14.8782980188421	-2.13954936837975	18.752738036119	14.5333912583174
RSPO2 STK16	-3.11731246848923	19.4078604444373	15.2500022461328	-2.00859656017508	18.8113241148084	14.233985238437	-3.32830089823118	19.6486427681041	15.4037447836286	-2.74680231173117	19.2581699702562	15.0486046952897
RSPO2 STK17B	-1.51086635836604	19.0766854789527	14.6430765713269	-1.38824331880115	18.1376110405464	13.8727884131807	-1.41653180022902	18.8872206849719	14.791721850429	-1.6489977974994	18.8979615622433	14.5259997009094
RSPO2 STUB1	-2.70948950672468	18.9058832935081	15.374796161861	-1.5300417934625	18.2198141311292	13.3674019718815	-1.99392085340835	18.9093518354785	14.5247890161835	-2.33300545366607	18.9445867878797	14.9264454387531
RSPO2 STX1A	-2.24466653277494	19.4711323885257	15.0439692107869	-1.28892168308654	17.9846938473815	13.3015782868259	-1.68664367269222	19.0319517016978	14.7143372092985	-1.6815312793893	18.9229289642215	14.4030321529293
RSPO2 SUMO3	-3.01229360347496	19.7084892060445	15.1250648057234	-0.671147297940377	17.4638906247817	12.5164725904852	-1.76037816849548	18.7945845397673	14.4356784345987	-1.51856355225691	18.5633322957874	14.1358172166959
RSPO2 SYNCRIP	-3.10867218924087	19.3844529079891	15.415803778705	-0.885537069543153	17.1739571976819	13.042088971667	-2.5030505552828	18.9396808676746	15.3390229440231	-2.00705092807755	18.6755282227523	14.7997594544752
RSPO2 TACSTD2	-3.18788735511645	19.4821326162233	15.115042764104	-2.29740090461826	18.5182963050499	14.2924720118167	-2.63277180095414	19.1483962951289	15.1971057703686	-3.1909492566054	19.1960077469385	15.0143617200765
RSPO2 TAGLN2	-1.42181103387876	19.4906332252658	14.4518714974861	-1.58615170676839	18.6578189366763	13.8626009310012	-2.80077751388232	19.5741307564473	15.2930437941984	-1.97211236383827	19.4233013066546	14.6827198047076
RSPO2 TBK1	-2.62588401939808	18.8490681714841	14.7270372581074	-2.09592899577889	18.6880259535952	14.5144512554972	-2.80639436380868	19.3156808222894	15.2226317964195	-2.53227686018934	18.9516950393232	14.8838348789536
RSPO2 TBP	-2.47554537242998	19.5000177361203	15.2407786667681	-1.07809648487511	18.1091205378918	13.4257972245116	-1.67759372205481	18.9611869897472	14.8250619109674	-2.03310277855155	18.8416860838552	14.6841042482423
RSPO2 TDGF1	-2.48105561842741	18.8533593509158	14.7465358738091	-1.67389967742251	18.1597779247158	14.0007083469476	-2.13974951173991	19.1000500350201	15.1507343933258	-2.48985226869978	18.933708908672	14.9046995036901
RSPO2 TEC	-1.25300696408333	18.8633353872141	13.8944967146319	-1.26954480109843	17.9238259105218	13.1608524804449	-1.85165388228551	19.2371924540309	14.6331159732691	-1.59456576641904	18.6949292639645	14.0470579481436
RSPO2 TEK	-1.58117037461828	19.3502116201116	14.3766154166632	-1.17596656191869	18.4111078048316	13.8247847904079	-1.81265776613385	19.184061836562	14.8778215047262	-1.56969494592229	19.2737988416794	14.4589289632057
RSPO2 TF	-1.19726860161922	17.9808332343413	13.7014295645503	-1.02354225605835	17.9590750900524	13.9943436664713	-1.31599110690377	18.4797305629644	14.7602203443723	-1.2169180915382	18.2122661082022	14.2257962042941
RSPO2 TFF1	-2.6699638198858	18.6576729105929	14.9628040555942	-1.21969169421594	17.5003896964015	12.9970707775207	-2.05428180818363	18.5315715397409	14.7879851458068	-1.74665403318698	18.3909840750554	14.4143756121242
RSPO2 TFF2	-0.974174390887409	17.8464287389962	13.5924083551198	-0.933445104376906	17.2408220473402	12.790227700221	-1.07330009941553	17.9764895850066	13.8142464715843	-0.893037774915036	17.7177975889466	13.411536019998
RSPO2 TFF3	0.324095688268934	14.0445313316676	9.98780803684464	-0.220925677873576	15.5001932968217	11.3681898194145	0.10067172001388	15.2469673420634	11.1058653122591	0.113222400863883	14.965880116242	10.9651343907219
RSPO2 TFPI	-1.96316955471692	19.0917739840391	15.1071893391452	-0.434154460437123	16.5615688198867	13.483403959633	-1.44463665278513	18.5661883791219	15.0497179694128	-1.26890921852035	18.3076879939196	14.8242749809967
RSPO2 TG	-1.30136214870176	19.068087489339	14.384882452159	-0.719808007593675	17.42117514945	13.1682570542907	-1.45353657476009	18.7112594818196	14.3099779121716	-1.44567608513434	18.5496828318603	14.2985059663652
RSPO2 TGFB1	-1.70668707035748	19.2090875791639	14.9614371253581	-2.4220498863064	18.960765201789	14.7902413808251	-2.4631747789684	19.4280908457704	15.5088566400344	-2.34697487192438	19.1939990116993	15.2839580416323
RSPO2 TGFB2	-2.80950687347466	19.0193000115573	15.2880610034244	-1.56979556644195	18.3240683950786	14.2964983873181	-2.9929863428444	19.1837334139802	15.5558390400487	-2.21244222448627	18.8725713974213	14.9803705568801
RSPO2 TGFB3	-1.26904666371929	18.5021328609676	14.5829771145754	-1.43736372693235	18.1410870154022	14.2486285026156	-1.72122557492514	18.7253972479292	15.2395698892855	-1.43662540211437	18.5482045977547	14.8622809612158
RSPO2 TGFBI	-2.40484543883749	19.0933389490011	15.0180211952835	-1.4477828332814	18.2155008839876	13.7800566185641	-2.25534925296602	19.0492467606071	15.0802713636323	-2.11284630884968	18.973563621631	14.7882099980073
RSPO2 TGFBR2	-1.47256561048779	18.4692891502815	15.004278318432	-1.31314033343668	18.0511319190466	14.0102498896398	-3.44606731939582	19.4453077459642	15.6539188573251	-1.47675002660837	18.5777881130637	14.7189377169287
RSPO2 TGFBR3	-1.76834039151377	18.6928888924674	14.6330700960777	-1.55800752876102	18.8806169178475	13.942918016687	-1.45429484734362	19.3150066325064	14.8225318899858	-1.5989210992308	19.0492056176133	14.6638677860318
RSPO2 TGM3	-0.989666010138899	18.0755286076705	13.8301832653793	-1.32759126024064	18.1008993835282	13.5548785384207	-2.19843566909178	19.0263010736986	15.0632303199192	-1.52099239889258	18.346451708311	14.2537987297205
RSPO2 THBS1	-2.03523914156518	19.9072511362723	15.3074277676295	-1.10953075850166	18.4550728854158	13.7183371717163	-2.67148407376562	19.314048545199	15.5819597507157	-1.78510488406637	19.2119917070789	14.8279478187649
RSPO2 THBS2	-0.324059218034259	16.6625574801887	12.9442959311865	-0.603620937600397	16.8077354365786	12.3996151246511	-0.810432445709865	17.8881342178984	13.775709371997	-0.659494213785005	17.1841284731089	13.1716536489412
RSPO2 THBS4	0.0990830896752152	14.8606314646928	11.6326564600126	-0.652486360083873	16.8028535413973	12.7041365154494	-0.411616842580261	16.4759024724792	12.7176002923036	-0.312013579383652	16.1779340842992	12.4827153694004
RSPO2 THPO	-2.73436402336608	19.5618381269254	15.3831105275908	-2.38865624277437	18.633506325348	14.2110121593545	-2.98479985514047	19.1390709593424	15.3998219689949	-2.64672332687599	19.2186843873326	15.1504008620517
RSPO2 TIE1	-3.62765752093012	19.4511569759333	15.8980185308727	-1.28515575372942	18.2109821875138	13.3057642771988	-2.93034378604333	19.2290564205956	15.3314987191007	-2.57072402199164	19.2534803220841	14.9440380710554
RSPO2 TIMP1	0.226404863973646	14.6141525567286	11.3751481174833	-0.285637566252795	17.1949630239356	11.8343518445409	-0.0212840815058579	16.1145088838836	11.8311056880882	-0.10656323154189	16.3698687593942	11.9975843017821
RSPO2 TIMP2	-0.650371655753533	17.0069585254528	13.2151344708789	-1.2556206831712	18.5562896958877	13.981848995066	-0.93657535816142	18.1458594869755	13.8605800730622	-0.988782872161576	18.0361717182071	13.8362895069425
RSPO2 TIMP3	-2.86246818276224	19.790248059399	15.6284316564793	-1.09742501918162	18.3004856214578	13.6095129698666	-2.63827198843813	19.3620631169916	15.3325017215872	-1.99226661182822	19.2005537244477	14.9824357487267
RSPO2 TK1	-4.1828797660084	19.4529916805532	15.3715183094903	-1.34511505209396	18.6525919037526	13.9635003197643	-2.91255936748082	19.6216553063877	15.3927825282936	-2.2908376510621	19.2318359458266	14.934357357021
RSPO2 TKT	-1.93352884312615	18.6476591117466	14.3120766662875	-0.950774839836759	18.5563975619737	13.6117094742586	-2.29337062177053	19.3835016698958	14.7719501365017	-1.72118145253313	18.7160030958261	14.3539464231012
RSPO2 TLR2	-1.28875725574802	19.0093755831552	14.8407833601796	-3.36415270277471	18.9589383774165	14.7366080586793	-3.122969992985	19.365129975436	15.5378662579598	-2.12542886146789	19.2708244500068	15.0861736102392
RSPO2 TLR4	-2.98483627379288	19.2849539971022	15.2801101152301	-1.53512174926778	18.6456004972603	14.0794185532232	-2.38066045172086	19.5271492949216	15.4171197431316	-2.56147679282994	19.1893953680727	14.9849721746902
RSPO2 TLR4.LY96	-1.56353311604284	19.9203820621584	14.7309702453652	-1.5748222157317	18.3744669567798	14.018667305445	-2.28818017688921	19.5580528801749	15.3495163718395	-2.10476747886306	19.3153405602012	14.8296462879571
RSPO2 TMPRSS15	-1.71465765693726	18.7445067233547	15.1151854281874	-1.25679008546111	18.5723093295087	13.986495344354	-2.04792670324772	19.3507240383132	15.3988738751937	-1.64535622417878	18.9867689346261	14.9311486787527
RSPO2 TNC	-1.38135108822938	19.3176809742366	14.2173810865613	-1.76941179486491	18.4544328401603	13.7974840195886	-2.48013364369004	19.1659198294537	15.124315125696	-2.06773727091725	19.038685767959	14.5326127444723
RSPO2 TNF	-0.0741142432014279	15.5234691365159	12.7260711398788	-1.84850607016068	18.0162443617081	14.1317619387932	-0.868732348114925	17.9986411021163	14.491883779046	-0.731860083223381	17.1850055267378	13.8481262452098
RSPO2 TNFAIP6	-0.150963144919413	16.9446422035265	12.9473860034366	-0.746043737475158	17.3724788186416	13.1381221590495	-1.22770695757942	18.5480522849887	14.4820151873755	-0.387385001681509	17.5078069250714	13.3259197967802
RSPO2 TNFRSF10A	-1.90685769973765	19.521664768893	15.04047738785	-1.94679750183497	18.4103021081594	14.1981607748777	-2.60187487362832	19.3767104651878	15.3915923117152	-2.32858843338931	19.3996215686297	15.0545128806652
RSPO2 TNFRSF10B	-1.27862925451849	18.7773302440057	14.7783539472717	-2.51934460601285	18.9996935306628	14.5897513285281	-2.29004103773842	18.9349836000023	15.4567796780204	-1.90221124988162	18.9584561194921	15.069715580175
RSPO2 TNFRSF10D	-0.393806074483388	18.0504299912221	14.0174541483622	-1.90073612569579	17.7339256693767	13.9545738886307	-1.16668084522025	18.0063918901213	14.7126859301541	-0.723221995481769	18.0767466178095	14.3621384269468
RSPO2 TNFRSF11A	-0.801598349900117	18.3006124343551	14.7495836582721	-1.35654898499209	17.819758969706	14.1287856028906	-1.31887890437307	18.3551541562193	15.3017946814427	-1.24240300415045	18.4429313439234	14.8330597224235
RSPO2 TNFRSF11B	-3.31304722412922	19.4800919707004	15.6310032102486	-1.74272964234131	18.3710384984766	13.8315456842113	-2.54803316985817	19.4167866744998	15.3565787991772	-2.36639189968702	19.2435593969326	15.0959490936114
RSPO2 TNFRSF12A	-1.95959172368275	19.5176571212706	15.0789735425775	-2.15991979100582	18.9857358179941	14.3322504414933	-2.57083169709307	19.2867499860436	15.379596514368	-2.21371155397609	19.1901840826667	14.9651823969808
RSPO2 TNFRSF13B	-0.417314913738078	17.1994901339642	13.7668381987457	-1.31204710916292	18.2463235274136	14.0498753989311	-1.3463723196848	18.1410063728052	14.6868301503988	-1.05557951014524	17.9237347163553	14.2795282417137
RSPO2 TNFRSF13C	-0.944812556312048	17.8333151074708	13.6556428570358	-1.89402261233739	18.4520794783713	13.8477252142816	-1.64620706283226	18.7077293245042	14.3193040937858	-1.70967251134576	18.5963126367469	14.2008410530303
RSPO2 TNFRSF14	-0.990437940800445	17.5115704135588	14.0765665437696	-1.55657716716776	18.1161173700815	14.0912122877778	-2.80320610659805	18.7606755903455	15.4481427118791	-1.72186914675407	18.1902782128414	14.4887440227484
RSPO2 TNFRSF17	-0.846443369278296	17.4124870296615	13.7916452724423	-1.72087883582963	18.4176137396902	14.0756558057549	-1.49481390924771	18.2660067852501	14.2613791335569	-1.56309832054102	18.2332452727785	14.4223208208625
RSPO2 TNFRSF18	-1.21030593814906	18.068455982682	14.223318308276	-2.65809183637798	18.8431892728866	14.5655071090597	-2.71378290329505	18.9766914880597	15.1305912811988	-2.29842893494182	18.7371572731798	14.802010114649
RSPO2 TNFRSF19	0.165550385988228	14.622168011602	10.8660746386672	-0.314543411984828	16.4334915153278	12.0422277351295	-0.204778431432922	16.0796307574155	11.9935923273663	-0.0800703217526024	15.7573717261277	11.7645342243838
RSPO2 TNFRSF1A	0.404130552785621	13.5021126142694	10.2936803658282	-0.00124183544896539	15.0290893381537	10.2868805392555	0.128097012986995	14.7572436757944	10.8691292850726	0.191007928915619	14.4425990189468	10.6240799338949
RSPO2 TNFRSF1B	0.248620193330237	14.2287222373559	10.7372812116222	0.0187700766761887	14.893968108889	10.3850092369748	0.0157352712690609	15.4034647734721	11.2732740203794	0.114163507785085	14.9041558429423	10.9295950490221
RSPO2 TNFRSF21	-0.60866179258199	17.2700468137082	13.5187983702715	-1.81078465576478	18.3403210659099	14.0191986821887	-1.3118050574549	18.4164532677842	14.5741481182035	-1.11579751803198	18.1247111209506	14.1097775012246
RSPO2 TNFRSF4	0.0594963810300597	15.6741211863062	11.8939163620248	-0.433613086860201	16.4119555294089	12.6830676906497	-0.233663553326635	16.471410512193	12.8969316511482	-0.217880454334574	16.1793033695438	12.5451918347257
RSPO2 TNFRSF6B	-0.732136781139562	17.6573998871024	14.0372793673265	-2.16252398463419	18.3420512274243	14.1300199739049	-1.27117117454584	18.5157919559072	14.8203649857625	-1.15359482207894	18.1440072613715	14.4905150824327
RSPO2 TNFRSF8	-1.05647452462698	18.882828308955	13.3744461408885	-0.545074237656201	16.3849525129212	12.3037290571268	-0.957719605183109	18.3628887142639	13.7094769207059	-0.931302114636152	17.9634134837577	13.3201663283302
RSPO2 TNFRSF9	-0.642707115927633	17.3579349344092	13.4080914591409	-0.306669836305344	16.145267853082	11.9161160371621	-0.527528606629697	17.1790094527166	13.2253773830248	-0.537699104855567	16.9738228627993	13.0124770174673
RSPO2 TNFSF11	-4.04570359795311	19.4805237199454	15.3196020585556	-0.828285283279924	18.0466161228197	13.2930062597675	-1.99245337469632	19.561063992897	15.2597009913961	-2.27619582548274	19.0903208782283	14.8511872434217
RSPO2 TNFSF12	-2.70716811772785	19.0303853242549	14.906941463928	-1.68742840596677	18.6550003513471	14.2799191614413	-2.65674242277113	19.0866843587222	15.2494093202057	-2.37642931949445	19.1229613520617	14.862744581031
RSPO2 TNFSF13B	-1.38016239934226	19.6721635223507	14.5824978066021	-1.6753885057174	18.1251982840039	13.9214828378875	-1.64379586982867	19.1840043413353	15.0580093028125	-1.54167659030577	19.04672949067	14.472574847031
RSPO2 TNFSF14	-3.78066022479693	19.7107597193477	15.6356319808923	-2.07295841993805	18.8090649131091	14.4492227658475	-3.3229032416033	19.4980996591081	15.4363145275914	-3.01764918103204	19.4535129235544	15.314222578969
RSPO2 TNFSF15	-0.167088772145531	15.9304018324002	11.0965105770851	-0.377322077079227	17.6850906968109	12.4430292870783	-0.400976660258674	17.5978473091338	12.4733701240287	-0.352219895909119	17.0048859434482	11.9637967249455
RSPO2 TNFSF18	-1.71411065007069	18.9103499144261	14.1162876750601	-2.07592008136364	18.3823284591287	13.9013849504474	-2.25236272596382	19.2353465833362	14.7681765699724	-2.73824460908609	19.0629689022511	14.677327521229
RSPO2 TNFSF4	-3.00443140326746	19.7388230989851	15.4684251450395	-2.21390835955859	18.6024731645334	14.2126635282543	-2.84282939566755	19.4477265725873	15.577009043305	-2.65231172413811	19.4303734816312	15.1248663323973
RSPO2 TNFSF8	-0.723647612284442	17.7758232085666	13.6274979587778	-1.45518803626456	18.0610770905396	13.8214672171102	-1.34631393226727	18.6677043512711	14.5384627142249	-1.08788586521095	18.2243169926047	14.1258748026438
RSPO2 TNFSF9	-1.80365819318407	19.1387540921054	14.6065061905841	-1.3371989026878	18.1786960014639	13.4845115930005	-1.88066609080251	18.9748741883471	14.9314420214615	-1.66450986761187	18.9332679219901	14.5751927653306
RSPO2 TNNI2	-1.46141923102878	18.6296671551609	14.2558731892216	-2.34575904354927	18.7109667638962	13.7214126654099	-1.95192020354011	19.0946091338027	14.7358039962101	-1.73104408890356	18.7491122074198	14.2494718700204
RSPO2 TNNI3	-0.357606528546604	16.5003270697293	12.6916877277559	-1.2524903675134	17.5549331925445	13.617267038963	-0.82810765487736	17.5746956531682	13.614042527358	-0.703395707623198	17.3052805808618	13.3638563045681
RSPO2 TNNT2	-0.216586503905091	16.362294879502	11.7151640384967	-0.0092374434323641	14.7091553093626	10.8967762862994	-0.334533844245549	16.0544010190732	11.9316674072713	-0.127850188016584	15.8129622327041	11.6370136114601
RSPO2 TOP1	-1.3368083978876	18.4017059995437	13.9165223092245	-0.814070806372153	17.5367017909544	12.9205846775802	-1.17157756367803	18.1116385048906	13.8152540268845	-1.37098054197729	18.3275629291869	13.9536290674159
RSPO2 TP53	-1.93064342293702	18.6851128709543	14.9418896502857	-1.53699017898596	17.7421165263974	13.2889948102802	-3.21087384792403	19.6568492587318	15.5233132922675	-2.48758915966222	18.5970858305883	14.6676151680954
RSPO2 TPI1	-1.72282204770058	18.6049111500843	14.3146975214612	-0.917427510249652	18.2120166862868	13.524360132004	-2.09095520242372	19.0674472151674	14.7759783090273	-1.42960515065286	18.5185982403547	14.2222610277561
RSPO2 TPM1	-2.9111171681562	19.0618257442657	15.0899564247982	-1.68118351374625	17.9887369073438	13.8729651190307	-2.79647728021877	19.1097567138486	15.1962051118232	-2.54936769458288	18.7990928109635	14.7470267458678
RSPO2 TPM2	-3.45943271344627	19.5985328214684	15.6409097305708	-1.59761934995704	18.8913618367011	13.8934107557809	-2.68478874697703	19.6170569939398	15.329737513559	-2.75986137709223	19.3462695427387	15.1596207176127
RSPO2 TPM4	-1.51280375954182	19.0015998857533	14.7297638759006	-1.32070616992236	18.7348408846729	13.8808986888199	-2.201776701934	19.294053568367	15.1730124448544	-1.69380145508757	19.0677825618627	14.7679062012371
RSPO2 TPO	-4.01753812769289	19.5714351767302	15.464670139955	-1.72069117026341	18.4322173419074	14.1052493899351	-3.30475433467088	19.6852352986315	15.6455142599903	-2.59005749280687	19.2150158961396	15.1075322403834
RSPO2 TPSB2	-1.42120277836144	18.5400441363717	14.6346473734233	-2.02063281131973	18.2844647040618	13.8217779800121	-2.84417606369254	19.2093175686166	15.1771372000903	-1.80007103395038	18.6407140407691	14.6605320615521
RSPO2 TPSG1	-0.819582153597081	18.1108487712149	13.5029608055262	-1.88596172197244	17.6164728725083	13.7116814453668	-1.61885437662492	18.530601882081	14.4945857516965	-1.28640675092961	18.3104498148579	14.1252652290337
RSPO2 TPT1	-2.51599365679735	19.3945817036123	14.8964178267556	-1.12540370343074	18.0458907846259	13.4028827950498	-2.26422040522504	19.4213999534508	14.7709851563373	-1.91917065844016	18.9725494242146	14.5051818328917
RSPO2 TSLP	-4.6062176158942	19.6939944955296	15.8309196545075	-1.29348206408261	17.8938450653516	13.662880030916	-2.72350957437522	19.3456840822599	15.4051673517018	-2.322207195362	19.0061882777061	15.004763092761
RSPO2 TXNDC12	-2.07656557954739	19.513153320369	15.0492258276239	-1.33987331649602	17.6595643441319	13.0573480927177	-2.56046110004755	18.9652573976796	14.9304931794157	-1.74490032596998	18.8323833318067	14.4193490526916
RSPO2 TYK2	-1.86841305318422	18.7307343809564	14.2822629878978	-1.84526261574702	18.0973057803361	13.8045024399531	-2.48723655263174	18.8134607239094	14.8668116890274	-2.3000047388951	18.6876977899798	14.6212470875096
RSPO2 TYMS	-2.82785724142015	19.3944781237413	15.0463622303182	-1.80770272513314	18.2137354004519	14.337200267518	-3.29649765122001	19.5736493958938	15.5795364654752	-2.41947169032292	19.1436704109428	15.0672163268555
RSPO2 TYRO3	-2.95438036824727	19.2693727083465	15.2485057508831	-1.81813556582582	18.2029228565039	14.125744972681	-2.79164307102643	19.0187362545025	15.2939220932124	-2.56122147543114	19.0315484603959	15.1144602946131
RSPO2 UBB	-1.20217896453395	18.3177186546562	13.6780815238822	-1.34472745642063	18.5977551714885	13.9155220862322	-1.374698694527	18.7901590668047	14.2767855055278	-1.27017443228287	18.5600982022108	14.0260285292085
RSPO2 UBC	-0.761499884024581	17.4464297527694	13.2453823984552	-0.855219906286144	17.0091120542081	12.4331495606676	-1.28319379210938	17.9892934850647	14.1567147817917	-0.937458015243434	17.6606671675366	13.3460070141962
RSPO2 UBE2G2	-1.36851441918966	18.1899099703048	13.962712595647	-1.53947722614061	18.172461034825	13.5132799677508	-1.91706100689185	18.5314062589915	14.9075716721098	-1.92629315530362	18.5147028341606	14.26675551746
RSPO2 UBE2I	-3.54690032781649	19.4358618262797	15.2513131240791	-0.693621357363607	17.75883448322	13.0780890345377	-1.94100242771606	18.881942902107	14.6840272935661	-1.82191885879035	18.7277745651512	14.5500109617941
RSPO2 UBE2L3	-2.59251052546993	18.9437367695427	14.9738089046536	-0.9656824887119	17.9007524477605	13.7029348201283	-2.29796884675248	19.0309078219234	15.0693177995053	-1.6611545709203	18.6042677642845	14.6931024938763
RSPO2 UBE2N	-2.06814506093456	18.6586653015378	14.5230044306433	-0.984108862959472	18.3090379880603	13.825056552484	-2.34632070046496	19.3846091782676	15.0630207016205	-1.82946307699696	18.596733303497	14.6613127992651
RSPO2 UCHL1	-2.18568230142863	18.9063978774135	15.172272050234	-1.2701697511478	18.0443994432044	13.3885661353082	-3.10379748925567	19.023244090267	15.063648668461	-2.26452387654028	18.8868486212473	14.9055510023187
RSPO2 UFC1	-2.04739245516063	19.5633330778914	14.9444436621027	-1.41286461024866	18.2125004792235	13.1571165079048	-2.63187494705321	19.5777393429929	14.857730936847	-1.94631884878281	19.0533048029114	14.4336830847226
RSPO2 UFM1	-1.30859036788281	18.3458165654212	13.7720109960434	-1.32838632258199	18.1972740054166	12.9953251860024	-2.24795873685283	19.7237287707244	14.9402041533514	-1.95389166075187	18.548350088249	14.0537854198845
RSPO2 ULBP1	-2.67975718509131	18.7399809726824	14.9665508770422	-2.30848021055998	18.9551948283486	14.7060462001567	-3.27846161264167	19.2363388508314	15.4119097430659	-3.03956817810221	19.1316337696945	15.2030891164545
RSPO2 ULBP2	-2.67647640759123	19.3724840080096	15.6664779077444	-1.45918792057602	18.1343590463552	13.4993730557252	-3.45805696578933	19.5413209911319	15.6772131753637	-3.01444402976551	19.2888722700692	15.4361899952003
RSPO2 ULBP3	-3.15792030060842	19.4607868853236	15.3649223309113	-0.997391302100436	17.8766012022736	13.5132331388222	-2.23654592437969	19.0966617415653	15.207450629757	-1.91202731681021	18.805064681082	14.8518934923111
RSPO2 UNC5C	-0.153970453080775	15.8523523597042	12.5978679565425	-0.0401060165091804	14.9595314513313	10.6467244527292	-0.180358039689422	16.1547130986778	12.4218015798314	-0.202813026908115	15.7318408551279	12.0795109722575
RSPO2 UNC5D	-0.617792013544463	17.7618509173716	13.2169853989339	-1.44064922314208	18.4890701998183	13.8382187238611	-1.27173799897752	18.9611226490548	14.6265425084272	-1.06537266433764	18.4279075439555	14.0077589982083
RSPO2 USP25	-1.61685356266141	18.5457670750161	14.7299909587728	-1.53970048283169	18.0403500200366	13.669433585454	-2.92971510888662	19.2523847436704	15.2490957512846	-2.02062164430178	18.6602189457629	14.7081667285871
RSPO2 VAV1	-1.44221666978792	19.198360441816	13.971292878955	-1.48054212489979	18.3542457957091	13.1960917276272	-1.88894548758816	19.2590879042346	14.4896626338295	-1.65172722838363	18.8402453630777	14.0021869567215
RSPO2 VCAM1	-0.312785371668821	17.2726214503447	13.2504897875914	-0.57889011622718	17.3500518155703	12.9991448844413	-0.604299066465704	17.8278522198578	13.7164347536348	-0.44931723468064	17.5480942496483	13.5017616830308
RSPO2 VEGFA	-0.594952187550354	16.6176085992208	13.1110379320168	-0.0427495786534406	15.0188365092153	10.9487751952628	-0.59035434956973	16.3371895860075	12.8481446599017	-0.294855212204898	16.0158464336309	12.3519913662014
RSPO2 VEGFA.1	-2.89836534998758	19.6288121554534	15.1002036364574	-1.66355510036355	18.298654639298	13.7762132404364	-2.14030057466435	19.1368221844434	15.1475296495569	-2.23130520082145	19.0303212790131	14.6673698264584
RSPO2 VEGFC	-1.26750594615294	17.9073646929715	13.6847926727206	-0.556373982118279	16.9462489375204	12.398221297878	-0.963577246737099	17.7012230638115	13.7164345401824	-0.990596798509573	17.6447478883158	13.5641990168682
RSPO2 VIP	-3.35306486026662	19.1039192695148	15.4735937541748	-0.563560615781399	17.0163193428844	12.5126500698744	-2.31414004524111	18.8303794589523	14.9177431144027	-1.75276303864603	18.2743331177628	14.3649310584625
RSPO2 VTA1	-2.31523643926616	18.9745142857477	14.7630792908195	-1.17542373055174	18.3579953538609	13.5591034800667	-2.22943377615039	19.3312672976099	14.9996868160857	-2.06936037400445	18.8869690808044	14.5164388784252
RSPO2 VTN	-1.04613975805989	18.3801270263958	13.0790017440345	-0.582388160588211	16.350417390263	12.2793413992735	-0.810217321018706	17.3950620929801	12.9925198435441	-0.939559081940257	17.6002875572507	13.1116862719137
RSPO2 VWF	-1.33816121419524	19.2924028451918	13.7629209324387	-2.15743798132865	18.4076972884319	14.1824976695844	-1.98974222205752	19.4189627893494	14.7500876010024	-1.75508633014389	19.1836140561395	14.4074434596493
RSPO2 WFIKKN1	-0.490493697230878	16.9401371504812	12.4852195499257	-1.0866578741127	17.7224107635132	13.2854005130712	-0.653446962284257	17.7866302636481	13.3104413617679	-0.819181179223966	17.7439601252402	13.2117374355587
RSPO2 WFIKKN2	-2.62462012541163	19.354087250681	15.1794322573587	-1.48456091602446	18.3308821048331	13.545491429288	-2.05359153266461	19.2261928558197	14.9190503888805	-2.04690986142096	19.082675945748	14.7955271507721
RSPO2 WIF1	-1.81657723199242	18.6165265778417	14.7330666541768	-1.27596559510056	18.6020733702467	13.9827936820573	-1.88877220594662	19.0730586142807	15.0070091901307	-1.63441866982054	18.8633233038409	14.705899839138
RSPO2 WISP1	-0.976095390397147	18.0340751487566	12.944404619925	-0.59722965112381	17.526347835074	13.0100756292174	-0.897243358680362	18.3172717325079	13.6248965037773	-0.857766827792322	18.2275288277179	13.3290130795151
RSPO2 WISP3	-2.28766995810896	18.6188412701904	15.123825416311	-1.52798555424559	18.6186773783676	14.3427913338521	-1.75497580245578	19.5048845905667	15.4706048975468	-1.75804829632185	18.7705625066226	14.9020878222226
RSPO2 WNK3	-1.3089812629681	18.5308572984983	14.35206402736	-1.87466139313454	18.2613182306207	14.0668520994783	-2.70232369221516	19.0944144926735	15.1539694820996	-2.09152893967416	18.6902535891346	14.7149779237682
RSPO2 WNT7A	-2.31983355211756	19.2495939515239	15.3154238044803	-1.6411215622743	17.9935788460054	13.8883892866889	-2.49094542193813	19.7116977904708	15.4628028677478	-2.5004172849545	18.9951112430841	15.0174929953241
RSPO2 XCL1	-1.98754047101731	18.552263378767	14.4934531666668	-2.33305433531266	18.8401307848035	14.3691442584716	-2.1795826958617	18.9506058479509	14.9660145887784	-2.33037886845883	18.9156991857879	14.7020266905957
RSPO2 XPNPEP1	-1.08303425132898	17.9662300065189	14.1836343997326	-1.50188281529154	18.0395192528174	13.1906570299564	-1.93200588744261	18.579098106755	14.4879895977593	-1.53159406560556	18.3594788311139	14.1573489193127
RSPO2 XRCC6	-3.10990802990279	19.3910888250574	15.0773679053645	-1.94056118760429	18.2436267091707	13.8854524988554	-2.47261355945827	19.2082520497474	15.1319052770513	-2.93390996097043	19.0504152426776	14.808764263482
RSPO2 YES1	-2.21277126251758	19.5202342561153	14.9605067870371	-0.356145313033853	16.4012628968682	12.3146041119067	-1.11096515074661	18.4155851037864	14.0406006223014	-1.058706252201	18.1671685282456	13.8598809332046
RSPO2 YWHAB	-3.86659969903225	19.7687643655728	15.4381743204492	-1.2395578384411	18.7148441833112	13.6457439507572	-3.23921183660632	19.7952222585594	15.2331380416792	-2.32264395854739	19.4024103559825	14.8925105233274
RSPO2 YWHAB.YWHAE.YWHAG.YWHAH.YWHAQ.YWHAZ.SFN	-2.4678976984431	19.7889634717705	15.0492232868491	-1.2415772334635	18.4158816487612	13.5548844879908	-2.42583065194936	19.5499729876587	14.9644624960977	-2.07558422385834	19.344110082844	14.6653253989213
RSPO2 YWHAE	-1.49249145372651	18.8434032982895	14.547130742068	-1.97039338340679	17.7658989009849	13.6561063804815	-1.36862791480236	18.7185352628038	14.8468940192553	-1.75655916407943	18.5101402601157	14.3742924920018
RSPO2 YWHAQ	-2.06428759307628	19.3804077339872	14.8289487574522	-2.42764397224322	18.6567727732815	14.4800207047056	-3.18547202166807	19.2799854165421	15.5647608570576	-2.64714204773763	19.2622388757342	15.1378990941572
RSPO2 YWHAZ	-2.03765422768855	19.1983565421107	15.2455945463432	-1.44548911201717	18.4884448181079	13.6254764693634	-2.87882041383914	19.5028216658253	15.226841070239	-2.0039601122306	18.9733389154376	14.931603713762
RSPO2 ZAP70	-2.78647885833953	19.089966858235	15.2933446220343	-1.19181979684983	18.3571535328178	13.5265691938518	-3.04176825357967	19.2973512002806	15.2722016743778	-2.22194666803092	18.9632673833313	14.8977533676281
RSPO2 ZNRF3	-2.57367202837246	19.460315682979	15.2613857232392	-0.862786546383322	17.7983320597915	12.9871441987555	-1.52573599639103	19.2038715049679	14.7769019844258	-1.45604227792478	18.8909885291893	14.4408179921577
