protein_name	r2_male	rmse_male	mae_male	r2_female	rmse_female	mae_female	r2_all	rmse_all	mae_all	r2_all_sex_adjust	rmse_all_sex_adjust	mae_all_sex_adjust
S100A12 S100A4	-5.07409818228571	20.2673710655797	16.299912923272	-2.31333158572027	20.2825299741976	14.9786176509149	-3.0510860607349	20.8702353517134	16.0673942410085	-3.63449121910352	20.6590589269008	16.0471898025077
S100A12 S100A6	-5.27641653540193	19.608660383251	15.4034307237806	-2.55641294348791	19.3054018514414	14.0776028862458	-4.0466919756561	20.2680672682656	15.813415760698	-4.91132709174074	20.0428106315348	15.4354094727842
S100A12 S100A7	-6.36868055953192	19.9087447978856	15.7704911360454	-3.52857944312953	20.0240335096418	15.1162862317021	-6.32076641782525	20.6140956401105	16.5502162853085	-5.04896886600859	20.4146504753814	15.9592982996292
S100A12 S100A9	-0.93326870820638	17.4148299000585	13.6356203870949	-2.47993721991018	19.4143201477856	14.8140473901275	-1.3333925069305	18.8799950698163	14.8387968573263	-1.58562366820701	18.5337957889692	14.5520552742967
S100A12 SAA1	-1.64440865006939	18.862187465208	14.8220312257544	-3.11149585586845	19.4440682992374	14.4263196692252	-2.33702059069258	19.6419113660005	15.1840548979513	-2.34390634411848	19.6510999635982	15.2088286701538
S100A12 SBDS	-3.44957771721869	19.8782343546838	15.3391207738014	-2.63129357254145	19.3643573977911	14.6157255536111	-3.5412486837903	20.0654822919914	15.4678178465105	-3.55244254966218	19.900863900085	15.3710721150071
S100A12 SCARB2	-4.76926289705776	19.8841288257813	16.2413740252385	-5.66547702922361	19.7274675165567	14.9251749074938	-5.60979446445319	20.6458395895368	16.1975835038644	-6.01308004978239	20.3067830439178	16.236420557296
S100A12 SCARF1	-0.604027881015257	17.1552269295741	13.1158447482942	-0.724974612737271	17.3641746764338	12.6508883300154	-0.735535546414736	17.7196045286893	13.3698837594407	-0.693237272111497	17.6452969356106	13.3742793077104
S100A12 SCARF2	-3.02199817375303	19.4192512484285	15.8404984617281	-2.17967904808228	19.3341128656689	14.6882854314896	-2.77650567536859	20.0702669227149	16.0607820223844	-3.27357295779162	19.8650213203407	15.9478940836288
S100A12 SCGB2A1	-3.44705622959614	20.2265553710034	16.1397305627808	-1.33657606161062	18.2028224048384	14.1117770761	-2.1665914328175	19.7307099278572	15.6724229123984	-2.49458918286561	19.9432312096618	15.8267166716205
S100A12 SCT	-3.02183364727618	19.6374687073188	15.6524120414575	-2.37462414664355	19.9608221657928	14.9047715104945	-2.46824627535077	20.0614738796666	15.565777974554	-2.86871054089321	20.0660701157713	15.6375745737763
S100A12 SECTM1	-1.6837155567843	18.4295064240237	14.180193095756	-1.39578563209193	17.439582964783	12.9084312853103	-1.39115587208587	18.1226161600436	13.8213008160402	-1.57714655740361	18.3443691561709	14.0073385875667
S100A12 SELE	-2.46639601275939	19.8606266337366	15.1181880622686	-3.00089235910262	19.3728854317062	13.8872783752427	-3.46919046071694	20.2972872564295	15.5985470262179	-3.07374612635513	20.1579454305484	14.9096116063519
S100A12 SELL	-1.87958703981539	18.5266227480617	14.425118591448	-1.81110841830645	18.7840770561749	14.3080706817938	-2.61668229793169	19.1630090076514	14.878040430711	-2.01659278931918	19.0154207759709	14.9204921918806
S100A12 SELP	-5.4368774892041	20.6261395278428	15.5041996744932	-2.57582123436089	19.0005104329456	13.7123288124364	-4.28053505335524	20.2554932805083	15.7549318025304	-5.2885356323666	20.1502673505787	15.4259607352084
S100A12 SEMA3A	-4.60788479199164	19.5695429087629	15.619865719035	-2.67906572422544	18.7859947140762	14.4883818995741	-2.92714412610908	19.7137637713676	15.6961680960933	-4.12917096494146	19.6210770369447	15.5997398194921
S100A12 SEMA3E	-0.413869908474212	17.2722004266803	13.2103675748763	-1.58340973199066	19.4374119572777	13.8629499310225	-1.63611341141193	18.8563272458676	14.5430416645561	-0.904681221303078	18.8009453019729	13.9682015770561
S100A12 SEMA5A	-2.43330257940351	20.6029959853332	14.9233749215426	-3.16437392518571	19.7005056805489	14.7920483038173	-3.45254988820209	20.207243198791	15.4888320393325	-3.48426801202155	20.5168600513668	15.4743226667186
S100A12 SEMA6A	-1.98051581695946	19.0250719625831	14.6573692513307	-2.37047022451006	18.4373495349519	14.4629401610972	-2.09499670537468	18.9502311380353	14.9914347013331	-2.29550573303437	19.2374653104747	15.3127872673071
S100A12 SEMA6B	-5.77838493356289	20.5591697992249	16.0685372377026	-2.44085974309349	19.2806438670622	13.8880182373442	-3.45565108742598	20.6477094472354	15.8430195816732	-4.34136373457885	20.378483405887	15.5053092738877
S100A12 SERPINA1	-0.999705399340596	17.3937255823324	14.1568602769538	-1.15949355147655	18.0453651326591	13.2786597229077	-1.13879690014121	18.0237860956359	14.1560194076167	-1.13748772358248	18.1163051171836	14.1850447517842
S100A12 SERPINA10	-1.76517871907944	18.2664299358252	13.4918211230999	-2.59003713036697	19.6554078910058	14.435528013021	-1.9999089579826	19.2583493881632	14.4372274089007	-2.43961167708656	19.3518731144538	14.4951159864166
S100A12 SERPINA3	-3.2412619075379	20.3028747514252	16.1956697367555	-4.05046921567296	20.115794731003	15.1437650103801	-3.39900372736613	20.7783658378038	16.183876619028	-3.4454676320124	20.7295746200635	16.1021222336127
S100A12 SERPINA3.1	-1.22269399533751	18.6332075925611	13.397485492202	-2.01438247470442	19.4121665929828	14.117398147017	-1.59159371153507	19.5357039534783	14.32839628034	-1.67636476129263	19.3132884962646	14.119615905713
S100A12 SERPINA4	-3.18733202951291	19.4121005457258	14.8287374041438	-2.59988759615202	19.6796713728997	14.117821507053	-2.9549958393481	20.0246192080658	15.0266594977648	-3.30800214087335	19.9192557904841	14.9013504867292
S100A12 SERPINA5	-4.06278942981277	19.5406611055407	15.5428296480184	-2.50549564528635	19.7369329687606	15.3387318276712	-4.55345265866111	19.9314893825987	16.1045467979619	-3.60186767226001	20.0786162227778	16.0038697248262
S100A12 SERPINA6	-2.44435881343734	18.9492064157093	15.4445274763495	-3.19243331057368	19.656866326003	15.1833524499975	-3.28363634903511	19.6541897371716	15.8385867812915	-3.4617764441394	19.7769409870602	15.9171882807665
S100A12 SERPINA7	-4.78546295232934	19.8384943248218	15.5739402671537	-3.20576509333226	19.6703822724364	14.6246579168954	-3.45215099508412	20.146706333049	15.5048418971683	-3.96418563713695	20.3577369244151	15.5681462572966
S100A12 SERPINC1	-0.872782793474564	17.0690597213612	13.1097270856808	-1.28527832996187	18.5486950088583	13.9790932108733	-1.46379319521201	18.3540449028155	14.0039535233956	-1.14660568119372	18.1092021374874	13.9001730300896
S100A12 SERPIND1	-2.08858585555547	19.6013807710779	14.7308703069686	-2.61588786997651	20.2398947486508	14.3736832293027	-2.98139210305818	20.1739452103038	15.0343472397898	-2.96263135578082	20.4256361839556	15.0769151113752
S100A12 SERPINE1	-3.16550311032201	20.0956991245963	15.4585710972998	-4.27527969451915	19.7310313142125	15.2095153678623	-5.37811399134982	20.6108933771514	16.2384179055322	-4.29023536847544	20.2510253745208	15.8258581606514
S100A12 SERPINE2	-4.43691285813569	20.0221141586415	15.1718352406373	-2.68908173145814	19.8337384328985	15.2641660813621	-3.12440929095921	20.4311093685832	15.9147611272152	-3.91630354433821	20.3222964600082	15.8617796739646
S100A12 SERPINF1	-3.82147878819484	20.2680394905978	15.5272288342033	-1.28506306985354	18.5440916693815	13.7635995704706	-3.44689776345694	19.8878540287427	15.6126736415897	-2.41914710360131	19.8209994036171	15.2057078520782
S100A12 SERPINF2	0.25563377638815	13.1394884280202	9.99005023899779	-0.876140473103127	17.3025912853273	12.2993266693799	-0.206607924857853	15.5546697849042	11.4103381644025	-0.270266682947619	15.5823981578987	11.4592092590942
S100A12 SERPING1	-3.86257672846362	19.8872464104749	15.5362289180549	-3.25877284031404	20.2950664367148	15.0623652546773	-2.86196430201396	20.6445918037357	15.9694784179038	-4.42195464264838	20.5909966213148	16.0355209727048
S100A12 SET	-2.08245405788812	19.1318386092942	14.7366420334133	-2.00595631454093	18.8521617795475	13.6139387457899	-2.30617599858149	19.6917036701361	15.1233824077401	-2.47659415278838	19.4819454042115	14.7599674402844
S100A12 SEZ6L2	-2.79351971441914	19.2070819533632	14.9081732786257	-2.32409641491818	18.7161665508844	14.4397995145566	-3.26904799629469	19.7581597519518	15.5084057894214	-3.10220735299526	19.5869979463609	15.4187763305149
S100A12 SFN	-1.46542105247409	18.1904752006755	14.257515757958	-1.30619270332544	19.1953168283269	14.1300828651625	-1.79222423687626	19.3014775978757	14.9964205802576	-1.56925925821168	19.136682784485	14.7233262929657
S100A12 SFRP1	-0.954777387193389	17.781891459895	13.615194728254	-1.12489272081268	17.3905524359236	13.1605066892341	-1.24942046730707	17.9447814327173	13.9677496659581	-1.16064456406493	17.8002539429547	13.8055737764091
S100A12 SFTPD	-1.63876417317832	19.2289932383725	14.7125609823724	-1.50904743210428	18.1771738303546	14.1583111272935	-1.65421611226504	19.3054518198539	15.3834661458126	-2.05277773457108	19.0757223553936	15.2391232263792
S100A12 SGTA	-4.86639257505689	19.8327934017192	15.4754191392558	-3.9856750704248	19.9954012727831	14.8441248097609	-4.77376865175188	20.2523929550748	15.7804777815589	-5.83884402806351	20.3136945531235	15.6706592968034
S100A12 SH2D1A	-3.03418441583422	19.5544944366032	15.7817419791279	-2.2531640399288	19.0426768104122	14.4917934085827	-3.09347660325297	19.6576811516375	15.4582188626996	-3.00793824611376	19.5966569268117	15.4673852654964
S100A12 SHBG	-0.380844346984052	16.2228911806799	13.0357838661278	-2.78753030388166	19.6208728502279	14.2570471583706	-2.01598413214091	19.2253183816055	14.5181740229048	-1.55102079052454	18.5573007672761	14.1711829038923
S100A12 SHC1	-5.09716808604855	20.4204150091337	16.046619093186	-2.51789627505978	19.4821976458502	14.4817667842912	-4.25559407713414	20.4389989329094	15.87463490727	-4.78380768013533	20.5360403252138	15.8502028258052
S100A12 SHH	-1.60530883805152	18.2073195955233	15.0173066036008	-1.91716678461666	19.055658940789	15.1033271336501	-1.62509427146509	18.798312736111	15.2554147769364	-1.63796839508645	19.0925992474914	15.5941956222961
S100A12 SIGLEC1	-2.15400410575828	19.5623453550117	15.3623062167237	-4.25406579002146	20.1267232863838	15.6191438900371	-2.98762844866185	20.1729215242708	16.0546841375835	-3.01667497891499	19.972970163861	15.8587679577762
S100A12 SIGLEC14	-5.89983145775295	20.1895932380712	16.0968662668716	-1.56117292695812	18.6310345169748	13.6799368682329	-2.50844328084414	19.5272884648248	15.1316375483138	-2.57600477241145	19.67119425634	15.1255890870748
S100A12 SIGLEC6	-6.00427570329908	19.6346518808939	15.8352303511109	-3.69485315785567	20.1574224564299	15.3281206914554	-5.90129834863646	20.404700735759	16.4205025404577	-5.367820578603	20.4427043638452	16.1247834552255
S100A12 SIGLEC7	-3.0412405633979	19.0069780696721	14.6058746754891	-3.51045614543126	19.6513731672147	15.0895881656651	-3.31166872947186	20.15423916739	15.6095434083533	-5.20980617683276	19.9797946442212	15.6982871489564
S100A12 SIGLEC9	-3.21913024715031	20.0327866364515	15.6338071187858	-2.54174785082219	20.3891820503402	15.1976133852548	-3.33398557789587	20.9064633475864	15.9391711471597	-3.09675288817601	20.7186206702032	15.8283294802176
S100A12 SIRPA	-3.22515377280068	19.3563155540664	15.4810766014022	-3.46842578114248	20.16561851869	15.3470129176619	-3.15232548982121	20.2142392894639	15.8261649154117	-3.75649350566059	20.033290572262	15.761742406315
S100A12 SIRT2	-3.32096660001515	19.6084184003521	15.3198822824007	-2.52403989165081	19.9028574465994	14.8340552039651	-3.24988363620549	20.3795817057334	15.7978245263827	-4.5079927286161	20.2368371052449	15.7466523130805
S100A12 SKP1	-2.72266641042773	19.5990530755608	15.8004357566269	-1.28932699180285	18.2978626443271	14.3521163432921	-1.78534357448923	19.1789496652485	15.4735979609568	-2.13758672704988	19.2162459363739	15.5989338810647
S100A12 SLAMF6	-4.94501240981488	20.0720606412947	16.0588006748854	-2.1846250989809	20.1031528982288	14.8645778653662	-2.95755655491202	21.1324910488757	15.9038799578227	-3.26886885711429	20.4703540488613	15.7875192527953
S100A12 SLAMF7	-3.09761216550443	18.7543679970364	15.0085183449564	-4.60449077540433	19.823890945936	15.5104553318395	-5.17498225146338	20.2925328989886	16.2597686546326	-3.69454024262417	19.6982484740014	15.8620441964522
S100A12 SLC25A18	-3.65243350132844	20.1665954952227	15.9514872425197	-3.72571996034713	20.3918008269617	15.213283158814	-4.68905389623606	20.696390623613	16.1019945311365	-3.57440957349407	20.6455353377044	16.0355083709806
S100A12 SLITRK1	-3.37987895698509	19.5741992913576	15.9090912238073	-2.67279975071624	20.1071657383934	15.0734298352651	-3.48456346257925	20.3979298570017	16.0880063459614	-3.17387386963499	20.1886142888729	15.8334888692916
S100A12 SLITRK5	-2.22432840866131	19.1608412570481	14.9176832802648	-2.95123590465707	19.5769591045212	15.1008308503786	-4.39767506640755	20.2593971637079	15.9200729570786	-3.20301589920106	19.674013633087	15.5186010701957
S100A12 SLPI	0.137792891614771	15.2357863813861	11.4671619546585	-2.66163591901288	18.8243658174929	13.7710089683971	-0.927862090758147	17.470494861901	13.231426758284	-0.569690544370874	17.1507170605389	12.7094992407523
S100A12 SMAD2	-5.30636411925223	20.5387271300524	16.131668372701	-2.72091264052216	19.3246902263343	14.5367008628587	-3.72149907698519	20.2778831927064	15.6906323655824	-4.32285563518932	20.1998411504653	15.5956013005932
S100A12 SMAD3	-5.54896674909317	20.1470073354773	15.8892480974442	-3.10612235009557	19.4774212215826	14.3873528075019	-4.02699300136329	20.2170099029485	15.5168649861615	-4.70976045449833	20.1030254078157	15.4617570733873
S100A12 SMOC1	0.281555056102057	13.5874177422367	10.0272178956667	-0.0179721890057971	14.966691076803	10.1953573480097	0.176474129646057	14.5133716844994	10.3922842165782	0.161435696827321	14.3358830285528	10.2858710753369
S100A12 SMPDL3A	-1.86727333025745	19.2524324572896	15.8740604657497	-2.36903456324611	19.1964114923267	15.093584642073	-1.82777222050562	19.3902390698774	15.6858404758581	-2.54518773935713	19.6704296886654	16.0112142717211
S100A12 SNAP25	-3.85729116193896	19.6800859770009	15.703310958156	-2.72428140985998	19.9074595861814	14.5580885209839	-3.7616898867106	19.9492949383291	15.8568946492539	-4.06162429132934	20.1779343120337	15.5891709188148
S100A12 SNCA	-3.48810659967732	19.5352458645139	15.3881196136049	-2.72620202050989	19.5777724900467	14.9398589386074	-3.09807701824842	19.921438368769	15.4843970846765	-3.75537132804984	20.0434075725578	15.7422274060802
S100A12 SNRPF	-2.74188974486531	19.2769790297282	15.1032185237787	-1.92866255698214	18.3665620637313	14.3991740457029	-3.27971175997723	19.3794573676782	15.8377561581683	-2.4882521561752	19.2306387091364	15.4066015074072
S100A12 SNX4	-4.87171747817374	20.0509328744919	15.9072692259944	-3.30518448828626	19.9876900569251	15.174740501172	-3.91298958566401	20.5240941398253	16.0079732893968	-4.75326803823074	20.4162574442224	15.9126661806579
S100A12 SOD1	-2.04599464031723	19.5454973306518	15.2814445559685	-0.822913464859709	18.2115647958408	14.0315672371548	-1.48265915873154	19.1661325736808	15.1257746693929	-1.52178416357717	19.182950841197	15.1645209708739
S100A12 SOD2	-0.766901051292856	17.5457510721492	13.6838264620757	-0.922349393369973	17.9972403524782	12.8342864383577	-1.02733927403786	18.3150321953536	13.7622900184789	-1.23757612230163	18.3507229677858	13.7847859463333
S100A12 SOD3	-0.320326016130885	17.0149693251225	13.1758808606066	-1.744020776829	18.3075950223822	13.5163109654318	-0.846220539028101	18.226182210814	14.0781204061428	-0.989325654443419	18.0307565028541	13.7886816058694
S100A12 SORCS2	-2.78262957269443	19.4422468814994	15.6196468561835	-3.18778382101837	19.1855123247966	14.5305673105854	-3.27900034390233	20.1244044294536	15.5964406183806	-3.39458611597477	19.7173399563822	15.4226466444086
S100A12 SOST	0.456592705664924	13.1031115672794	10.1960526554416	0.247531520011658	15.3718701221258	11.4680619921778	0.182426307408373	15.6885045502254	12.3426627986947	0.314053876079424	14.669520040281	11.3232095513581
S100A12 SPARC	-5.19401268646611	19.6045111672866	15.5864637806297	-2.21220406814411	19.3027340763978	14.5527299592063	-2.91235961342223	19.9024156004747	15.7322832568316	-3.8503758608229	19.8900111066092	15.5769015905453
S100A12 SPARCL1	-2.07316380269002	19.3783716136561	14.9590269179276	-3.69213265302778	19.827499870937	14.904347789987	-3.17999362734122	20.1195927668629	15.5569781785099	-2.59634738767534	19.9484715055778	15.2917077272274
S100A12 SPHK1	-4.36155254476671	20.2526527925323	15.9928494936014	-3.08672379110586	19.4146867391586	14.7434929970017	-3.69797524146766	20.1864148036002	15.6715616065205	-3.97768577706847	20.0515285550889	15.7597298173618
S100A12 SPHK2	-5.73131543282639	20.264441923615	16.2512203917593	-3.07339012042443	20.051017459906	15.5351394434185	-6.72396226503119	20.5125030452859	16.4511876536733	-4.39345241344232	20.7076253090948	16.4956085322282
S100A12 SPINT1	-1.38508664883454	18.755572963721	14.8183604351451	-1.16338250344777	18.4465801085836	13.9716815096243	-1.52308049040201	18.9089067410458	14.8915897047029	-1.6308912175586	18.9408314462086	14.9070334241801
S100A12 SPINT2	-2.8435540774447	19.3530120605469	14.7551531301822	-2.07271362248155	18.8167227562299	14.3683855996417	-3.72013359371455	19.5741887603672	15.2545233009929	-3.38628625427565	19.6594455438478	15.3243549402746
S100A12 SPOCK1	-5.2063366687696	19.9926467250216	15.6384546344993	-2.3417014894092	19.9173373087551	15.0745142087907	-6.32093356885451	20.5485284539955	16.1340306323066	-4.60521991284189	20.372914107967	15.8419811379217
S100A12 SPOCK2	-2.98562347662422	19.5973006760114	14.5998678862331	-2.05493378881231	19.2762478637813	13.4099668371126	-2.97211970143323	20.0199438793278	14.6597607916222	-3.15393638822171	20.0757218917076	14.5012185129977
S100A12 SPON1	0.228447741357795	14.7137534042334	11.4180729424888	-1.3153741087411	17.657416146119	13.4453236740216	-0.179076581032443	16.4940478261756	12.6692130762812	-0.30132042418383	16.4026516022923	12.6611965550027
S100A12 SPP1	-1.96102523947652	18.5645342332153	14.160286065398	-2.56484577182801	19.7082663892262	14.1195162096546	-1.8351715819917	20.1087354980055	15.0894307640474	-2.27122753110707	19.6204227951317	14.5666904634122
S100A12 SPTAN1	-4.79606166077833	20.0627923052155	16.0735698898519	-3.73940980368744	20.4307697249875	15.5049957493523	-5.32483774909697	20.7182581393159	16.4706275344136	-4.24834353905752	20.6335934733191	16.2605705578755
S100A12 SRC	-4.25547339073809	20.1372368105169	16.0753968999641	-3.04396265099922	19.5857266427431	14.6951118592401	-3.71459145704151	20.623226378091	15.9452834335779	-3.95197391697998	20.1327098966516	15.7055997354941
S100A12 SSRP1	-1.93268809213377	18.4235753175396	14.9466469048895	-2.2387298876712	19.6521414531919	14.8794487617563	-1.83899501773842	19.1662739086406	15.3022381377596	-2.77881608547056	19.4903772269132	15.4550179505728
S100A12 SST	-0.087221335932621	16.7123802031726	13.0549079370608	-1.0106620539294	18.3209452042499	14.030483097725	-1.06984277987347	18.5601912692223	14.7184623093478	-0.771766369506528	18.0120369757323	14.1742830888412
S100A12 STAB2	-5.46687487448095	20.4308231642431	16.2569670621367	-3.43041621810495	19.794629906996	14.9125600037849	-5.52064569938615	20.5352118884765	16.1913273062134	-5.69838278334405	20.441725207818	16.1490358018039
S100A12 STAT1	-2.79800812529553	18.7508197104102	14.7481588347141	-1.20231790912622	18.1669643009196	13.2068269716791	-1.92956389159426	18.7949147506651	14.2463954373622	-2.26885390974628	19.1556710481982	14.6271209587849
S100A12 STAT3	-5.39482352423499	20.3940425999124	16.0098813366006	-2.74220545054498	19.3350259702756	14.3844922258764	-4.22790691737543	20.3110062644656	15.6377774553599	-4.79372772315072	20.2811774863215	15.747843774088
S100A12 STAT6	-2.90267408068953	19.7066735751216	15.6326828324217	-6.2771683556	20.1751842763145	15.564441039257	-5.1129510265401	20.2435517425852	15.902449015329	-5.13793589647546	20.2621796456794	16.001309592336
S100A12 STC1	-0.599715334991926	16.1517547913492	12.6512311408756	-2.76772404911883	18.9864228669529	14.2700231610428	-1.12398985408268	18.1217744264021	13.8428309329924	-1.34755243257017	17.8493874356172	13.8234389376213
S100A12 STIP1	-3.96801474632855	19.581722556393	15.1198086545382	-2.15459790203996	19.3675258565052	14.5313411570951	-3.90951595765676	20.1867780675942	15.6636951981404	-5.12826162196136	20.1574671102509	15.7761067349851
S100A12 STK16	-4.97102040380858	19.9971080770137	15.8985767276379	-3.40274837207128	19.9815103133664	15.0700482899249	-5.97229693681418	20.3995157383174	15.9482742013037	-5.14916942021768	20.4242805371978	15.983843163726
S100A12 STK17B	-5.15516302102403	20.5218980076311	16.1295481155008	-2.04605253387704	19.3576997793401	14.3885907369246	-3.78808685810568	20.551930582464	16.0980467882036	-3.52908472501225	20.3503100375491	15.928075809657
S100A12 STUB1	-2.86869066875346	19.8837796703024	15.8479208163854	-3.42692099125611	20.2220619068429	15.2994681340179	-3.91663684298866	20.1999426626643	16.1705563582588	-3.36119838651277	20.4279658687232	16.0917163239119
S100A12 STX1A	-4.52058965236727	20.627331607482	15.8483999600402	-3.88877801441222	20.2126226120695	15.3611821292915	-4.18537389606629	20.5652915044374	15.8598594777138	-5.02271724793458	20.7284811841356	16.1124792733468
S100A12 SUMO3	-5.40073617363196	20.4363962494093	16.090294415627	-1.23115405581128	18.7277820583019	14.0612419671561	-2.9016890819779	20.0848368286986	15.4510858042203	-2.96648592819638	19.9791270449626	15.5640864334551
S100A12 SYNCRIP	-3.44032198403062	20.3054817283709	16.1442098751952	-1.42230470442177	18.9101166484745	14.0817709578247	-2.75119045122721	20.2193041451875	15.9244255222337	-2.72223828158063	20.0717464177839	15.6685837590287
S100A12 TACSTD2	-3.84637961850089	19.5386377508852	15.6702109461038	-2.61776673489034	18.9654471475837	14.6544124378227	-3.34962916562643	19.5517797042268	15.5883411348749	-4.16771758380204	19.7967202753831	15.8982096447216
S100A12 TAGLN2	-5.08355533470564	20.6452132212393	15.8616656092139	-3.26162489912717	19.7147026337155	15.0891041038724	-6.47518322499349	20.6137140362036	16.2254323536915	-5.79730060591392	20.5760969271561	16.1539855677733
S100A12 TBK1	-4.30064677987872	20.1617614679625	15.9199102411175	-2.04132177375851	19.9268964285255	15.3013237256289	-3.6998836607194	20.151698402055	16.0174915084777	-3.16916002145174	20.363756763771	16.0721126877128
S100A12 TBP	-4.90612783115168	19.4402128815466	15.7570854886034	-3.26326477209115	20.2781733009495	15.1118862950802	-6.31416799822013	20.49948121794	16.2965539655179	-4.63432058456736	20.3968649882415	15.9572637464774
S100A12 TDGF1	-5.89010503606798	20.0516254389459	15.7673167088889	-2.65173215892529	19.285227306648	14.5354511159649	-3.47063581962272	20.3053368878797	15.7731240548046	-5.403246647535	20.1117145531676	15.6993296533942
S100A12 TEC	-2.83598503324705	19.6145873768791	15.1699357248536	-2.32398129066745	19.1646565653884	14.4020759263286	-4.06147788883582	20.1781503633871	15.6229461893793	-3.91572591567692	19.985515364475	15.5183855879714
S100A12 TEK	-3.79027189696611	20.3145198597761	15.915474782649	-2.55608747258545	19.3345670606523	14.2212535638817	-3.00219031171516	20.3234116273681	15.4200159698543	-3.0136410696384	20.3700232677091	15.5053549987249
S100A12 TF	-2.28376079436249	19.0804545329378	14.8604309162588	-1.23611885266636	17.5600590804519	13.4550928291666	-1.67751336693903	18.8170866601305	14.7549678543409	-1.72251124041088	18.6047713672313	14.5706463729909
S100A12 TFF1	-6.08632132753366	20.1312511421729	16.1683806004695	-2.80857642147443	19.0946798815469	14.0386033961704	-2.98152457106125	19.9484924876842	15.3381318030338	-3.84091305474642	19.8796079538378	15.449695838694
S100A12 TFF2	-1.84269958044791	18.8526315754728	14.4850816048446	-1.8634772032528	18.5223806215296	13.6212241197742	-1.81344380535848	19.0941922964124	14.5487806839857	-1.86297329286304	19.0364907855672	14.4748358474215
S100A12 TFF3	0.225942370418685	14.2683127628189	10.3616882539543	-0.934556577961848	17.345703215872	12.7993387983163	-0.165529132817244	16.2979792319058	11.9836128875649	-0.220206101195011	16.0245113311503	11.8272168865229
S100A12 TFPI	-6.70946535182846	20.1030668986875	16.0430889352544	-2.13430821726173	18.5520667045856	14.2382001934585	-3.0167640850515	19.8908037748619	15.6988825930735	-3.63785459532657	19.6170727240553	15.5763911387682
S100A12 TG	-3.84717589745728	19.4979232224078	15.6803978034028	-3.5415795043042	20.6769547908969	15.6309765307899	-4.92357152368664	20.9175758883705	16.5014836097568	-4.74734851177941	20.5699049079615	16.2953130511617
S100A12 TGFB1	-1.71481490557235	18.933148656878	15.2235991010965	-2.77549581967407	19.618268550177	15.0500784925346	-2.89571369530026	19.7903345137177	15.7278609460188	-2.97112074872572	19.778336692324	15.7893796941552
S100A12 TGFB2	-2.78065517134373	18.7718522234815	15.3687498791525	-3.88616106919856	20.2400665648913	15.3743236032617	-3.86732145176121	20.3116820289126	16.1999976944699	-3.74418738183282	19.9797370743106	15.9486270741785
S100A12 TGFB3	-2.55532325095612	18.7731315459274	15.164194113871	-1.74225131198079	18.0482520762006	14.335032325029	-2.11641862869624	18.9759507018078	15.5141492586466	-2.21695703578079	19.0361770315108	15.496521227204
S100A12 TGFBI	-5.63936963147058	20.3833933243946	15.8805042229703	-3.64184133769015	20.193561220392	15.1926224265585	-4.15245646365878	20.5573435248652	15.9274272332935	-5.02574082821023	20.6706986751782	16.0528333768771
S100A12 TGFBR2	-1.85703717312001	19.1229292848973	15.7662794779157	-2.87592133199439	20.1657757738537	15.102091346502	-6.92973987013541	20.8759743792589	16.6083892190946	-2.86779168383875	20.0247451875301	15.7646950966837
S100A12 TGFBR3	-2.53429774212408	19.7256260023413	15.3619869847876	-2.14249715039301	19.9133858841684	14.6456915076282	-2.36535682143443	20.5107460992596	15.4965340473064	-2.4812234279823	20.279973961067	15.5109325971389
S100A12 TGM3	-1.95912702270426	19.1841859053756	15.2180319465095	-3.64115489922906	20.3458113553695	14.7400290031815	-4.36822495000619	20.336801278033	16.0265540066508	-3.17455624954689	20.1209265401001	15.5276473442392
S100A12 THBS1	-3.96558411257892	19.9015736689075	16.0311388463924	-1.43146146897225	18.6345029246552	13.9847652729223	-2.1496557986442	19.3443946617213	15.337377401399	-2.89916638269708	19.5957982579793	15.464416022615
S100A12 THBS2	-0.806540710727154	16.9904437584157	13.1981573178721	-1.53665191688523	18.4367713515099	13.4009154134873	-1.62678041461263	18.6300561396657	14.2964181556428	-1.47591562554991	18.3615114412193	14.0222197079083
S100A12 THBS4	0.201670447717116	14.1131165693618	10.9905426031599	-1.47771456926495	17.4719560415586	13.077618472071	-0.528697729589789	16.5699970342138	12.8025463694821	-0.549883937849522	16.3642685041659	12.496437710193
S100A12 THPO	-2.44339062020356	19.5538193454345	15.9854966520776	-5.22265131640379	20.4306694111666	15.3012829812701	-4.20897299282682	20.2936099898979	16.150441977536	-3.68056890567319	20.1825203501673	16.0146710787806
S100A12 TIE1	-4.72877779853907	19.6417608103297	15.7728768122752	-2.93751796252119	19.6101038871516	14.5287261804003	-3.97313899114349	20.1650637116173	15.8248683244871	-4.58529966886203	20.3671737647654	15.8747633891682
S100A12 TIMP1	0.143920550881549	14.9283685564435	11.978732973614	-0.756973701365721	18.0566115046599	12.3712150473203	-0.263125878254938	17.0386352445614	12.5726386069174	-0.301666861824638	17.0200465647872	12.5438807706906
S100A12 TIMP2	-0.468644083590621	16.3776662345227	12.9560845854097	-2.09237764052221	19.2239358463783	14.1086731064087	-1.48435234392782	18.605448825036	14.3425671762579	-1.2149671124713	18.2993493997332	14.1109696800746
S100A12 TIMP3	-7.15840211454113	20.3578798153698	15.8788199221972	-2.38711440769472	19.0397874385257	14.3151914144869	-5.68980457001836	20.2504432335676	15.9126648654973	-5.08982520800146	20.1604773599421	15.6646387697026
S100A12 TK1	-4.94379780230957	20.2967595750738	16.1915623993193	-3.20079000978356	20.4689820223296	15.2458667867619	-5.27219436446045	20.8089760692889	16.2771724101024	-3.77778765025961	20.7990545219105	16.0576500511842
S100A12 TKT	-2.82573834991766	19.028925317427	14.7702361255867	-2.42239262344434	19.4821399593521	14.8796558778969	-3.49599726443951	20.0419035697518	15.4421476180594	-3.31207393297867	19.7991031123386	15.4788462657674
S100A12 TLR2	-2.96622488352025	19.7310162288473	16.0786845037987	-4.33619777406325	19.6807485364948	14.7622952082893	-5.6997495829793	20.2425294652414	16.0393386782849	-3.75731309102768	19.9677984299709	15.7311551048349
S100A12 TLR4	-5.56613230381213	19.7823603243608	15.9146728978606	-1.87868241315226	19.0870296239158	13.8344013062161	-3.52490107545774	20.1261117776048	15.5435420189174	-3.84507485180729	20.1846574403657	15.5960939183959
S100A12 TLR4.LY96	-6.48709127483272	20.6462268942589	15.9346864758722	-2.54862390446758	19.5619769996818	14.5213711564112	-4.63733641159366	20.5489672844092	15.7882756005947	-4.48471187234212	20.3824283118212	15.6926690130279
S100A12 TMPRSS15	-2.24979197179171	18.867002723428	15.3876958629492	-1.58178339486483	18.2485170232993	13.6467294054934	-1.96191291325127	19.0870211053352	15.1832239477656	-2.50759078336903	18.9455193384414	15.2594631612536
S100A12 TNC	-4.97988598906809	20.3938433805739	15.9029685471194	-1.52398566215287	18.7775524811594	14.1854795860875	-3.96696008476691	20.2827035296814	15.8946292434307	-3.43208820918061	19.9706480452269	15.4615168478577
S100A12 TNF	0.120372697773972	14.582644359682	12.0159383832339	-1.54792373327595	18.115435809216	14.2788370740115	-0.562967753116361	17.6803384378086	13.7326652694711	-0.518499670216212	16.8120626292599	13.5620663153359
S100A12 TNFAIP6	-0.576312451471861	16.7869145241116	12.9837591651256	-3.62712751667116	19.5681359671938	14.7549566647846	-2.62929358555139	19.5614704690074	15.2536038250748	-1.64688205309815	18.6595579168326	14.3997441427606
S100A12 TNFRSF10A	-4.58051098547582	19.9676627281053	15.7068798449371	-4.97035294577282	19.8173330152374	15.5313490267221	-5.70874348990425	20.3529617877735	16.2179424538842	-5.90070895892334	20.5160777858964	16.3228177446618
S100A12 TNFRSF10B	-1.77232242470062	18.6167466591326	15.0201240387665	-2.25433020129711	19.6157277753831	14.9434313140784	-1.86215085628886	19.3817941447519	15.5312459670763	-2.01157721545317	19.3573173050821	15.2619947582669
S100A12 TNFRSF10D	-0.992294905736547	18.4458661983928	14.7192080763961	-1.63965511774011	18.3638710143513	14.3479712255866	-1.73571959950443	18.8214366893505	15.2096993670419	-1.41572998661965	18.6973750009021	14.9415885242358
S100A12 TNFRSF11A	-1.80993069704662	18.9698865461636	15.4480524292736	-1.65997353837865	18.6440459635638	14.4875233045031	-1.62949339160702	18.9952167736433	15.4304031615423	-1.59623649280536	19.1034238425032	15.4616557748598
S100A12 TNFRSF11B	-3.6486863148584	19.8584205883065	15.9857126707077	-3.12262997466524	20.6066701839872	15.4601942128694	-3.98456107076937	20.5988220785878	16.0932252420334	-3.49356105303335	20.717281820416	16.1475508327688
S100A12 TNFRSF12A	-2.54846719576187	19.6520951442473	15.7086829012476	-3.82781151359356	20.5043868497238	15.7012238889367	-3.93132408773611	20.5875796943868	16.2268539129197	-3.50463249992574	20.3339232638222	16.1354544865709
S100A12 TNFRSF13B	-0.634440169950492	17.0617054655866	13.7604164367454	-3.13197957805029	18.599249256585	14.54321150371	-2.19135634330867	18.4814478782757	15.1302220727976	-1.51040776443445	18.4318921368947	14.7683912555873
S100A12 TNFRSF13C	-2.31918301904451	18.4384830758733	14.055296734062	-3.51263509694171	19.5178791033544	14.6869544191503	-3.00023598072176	19.4578439691797	14.821584678055	-2.7568762782197	19.2495667155173	14.6530917522348
S100A12 TNFRSF14	-2.88033601168961	19.5588420774841	15.6053187449914	-2.88299759972538	19.809956437639	15.1129056285866	-4.18774392854697	19.8596804027335	16.0967971783402	-3.11730786487006	19.8507870623198	15.730988668376
S100A12 TNFRSF17	-1.38949997196079	18.0544006214298	13.9470643126003	-2.83151661586621	19.139908944837	14.5098037330829	-3.02994403165195	19.3479525019823	15.2691034150569	-2.44525293986406	19.0633535368218	14.8906281615913
S100A12 TNFRSF18	-4.16305262225825	18.9158770719911	15.3410897938265	-4.46317009400607	19.8816237745845	14.9438251083834	-4.54578852306358	20.0429127882608	15.9364920058133	-4.3472172739363	19.8856294983615	15.6772269161591
S100A12 TNFRSF19	0.119382383270353	14.4754591898393	10.8670753635358	-0.553144059148759	17.3237232031669	12.4494338257236	-0.205011746627373	16.2371256463707	12.1209846432747	-0.211568593535003	16.1916204143581	12.0183106533229
S100A12 TNFRSF1A	0.382319202249935	12.941930518266	10.1490877871487	-0.158594256939459	15.7294981940282	11.0676579417838	-0.0242763892927202	14.9502322881807	11.2062344366417	0.0754876580787137	14.7061616454126	10.9780199256841
S100A12 TNFRSF1B	-0.0651471564013437	15.5443019979437	11.7713412946514	-0.307556682268903	16.0817831529893	11.2395216312813	-0.248325417378496	16.4025279971289	11.973440736057	-0.289787879992181	16.1144045148356	11.7892343861143
S100A12 TNFRSF21	-0.944635930479174	17.6612872824991	13.9219962820068	-3.07950098160755	19.438704348502	14.9573010276763	-2.33803930414102	19.0199999791333	15.0496422919023	-2.01797718771368	18.8109203834146	14.7569047259712
S100A12 TNFRSF4	-0.0012013930026431	16.0393333383015	12.158213903407	-0.482926173056519	15.8857144436462	12.1890700408024	-0.139860527391624	16.1625361991435	12.7983525106197	-0.221630102887076	16.2244582378544	12.5830585191249
S100A12 TNFRSF6B	-0.995261260367688	17.6401082778606	13.919275815937	-2.5413419823655	20.2423804232024	14.8208045141853	-2.34515652949674	19.50605553242	15.509180821696	-1.83144103883921	19.4204357463038	15.0589562144935
S100A12 TNFRSF8	-3.01909370361883	21.1436898783644	15.4014530389448	-0.95675137376557	17.4556045488169	13.3876851164552	-1.81170510633677	19.8972058861361	14.862605908816	-1.93917426308457	19.692880451209	14.7354413838516
S100A12 TNFRSF9	-1.07330069013606	18.2698695743328	14.5403490117161	-0.383375845262966	17.2739081679169	12.3271999898887	-0.54467015500959	18.0132338352583	13.5943622619609	-0.714240610375646	18.211773982394	13.7613567047515
S100A12 TNFSF11	-5.37172283320785	20.5043102126867	15.8214443102582	-3.20514455378604	20.0535829055913	14.6662953900436	-4.65706895096421	20.4040020146486	15.7559412081052	-4.7070551288472	20.5355560561783	15.7360798285845
S100A12 TNFSF12	-2.77633602598434	19.4308581485651	15.1311791482019	-2.90823441668906	20.0683862295792	15.1608071017005	-4.77649736991027	20.1931467857963	16.0119164234334	-3.0096964067489	20.219457706755	15.5197325377223
S100A12 TNFSF13B	-5.92464067144182	20.259627405788	15.6732311529946	-3.11129764366907	19.8245081230044	14.9685985372219	-4.83550060443713	20.5226271369179	16.0701757673252	-4.38464196843326	20.5097971842667	15.862354012647
S100A12 TNFSF14	-6.58550100021899	20.2130974252555	16.1720530639657	-3.21903803481965	20.0919836752234	15.3687776496149	-3.38189857864449	20.4673924974779	16.2070714450398	-5.37792916463987	20.4523445930191	16.2756344972113
S100A12 TNFSF15	-1.11233482206469	18.0658967833432	13.4884840423617	-1.80324392201834	19.2137437306009	13.325285411833	-1.51467791393299	19.4426076737043	14.1679893206662	-1.6598582993733	19.1462467665351	13.8728206239947
S100A12 TNFSF18	-3.3061911529625	19.4086087551557	15.1379055606575	-4.45011490565767	20.7261450161959	15.6919039110266	-4.68032872980477	20.6407709145184	16.0805537537722	-4.75533138626753	20.529080630247	15.8926186039791
S100A12 TNFSF4	-4.70930049836453	20.2260357030712	16.2301377292738	-2.74732390924542	19.9533063269735	14.7825045578799	-3.72895473673132	20.468961696046	15.991951606343	-4.18922333482685	20.4485800228638	15.9522448440546
S100A12 TNFSF8	-2.04012783754776	19.0402241749534	15.3697363261479	-2.87959712704247	19.5868811404729	14.5621107008882	-3.24904563429075	20.1955573984215	15.8543251402017	-3.25800125303637	19.7049471616512	15.4465364028801
S100A12 TNFSF9	-3.80719639862553	19.791157796677	15.8130911724873	-2.07972712438013	19.3325747065255	14.0051607619975	-3.99384652566797	20.1013664635287	15.5441213909993	-4.09541464189565	20.142094811022	15.715033292923
S100A12 TNNI2	-5.48381767833152	20.0429202540555	15.7231987916711	-3.96486600521393	20.3122663732248	15.5401989727968	-6.72869681279184	20.6257363858873	16.3873851034542	-3.9272523056938	20.7373828259086	16.0750299280503
S100A12 TNNI3	-0.965284517017121	17.4540317117147	13.8805749098	-2.50542096273334	18.8270929644484	14.5072390360805	-1.69182044078843	18.391898869704	14.5419719212399	-1.71213440216841	18.4371090145336	14.4807466640837
S100A12 TNNT2	-0.0802681101314267	16.6518022697571	11.6480485102245	-0.468790965942405	16.1645893669179	11.8470492775714	-0.590870552738615	17.5040166407197	12.8290358315493	-0.275305499669969	16.6798131328214	12.0829690614624
S100A12 TOP1	-3.57056286853479	19.4630654397487	14.6434515525406	-3.16538749280125	20.4114969107337	14.1980442759	-3.60276211882706	20.1278652338323	15.1876597693816	-4.0182627008754	20.252940366989	14.8881310388287
S100A12 TP53	-4.40519244438973	19.5492481474755	15.3854311348186	-5.34695035120662	20.3249077111521	15.5561505594954	-7.56993381672775	20.8868359647756	16.3846430001127	-6.43916052449994	20.3880737013363	16.1771776966348
S100A12 TPI1	-2.86873410732793	19.0732216274499	14.883015324239	-2.17025280219254	19.2961886466258	14.7772883861505	-3.10270608185394	19.7838125048736	15.3589267990767	-3.18841978715285	19.7856260476077	15.4927740931271
S100A12 TPM1	-5.20279515893474	19.9456328560564	15.7469744775596	-2.82127938367137	19.9819768684392	14.7715489430414	-4.88912850457242	20.4796464216914	16.0345567200219	-3.95042973030117	20.3887295005461	15.7325887133551
S100A12 TPM2	-5.45435773681964	20.3410368668889	16.191512989646	-3.7126995617823	20.5057350036178	15.259975142403	-4.51996226878524	20.6584655522092	16.0483464600615	-5.06721003410548	20.7696422154002	16.2324880436462
S100A12 TPM4	-4.28494188598347	20.0694117468638	15.8443481997584	-3.21132074512162	19.6669606813349	15.0910236091411	-3.51401317698625	20.4040105424999	16.0149661721664	-3.65185709042573	20.2139243040428	15.8877757797622
S100A12 TPO	-5.61472955305038	20.5172946214228	16.4965937785487	-4.03549024143714	20.1190125868472	15.4820372902468	-5.19465836192288	20.7927897758543	16.5548346121372	-5.7412321968649	20.670284273061	16.4761629705046
S100A12 TPSB2	-2.9558685472346	18.6256600966298	15.0044314774359	-4.58909397257459	19.6723329848096	14.8342833100438	-4.79310782963342	19.9315294363215	15.6955803755472	-5.06709344472066	19.7477194233483	15.5352693193128
S100A12 TPSG1	-2.71390337176534	18.6696477198803	15.4369064773868	-4.28753524939428	20.049507327109	14.740550562973	-4.03548168551929	20.0000142866832	15.905376369628	-3.68758959533163	19.8109481435759	15.7496688578642
S100A12 TPT1	-3.60503085321067	19.9471611527318	15.5645009815195	-2.42409198189698	19.4219053269361	14.7697861793041	-3.66833229924079	20.1880730143722	15.7106049166546	-4.23152522789188	20.1660588847109	15.8313543054169
S100A12 TSLP	-6.46763999785662	20.2251307573484	16.3050514018096	-2.08373884688365	18.726343965028	14.4905519658699	-3.38064191131884	19.8041223163053	15.7027021710535	-3.87996451682976	19.8394489905196	15.7834572326096
S100A12 TXNDC12	-3.32845878849187	19.0101019209611	15.0389797734384	-1.95446382125181	19.0156095121	14.2638616946394	-3.03952663273789	19.8055513737293	15.4028753892495	-2.95377564857614	19.4465284886413	15.240031606342
S100A12 TYK2	-4.25159643686575	19.7174461049004	15.6644023401626	-2.60609049323077	18.9762361357267	14.2285461993927	-3.6624972981107	20.0939863217238	15.5196531195491	-3.92357299470905	19.801105705613	15.504942674793
S100A12 TYMS	-2.91116794439789	19.3098883653131	14.866342336379	-2.94035610114112	20.3472131333937	15.2281532888447	-3.95397885605752	20.6224924314901	16.0155373998625	-3.40599441443545	20.0878766313114	15.4673600129365
S100A12 TYRO3	-3.92605916588326	19.2135306770947	14.7487372863667	-2.27742683811149	19.5060728730674	15.1755905836899	-3.44899910801102	19.8390771432863	15.7217711660605	-2.91816280672307	19.7903800984764	15.6954971989921
S100A12 UBB	-4.03437439999125	19.9151942949229	15.2819822595795	-2.30922797342673	19.4029743926923	14.1432774493429	-3.21875281575452	20.3932655572643	15.443856253715	-3.40897093624266	20.1611819316246	15.1860916854271
S100A12 UBC	-1.5928334552932	18.5319794204999	14.0473844724234	-2.45767597257845	19.2821293052042	13.8110690137413	-2.34142305158642	19.3918187433717	14.8504907659335	-2.29801176470967	19.265381070353	14.6293155175168
S100A12 UBE2G2	-3.34982612260258	19.9510202616435	15.8713291345873	-2.51753353943767	18.8190205412077	14.0899267095979	-2.83363602856253	19.9888740493499	15.6451289875489	-2.83258260571345	19.7144093425342	15.4575688552489
S100A12 UBE2I	-5.86604029178749	20.1731292431606	15.7067028990024	-1.84916009939246	18.9921503122846	14.6121159940718	-3.89186579232717	19.9548419686435	15.5003000126467	-4.24129392739548	20.0762990966995	15.7306926032026
S100A12 UBE2L3	-5.48764372328031	19.7372587091628	15.7277649677087	-1.57155258438477	18.8614339832152	14.492691006937	-3.06388206348184	19.722528425608	15.55941447152	-4.31490892519186	19.8376171184599	15.7700849616076
S100A12 UBE2N	-3.2043973569832	19.2647902906001	14.8922264002227	-2.17455837193766	19.3443088808985	14.9304483932701	-3.15118681425021	19.8589414349234	15.3570928144601	-3.35489859695765	19.7568433221121	15.520910669662
S100A12 UCHL1	-4.53732181252146	20.0312599429839	15.9690845925637	-3.4187422944428	19.9156268127635	15.2377710227234	-3.73644554599953	20.5366192976844	16.0878200224001	-3.75264828462929	20.3809797646416	16.0488967949245
S100A12 UFC1	-5.7315132546322	20.0250277003702	16.2399761598195	-3.18312251025049	19.7118484642425	14.7922899776373	-4.87216023823186	20.5317387878186	16.0582403496421	-4.98265815527523	20.3061710630214	15.9311214976038
S100A12 UFM1	-4.53296964694514	19.6925027732089	15.9221999352677	-3.98403144730526	20.2138304705795	15.1783179306033	-5.81488037633134	20.7791516652103	16.2509864716136	-5.04275180975934	20.2557902422476	15.9597464535756
S100A12 ULBP1	-3.9309054209609	19.2866987140215	15.1148972942491	-4.1794878632702	20.4095328031566	15.6582286015051	-4.78715808967235	20.1876244748148	15.7238203576152	-4.59270300936436	20.2971490421469	15.954908772978
S100A12 ULBP2	-4.17506037483156	20.0242216427036	16.0858968235755	-3.55336766372724	19.6499447924924	15.0488088460462	-5.09668140858093	20.5979551263577	16.4740702936807	-3.89106795528337	20.5513442714153	16.2223235354987
S100A12 ULBP3	-2.76764295879813	19.5684893693036	15.0180733425292	-1.71157195529912	18.2146628604155	13.9351505254373	-2.6510330096668	19.0439270317367	14.9617230773485	-3.14493312540156	19.2715145959552	15.1604199677458
S100A12 UNC5C	-0.667167374665494	16.4255442590133	13.3010887469826	-0.32237568255213	15.9627773237545	11.444463099825	-0.392394818433734	16.7173535647679	13.0109528032546	-0.50576762617452	16.4984048308767	12.7119782020269
S100A12 UNC5D	-1.6264655031373	18.9058510729067	14.4916097786168	-4.07059485598146	20.0482373446885	15.0859155232355	-2.65590516083055	20.3760078558792	15.1655483887091	-2.94654493450401	19.8189853665201	15.1897156245223
S100A12 USP25	-3.30925578806329	19.4350690781579	15.4956369788901	-3.18265370259379	20.3499869404047	15.0671145776207	-4.91225361474619	20.4989970286314	15.9305026213741	-4.18700555181095	20.3586846772391	15.8463302592844
S100A12 VAV1	-5.85786231381508	20.2087596550952	16.0946881029632	-2.57868211514786	19.3725454486752	14.195376342188	-3.90719871243894	20.5468594023201	15.6567973483417	-4.61503150053632	20.1099521187831	15.5692109768987
S100A12 VCAM1	-1.06738395496444	17.8249902368288	13.5436644365462	-0.570489135042535	17.3113997724652	13.1267865910846	-1.07277609851719	18.3662351403241	14.1630016198708	-1.16587600621493	18.101088397572	14.0160784447859
S100A12 VEGFA	-0.793340408575718	16.8801834952681	13.2753418332099	-0.309478949726373	15.9561915701207	11.6757853456056	-0.615105846149219	16.9862236951893	13.226822883257	-0.465157482994372	16.5875976565686	12.7634417023039
S100A12 VEGFA.1	-6.0197190659729	20.41132483046	15.8429199136072	-3.32482392778849	19.0949424461198	14.3539326526955	-4.55446999491117	20.1016907084104	15.4462937817211	-5.44166690876499	20.1769101188458	15.7738750682896
S100A12 VEGFC	-1.90538443162617	19.1918267536751	14.832336625829	-0.767797900665385	18.1145106440781	13.1044384739997	-1.28736535501366	19.1182469827063	14.4501172608663	-1.5405691313152	19.1141913211869	14.6661508727369
S100A12 VIP	-3.61271044448625	19.7345612090417	15.7272668247528	-1.51286306341106	18.3918848748007	14.1728097542321	-2.39077499405219	19.7727091777453	15.616993747113	-2.80453468451814	19.485093926978	15.5517120454652
S100A12 VTA1	-3.35337029840005	19.1194785098839	15.0944639530213	-2.97095275811752	19.7781386524182	14.9629938230942	-3.38183730442356	20.182784341183	15.7574458508533	-4.28150998152058	20.0413119267809	15.7575141879794
S100A12 VTN	-1.87326527212308	18.7745233988997	14.1051835233078	-1.98682246446171	18.2715751919598	13.1547493289626	-2.02973427011269	18.9207159913011	14.0629031082355	-2.62503772222616	19.0316897257287	14.1042787461896
S100A12 VWF	-3.76826813199024	20.5251533787737	15.368744311301	-3.57557932724668	20.6513801891995	15.1667659461233	-3.94049570536635	21.0562194155753	15.6740722110526	-4.04402149860414	20.8647838257221	15.6473877103332
S100A12 WFIKKN1	-1.30156705048974	18.3914543339939	14.232344881349	-2.97109119407314	19.3797387656116	13.6774164937247	-2.30365478081567	19.5370267191033	14.5755498545066	-2.37486853266949	19.3010641778745	14.4772665118445
S100A12 WFIKKN2	-4.25738908470332	20.0164334581741	16.0237327361032	-3.59185554795859	20.4631641831676	15.2992885506288	-4.31649079183188	20.6087233454159	16.3020396077501	-5.1653091866493	20.6816956742497	16.2878938774818
S100A12 WIF1	-4.16242370548888	20.2917681566793	16.2042369935186	-3.32653143231882	20.1596478931081	14.926041138679	-3.60929171038875	20.5320167469609	15.8751428480436	-4.16246933303009	20.5787395460232	15.9471866783825
S100A12 WISP1	-2.12878095036528	19.2777985415175	14.8230070264066	-1.66131061695823	18.1959492700291	14.0007859126288	-2.61485399404971	19.5233100461125	14.9668801614185	-2.3945083568261	19.4305948401268	14.9432468439071
S100A12 WISP3	-2.52314236295414	18.5034701190755	15.1561974643883	-2.0760253312424	19.856001169936	14.7813414212315	-4.58248405658356	19.9612543395808	16.0717871075225	-2.62242445076659	19.7262287692693	15.5938140643893
S100A12 WNK3	-4.27486581983292	19.9403239966668	15.5561878738674	-3.42730069278155	19.3552473957282	15.0420080314959	-5.16430551290114	20.1188196803983	15.9727471686613	-5.63823652373618	20.1848838877373	16.0362825218606
S100A12 WNT7A	-4.46523939142573	19.7592640100001	15.8741635409925	-3.40915564920565	20.1652342976802	15.2136171437919	-4.85933894747277	20.7312632859502	16.4219815624961	-4.2302266409983	20.5804647333812	16.1369768696178
S100A12 XCL1	-3.13324780577203	19.5689194346466	15.6631452062127	-3.14437563325694	20.289286882948	15.2914648197121	-3.53869228286725	20.1210292233222	15.9183446306459	-3.07865591089575	20.0157315179891	15.7247006573391
S100A12 XPNPEP1	-2.47623363954664	18.7749335720601	15.0395536185731	-2.6955928086645	19.4930219755427	14.7296726282159	-3.1397118191009	19.7491545331198	15.3683032514814	-3.06072781353424	19.4487641114196	15.2409495791986
S100A12 XRCC6	-3.03053690184069	20.1536193365817	15.271663559939	-3.61406506265049	19.4595225837798	14.6060109387614	-5.59631629263613	20.3598392646458	15.8005467792556	-4.13706004961274	20.2261708080955	15.3048203562896
S100A12 YES1	-4.15983620970228	19.8700767351003	15.6009401018757	-0.682842059505119	17.326381535802	12.8046577070483	-1.60373304084129	19.0141603478324	14.7076228532475	-1.9577437809909	19.1309734247839	14.7281838321897
S100A12 YWHAB	-5.06410689772568	20.4192713377528	16.0238721840386	-2.64734974105923	19.651866054606	14.897840078302	-3.93838503219519	20.7632118273054	16.0895662190983	-4.24659638736199	20.4755859837134	16.0307564298075
S100A12 YWHAB.YWHAE.YWHAG.YWHAH.YWHAQ.YWHAZ.SFN	-4.59020248898056	20.2853257719533	15.6158194137203	-2.95381608740883	19.5596486869244	15.029284221307	-4.34434120766208	20.2632608802607	15.7753966385179	-4.46287301798229	20.4385654470388	15.9574128958212
S100A12 YWHAE	-3.24003013943655	20.0187928779679	15.7114869900634	-2.85850182417053	18.5679075645634	14.3517374922086	-2.77906221707723	19.6947802154639	15.4120380302555	-3.57340049854314	19.6492418942523	15.4710441097143
S100A12 YWHAQ	-3.66675905402911	20.1835853110743	15.9889000939312	-3.59993981561475	19.8907417564264	15.4679807448251	-3.17637005205656	20.4312246100184	16.1600420062739	-3.96234311454762	20.3888402514346	16.1604975437095
S100A12 YWHAZ	-5.72911438783452	20.2821859424196	16.0853175714667	-3.98662770064558	20.0493694897816	15.3364690515986	-4.18082850485489	20.6245719163843	16.1478269306044	-5.30305966280439	20.4766915851447	16.1189761711443
S100A12 ZAP70	-5.19794671437384	20.1392149263695	16.1879012825814	-3.85756291655011	20.398543584061	15.1868616215099	-5.24557557815694	20.5976705320635	16.2445513558422	-4.58632469391016	20.5419606062235	16.1570644571689
S100A12 ZNRF3	-5.4273998367566	20.0225226306873	15.8181174470516	-2.3127250764077	19.5768279778355	14.35879799673	-3.87694425375092	20.2155397837699	16.1710861448659	-3.21600370440819	20.2335177189339	15.6775886443916
