protein_name	r2_male	rmse_male	mae_male	r2_female	rmse_female	mae_female	r2_all	rmse_all	mae_all	r2_all_sex_adjust	rmse_all_sex_adjust	mae_all_sex_adjust
SBDS SCARB2	-3.43003954925176	19.8284636717112	15.9896165662753	-2.91495405577491	19.5872204160717	14.2685759309246	-5.24388492803172	20.5617730882885	16.2696727990404	-3.77054964749835	20.1494905944123	15.6930635857887
SBDS SCARF1	-0.902061178575179	17.5844915874428	13.194013038914	-1.19322408167053	18.3764591146609	13.6156597434724	-1.12754782364781	18.0703475389305	13.6272132292739	-1.11038896619904	18.2124002370909	13.7172885672446
SBDS SCARF2	-2.95734509548141	20.3948660598821	15.8536903155273	-2.76500557971766	19.1305088970426	14.4508799953994	-3.35071890742008	19.9044683667774	15.8153809711221	-3.39184732357529	20.118815156651	15.6460453103121
SBDS SCGB2A1	-3.1159132712562	20.1005000002123	15.983980188092	-3.44654491466183	19.6981279760903	14.7814275045962	-3.41103055981354	20.3134094518744	15.8705769330547	-3.92888364528427	20.0710741761638	15.7877713402164
SBDS SCT	-2.2727525257979	19.8844418488372	15.0029492251445	-2.94836592013139	20.1104953168011	14.9331606764304	-3.26128422562284	20.180662294854	15.4800844946302	-3.31694583706878	20.1035587443887	15.3683722224377
SBDS SECTM1	-1.44875460547153	18.7748663668822	13.8549737387353	-0.861516609115971	16.748953567565	12.3714332057047	-1.33032574097678	18.2718484326338	13.6875995264231	-1.34827430691617	18.0127453988001	13.5679408806408
SBDS SELE	-4.96155085636421	20.2987206001884	15.7601711252286	-2.41409012928509	19.097741711327	13.87958524329	-5.37270502681003	20.279669338258	15.8650559781749	-4.0611703508646	20.0569362712214	15.2982940715385
SBDS SELL	-1.22581163948137	18.5306183624265	14.6663133106844	-2.29302339509706	18.4194479995259	13.9477080185901	-2.03371580513798	18.9921273019574	14.9115887388103	-1.89484640173877	18.8074590928422	14.6450294674895
SBDS SELP	-4.30090711606442	21.0421983814014	15.8761025351623	-3.18025834825004	19.9763663852191	14.4998360022569	-5.05530440125175	21.150682649167	16.100440287997	-4.84906343082879	20.8208520925355	15.7440303374935
SBDS SEMA3A	-2.9711724855268	19.6200994302297	15.3040425141757	-3.52087441828936	19.9216939375122	14.7813770917797	-3.77272237262315	20.2064228960198	15.7611140034276	-4.28541238714272	19.8943675117485	15.352558159119
SBDS SEMA3E	-1.39305134867755	18.2833168155582	14.1115183505452	-2.37168371111293	18.8360879114169	13.9544776193585	-1.99291928202149	18.9736008554126	14.5923092807833	-2.0334996493593	18.8094217302189	14.3949894674492
SBDS SEMA5A	-6.25258440604759	20.7863161346528	16.0513895793357	-3.35003532661167	19.6077945194016	14.4919686812107	-6.05737309629938	20.8697525653931	16.2074048529075	-5.06523082131874	20.639083107688	15.7814075524659
SBDS SEMA6A	-1.51914278198303	18.9084041858562	14.5546919331992	-1.95423146846833	19.302605580543	14.398939538682	-1.92907212859768	19.7145134958503	15.2459206386635	-1.94591769937462	19.33612753175	14.794235850684
SBDS SEMA6B	-4.94072443711789	21.4152253569088	16.0970550947256	-4.22045814974663	20.7000541008702	15.2968401651379	-5.69240048720152	21.5635723991681	16.23472494936	-5.5704449744455	21.2521718424306	16.0592247775677
SBDS SERPINA1	-0.639727804342973	17.8316620984326	13.5626764150682	-0.846315842154293	17.2268290740244	12.4041327126551	-0.805490223076802	18.0727546764968	13.8713750592026	-0.738025412048501	17.6472523416377	13.4853127245867
SBDS SERPINA10	-1.64056259021505	18.639356740892	14.1369253225419	-3.7324288847788	19.936991578569	14.4552189829851	-3.38709671399364	20.6732931763269	15.4502604049694	-2.96063706745307	19.7889651833264	14.812834363623
SBDS SERPINA3	-5.04054778368519	20.3057028972762	15.4783801358485	-3.97685768684095	20.0927659666657	14.9056185139343	-4.7727862660214	20.7284785264843	15.8536723227374	-5.86692494875149	20.6623534497896	15.8038581119616
SBDS SERPINA3.1	-1.50910997307201	19.0399341027139	13.9955305195946	-1.00653719439481	17.7291207589141	12.3302079980577	-1.51100765586172	18.9585803634922	13.9086398920164	-1.49674579757912	18.8979676319934	13.683206145895
SBDS SERPINA4	-3.89138411603374	20.1842205935087	15.245657713913	-5.0369570796051	20.8311007483948	15.1346207781605	-3.90314531325165	21.582766493908	15.8730571597291	-4.53484188317391	20.8252198693407	15.5503288482959
SBDS SERPINA5	-3.36072501404479	20.6808195100191	16.0639973424645	-3.79599058827029	20.4545692029617	15.3980398214411	-5.04035429153407	20.8168722693188	16.3518260652217	-4.65099688908198	20.7104978405643	16.0642193837174
SBDS SERPINA6	-1.17956640010333	19.1722265499036	15.1004421997425	-2.65389523597535	19.2376023392503	14.2217564849109	-2.44301158983829	19.484332264377	15.1961631030611	-2.10453503903229	19.3812566123337	14.9289086700766
SBDS SERPINA7	-3.99830956088672	20.5161106248001	15.5383670773657	-2.60579510980403	19.8010472946007	13.9893406193154	-5.62174973364078	20.6416217409017	15.7037336906734	-4.53290879275048	20.5147865865773	15.3361300213845
SBDS SERPINC1	-0.675741389048912	17.6039880030149	13.138289759348	-1.42096759697082	18.4131213276929	13.9083434785865	-1.62907667707548	18.814087776413	14.4062009567079	-1.19893438621402	18.2562700601587	13.8169415013532
SBDS SERPIND1	-4.53019617522302	20.7923478239344	15.5747621613332	-2.82193946228431	20.3766245818437	14.6182654694592	-4.26196700560284	21.1540391627263	15.8906732331844	-4.31926786863537	20.6704079545931	15.5879407602103
SBDS SERPINE1	-3.43087453264049	20.5410895335713	15.0849431064609	-3.07381680478535	20.0683124741024	14.6837265924226	-5.26658785208431	21.0643051072808	15.8503220273887	-4.035130784975	20.4538490572744	15.2090093493679
SBDS SERPINE2	-4.22348999685152	20.5590982967572	15.6642448663432	-2.65785932673745	19.473679543271	14.2326100713099	-3.18275107600411	20.4704143558653	15.5047747974961	-3.35747133826191	20.2330231889893	15.3273440735686
SBDS SERPINF1	-3.73592290389553	20.2651844589917	15.8665375711821	-2.63305103325651	19.2823345211331	13.9574131425006	-8.12823188979958	21.052539676112	16.3792123432957	-4.44596287958262	20.2078950546961	15.4255514239916
SBDS SERPINF2	0.115397222785741	14.4872024463801	11.0209785293729	-0.295871466444617	16.0329041588034	11.4222672355062	-0.259773020263491	15.9026481779815	11.8568083414388	-0.162574163117493	15.6115975889677	11.4490007046309
SBDS SERPING1	-3.63934924045629	20.3824529341022	15.8772980366824	-3.41474652379823	19.0882966174106	14.729544060577	-5.75134771948255	20.3774047244767	16.0556229630004	-5.36141799361323	20.0081360822423	15.7884064212451
SBDS SET	-4.88888663087888	19.8916441059616	15.115120280068	-3.98323580632393	19.7361188326031	14.6522031954807	-4.6744369165101	20.4346433018753	15.6272013351367	-5.10628676349095	20.1447913206732	15.3468089317766
SBDS SEZ6L2	-2.85686788276893	19.1196465185089	15.0278174393955	-1.63902021990754	18.5753247700391	14.0921902982815	-2.16214717473621	19.1455989581198	14.8049007067985	-2.88794627393436	19.2613159275502	15.1000141505006
SBDS SFN	-2.45781540508972	19.1026408432863	14.225140718954	-1.07087189631173	18.4969328285869	13.3244913595335	-1.94120697273089	19.4188724934545	14.4326161021493	-1.75211361934171	19.0553363432004	14.0849798161886
SBDS SFRP1	-0.821443322772847	17.4997230513203	13.1990775632333	-0.474912013041615	16.7564712287152	12.103032139529	-0.836960369152886	18.0185435235822	13.5799688603868	-0.782291430570893	17.4782383258674	13.1451643079539
SBDS SFTPD	-1.60311519933468	18.5503022375084	14.3828250657995	-1.14643797127669	18.2323979650865	13.7462354751221	-1.7078671342895	19.0925168363979	14.7434737315231	-1.5313965607939	18.6553181792904	14.5358167768753
SBDS SGTA	-4.59791230571806	20.3182519761094	15.3808067626258	-3.26071846794766	20.5186297140228	15.1705807060046	-5.79413908787069	21.0582648274893	16.3643737755398	-4.37392884366491	20.6378443477071	15.6882337154311
SBDS SH2D1A	-3.13820704620718	19.9368565596401	15.4504359828219	-1.6609475682759	17.9073475713074	13.6716511223878	-2.60589465208174	19.4060238586154	15.0928367566786	-2.48426490331589	19.0759190083214	14.807210191308
SBDS SHBG	-0.475868010429559	16.6465592368156	12.690806038324	-2.83870733520368	19.8696314914237	14.0460432674264	-2.71891096787452	19.2895780388199	14.6739191477237	-1.28415634563539	18.6420743774435	13.6657818062155
SBDS SHC1	-5.39487366788206	20.4930158126448	15.6034996772607	-2.87327984296222	20.144354558039	14.8841586451848	-5.98781009926084	21.1057934115125	16.2867788419973	-4.56571023928401	20.5923152516157	15.5058124697432
SBDS SHH	-1.30582135368074	18.6899972219781	14.4054529686851	-1.71172855951725	18.6140182951722	14.1579928575657	-1.45493363016808	18.8912169935176	14.58467468361	-1.65248272261724	18.7500593488017	14.6311295437274
SBDS SIGLEC1	-2.13689951445597	20.181255602186	15.4019487974501	-3.99674405920636	19.8018662370278	14.5837967073705	-3.14708772622874	20.1870747055822	15.4172465743678	-3.24507439602921	20.0693925012622	15.2736702588753
SBDS SIGLEC14	-4.25043163824965	20.3689838583052	15.5139278462824	-0.91292754828853	18.3769407019107	12.9137926901746	-2.19411912764195	19.7570041589996	14.6219832422806	-2.16597460901943	19.4804536504208	14.3904683985825
SBDS SIGLEC6	-3.99358243571277	20.3004034392961	15.2046587681951	-1.78921237664791	18.6329921694904	13.8255661583225	-3.66331674712554	20.2755809305898	15.3795503201888	-2.98641797079128	19.8473242700279	14.9687895688905
SBDS SIGLEC7	-5.47145572239752	20.3152059153741	15.4578088000852	-2.86791023061344	19.677394581117	14.7197171673805	-5.67447154837319	20.6519731566154	16.1228577824088	-3.9547064404251	20.3112087014602	15.4827202126824
SBDS SIGLEC9	-5.54206845766162	20.8928596683093	16.3917689893521	-3.41601232709577	20.5049701664171	15.3635723504393	-6.85810306561053	21.342657551989	16.7124837546624	-4.78666980940687	20.8420993481553	16.1122265091866
SBDS SIRPA	-4.51232303702496	19.7233234743439	15.3584177215789	-3.50306391549608	19.8731832830704	14.906316235235	-4.37191785663379	20.2591927869035	15.5548856724671	-4.47954424226069	20.0468228043853	15.369681892263
SBDS SIRT2	-7.23459561053942	19.8391435533173	15.6499012791743	-3.73354573010219	20.2292286715457	14.9113647403166	-5.90035811891632	20.9865134737549	16.1931567166899	-6.56759943557693	20.6515543671028	15.819285075871
SBDS SKP1	-0.973918093538805	18.8433546797584	14.5414067964596	-0.836412051728988	17.0407115914632	12.9560939298615	-1.01863052547119	18.2066382704017	14.1189956366366	-1.19249042463671	18.1490809686385	14.1268117651135
SBDS SLAMF6	-6.02221708197778	20.894148045122	15.8322380818431	-2.41095786598955	19.7925436578909	14.1239477548345	-5.63099537974193	21.0282207294198	15.712539123668	-4.19205644872818	20.5145735902216	15.332113433368
SBDS SLAMF7	-3.46805833712874	19.4470971223151	15.4092202906194	-3.78354557744537	20.3503397457397	14.5674990357049	-5.16562078658805	20.5900045654666	15.8402128598226	-3.70172463586744	20.1840435664687	15.310699078593
SBDS SLC25A18	-7.66035813491883	20.7532826456933	16.2450929121251	-2.11318859303568	19.3991656901797	14.2011601744565	-4.42434280091017	20.6152019376137	16.032285296703	-4.01239544628876	20.1873881011204	15.477710295638
SBDS SLITRK1	-1.77885144674188	19.6125539133404	15.0509585834033	-2.62783637729313	19.4239241941431	14.2963587208051	-3.04732924550086	20.5377861516657	15.7461292435515	-2.39096065926596	19.6573334192972	14.9613731993872
SBDS SLITRK5	-4.58154895642907	20.3137056228926	15.7733824588494	-3.1035995783801	20.1579200125765	14.2308298758882	-4.73396691840724	21.1259815683705	15.7837895691741	-4.00015936154508	20.328997775735	15.2199192171736
SBDS SLPI	0.352924478711828	13.302592178999	9.91142796152758	-0.960210179038418	17.385201086213	12.0937621564402	-0.132871195675995	15.8865129193393	11.5317436934543	-0.175912129959845	15.7316852222025	11.2572989886469
SBDS SMAD2	-6.75612488019908	21.5647629628366	16.8782405903828	-3.39236771759894	20.4546556047694	15.1045607165013	-6.15899531490563	21.6184559780712	17.0357573136837	-4.86032698733997	21.2094572151575	16.2755251619398
SBDS SMAD3	-7.199950751066	21.1007565645153	16.2518650590316	-4.23213188135281	20.9224814372484	15.4765809519861	-7.75744647017586	21.3855186998194	16.5345371691408	-5.71650064908102	21.0818523403919	16.1378632039162
SBDS SMOC1	0.265840764001372	13.5399157184989	9.35830068403195	0.146483389185808	14.4216319349269	9.63892993874734	0.1958078882309	14.1566300126475	9.78453211435893	0.232288267551775	13.9749646405368	9.62342978927499
SBDS SMPDL3A	-2.41345290587304	19.6661521236226	15.2259588611228	-2.20039809210198	18.9043214699439	14.4800719105975	-2.46935083586105	19.7378145158965	15.2930076756944	-2.69794025061201	19.5325544116391	15.273993048091
SBDS SNAP25	-3.7748451989949	19.6904149346878	15.2688903531168	-4.13320650289857	20.4780600526393	15.0803207055919	-7.10408128759757	20.7496777223824	16.3543740089636	-5.32343949727882	20.4394129271942	15.6636987596692
SBDS SNCA	-1.77525847607727	18.6205373162683	14.3918562480972	-2.75998655263006	20.1058529921686	14.8444978175834	-2.60967048264588	19.8461641159097	15.2910630708665	-2.44495503567368	19.493518751474	15.0944327449248
SBDS SNRPF	-3.28051335675872	19.6671023519239	15.8849964877959	-1.40032922423077	17.9946313626278	13.1872881763799	-2.51321171788901	19.2652527507313	15.0348405065602	-2.11048190341088	19.2665222337825	14.8108075858832
SBDS SNX4	-5.97903670394266	21.6334359379188	16.9557133420358	-3.43670719465645	20.3835081051303	15.3335572408022	-7.62624598759482	21.4610525795097	16.8318086255963	-4.97747286763445	21.0514003036713	16.2668589285954
SBDS SOD1	-1.04458311041565	18.5205249301026	13.9184055983626	-1.11498205944829	17.4637505453742	13.0917945494995	-0.889744188768131	18.2898361539022	13.7755391251975	-1.16204341037414	18.1733944256214	13.8163182303978
SBDS SOD2	-1.83749093773265	18.7248580820537	14.1240155981925	-1.62857214535285	17.6963398539048	13.2061556270072	-1.61979216264419	18.7797408476799	14.251149309614	-1.9890324577389	18.3268524295388	14.0901136728429
SBDS SOD3	-1.25006817073541	18.2567295769561	14.7437448364642	-1.44038206099058	17.7422878179818	13.0005313713964	-1.76368593507856	18.4687374319598	14.3513552058532	-1.45491661843524	18.1192239947331	13.9851934139477
SBDS SORCS2	-3.24111993292096	20.2477022399968	16.1187373336181	-2.19406541798813	19.4978869151463	13.8899009484206	-4.21900616959305	20.9786960180837	16.0318523333348	-3.02995996412363	20.1505455916481	15.2600491696323
SBDS SOST	0.446579766817928	13.1338953538651	9.74569350904195	-0.0497697942917699	15.6528906980695	11.9342590529478	-0.0409371391324604	16.3094700734865	12.6109125249231	0.214706144995862	14.6769249339147	11.1611414666495
SBDS SPARC	-4.03559731866555	20.8132332642876	15.8614769583267	-2.5570005827963	19.7938952249152	14.662295094589	-4.45241518947589	20.7550064963726	16.1694731465024	-4.25507772460664	20.5254658300234	15.7448793741812
SBDS SPARCL1	-1.75125191534475	19.5226917865345	14.6231584415579	-3.06027659289872	19.6064956135666	14.3974062815475	-3.38772630991232	20.1334487236559	15.4586055491004	-2.83037081662354	19.7274611542781	14.8439185933867
SBDS SPHK1	-6.14114102927651	21.3961327484076	16.7997250468411	-3.06224619915284	19.974424121843	15.0511122618933	-6.12969470829269	21.3152066729235	16.818686937343	-4.41717478707581	20.8719563229893	16.2080655783164
SBDS SPHK2	-9.67342135576211	20.9632571408168	16.6581946165139	-2.11155670223152	18.2167271930166	13.3823101362921	-4.06358344287794	20.147747151034	15.6671847647232	-5.49469279690699	19.9916593434794	15.5766494006939
SBDS SPINT1	-1.56946618389847	18.8163021887669	14.6256934941852	-1.09009864576354	17.563422385294	13.7494539085902	-1.35678244264897	18.8533247004471	15.1136372998997	-1.256822217913	18.4166061596963	14.4927214754907
SBDS SPINT2	-3.37487568081792	19.5950675247208	15.4811269449849	-4.39674626451891	20.2323348687227	15.2522451827085	-5.5213072884746	20.3126126454985	16.0630826758021	-5.27721754151232	20.2824842052618	15.8889517943339
SBDS SPOCK1	-9.6614190287731	21.0243831625087	16.4832037812609	-5.77467268265949	20.2376202612199	14.86769985315	-6.94953913253322	21.4505336374842	16.1051346703613	-8.16188220553367	21.0545401695576	16.0414559574054
SBDS SPOCK2	-3.12573102265767	20.779090794717	14.5344198568122	-3.63190720332144	20.3947699235515	14.8761316014915	-3.78238165116726	21.5747198536791	15.5538304795498	-3.98971750871556	20.6941158561845	15.0683738546473
SBDS SPON1	0.292084861720679	13.8269688798358	10.4072305077861	0.0331217373561724	14.6574698103856	10.8353905899686	0.160878083852571	14.9023306396675	11.0711573620045	0.173697012470867	14.4347663785697	10.803170657564
SBDS SPP1	-1.84141156074817	18.0495110868812	13.9650348069013	-2.44869935664019	19.4697296939892	13.5625567641434	-3.16104106697653	20.3714514384963	15.3757158865325	-3.08552844099915	19.3398543966783	14.3570662591357
SBDS SPTAN1	-4.80063960796855	20.5721358636794	16.1005433591878	-4.15064097448065	20.376230966418	14.8408511413671	-6.66172767382055	21.3610865989847	16.4638929752205	-6.25784084048583	20.7944780450844	15.9362245785951
SBDS SRC	-4.87170117788728	20.4766747369599	15.7085748896329	-3.18532354388509	19.2545080822552	14.6350989316428	-4.0953496707626	20.4441544527717	15.8211787061287	-4.33878794811108	20.2234321448475	15.64880408075
SBDS SSRP1	-1.70677634273751	18.6082304192309	14.698316032614	-2.37798082691722	19.7688695406113	14.3386157521343	-2.24080965278348	19.5064141458636	15.2685068004489	-2.5757322377642	19.4723741590887	15.0031640442211
SBDS SST	-0.108122971145145	16.0345320763991	12.1654283138734	-3.55847897735352	19.5955203331418	14.6697650905142	-1.33242855386473	18.9784750144768	14.378519388339	-1.10238714101434	18.2043790564075	13.7404016184483
SBDS STAB2	-8.11882320233458	20.7480004293109	16.2897138955715	-3.054425320064	19.8406965991536	14.521613200835	-7.37686164522901	20.9117476783188	16.1806690664898	-5.44577107439974	20.6043169273802	15.8008187905733
SBDS STAT1	-1.50721614786354	18.0851504579144	14.1870452750243	-1.39174478972608	18.1148974506304	13.2255816953001	-1.45881695229025	18.2913449287521	14.1654694192464	-1.76324941960789	18.3632931368139	14.0391638951688
SBDS STAT3	-13.1452623291381	21.4872310747865	17.1712806686871	-4.14222919631396	20.3298463700452	15.4492446422234	-6.82784392083948	21.4896907305704	16.8463491228576	-8.04345477196138	21.1345427694489	16.6222951838845
SBDS STAT6	-5.62614091551678	21.0138089011047	16.0209132004814	-3.64942283974853	19.9547753178034	14.8110751750401	-4.76407167997703	21.0504489993395	15.9328330488652	-4.51645548205485	20.8502769774236	15.7354424993518
SBDS STC1	-0.505857008277382	16.1171236895815	12.6064001135643	-1.56850888173642	18.336155830897	12.979635158531	-0.971354692587923	17.5996848453059	13.2232042392744	-0.896851138692029	17.3568954351972	13.0066285203743
SBDS STIP1	-3.21659800425187	19.8683370019405	15.1197787724447	-4.9633596271866	20.6716641874788	15.6486434562507	-3.99403524798792	21.1923024129608	16.2593664410864	-4.74138329531994	20.7393498870198	15.8836855667908
SBDS STK16	-11.8367249483882	21.1542495611396	16.4344032248774	-3.06395555022325	20.802409471526	14.9773158876827	-6.48682278487818	21.3157141499872	16.2390029933145	-6.28943429327538	21.1855079404963	16.0127965007543
SBDS STK17B	-6.81159447984921	21.738085555446	16.5487735685281	-3.36810186175029	20.2164389076305	15.1957667726533	-6.69218443839809	21.3739408899431	16.5572958948767	-7.26132854002054	21.0640796114919	16.2406269873448
SBDS STUB1	-2.93082727431104	19.6017233795503	15.4697282342162	-3.43434623788645	20.1346205354817	15.0276659898901	-3.43003241077021	20.1695049477638	15.7699724643287	-3.36645417518469	20.0344376616824	15.5434419756344
SBDS STX1A	-5.23367866856894	20.9847846950162	16.0820069112078	-1.27505289745763	18.1251623151684	12.6902942139857	-3.46482304609647	20.5293806701206	15.3821859425113	-3.27476893327755	19.9312241078239	14.8671548880276
SBDS SUMO3	-2.98612028191049	20.1873500513237	15.5023836330012	-1.9269048872862	18.5163095740962	14.2004237857624	-2.20107118369547	19.5572107980016	15.3883128624472	-2.51260943846882	19.3756320753518	15.1839054406425
SBDS SYNCRIP	-7.49371555573571	21.1467089019804	16.4781297276658	-2.71462142265734	19.9582198304018	14.544031521099	-7.48871584826644	21.1338944772937	16.5680847813142	-4.81108510415999	20.8744047496617	16.0287109121266
SBDS TACSTD2	-3.76769272564965	19.5699004446663	15.5183857771591	-3.58389296255087	20.1142439083097	15.0493183046472	-3.04661297333746	19.9701800333459	15.3741469099447	-4.0159349422747	19.9754268422201	15.6261376502831
SBDS TAGLN2	-7.76553803810054	21.2444904451753	16.2916142455747	-4.62230420455568	20.1846511030829	15.2409521111331	-8.41537850950736	21.3413058948446	16.4863166792143	-7.37203831896319	21.0509445353504	16.2095426028802
SBDS TBK1	-2.61355428465529	20.311637896147	15.0265887625877	-2.83186859284152	19.5741611901722	14.337961980257	-3.24513074712816	20.6492886808457	15.4932650902888	-2.97016391250358	20.1656783607227	14.9758773488583
SBDS TBP	-3.3416080187353	20.0053116438741	15.5994352787009	-3.55484495101282	19.8725727051201	14.4263167262872	-3.97706592647721	20.5669299609743	15.762572740481	-4.05599157988411	20.1918309437879	15.3886268493556
SBDS TDGF1	-10.3498200801847	20.8506551499922	16.2615630709639	-3.81222658383196	20.131963258473	14.7323173784987	-8.66499108996502	21.3056529448003	16.5922857192863	-7.1163606618165	20.9237777239162	16.0427664072137
SBDS TEC	-4.70806134847592	20.8102534408423	15.9433320894063	-3.93055925801555	20.8327475037919	15.6178087253877	-6.05977374246701	21.3608741786765	16.7864045525582	-5.15602630902713	20.8306050647679	16.0806518416349
SBDS TEK	-5.55298827771466	20.5617151854132	15.8904082068016	-4.63371968620844	20.3154252645503	15.1547855671852	-6.47609873094161	21.0410402187502	16.1534417368666	-6.13690201713838	20.8775689086134	15.9808567056486
SBDS TF	-1.9811849598661	19.292815957904	14.7929465331938	-1.60846078667243	18.6624117984895	13.622430466114	-2.17787063393633	19.5718778855679	15.154727130005	-1.58959006549212	19.0668594271597	14.3691704725407
SBDS TFF1	-4.69029628608014	20.2552008173904	15.8033764708674	-3.41122903212046	19.504163256887	14.3843223365427	-5.02115804398617	20.5452415810719	16.0341143739399	-4.33138173033676	20.0772210220042	15.4666897522095
SBDS TFF2	-1.92159977400199	18.7891879505132	14.5948446512146	-1.22469745129895	17.852816460473	12.5581419624586	-2.18390658012732	19.069605144502	14.2176968517256	-1.7207288542911	18.6417402077631	14.0041482285007
SBDS TFF3	0.28658596651202	14.0507523864955	9.98781496857492	-0.237257752929537	16.0940568340409	11.4838672517134	0.140184653347463	15.0730044067103	10.8447103973157	0.0506130479262463	15.2248137946648	10.907788062153
SBDS TFPI	-3.90885056663607	19.6551272972236	15.6047281901946	-0.71435539187997	16.6535288125458	12.4183566844765	-2.77542861242912	18.8577811502365	14.685145898542	-2.13980621194177	18.4975196105262	14.3804383405648
SBDS TG	-1.45645978911149	20.4815478280825	15.2801606696613	-3.96490840700403	20.2182607602905	14.6422454502038	-4.28281961454353	20.7626080026898	15.7299476118606	-3.65752251758396	20.412511525658	15.433626062092
SBDS TGFB1	-1.49814870014706	18.9949427699968	14.5868023187432	-2.26741930673758	19.0286186243073	14.2552403692449	-2.03408872272683	19.4887101161161	14.8214434030463	-1.9802246323558	19.2357955910618	14.7387841098126
SBDS TGFB2	-2.18723604795746	19.1528613398057	15.2875925045953	-4.22809478061915	20.8086512292384	15.1637699006709	-3.01793869867465	20.4023333116742	15.7848757901877	-3.18579008845333	20.0191795607964	15.5541639303788
SBDS TGFB3	-2.39325334049266	18.9136322527471	14.5811711385067	-0.652129095468255	16.7267372595486	12.6060879494173	-1.01944181394713	18.2997562486459	14.1308350571941	-1.45278098267724	18.0724207612308	13.8446722574778
SBDS TGFBI	-3.89392484155163	19.9795804983977	14.9670453258165	-4.40203536002344	20.5632134347733	15.1050304436952	-5.75934776769598	20.7191153816275	16.0522091108436	-4.36326968652083	20.4760089885432	15.3443769346643
SBDS TGFBR2	-1.83827271596922	18.8481243798704	15.29387964793	-3.96292857862205	19.9712054553359	14.912268907351	-3.57286350510957	20.871092030879	15.8462072464695	-3.25799298317684	19.9023608577083	15.5064175248899
SBDS TGFBR3	-4.38474343279476	20.5091214762871	15.4670895642975	-2.36563903034537	20.5566296324986	14.0865212473098	-3.1752665605174	21.2266721488722	15.4396032170565	-3.58044520389863	20.7522831895753	15.0648642964503
SBDS TGM3	-1.52371469416255	18.8459473137843	14.4179251983389	-3.00414997497032	19.7549555229439	14.1937154741732	-3.57468531822952	20.6677804804002	15.4949024764138	-2.6796596281709	19.8462264662602	14.8851912704508
SBDS THBS1	-2.54615029584218	18.7576361750457	15.1089184468288	-2.1535873214368	18.7401965885148	14.1911464291919	-2.01385290947534	19.0654864619513	14.9271283668374	-2.67160985864334	19.13517551811	15.1431769657317
SBDS THBS2	-1.32190939594411	18.0854303664484	13.7974752762518	-0.969408364959796	17.8183595394149	12.2600941730053	-1.32595004570609	18.7433721230705	13.6547926201984	-1.21499905149503	18.1654914640339	13.3108766277147
SBDS THBS4	-0.00190999316332729	14.9804209273761	11.2544642103993	-0.917542501676056	17.4101325602822	12.7578910350119	-0.61822571277957	16.658187673744	12.6543199677337	-0.389980468200783	16.4260401696933	12.2972412168389
SBDS THPO	-2.09186038501161	19.6732069929586	15.3402878317381	-2.50309925020509	19.7919862716952	14.3299284444367	-3.11661825011864	20.1738781018987	15.428748441027	-3.15004474777111	19.9007463861962	15.2777932602758
SBDS TIE1	-7.57597471759522	21.3737936512272	16.7513691543604	-2.95517825238532	20.3082943457679	14.1985595019168	-5.65627736947014	21.0107109907961	16.2375234760316	-5.73993101001283	21.0429460493408	15.8840141087539
SBDS TIMP1	-0.115697426139138	15.2222166990975	11.8854403916295	-0.56632527677495	17.5588743455302	12.1403096256195	-0.331879091968001	16.6282736937624	12.3243089502423	-0.286248183323769	16.9754032738642	12.4648096015524
SBDS TIMP2	-1.11113664788299	17.7928922897081	13.8571213140779	-1.62767454374286	18.3658876897788	13.7271943723773	-1.65533694589289	18.7707512553997	14.2495578059502	-1.50970952289634	18.3292371597176	14.0772597751804
SBDS TIMP3	-8.28220294825174	20.4462913694192	16.2682965052344	-3.25913494759819	19.7086210780694	14.7997975156421	-6.94395324199329	20.9070503684468	16.3320069473695	-6.20424208699492	20.5527636156627	16.1239489514702
SBDS TK1	-6.93940786994545	21.1772510376551	16.5944995575577	-3.02318914467054	20.0662468450318	14.4884658166727	-6.53529463075632	21.1710393738105	16.34325720986	-5.2566987318355	20.7611393717323	15.7459494804758
SBDS TKT	-3.0123590972772	20.470571442898	15.5811781036589	-4.04458306461112	20.1199683457572	15.0999346474854	-3.69928301288395	20.9584478138211	16.0415536467828	-4.69402701737857	20.6607359481788	15.8855584331577
SBDS TLR2	-2.67867501760577	19.9585189055236	15.8177800859861	-3.56254972719454	20.1440753913876	14.9565612496322	-4.00726330481413	20.5446500804453	16.0128747192693	-3.74856488836286	20.2224269593108	15.7275584731225
SBDS TLR4	-8.64224318809517	21.1597175015885	16.3900152507045	-3.82112721256379	20.5158032220762	15.2349328868433	-7.40356045929612	21.2731991767834	16.5698153539404	-7.162335260825	21.0205016955579	16.1860558112832
SBDS TLR4.LY96	-6.19958331366083	20.5917373303917	16.0359428992999	-4.81610919113616	20.2247849518843	15.1872830795708	-5.81289437437442	21.6145390193816	16.3803346672892	-7.41420447670035	20.7844426341272	16.0148872441406
SBDS TMPRSS15	-1.24176810413889	18.4586470815032	14.5435663349431	-0.905307646294555	17.2251713130177	12.8221157521958	-1.2365712438866	18.5315030966713	14.1208120616256	-1.20634910777977	18.0222126653998	13.9701235697381
SBDS TNC	-7.20346559113624	20.3953387859005	15.5553491650292	-2.54772056100169	20.0650595724901	14.7487981706926	-7.47312003562796	20.9989973115166	16.4498038745376	-5.03133628356061	20.6525354708563	15.7896874656308
SBDS TNF	0.258953859012399	14.8716774504301	11.2428333675276	-1.06978293045647	18.1552556718472	13.0028420806136	-0.56420852218326	17.5303050159087	13.156970464387	-0.214102133770627	16.7310349966685	12.321428110998
SBDS TNFAIP6	-0.98471915727327	17.3392706295954	13.1315055177084	-2.78922890684424	20.022960504232	13.9326598847864	-1.9138525611283	19.8714409775629	14.6062045770443	-1.74654138312535	18.9510701017721	13.8634097150134
SBDS TNFRSF10A	-4.11311386584698	20.3796042697384	15.9425168098325	-3.18230946842589	19.9709477699816	14.4646988198607	-4.03316651585431	21.0669626167375	15.9145238721059	-5.68946086119203	20.7249502297673	15.8576565675691
SBDS TNFRSF10B	-1.11976708146214	19.507367308964	14.6187792090005	-1.88466572331741	19.1190258836625	13.9935050214494	-1.60953071659582	19.4851098048528	14.730181987435	-1.63686329177856	19.3363171546871	14.6339698808465
SBDS TNFRSF10D	-1.04188948999444	18.6621995221793	13.5031992687426	-0.947803250099128	17.4026431035921	12.9754315956559	-1.08234788544769	18.4216133374228	14.0378255860251	-0.928792825180129	18.3588488384465	13.7339776819051
SBDS TNFRSF11A	-1.34739121708921	19.6253926625423	14.7894550919625	-1.59311197237615	18.3670466613466	13.7182151738999	-1.72345509920087	19.2223738574962	14.8325468690529	-1.553136146219	19.0747430287618	14.5323613846177
SBDS TNFRSF11B	-7.8447096462635	21.060260187631	16.4952443637438	-2.80210848140377	19.9445091838683	14.6376299173959	-9.4465884338022	21.2650537517138	16.5060753736818	-6.14010851888492	20.7439460824489	15.9964845616755
SBDS TNFRSF12A	-3.76786972661876	20.2541586209599	16.0110960653282	-2.7882327505181	19.8209491392954	14.2783506974472	-3.2036761396946	20.285140247648	15.5465707216415	-3.38129684767428	20.1245238562417	15.3306815955824
SBDS TNFRSF13B	-0.59585407301498	16.753663357925	13.5646524437369	-0.922684224900177	17.4236901157252	12.8422350491786	-0.8132872255539	17.5265151660869	13.6348794731918	-0.642141328547386	17.4508654562279	13.5210669456696
SBDS TNFRSF13C	-1.36963471417998	18.4534838790708	13.0551523970617	-1.32732227579602	18.6371992418347	12.7345067829437	-1.64139247526619	19.1387233907443	13.7610304862088	-1.42687346380087	18.7882209460536	13.1259405831097
SBDS TNFRSF14	-1.48108287707835	18.7105432427407	14.3810796014783	-1.39042924812023	17.972902052612	12.9741036519748	-1.30891685706176	18.6923796402621	14.1509887058871	-1.75428032501526	18.5746777752932	14.0141305737067
SBDS TNFRSF17	-1.2027339889463	19.1562484104612	15.0514997760928	-1.95260572578788	19.0125136855371	13.633389723117	-2.0367604232128	19.5090660078807	14.8480469990689	-1.74314188774276	19.253479844657	14.639351302477
SBDS TNFRSF18	-2.15026157222168	18.5872698724162	14.4616201546121	-3.15136970160831	19.7138003819455	14.2018502462918	-4.52483499129196	20.4945840496244	16.07641853022	-3.08091671119824	19.5901205691346	14.895411942372
SBDS TNFRSF19	0.33414281534237	14.0024799278185	9.76397612140393	-0.584723353742623	17.0934806634397	12.1664264890018	-0.137245924637379	15.9490545663396	11.4951978297633	-0.058772853304992	15.8327164812598	11.227587745435
SBDS TNFRSF1A	0.537067681934273	12.0373122104582	8.40385559313241	0.0912950321314105	15.1755365075865	10.4345311736253	0.240651270828338	14.1365795058639	10.1024269253052	0.28759417242014	13.9041082151636	9.7554935584684
SBDS TNFRSF1B	-0.0229075579871776	15.5336533395308	10.6865499528808	-0.285918562239958	15.9776647678913	11.2754052937521	-0.16370470445741	16.0930767854941	11.4725067811324	-0.203328833927245	15.8886471518558	11.2328706150925
SBDS TNFRSF21	-0.687455606356366	18.2049389450726	12.938284882388	-2.2843748331	19.1670630736043	13.9074302961509	-1.6723737278933	19.94620801496	14.479028447853	-1.58594270066019	19.0471921923528	13.9171211586468
SBDS TNFRSF4	0.0104041230395975	16.0629892838085	12.0452992272249	-0.0784068414620978	15.8892280367338	11.6069455066509	-0.0653493178622304	16.1542034638553	12.3334677719029	-0.0379444695338935	16.2326417454195	12.1344493436209
SBDS TNFRSF6B	-1.43428438864048	18.6646805139288	14.404828214248	-2.69260848383618	19.6422052709755	14.5747528656143	-2.24820419937549	19.1586118925365	14.7449915914916	-2.04498615783518	19.3013036878278	14.9303951515044
SBDS TNFRSF8	-5.4398469745489	21.1193650667385	15.2136414885353	-0.222382409972242	15.7034572698886	11.3837872878192	-1.57596317055164	19.7220031027032	13.9540218281624	-1.50515717978415	19.2286001350237	13.5216832859086
SBDS TNFRSF9	-1.57574567314925	18.6244819482193	13.9875781637357	-0.284396019122155	16.0301471049583	11.2488325748559	-0.919175454912424	18.0203037933603	13.1584581670622	-0.821160260849367	17.7187166593142	12.9038643804347
SBDS TNFSF11	-4.4773419256583	20.2385790471636	15.7114015613264	-4.93559997882714	20.5395829268917	14.9199397510721	-5.20157214707798	20.9582339945197	16.2370086143625	-6.39162816998812	20.591953992367	15.7751721814668
SBDS TNFSF12	-5.64290536517693	20.4338444852362	15.715122919586	-3.46401779766589	20.054456541518	14.7909275253258	-4.45380047443146	20.503850344156	15.9240382857636	-4.40211779698233	20.4243338370601	15.4765181938338
SBDS TNFSF13B	-5.1460423935604	20.7260585574649	15.7914590544293	-2.99547710978209	20.5877097685687	14.6609533885834	-6.1312964310722	21.4013062592934	16.337202429646	-5.6991855768675	20.9637580655088	15.8505457337753
SBDS TNFSF14	-3.65032980113887	19.7196453580343	15.6241099774193	-4.96278647743392	20.3830492090164	15.0810918933806	-4.47903087931092	20.6395904488777	15.834949028483	-4.65431463981524	20.3771331535165	15.7609985281292
SBDS TNFSF15	-2.67264064511273	19.0719133210054	14.7618315052641	-1.84370568899344	18.3526655759278	13.0796690817252	-1.92957824136487	19.4344605523034	14.6158175538865	-2.90087656283978	19.2045409897573	14.2893718880314
SBDS TNFSF18	-2.65294043104647	19.5724034819163	14.505520015071	-3.46628662250014	20.4188574111474	14.1605458926697	-5.18762239010976	20.7434145845929	15.6987927974867	-4.73261984139985	20.5578042127416	15.291427259167
SBDS TNFSF4	-5.21658523005545	20.9194104601118	15.9054821535321	-3.77730075316713	19.9815213594785	14.44803534275	-7.51774994209755	21.0342443273024	16.0856102841237	-5.54684669293966	20.7449596431729	15.6541856528958
SBDS TNFSF8	-3.79324515825845	20.204041424533	15.5992142463598	-2.99404382626236	20.4849931694177	15.0146347550763	-3.99646480080298	20.9208475812986	15.8929570361581	-3.68489255019419	20.6385815208348	15.7701825482745
SBDS TNFSF9	-3.53292926155139	19.8530127850706	15.6415541648477	-3.15923563012633	19.7608865614502	14.5621069763355	-5.32807306474007	20.3105514788141	15.7328545923253	-4.1468408887613	20.2191288065197	15.5422810480398
SBDS TNNI2	-4.26409420309575	20.7846840935205	15.1971515268053	-4.58887320346061	20.3026156662485	14.7830325577226	-5.21618996322918	21.0332760509472	15.7948603077795	-4.84268478270733	20.8967942252676	15.5374539670812
SBDS TNNI3	-0.811098032353616	18.4563694529527	13.9595129464068	-1.38481902056596	18.438605297883	13.5706106343953	-1.2354594412083	18.7893185039848	14.3104475546751	-1.04308046313955	18.538687699133	13.9750495186657
SBDS TNNT2	-0.321470189888466	16.8853267793439	11.8035959816025	-0.180875671387465	15.2588612760649	10.5036916469875	-0.546056230386954	17.2827253115147	12.1377066247537	-0.264069532825594	16.5797580960885	11.5603915278685
SBDS TOP1	-2.85374160789199	19.8801180131295	14.6935650757132	-2.96020508204572	19.8349658872833	14.5551815648547	-3.94956459223164	20.4787723686514	15.5253873142435	-3.50138443475809	20.1154097156114	14.9434297707727
SBDS TP53	-3.4779813691871	19.8139672137029	15.712812129016	-3.40670658724537	19.8928199089247	14.5873236245067	-6.23615901482818	21.1917716458491	16.5681185973333	-5.43261061378623	20.2088429377563	15.7434201830856
SBDS TPI1	-3.14776378607759	20.4338531386805	15.62591417234	-3.98163311846276	20.049037663271	15.0393560958024	-3.44562182616217	20.7116535128545	15.9409739619033	-4.70667604177389	20.5801724032371	15.9186438231771
SBDS TPM1	-4.65545683761459	20.5027779499579	15.7846206818398	-3.47145273939158	19.7811677759133	14.5009332831009	-4.74781967143671	20.8672558983391	16.0021488121329	-5.10890532193234	20.4282041645314	15.5867376887015
SBDS TPM2	-9.37980887725846	21.144567468796	16.8238745411896	-3.9421101807175	20.2959387437362	14.9748982315379	-6.52162194123777	21.0871224125459	16.3635190500255	-7.56155400183104	20.9460477233382	16.2550148343097
SBDS TPM4	-7.89457722529737	21.3605283761434	16.9904924619331	-3.06190287497725	20.1175929675881	15.0630970359422	-5.70993117699843	21.4450615362017	16.6738075385284	-5.4115062012239	20.9126499750169	16.2467843398842
SBDS TPO	-4.2244044953015	20.6967482662475	16.0648230836657	-2.74775374149723	19.9698665072366	14.9632992226549	-3.63370058658102	20.9386540755258	16.1047478174365	-4.30119644376692	20.5261165678274	15.8034673702149
SBDS TPSB2	-1.98869968916207	18.5824836695444	14.2751221355773	-2.07754082781894	19.2326088936164	13.9328148927452	-5.41585750765442	20.3368977265602	15.8784244016677	-3.15624845425319	19.6263880392148	14.9178485294495
SBDS TPSG1	-2.45138976907502	19.1045254966626	14.7680195481846	-3.71792610998817	20.3902671477244	14.4173497146212	-3.68551143851968	20.2821436000333	15.6610316720245	-3.21102168722847	20.1029518592285	15.2953279432774
SBDS TPT1	-6.85739833444514	20.7558057691077	16.5442140345641	-4.01246195910805	20.4303943967102	15.4106549271698	-5.24031223492974	20.8360757085392	16.3069398168268	-5.82696790041225	20.8537366661519	16.2983682391576
SBDS TSLP	-2.50969317597427	19.8373856650298	15.2976136501197	-1.65600018013304	18.5568330257476	13.7179324586464	-1.92239196822332	19.5536674374015	14.940956579098	-2.35219130693548	19.3518419533898	14.84100676632
SBDS TXNDC12	-6.56204455813899	20.5900755969301	16.1039712885879	-1.9759020123102	18.5207044766448	13.7520883233721	-5.3171732810909	20.3013600633094	15.8304351238861	-4.20569279507209	19.8373717295835	15.3812801317317
SBDS TYK2	-3.33987989930179	19.2122482742856	14.8056254381055	-2.30011861970731	18.5241601418138	13.7429416834655	-2.9989370769543	19.5371385751731	15.081560769793	-3.43026384136688	19.3828360795871	14.8656309672314
SBDS TYMS	-3.27945793439685	20.3931356159056	15.5073573218124	-4.71877014461098	20.1051363746626	14.950265012831	-5.59700138051428	21.3289331761805	16.1709939680776	-5.32823948359391	20.4392234679789	15.5790524828905
SBDS TYRO3	-3.08352930289437	19.4138799942882	15.3451727035224	-2.94739612176614	19.6456154149382	14.6543262966056	-3.08720687606762	20.2716401540395	15.5781816965489	-2.8111482985479	19.7685616199309	15.4055900515412
SBDS UBB	-2.857192097615	19.0558194331775	14.7399837136529	-3.66453458945513	20.7513585778718	15.3096112446428	-4.97048405768106	20.8334587521968	15.9900139685173	-4.00592282693699	20.1143371011471	15.4673276838003
SBDS UBC	-1.61856781328062	18.3134167330927	14.292298848557	-2.32008493920827	19.3796914682132	13.9402790692923	-2.45749870661781	19.3353630585865	14.7109261493471	-2.28962973951827	19.0974454610677	14.4635045370801
SBDS UBE2G2	-4.46162351233335	19.4372174309596	14.9390904366628	-2.2906703432202	18.7351175446164	13.8917380842297	-3.8019362048766	19.929870969983	15.6063436644483	-4.16961173733905	19.5888941879942	15.0988270692071
SBDS UBE2I	-2.42140509706125	19.4264496289184	14.9254319582245	-2.86917485425411	19.2640962703131	14.5090124674844	-2.24906568100769	19.8205635612879	14.9956548731222	-3.10193772542914	19.7257278286071	15.2335639974449
SBDS UBE2L3	-2.46786211826719	20.0193816706408	15.0030903703524	-2.75379779675361	19.2919444781424	14.6611457310354	-2.69647290398047	20.1105283743152	15.6409296988544	-3.25387376073157	19.9025402067026	15.3492524621557
SBDS UBE2N	-1.57978247701073	18.879919097638	14.2232655447308	-3.31184708515208	19.8207735541274	14.7556519570836	-2.43777424030654	19.9924455829916	15.3712598796945	-2.90690040043266	19.6481142811297	15.0808424695151
SBDS UCHL1	-6.17190016318844	21.3341527422413	16.4815349593973	-4.14074660881434	20.6232931194922	14.874490018113	-5.12904411898457	21.1868370625263	16.1604454857762	-5.22497942874742	21.1057292206053	15.9520360972548
SBDS UFC1	-1.9406184742117	18.9958925903612	14.7444993908408	-4.74929485871611	20.7280159827024	15.4741821978178	-4.5478115282242	20.2909402810723	15.9367025800425	-3.72794455605254	20.0324622962822	15.4909615077711
SBDS UFM1	-0.842958013292984	17.229832548535	13.87917121036	-3.28398008375497	20.0853500974248	14.9212894117447	-3.35536831292274	19.450941968378	15.3706051094213	-2.00093382774946	18.9710443436599	14.7445186559444
SBDS ULBP1	-3.89723224093959	20.0641421411566	15.8612111925272	-4.69528093637497	20.1898498683528	14.9805155967222	-5.68928518661982	20.7173096724854	16.1704445297875	-4.90210036997383	20.428824987036	15.8167908516924
SBDS ULBP2	-7.21944504557531	21.0824237827091	16.6370665884154	-3.37017395710156	19.3492885119489	14.0178124102712	-6.37761314236876	20.9042274378239	16.226421094866	-7.10296328193362	20.6417082896085	15.941689119397
SBDS ULBP3	-1.28321213201389	18.4040307836908	14.5032261831942	-1.64447064639823	17.9304299555686	13.6436182129326	-1.45042447044413	18.4554411898165	14.8853285989723	-1.71697739446137	18.4037391883381	14.5441400963566
SBDS UNC5C	-0.0448926269213779	15.8830900517402	11.3814965725765	-0.0786128600035803	15.1195394803061	10.6258586260397	-0.0929941310940747	16.0987895380695	11.6938023459396	-0.0641698505867285	15.6805392778612	11.2267550637056
SBDS UNC5D	-2.6114780813003	19.1978514941665	14.6590597130795	-2.85161117584839	19.2948738353513	13.9923136029509	-4.93445294905422	20.16514510671	15.3926638609872	-3.94368937675923	19.6877781382355	14.8612910919262
SBDS USP25	-5.03839306183204	19.947768384272	15.4349340118275	-3.70948806418473	20.3732847387729	14.1878339366807	-6.45729805225082	21.2785609996113	16.1366100146959	-5.34305149669055	20.4652509192666	15.2936372204978
SBDS VAV1	-5.56919780318765	20.8826765703796	15.9796718164206	-3.97921913825076	20.865986349205	15.4130136346872	-7.58084380249383	21.2301518514644	16.5400948621712	-5.19763621285061	20.9584686361497	15.9733817378515
SBDS VCAM1	-1.61311370160507	18.7753885324954	13.9842832646183	-1.20866512107022	18.2337010021718	13.3184888940948	-1.56370665528958	19.147269277643	14.4460455810979	-1.41662918527442	18.881784522555	13.9772004600781
SBDS VEGFA	-0.280461592039661	16.9348772758391	12.5904071212448	-0.198368016467706	15.4008326964229	11.2410928827839	-0.315497812142617	16.3609020840945	12.3123052663419	-0.314182028035816	16.4531516879994	12.1352844881984
SBDS VEGFA.1	-5.15069047470883	20.9387032619615	16.0542464282231	-2.83149835289367	19.6517201855538	14.5145095496654	-3.87748531809847	20.2148084326823	16.0144319362773	-4.68729153680593	20.2398523511413	15.6434827045804
SBDS VEGFC	-0.839840347362844	16.8887202711662	12.8636228718295	-0.703298855340947	16.8878426919211	12.6849184884075	-0.689971292273289	17.4259835351906	13.2847806955846	-0.713877866593283	17.3257912529437	13.2755331518051
SBDS VIP	-2.4241161656305	19.088015651417	15.1474665111923	-0.983310490348475	18.0072743040279	13.2646668818164	-1.56148604693273	19.0516583400958	14.8276340791723	-2.15502939661882	18.8690256096355	14.6880160861446
SBDS VTA1	-4.17523131014858	21.3627332011357	16.3038211004023	-4.56938129730236	20.5958986528382	15.4756155585845	-6.75492808078962	21.5844249796364	16.7718793343906	-5.50777327578891	21.1507121783605	16.2556634670465
SBDS VTN	-2.04800180899473	19.3878136850811	13.6009428353719	-2.98396392980511	19.0765468395611	14.2406905990395	-2.45417882947996	19.6101585419897	14.7887883152447	-2.83903449760684	19.6550901699382	14.3659677159576
SBDS VWF	-5.674134359382	21.1326840459654	15.5842253254303	-5.16383579923083	20.4461956987705	14.9767613390134	-7.43435667964633	21.1734775781185	15.9530162380408	-6.47174437807382	21.1526306786895	15.7936645034982
SBDS WFIKKN1	-2.04418369346509	18.6676690077108	13.7444959791092	-3.81101471819215	19.9657958328803	15.0036946284403	-2.8924729499361	20.0291250072356	15.0640088704012	-2.88292600530976	19.756874559353	15.0032744665089
SBDS WFIKKN2	-7.14417930815866	21.6866971801473	16.0887727928785	-4.88269749771613	19.9647835179572	14.5412455723319	-5.8384299507017	21.5954713750445	15.8702558462898	-6.41848709481741	21.0474410557251	15.6596963501401
SBDS WIF1	-3.06632462958914	19.7026592382311	15.2733641228729	-2.83643045884661	19.3629256388486	13.3682337502881	-4.90382127169246	21.2097319661573	15.9596043536058	-3.24598421917465	19.9276107785762	14.7008692821298
SBDS WISP1	-3.42309300463235	20.3044294579177	14.5736433243667	-2.63829795923173	18.8056849733105	13.9215046282853	-2.80873336836592	20.1145686226748	14.5959043905821	-2.88866798730669	19.9368938903047	14.601282195445
SBDS WISP3	-4.25516210281903	19.1713302896926	15.3403360562436	-3.62587139320493	19.939332500331	14.2997709755242	-4.56616886982376	20.2408469179773	15.5577313602275	-4.46332180604511	19.7385015615637	15.1895355852201
SBDS WNK3	-2.42602288169152	20.8845822010909	15.247195152535	-4.81778669543099	20.5734227240804	14.9996918128998	-4.73948960282727	21.2996030456956	16.2069751283626	-5.21412745162761	21.0162322624627	15.7018629033677
SBDS WNT7A	-6.44208435387448	20.4016417095166	16.1736810890934	-3.8394564656044	20.576113182505	14.6149964979412	-7.28400768905709	20.9835216548007	16.197223925579	-5.19009118507178	20.7299029054953	15.612973172556
SBDS XCL1	-2.13552333534443	19.8289027480924	14.8459170230811	-2.98727362192732	19.7409574485217	14.5181793186251	-2.70504605115863	20.0478827534465	15.019889753153	-2.47442256046506	19.8385969864083	14.8765823756073
SBDS XPNPEP1	-0.716015180181613	18.1165372452835	13.8945752438469	-3.27749831600543	19.9594439812988	14.7679502878606	-2.32575137585696	19.6964483609291	14.9160409203634	-1.95824908259864	19.2857210068975	14.6332167878414
SBDS XRCC6	-2.95394946686082	20.6368156535559	15.4618471652437	-2.88508053144131	20.3156966713408	14.1779657975899	-6.92066001357912	20.8106597877456	15.9789572965421	-3.65482975449177	20.739207315334	15.2077890639132
SBDS YES1	-3.52912405085305	19.0888376443646	15.1245859594253	-0.895358435576977	17.3467525354938	13.2548666065011	-1.34775509886691	18.6682569454275	14.502336295498	-1.73225226822307	18.4832548052973	14.4133165773882
SBDS YWHAB	-6.5556096995758	21.2203365221354	16.708269072635	-5.01662991275099	20.5579793568963	15.2556765117034	-6.29207618056722	21.1495101622292	16.3444998820736	-6.74903200175911	20.975178557186	16.2115474816104
SBDS YWHAB.YWHAE.YWHAG.YWHAH.YWHAQ.YWHAZ.SFN	-11.1591192465169	21.2392495363697	16.8606165937199	-5.25517238498785	20.83150593951	15.6896742319994	-7.22990267156891	21.4604627263123	16.8027054372452	-7.70595403374722	21.1602355365874	16.485584588756
SBDS YWHAE	-3.16888188737833	20.1236229105845	15.0677541897322	-1.77003365089514	19.1478358302457	13.830720083637	-3.28538854456158	20.0813134082713	15.1090065091796	-3.1108660773488	19.7521006639803	14.9283100127083
SBDS YWHAQ	-3.62373234056878	20.433518722535	15.8902429737086	-4.07990789398256	20.6264908498425	14.8456112846559	-4.64792628522759	20.965106740349	16.136687146103	-4.12059979719921	20.6877090723958	15.674436633331
SBDS YWHAZ	-8.17836258332138	21.378698751133	17.1556271150931	-3.64686510217231	20.1357167221754	14.9020810649863	-6.20934369124979	21.3093628861123	16.4603912969656	-5.71202329997637	20.9587338365898	16.2963186955092
SBDS ZAP70	-5.73420376211105	21.0892112522759	16.2832440407302	-2.76848860501301	19.8523730790322	14.5922479201571	-5.68010136878066	21.1470045890793	16.2683926744501	-4.59854819191254	20.6340310372528	15.8471534506915
SBDS ZNRF3	-2.93007171799669	20.5886297469436	16.0680427513129	-4.2541030820494	19.6589095904385	14.36252692711	-5.39071424276477	20.2708562866958	15.8652565774092	-4.16899827352724	20.2341663568097	15.5456769021789
