protein_name	r2_male	rmse_male	mae_male	r2_female	rmse_female	mae_female	r2_all	rmse_all	mae_all	r2_all_sex_adjust	rmse_all_sex_adjust	mae_all_sex_adjust
SCARF2 SCGB2A1	-4.63594020306018	19.7829292031822	16.585202887038	-2.7905660415714	18.0730097290329	14.2130565062558	-4.54281631129168	19.5588790181558	15.9599409763452	-4.89473716069561	19.4798162053738	15.8617213536512
SCARF2 SCT	-2.19321701474242	20.0711781554154	15.5491213639526	-5.44117029101026	20.1909402432294	15.4204182977292	-4.98103040625488	20.3294379642327	16.0604211185383	-3.80342154873424	20.265146800275	15.8483044511909
SCARF2 SECTM1	-1.27711706239963	18.7276221280251	14.6896471904152	-1.48617768824675	18.1531373040188	13.9522834552839	-0.983605322049487	18.8012946120503	14.4282502411785	-1.16891836239545	18.7010942183287	14.6213206031652
SCARF2 SELE	-1.38412041239352	18.3326749308261	14.2764180936664	-3.50177222292565	19.5696421661259	14.4791540223588	-2.86757563757339	19.6951027028622	15.2643636235431	-2.77372222363815	19.4160634622641	14.9335945771984
SCARF2 SELL	-0.820476359754248	18.9174597247542	15.0205435145845	-2.38096865422051	18.7330268793016	14.130549060313	-2.79710985122993	19.4481934948323	15.2117919439284	-1.87601624870044	19.3390976825433	15.1869675314449
SCARF2 SELP	-2.44104702573594	20.3263872372234	15.8231968509836	-1.77481630852211	18.8052828386511	14.0638288019602	-3.47252446877812	19.8411565815586	15.7337810963945	-2.56366467850742	19.9036187000416	15.4337536064427
SCARF2 SEMA3A	-2.38004346812935	18.2925940421132	15.0310811454236	-3.88477282484783	19.3261789154514	15.3149390485365	-2.72848660339764	19.3623126290563	15.7921112428519	-4.12448628045507	19.4432572839877	15.7718297885964
SCARF2 SEMA3E	-0.736417907223187	17.1772720625859	13.1503067343715	-1.97179723689931	19.3938298936132	14.7230695187321	-1.6673909602749	18.8682448698743	14.9987958293623	-1.99675326638537	18.649949691789	14.5424908936507
SCARF2 SEMA5A	-3.90927120786142	20.3234011108282	15.5960623243402	-3.00663954354286	19.7954436780588	14.8946423321377	-4.03458481793695	20.4684899916925	15.8201758731228	-5.21885349005845	20.5224909116071	15.8084695453107
SCARF2 SEMA6A	-1.45633762104946	18.8662717842156	15.0679280169377	-1.71737768975209	18.3434836616022	13.6919926534579	-2.05254095206557	19.0352831139314	15.231925191406	-2.6966259965829	19.1841886838905	15.2688005945892
SCARF2 SEMA6B	-3.26756546702095	19.606845565738	15.7459606801535	-9.8997123515265	20.6736212729053	16.1626116926248	-8.64861809345949	20.7402544638972	16.6662523415698	-7.4994910318082	20.6710357258105	16.4101391241843
SCARF2 SERPINA1	-0.331685360781232	17.4867543312918	14.1145665862967	-0.451245813534136	16.9991178647614	12.7778192628611	-0.434434764956506	18.0266477875221	13.8397212808699	-0.653939789896108	17.773030242637	13.9927066852978
SCARF2 SERPINA10	-1.57293308857065	18.0014214496796	13.8008528993506	-2.54006698281091	20.0091182253966	14.4275665462612	-2.06906127463045	18.9844879683714	14.6034902922087	-2.3873692662701	19.4783787206721	14.5611696505394
SCARF2 SERPINA3	-5.23248198287098	20.3856784567124	16.7995779627785	-5.5174756994195	21.0480602768268	15.8728778559307	-6.07884812047895	20.8592736127821	16.8534115327959	-7.52730622162347	20.9311109395475	16.7851394952133
SCARF2 SERPINA3.1	-1.11155753602693	18.237229239431	13.6118893653446	-1.20183769702351	18.5034220185136	13.5506933330782	-1.03994294668419	18.1405923207607	13.6373408659523	-1.1657066238054	18.5231608556454	13.7057151768673
SCARF2 SERPINA4	-1.70161822432622	18.6856492064295	13.6475746689408	-4.06232394522877	20.9399214762345	15.2945065747105	-1.84028307924586	20.4948224510373	14.7593052020123	-3.01195414769717	19.9941593023708	14.7366704359968
SCARF2 SERPINA5	-4.20533658508133	19.7408050628873	16.09782575639	-5.84166272119336	20.2772830662222	15.9995916288772	-3.57828963303275	20.1448848850679	16.104937775172	-5.42199672580777	20.4569414395763	16.387880528003
SCARF2 SERPINA6	-1.98553937808037	18.9603447850018	15.7218254121427	-1.10492867854551	18.2526750710537	14.6580116042343	-1.47399893688625	19.1776875742557	15.4571145738574	-2.5012783400803	19.0300748081223	15.6736134620406
SCARF2 SERPINA7	-2.26785724890334	18.3791890876139	14.5547819943531	-4.37036382626089	19.9760850454839	14.9993113641124	-3.57190308011269	20.1654084919104	15.6324877793616	-4.00348357666546	19.6893433099668	15.2939387212599
SCARF2 SERPINC1	-0.310854035455821	16.7792701503267	12.3747735805213	-1.5631377230674	17.660813698959	13.7771139495487	-0.782548381874354	17.7851020357393	13.6343424294993	-0.970823743496831	17.8357020400699	13.586730617101
SCARF2 SERPIND1	-2.69636485531788	19.5231482702941	14.7009424231565	-2.43143745441543	20.5215803135299	14.7343019854297	-2.78277446408919	20.6653272493035	15.6804123132047	-2.77774587566159	20.6942548633783	15.1072443672813
SCARF2 SERPINE1	-1.04789823323128	18.5446525057362	14.2370233579953	-2.78776557375576	19.0594783971307	14.7339115875736	-3.38293344074532	20.1634753806935	15.8527649547291	-3.11366574852893	19.6586415566026	15.3513633093348
SCARF2 SERPINE2	-2.63365899735277	20.0281054699654	15.5692729892236	-1.34670643595515	17.966207150718	13.8222889047319	-3.56334334872545	19.7980077270279	16.0576594895943	-3.2669395128669	19.7780069713284	15.7583003290374
SCARF2 SERPINF1	-3.41147702446203	19.4898841170152	15.5735874994862	-2.81934773225783	19.5169102391582	14.283484388511	-3.73564251794382	20.1007797610603	15.9614203779665	-3.69294330609977	19.8800732772921	15.4032949455147
SCARF2 SERPINF2	0.261067169066423	13.473939916718	9.99892951720691	-0.719127471156018	16.6554527516742	12.1621266920219	0.0187435980608367	15.4236901961532	11.2728985277556	-0.195324902385836	15.5978459828653	11.4859006828108
SCARF2 SERPING1	-3.29036831533184	20.1517516360624	16.4205665254205	-6.47844026542395	20.1752704447629	16.2466055893791	-4.07314476743891	20.0026743003293	16.1768717231228	-5.28118295148026	20.4746952484381	16.6132506901438
SCARF2 SET	-3.44135476407266	19.4672977839075	15.4027225694725	-4.51991339146843	19.4618018174648	15.2461581433816	-4.22504883266395	19.8882983810829	15.9396040704277	-4.50361994416445	19.7774449695671	15.6463905609426
SCARF2 SEZ6L2	-3.98758162642758	20.3434591690169	15.9788441041514	-1.30826233162601	18.9591916792713	14.300142386372	-2.32000416369375	19.9762373907421	15.6190417512619	-2.93340362104211	20.2483491133717	15.7696101680279
SCARF2 SFN	-1.37721765795875	18.9144792367328	14.5678435801731	-1.03093617602017	17.654581859092	13.4952450308676	-1.54517465072843	18.4889276910686	14.4124741310549	-1.24724886127051	18.8481206787225	14.5227368194047
SCARF2 SFRP1	-1.50004952653083	18.4845190388919	14.5569501901422	-1.46908976415436	18.2036039866342	13.8827768406284	-0.974088280919996	18.3388402531723	14.26784511371	-1.38498512883249	18.6574597341641	14.5651881489813
SCARF2 SFTPD	-1.44110774074535	18.1642351414373	15.0306851275168	-0.19519440284063	15.9837201710205	12.7723194949622	-1.02193387667299	18.3336418530652	15.0463841998572	-1.24983093655804	17.8243889432603	14.637788579881
SCARF2 SGTA	-2.92870479633082	19.3504459611338	15.2123604812997	-3.83279738716662	19.7555930078369	14.8243297983469	-3.66238144588072	20.0974018548767	15.6410625414383	-4.42174395387195	20.0591854558404	15.4697090556612
SCARF2 SH2D1A	-1.57678959832049	19.4599841474018	15.3726942257584	-3.17616010622143	19.0680393757788	15.2389940054245	-1.53156666255521	19.5601779510119	15.4502188310272	-2.50929990344333	19.5755768185023	15.7189979255005
SCARF2 SHBG	-0.39370164807662	16.9170929467953	13.2517393786635	-2.90181604182925	19.7584367918052	15.0401574512702	-1.61931057576898	19.0217286681659	14.7525599688118	-1.62876830583438	18.7488864826894	14.4728897105762
SCARF2 SHC1	-4.24014576506261	20.6666548092184	16.1077030103161	-2.38724257079777	19.1284935239044	14.4749873157834	-3.14411770455685	20.1962504871352	15.8427398003241	-3.93360518802202	20.228712022977	15.5983709368601
SCARF2 SHH	-0.639410330863318	18.1688939861417	14.6100959789317	-0.932107548373009	17.7977260360414	13.6110414300015	-0.688614535685606	18.3977944496819	14.2605502440674	-1.08264325776542	18.3206916129483	14.5902260322319
SCARF2 SIGLEC1	-2.56634614350028	19.5031646327625	15.5466642709963	-5.19098229653393	19.9642142637383	15.6141947124577	-3.30968510720583	19.9700687431396	15.8784029643906	-4.19862820930732	20.0354539226341	15.8628181330012
SCARF2 SIGLEC14	-2.46412933221934	20.1328229607799	15.5715893021188	-1.57233354456304	18.7073033991631	14.0808854753342	-1.57085085341963	19.5220115201284	14.735168444136	-2.07755937651675	19.7656603751508	15.0262708645773
SCARF2 SIGLEC6	-4.16066697792997	19.5992930645721	16.0399609726241	-4.69273282686202	19.6168628914875	15.691550826035	-3.82049279848241	19.9890531550807	16.0697879694427	-5.48857425348485	20.0649632689737	16.3297727599299
SCARF2 SIGLEC7	-5.13837744619002	20.1967939474517	15.6843027174946	-4.06808856521525	20.6441874678208	15.6050221307863	-4.44482401611837	20.3473532898672	15.8931130121571	-6.61352083678327	20.5321702361449	16.0687666591095
SCARF2 SIGLEC9	-3.26097803162112	19.8210685206185	15.8567927005289	-8.12147446553838	21.0020526751721	16.4813829274167	-7.72014326887684	20.5462736368228	16.8389282140092	-5.5640153388012	20.4611667479062	16.4381458678853
SCARF2 SIRPA	-1.86667482812791	19.4630251307717	15.3343171060819	-3.93281311750293	19.7257610795526	15.6211883995248	-2.64349839247727	20.1005084780214	15.8295573563194	-3.38678612887947	20.0067073593848	15.8469550922513
SCARF2 SIRT2	-4.2126955936728	19.7361336248592	16.0076278058805	-3.49293731073184	19.7093433188621	15.6226356130617	-2.82240588093525	19.7916583572967	16.0192372578401	-4.2059147109405	20.0420264711648	16.1186094194189
SCARF2 SKP1	-2.05864124363082	19.2609483691158	15.5493221490014	-0.444240824150188	16.476075978672	12.8455863523941	-1.41826164888442	18.8800564604001	15.0836923392538	-1.61125457715077	18.4585667652854	14.9576620045281
SCARF2 SLAMF6	-4.98400777881493	20.1736729796747	15.8872344996279	-4.25455751349755	19.9957973160614	14.9646874937082	-3.56048594030501	20.8223777881523	15.9354495039899	-5.59318545889744	20.4692237438117	16.0416982522145
SCARF2 SLAMF7	-3.75486043003796	19.2423222172552	15.5320302110372	-7.95916763025902	20.3598539856482	16.2979734091176	-3.9559494630736	19.8651003257092	15.7695557258381	-6.00723376458341	20.088264012502	16.1933375972968
SCARF2 SLC25A18	-3.80970458596422	20.0781801973652	16.1516930553331	-5.29059457046833	20.3896975201173	15.8701375219834	-4.67535707620759	20.2885833094578	16.164373471734	-6.19030125405769	20.5966530264014	16.4663998051134
SCARF2 SLITRK1	-1.98916493207822	19.4107966686136	15.6944949557891	-2.79783072320828	19.157484207651	15.2293200223776	-2.59299523155692	19.5380897134528	15.8718419790699	-3.08086118726331	19.6384588738843	15.8648114326034
SCARF2 SLITRK5	-4.133844017257	19.5716906438535	15.931605976603	-6.96144140165116	20.3067174880657	15.9279173976693	-6.93328005919036	20.4382885694387	16.4390768639244	-6.82357227949668	20.1753604533467	16.182715508184
SCARF2 SLPI	0.192425025651147	14.5424228731957	10.8993280701726	-3.61709570041315	19.4298738280641	14.233911458757	-0.552174447689072	17.3571660463744	12.9032116127822	-0.64086997614307	17.2853883799095	12.7770092859949
SCARF2 SMAD2	-4.12749452917919	20.7033454428682	16.3276097395118	-2.75386932343269	18.9854814502874	14.3634978616966	-4.02363840236503	19.9458315309815	15.8515281643792	-4.36402657330994	20.1441765680091	15.7855473526573
SCARF2 SMAD3	-4.03241310131219	20.3865142568796	15.9651254827771	-2.8043544240551	19.2372322050088	14.5129930187969	-2.41055341328164	20.0837183204326	15.4585639641381	-3.85657421115916	20.1537569231819	15.5467375211653
SCARF2 SMOC1	0.425138717147702	13.1016820085163	9.38478590790494	0.101027223934853	14.7704918213845	9.70202191722826	0.191942695145625	14.5220393242071	10.339314243674	0.262958121782743	14.1018434958947	9.90456800601913
SCARF2 SMPDL3A	-1.79318032654349	19.3835982712746	15.6474010848055	-2.40443535593247	18.3494748467457	14.8337572741662	-1.47649772323769	19.1535269889934	15.4352019569058	-2.55880839709654	19.2506497042074	15.6046739566525
SCARF2 SNAP25	-4.14672349391146	20.3243269904204	16.0928637067209	-8.77532151418151	20.8218519005306	15.9347909646864	-10.1141863442242	20.8520274955216	16.9424014403419	-6.34589829022615	20.7557514127421	16.2317257944072
SCARF2 SNCA	-1.98217217005686	19.7898579052136	15.2029761734	-3.87265560908535	19.764872594146	15.1136177777567	-2.66608350790745	20.0778843095142	15.6014146179718	-3.19256584088178	20.0429934277048	15.527928423803
SCARF2 SNRPF	-1.13873269021405	18.9038957399251	14.6840110745794	-2.14364736520315	18.3902149291917	14.9080758340551	-1.97978865478176	18.9681272775131	15.4826554821912	-1.48888570505097	18.8010568271001	15.0610877064438
SCARF2 SNX4	-2.3037066573015	19.9846100201722	15.8517880788219	-3.02086396951005	19.9809026862578	15.0906739441223	-3.06995523918713	20.4814921088464	16.0354308698863	-3.74710962563772	20.2605737217611	15.9899785004851
SCARF2 SOD1	-0.981677796813742	18.700547599954	14.9932190582876	-0.0528055715143041	15.6421063413165	12.1913001212745	-0.597884337810997	18.1989293650255	14.3464011777007	-0.714742955051142	18.0226048492268	14.306832395986
SCARF2 SOD2	-0.87649238247053	17.514030904545	13.8831782243579	-0.118115880751658	15.7278330041772	11.5488129201367	-0.413558876531879	17.1728794268918	13.1653166107977	-0.839120433655016	17.4328689825129	13.4326598876989
SCARF2 SOD3	-0.629120414798127	17.7978726204416	13.926496509195	-1.14174997460503	18.0171791724699	13.3675156426645	-0.917625803124072	18.3376993588743	14.0681758395325	-1.18629187771144	18.2832018953105	14.1466957681313
SCARF2 SORCS2	-6.33185893375783	19.9965893934553	16.5179139933966	-3.97887007657461	19.3041715643332	14.6685764388028	-3.73371299835346	19.7463396822257	15.8374120176238	-5.37796445663836	19.7622766862345	15.7918080063634
SCARF2 SOST	0.430785470580775	13.998123620491	10.3046034868311	-0.652707951276263	17.7844644264712	12.8576623200521	-0.251674798134881	17.1715096012016	13.1617118432671	0.00375502515316017	16.1767431259827	12.0392382459385
SCARF2 SPARC	-3.35305223303532	20.2044909876015	15.9141951832996	-2.21151534519438	18.6272838389034	14.0753728838016	-4.151524702037	20.1449955134448	16.236330620933	-3.96439012879268	20.1922262059053	15.7672202860378
SCARF2 SPARCL1	-1.38621056157251	18.9462002054958	14.6621305250406	-5.19018723745432	19.6085855378716	15.4064107955183	-3.25247654598821	19.8041211414551	15.8637113600776	-3.68068248637995	19.6543930580126	15.428996094406
SCARF2 SPHK1	-2.46947250809593	20.0087857668486	16.0437880711208	-2.76535767547838	18.8920058805168	14.1739003200824	-2.798989728006	19.5808546823652	15.6098694092918	-3.05943260448039	19.9833610500617	15.6092811700991
SCARF2 SPHK2	-7.59311659962752	20.4594883700606	16.649929786224	-5.84091621594962	19.5297374981462	15.5304602034518	-5.55840671939547	20.0080186513799	16.2177458950257	-10.8944187272083	20.5757395626398	16.6729335936543
SCARF2 SPINT1	-1.82955242471874	18.1250768323922	14.9512749508834	-0.811798737632036	17.5313938382534	13.3564635752957	-1.09672651571907	18.2234823486879	14.4657712319843	-1.21494586062539	18.112407212359	14.5802547118085
SCARF2 SPINT2	-3.54022369633717	19.4872881678	15.1039180096592	-1.62829952755151	17.6938706755638	13.9825564646449	-3.8284669103569	19.4165083564624	15.7891577128998	-4.03624869871889	19.606858582404	15.5385426843844
SCARF2 SPOCK1	-3.26203407091683	20.2357643238434	16.0606657288361	-3.22334203594656	19.7239043556681	15.4109397837701	-5.94896921234902	20.7452616363904	16.5979359360704	-5.92311477653157	20.3766712714388	16.3767041502093
SCARF2 SPOCK2	-3.12005049600841	20.3038927659819	15.0239449117109	-3.43819577584838	19.7766039998818	14.7815029925165	-2.40167831797866	20.2668973067674	14.9405571247357	-3.38818822599758	20.4991662236369	15.2065929360197
SCARF2 SPON1	0.173795867690804	14.7480985776032	11.1833735966808	-0.512302602487463	17.2492370369458	12.5320075272497	-0.260479037930611	16.3427312832197	12.2636521674001	-0.28349853420502	16.3462773268895	12.2561804170074
SCARF2 SPP1	-1.22762124341835	18.5907228970003	14.0198338657047	-2.76049257564058	19.5877114106616	14.9379497945593	-2.23471002504977	19.7647016913072	15.5276320404346	-3.07697111355218	19.7513528066859	15.1951149497731
SCARF2 SPTAN1	-3.50589474044067	20.6060804205986	16.5028283744152	-2.73282698750094	19.5861406653778	15.4169101634709	-3.34169645396666	20.7015131996857	16.3377490362478	-4.18410974573137	20.6963491852677	16.5250980145936
SCARF2 SRC	-2.94667647217465	19.6783652683477	15.830455617378	-3.65737121297615	19.8503663017238	14.7674028611961	-2.44057799873909	20.0044908349053	15.578968480795	-4.2450842402854	20.1238099627926	15.8480078591567
SCARF2 SSRP1	-1.19628270978737	17.7522714835514	14.4471863710923	-3.66437563713314	18.7963997971154	15.1816225128874	-1.8583121552896	18.5826706042911	15.1225038979207	-3.32046612217265	19.0173788578125	15.4601049848919
SCARF2 SST	-0.000677688856416392	16.7843843740072	13.0948266650886	-2.3360862943253	18.7049286879518	14.7793280958956	-1.3699189085755	18.8081389150992	15.0470996207198	-1.00814357621263	18.2692328562817	14.4092294896744
SCARF2 STAB2	-4.75701411242177	19.8552414549393	16.2428482993637	-3.53055281079239	19.1848822875116	14.7484690517316	-4.23181304536975	20.0066013079189	16.0461509926171	-4.51140799669083	20.1139801308474	16.1028365021881
SCARF2 STAT1	-2.72212559533759	20.0007047751506	15.6089582400727	-1.0924650210461	17.3753800635839	12.7678779736662	-1.46949884984628	19.2087075916631	14.4806606735979	-2.03212442861375	19.0567760720457	14.5947144341158
SCARF2 STAT3	-4.90938469777255	20.7148173119722	16.5117865350895	-2.46346824301692	19.1227748923322	14.415407253706	-3.29148984185743	20.0902791959046	15.8932490182716	-4.13598544665423	20.3459576843667	15.8497123585025
SCARF2 STAT6	-4.81769618745542	20.2686602790434	16.3661746372682	-4.56741061399901	20.0539378911461	15.479114356635	-5.78859512875335	20.4507898729042	16.3882116899616	-6.64805509665877	20.5605166426756	16.3302231518228
SCARF2 STC1	-0.354890130391121	15.9019090327545	12.9085072638855	-1.84578097990635	19.2275764632817	14.5633234922182	-1.10001310660063	18.209580316682	14.1863541557674	-1.13426254298439	17.9223206622965	14.0469139228254
SCARF2 STIP1	-4.32988839996148	19.6714558975368	15.7332291004903	-3.59201544501392	19.676997938249	15.2462215603866	-4.50709805572877	20.2992209234765	16.0414906377689	-5.05508916250957	20.1663766367816	15.9948647284327
SCARF2 STK16	-6.73825544032297	20.2448998838836	16.2428906439095	-9.69173065337139	20.9182504056353	16.2467019489925	-8.08451509416022	20.7543499345489	16.5199154110237	-11.9986104263944	20.844997650172	16.6326445651695
SCARF2 STK17B	-5.98036812617824	20.5517923424047	16.6034948298508	-3.62775513080885	19.3399286650863	15.3184504045629	-4.47769198025325	19.8836925954817	16.2330882057955	-6.4607912209297	20.29320756564	16.2792582221772
SCARF2 STUB1	-3.38334295937422	19.4134535979555	15.750312636057	-4.48642684617085	20.1879453027313	15.7395771860424	-3.48460754583985	20.029840568967	15.7076664245886	-5.66447861309966	20.5039192009196	16.3231030454577
SCARF2 STX1A	-5.76412430967923	21.0004900105503	16.7978471512351	-6.13001744511748	19.853114631696	15.5791547743654	-5.7020175138382	20.4969809051864	16.4373841873248	-7.12568294771164	20.6402371005076	16.4717812573649
SCARF2 SUMO3	-5.42281343653145	20.7217752589568	16.3635747457629	-1.33760096245808	18.2163767073402	13.6070696054541	-2.25878063896695	19.8010210261112	15.4169705779821	-2.75191249708924	19.7862150310816	15.3484773374118
SCARF2 SYNCRIP	-8.49385081882085	20.3907043710451	16.7199522169501	-2.28126689909838	18.5312761082011	14.5367878791871	-3.94326275779305	19.6356565512792	16.0310520693024	-5.3120513884558	19.8897734429557	16.0982982700986
SCARF2 TACSTD2	-1.77664674903391	18.4321358056333	14.8754384993356	-3.12367724257731	19.9811616755512	15.8813139833373	-3.73172800492623	20.1142633614333	16.3730655053503	-3.30730543173666	19.6458615671457	15.8313867603407
SCARF2 TAGLN2	-5.60605473029393	20.5465510918004	16.5091207391783	-3.79614833306306	19.6724822876497	15.3748332375784	-4.93256439559776	20.5862729243543	16.3905365263648	-4.93779400546527	20.3558303956087	16.1904245612168
SCARF2 TBK1	-2.444924434253	19.8587244311251	15.7898171948642	-1.99851780801239	19.2932689624219	14.4285020349059	-2.63254717267703	19.6582963866312	15.5881384273527	-2.44581420224579	19.8068848732713	15.5744802166974
SCARF2 TBP	-4.73995206768543	19.9625579041162	16.4964808757515	-13.446711060898	20.9373122059216	16.3206999802312	-8.37184172019073	20.6327752603893	16.7240400619484	-8.15681830842606	20.5721329342755	16.6194937916473
SCARF2 TDGF1	-4.29056935272533	19.4111364542837	15.6408139457252	-3.34521088527116	20.1278575512275	15.4566666267511	-3.98518240205297	20.5046966303888	16.3486281163365	-4.93741994922503	20.0236282929998	16.011272426157
SCARF2 TEC	-3.42378432598298	19.5709294398555	15.4287150338562	-2.38897323726107	19.5097691724529	14.4983585864015	-2.77533225997958	20.0547446230928	15.6377759182718	-4.26934893288382	20.1219872482551	15.6562729999344
SCARF2 TEK	-3.09574515020273	19.3545190421702	14.740315180616	-2.8809813542513	20.880016382373	15.3883185074846	-2.13225801921314	20.4242246536245	15.1643740537291	-4.29921218965104	20.1815415374996	15.379687551664
SCARF2 TF	-1.3342457492997	18.6701537670339	14.4010154493922	-1.90146877490281	18.3055781089923	14.2968766096944	-1.52700192069326	18.6824672340626	14.7285439939808	-1.97667326374753	18.8880803770794	14.8729992992136
SCARF2 TFF1	-4.40550359695612	19.7458015261504	16.248395193193	-3.03530289171075	18.8664387381067	14.6306954479748	-3.03395520347396	19.1941282786449	15.4690074877904	-3.60173214195089	19.8108959016268	15.9279917950568
SCARF2 TFF2	-2.0434055206925	18.7063819628946	14.4331895087176	-3.7702167291939	19.3325440939391	14.4467245359108	-2.16006822323993	19.0581093736971	14.9809403033696	-2.99605164273966	19.3982705176498	14.8056721089617
SCARF2 TFF3	0.194468655766638	14.5843037530388	10.7281326596382	-0.722486068388376	17.5209431808027	13.1077591878267	-0.143159494356044	16.2057587147165	11.9071516590761	-0.214811249494764	16.2970753505966	12.0888228416081
SCARF2 TFPI	-3.52036873141619	20.3904392007172	15.9490156945564	-1.92578730621886	18.2924239810206	14.8918278841964	-3.45589772947932	19.7278648312177	15.9172623177392	-3.57552275138051	19.6320692195103	15.7652239234226
SCARF2 TG	-2.98842606184007	19.6014651783347	16.0488021405837	-5.76874026888971	20.2806109600216	15.4550863600242	-5.85194633116443	20.4695661550764	16.4266652901209	-6.81746071172236	20.5736947901637	16.4091515699046
SCARF2 TGFB1	-1.4924482373516	19.3444646590663	15.3285729275213	-1.07212307293665	18.5861806436147	14.2911456327355	-1.54379682029824	19.2325213073037	15.2853086826151	-1.8379336077307	19.4225103871533	15.4794194061785
SCARF2 TGFB2	-2.96063116535043	18.9764778745534	15.8320222691265	-7.835860575913	20.603512427558	16.0734034081611	-3.79621442062228	19.9053759459663	16.1918151839117	-6.08672111651606	20.052706149544	16.2783185668172
SCARF2 TGFB3	-1.76836234025254	18.5368137125121	15.1304515294712	-2.01318985409496	19.1228542161363	14.7350496083872	-1.82492990469691	19.1271555318991	15.3555016212447	-2.59204334568762	19.0643585923444	15.4038119173247
SCARF2 TGFBI	-2.26006667867415	19.2834574764167	15.3636598784352	-1.79121858393172	19.2239763274562	14.9270408981624	-1.92362418907155	19.4652488303703	15.392103491918	-2.68785793463802	19.5586547675748	15.5294099172865
SCARF2 TGFBR2	-2.16106321747902	18.6347528006027	15.2646253304933	-5.05424499077559	19.9005951131703	15.5207070176497	-4.20256790741476	20.0569865863198	15.9949543993779	-3.73228920971465	19.5534990534801	15.6780507104305
SCARF2 TGFBR3	-3.38087432341142	19.9003819363324	15.5077605897811	-8.49458836530073	20.3094170375771	15.94755810782	-4.86663839197543	20.5004498776274	16.1602887602925	-5.05983167339999	20.6497086807809	16.2772396632482
SCARF2 TGM3	-2.37863539490107	19.2191918249185	15.305933278729	-5.19558153005535	19.8723080717727	15.3523472402996	-4.18083005334534	19.9561282109113	15.847132106179	-4.33643021281065	19.9506934443348	15.6057274210747
SCARF2 THBS1	-2.86265648471758	19.2926241920341	15.9310569804734	-1.73691637452529	18.4915256745861	13.9356268376604	-2.78270035321638	19.5033395855491	15.9655987942501	-2.8048221209958	19.4345360304677	15.4582575275756
SCARF2 THBS2	-0.975196155705319	17.4958240015081	14.130082577123	-1.97081699856446	19.1251108431381	14.1662235791384	-1.50855482271164	18.6350648672456	14.6274775740997	-1.64094420231419	18.646582155279	14.5043589567561
SCARF2 THBS4	0.0515011420760609	15.0941671059742	11.6606004591708	-1.07986792876031	17.292135228212	13.015985530487	-0.286954246675958	16.5588654552296	12.5469766287596	-0.506591442466241	16.5851924691409	12.6374280848715
SCARF2 THPO	-2.81936638782448	19.4302848153566	16.146527909786	-4.84157365188511	19.0666568643992	14.8548866673057	-2.8102111723385	19.4962441614725	15.6831378483428	-4.77526578315972	19.8301829171213	16.1014979996665
SCARF2 TIE1	-10.6368701313743	20.518097401664	16.7968803632707	-2.28876167462697	19.3185154562549	14.0883483823655	-3.12618523266901	20.20535198559	15.9683696736264	-4.65570830190553	20.2632210340461	15.8370271140073
SCARF2 TIMP1	0.142371319603761	15.0536412904053	11.9004219320891	-0.395333301713241	17.6062476242901	11.6959018313911	-0.194978477613196	16.878691510338	12.1219589494076	-0.251770933789382	17.0034124603263	12.2177121554174
SCARF2 TIMP2	-0.781192584159151	17.5075810001582	13.7376196844907	-1.13674289306974	18.4408876942939	13.9196857978241	-0.986219828040033	18.2080855673402	14.0046847368835	-1.17335204823875	18.3035250857882	14.1661016650139
SCARF2 TIMP3	-4.6293577107425	20.0474414185417	16.6173972262091	-1.75955095809241	18.7951424458702	14.1723022685547	-3.83463841046271	20.0438404382015	16.0226758366746	-4.04603771394921	19.8188546957598	15.8805989237208
SCARF2 TK1	-4.74302029595955	20.1509371189179	16.2674879908683	-13.2125627197599	20.5240920864537	16.3789916065637	-9.12406986935778	20.6585983780154	16.7152571403906	-9.46015711481049	20.6044719654871	16.6193560062745
SCARF2 TKT	-3.91005552731415	19.7661317481404	15.5381664207605	-1.5757189170169	18.9443010867983	14.2951755895007	-3.45514187857331	20.1907851803343	15.6817510989331	-3.59506827489022	19.9153777301708	15.5709801609768
SCARF2 TLR2	-3.41630183729901	19.8413824489667	16.0455573470306	-5.43323982352991	20.1585972089047	15.1284347563569	-6.47144122622738	20.3689620423398	15.9988010739711	-5.4331946308943	20.3291213204032	15.937645656367
SCARF2 TLR4	-5.5536632659705	20.3708486583819	16.3882093821614	-3.70570477785951	19.6921736104282	14.9222936700851	-3.12708027989374	20.3505465960809	15.7899385540009	-6.62786093720923	20.3977423123092	16.0845760031548
SCARF2 TLR4.LY96	-4.57946338469714	20.28233265195	16.1707217265763	-2.32360541340489	20.1600607859008	14.5767777005959	-2.90028243618368	20.8294170170162	15.8213758368067	-3.98479665917482	20.523281619421	15.852009082666
SCARF2 TMPRSS15	-2.17865196349862	18.998831006306	15.8132609126744	-1.1623389175254	18.8404059231109	14.4091392952194	-2.01707933848866	19.7530128924814	15.6308830981064	-2.30648270330465	19.1469701110869	15.5418683156368
SCARF2 TNC	-5.517251519395	19.77125413575	15.7376336847147	-3.01238319227652	19.6937470887431	14.9885572982501	-5.09818852218471	20.1390063734633	16.2032153904174	-4.54989161855791	19.9550920340333	15.8032529327503
SCARF2 TNF	-0.165698659382625	15.9357703400626	12.7125775864859	-2.04037753712765	18.6707117608621	14.2779762847353	-1.03502453145668	17.9322663366834	13.9831347531226	-1.0637590082311	17.6923251981107	14.1044361765665
SCARF2 TNFAIP6	-0.330481517830082	17.0321264520855	13.3816918452011	-2.6115038545166	19.0199131991587	14.3386082742826	-1.82370688014162	19.2606784084497	15.0418094311861	-1.45137586617282	18.6615604822218	14.4524680051091
SCARF2 TNFRSF10A	-2.75636001705306	19.9105699629751	15.6799699991729	-8.12844930299102	19.9554741377601	15.762916659819	-3.54360215493918	19.9047221356398	15.9602938714157	-6.95328318638174	20.4418351587597	16.2627777668436
SCARF2 TNFRSF10B	-1.00766836430717	18.6071103070567	14.753567026099	-2.00482601258304	18.7797455487362	14.4449730991389	-1.71926449852579	19.2193239092768	15.3895279738484	-1.61733174616271	19.1788927736942	15.1203239572467
SCARF2 TNFRSF10D	-0.856603150720774	18.4177543761129	14.5822526967938	-1.93970307248135	18.6248941503341	14.5809613526637	-1.05110187481836	18.9607974935928	14.8616115909527	-1.26376362673972	18.6580190358104	14.9924563346321
SCARF2 TNFRSF11A	-0.775155283896598	18.0523562170662	14.7854431436942	-0.28348761804778	16.6468325180676	13.6417745869754	-0.605580236019221	18.0610862332455	14.6465073253975	-0.781375544810939	18.1742977483565	14.9199120370215
SCARF2 TNFRSF11B	-5.48103098466711	20.1964067198906	16.3886795523801	-6.58975487560684	20.8474485001864	15.9483511375106	-3.9137122047782	20.7119395755551	16.1282964746625	-6.86336469623672	20.8524452197855	16.4130832837628
SCARF2 TNFRSF12A	-1.80863840136217	19.6776395997099	15.2909366809839	-7.87955943812278	20.2896916758332	15.7222881157543	-3.21653798172744	20.4545103372799	16.1812802840366	-3.73011024060524	20.3163869847386	15.8217231716953
SCARF2 TNFRSF13B	-0.716498166177853	17.1722331874091	13.7557241735843	-2.26156211480004	18.4101613388672	14.5705515491648	-1.01054251875113	18.1942422542716	14.6426681257552	-1.55486560217376	18.1766402109743	14.5519071288974
SCARF2 TNFRSF13C	-1.8375862553345	19.1758264102385	14.6478503904594	-3.75987618204377	19.531761750099	14.5986652932345	-2.49386295420696	19.5090397361782	14.8410763533879	-3.37675370115172	19.7868157654438	15.0469143559255
SCARF2 TNFRSF14	-1.52027038540281	19.0830448602772	15.404638548701	-4.26683602034866	19.7825071145243	15.2775610109149	-3.83836601076519	19.6922946740781	15.9462010314274	-2.86578824602386	19.6666501206857	15.6547943055901
SCARF2 TNFRSF17	-1.52472545676016	19.061243927474	15.3511505886458	-5.1292627096559	20.1121444179069	15.1876918222048	-2.32320209176086	19.5991582237417	15.5823682961223	-2.58262286413266	19.7580730551615	15.4999541690841
SCARF2 TNFRSF18	-1.28607012346723	18.2599246967245	14.5490252296918	-5.76910639075723	19.9944157021592	15.1175971140071	-2.79064935557876	19.338996827909	15.3100417384187	-3.75209757583235	19.6003769687921	15.4890583633937
SCARF2 TNFRSF19	0.208629237952699	14.037300928597	10.7654765909729	-0.874830299505921	18.0035391176524	13.3101874064361	-0.168653145713286	16.2633861948671	11.9985439533494	-0.204743969285225	16.2991062446267	12.174233398814
SCARF2 TNFRSF1A	0.414070460063292	13.0509827587777	10.2440474816811	-0.10378313549254	15.0905670626554	10.8831933794428	0.148663786040178	14.5113899621617	10.7127277614932	0.189975210770932	14.3938446689505	10.7946323167249
SCARF2 TNFRSF1B	-0.0214890571200066	15.360087124153	11.4416358752348	-0.464360459125917	16.6213030116516	11.8795097902359	-0.217838931992571	16.11620079668	11.6557446559286	-0.197947815019991	16.1834570818719	11.9340923265177
SCARF2 TNFRSF21	-0.8087098347502	18.4740811108419	13.9198684870176	-5.52301593790381	20.2900880295948	15.621866815749	-2.0509499822487	19.592273375303	15.2950591530332	-2.1513118879214	19.7061520782646	15.0350707437272
SCARF2 TNFRSF4	0.00838517401101757	16.0937924347144	12.042168161413	-0.219400506926827	16.3176649628313	12.3766194640207	-0.0702253315975336	16.4004426727725	12.1926067135723	-0.0942083540160368	16.4524490455489	12.5770802452601
SCARF2 TNFRSF6B	-0.825261953852908	18.0305453122258	13.8565102061951	-6.23654988473245	19.9422767845247	16.0295894755451	-1.24208142146517	19.525436552918	15.1573481108486	-2.27079785554551	19.4201910357234	15.3977383203163
SCARF2 TNFRSF8	-2.50380929936713	20.9272059650435	15.3983635901715	-0.931000982169927	17.6808589011996	13.3772836752808	-1.51839140938153	19.5635538887429	14.55067995608	-1.6581995838302	19.4574972341517	14.6708037139936
SCARF2 TNFRSF9	-0.956355323639563	17.8793209605198	14.2603145562252	-0.690516173790522	17.9037246251544	13.2083508433872	-0.66598707601509	17.8472529961859	13.8311986612577	-0.953180774315101	18.1392934475235	13.9622469988912
SCARF2 TNFSF11	-7.81459389590185	20.226888384097	16.5842709832793	-6.15434516290893	20.1420938179292	15.6095025670669	-4.98589268217984	20.2516922989874	16.2946541535488	-8.49633714537339	20.7265845648772	16.5678266743137
SCARF2 TNFSF12	-2.55900894365282	19.2955816386732	15.2868535364212	-8.17198179070607	20.0978555690114	15.8677684213753	-4.96352741930481	19.9727885686095	16.1961718062725	-5.92041462775123	20.1455456220958	16.0417756364345
SCARF2 TNFSF13B	-3.20093256421506	19.9605767148783	15.707663132823	-7.68164712713604	20.0612732183727	15.6440128738338	-4.84508106129119	20.599695944409	16.479056665609	-5.85400371979445	20.3314629997233	16.0814703481956
SCARF2 TNFSF14	-2.52216765086912	19.6415998527192	16.0193807603762	-5.81078117647709	20.3441458413976	15.6652437137188	-5.18709796673083	20.1375150813314	16.3519916277169	-5.37563900658566	20.3171106667029	16.2878616451743
SCARF2 TNFSF15	-1.28288087741214	18.0983317324464	13.7745308368504	-2.63560264320362	19.5350276704226	14.9411000261124	-1.41625602979457	19.3286554782649	14.8063327568141	-2.26107483163326	19.4129301907122	14.8318357514419
SCARF2 TNFSF18	-3.11491040696191	20.0516176241924	15.3393500513148	-6.05987050855518	20.2819575138398	15.3493270014157	-3.73529213988967	20.2609918832671	15.8371021569706	-5.54048231487384	20.6745628616581	15.8475346068028
SCARF2 TNFSF4	-4.73460922398665	20.4210742001939	16.1087583893661	-6.21434959745055	19.78017842352	15.5909438696057	-5.29347971009549	20.4281487259212	16.2943705189	-7.55768724118508	20.6040838082664	16.3434322079967
SCARF2 TNFSF8	-1.98664125897959	19.7038225140688	15.3382337817614	-6.70104902048533	20.3450975829307	15.8571362558785	-2.63072057794333	20.3948166931244	16.0175008256428	-3.73860563432231	20.2671381752165	15.9214734797294
SCARF2 TNFSF9	-2.44930693414849	18.8125476436568	15.1678536811504	-4.59118154156991	19.2141355939793	14.5005160447045	-2.17616824054091	19.139019114629	15.1321254866393	-4.5453584716205	19.5029423997222	15.6212800483108
SCARF2 TNNI2	-1.99207247948091	19.0302952512821	14.4591185733745	-12.7136104965456	21.1321708068895	16.3732388021181	-4.17584032176479	20.7183381270278	16.0991100351894	-4.12864454115496	20.4672244136086	15.7412496152077
SCARF2 TNNI3	-0.265114038326111	16.07354187939	12.9798841801402	-3.58641573701075	19.1368980493039	15.1595177696264	-0.990088146928021	18.2844294191526	14.241903883573	-1.20740204277649	17.9914726261878	14.2208254144119
SCARF2 TNNT2	0.00413350851566707	16.1698641882544	11.5804149508854	-0.185778217121059	15.9160749798557	11.6463897411302	-0.260781314472317	16.816380926117	12.3059928792429	-0.162852461103891	16.2457282652925	11.8120891511223
SCARF2 TOP1	-2.05052704356843	18.879112632502	14.4780740096013	-4.33250433810352	19.5975319280441	15.0444397319315	-2.53205458486428	19.609696050421	15.1696640215452	-3.94016125453495	19.6294970862789	15.209140400644
SCARF2 TP53	-2.60944426235437	18.9315085563891	15.2357388060203	-7.10946416334008	20.4636559195479	15.674394131753	-9.35617486975434	20.5430903402576	16.6011475645254	-5.82762748441625	20.2518469842597	16.1575185081997
SCARF2 TPI1	-4.14026570637542	20.0405144929653	15.6203966023325	-1.71220888178375	18.8681458071069	14.3743362661571	-3.34788314725072	19.870448755943	15.7011388457556	-3.51286469646254	20.0334888328849	15.6490488373698
SCARF2 TPM1	-4.59492872931755	19.4823790432885	15.710004200646	-4.98792317246752	20.2663600760781	15.2762197799056	-4.3138500520704	19.9546256340491	15.7991178500093	-5.9203005257309	20.2004314126761	15.9389116909489
SCARF2 TPM2	-6.71261866971681	20.4990549934967	16.9421833505519	-10.0768285720949	20.9437971760762	16.1866763796935	-8.13942747478548	20.8390376533378	16.7254552949593	-9.31071948979562	21.0197626848357	16.855831139219
SCARF2 TPM4	-3.04439118608023	20.0112900336386	15.9527839205705	-4.37665115191777	20.2094668013719	15.5895827730587	-2.60648072953986	20.0967379601324	15.7901106071106	-4.11333976459041	20.3391517783508	16.1126107793329
SCARF2 TPO	-6.12357644464601	20.6714738427895	16.9588896115549	-5.22076937528235	19.560073021342	15.9054474131662	-4.79706717863068	20.1941561704349	16.60336328712	-7.59791058325536	20.4233503353429	16.7349027272686
SCARF2 TPSB2	-2.69109468098141	19.2117136674636	15.5554479422649	-6.11516161909763	20.6007788893379	15.7556784101394	-5.67390917133457	20.3422001346596	16.2387641534176	-6.25675805498947	20.1924910229298	16.0635320202154
SCARF2 TPSG1	-2.92746160740222	19.6732395231482	15.6998508959247	-8.22551133344574	20.6859176013898	15.4058149757475	-5.09548104513059	20.3454153792108	16.2118949590896	-5.13962907527944	20.4219920287343	15.9908791256154
SCARF2 TPT1	-5.38104545067992	20.6489859623524	16.4303605986314	-2.08430289047022	18.9306466007372	14.223886853694	-2.50449677670381	20.4195409221538	15.8465494827641	-4.37831519986634	20.2912416328781	15.8542835991276
SCARF2 TSLP	-3.35060793201187	19.9718303415455	16.3215886026396	-1.54255739153381	18.401925820372	13.9635182960472	-2.52942694482115	19.8112904527816	15.8380499560921	-2.24952272092981	19.4594180137275	15.4499876715992
SCARF2 TXNDC12	-3.35144625681705	20.0503799122137	15.8772794224201	-2.46444384542021	18.868536057907	14.6048826343925	-4.93698537817797	19.88924161095	15.8205199139669	-3.72103324745893	19.7631049261383	15.6285853249947
SCARF2 TYK2	-3.18115470404528	19.6713678160784	15.9034195638227	-3.1223791810035	19.3917237626884	14.5296825688613	-4.27440047008365	19.8671972646658	15.6636771071497	-5.08287480046439	19.9033151427854	15.7522476474527
SCARF2 TYMS	-2.60374910293506	20.1663285523578	15.4470207601911	-8.0135064320228	20.58221330219	15.9259819829877	-8.98370801393002	20.9965129401952	16.6857085019935	-6.17769297658498	20.575787303556	16.0870372149164
SCARF2 TYRO3	-2.53468713786889	19.1377606166838	15.7350237708555	-3.40298017372218	18.846154216577	14.7296841386029	-2.38765255027868	19.5440180339831	15.7103103738838	-4.20807150529666	19.6399945075114	15.8556474744321
SCARF2 UBB	-2.5790950004483	18.4907405151474	14.7711275138533	-9.36070702158022	20.7321904390057	16.3634423745459	-3.39995815666131	20.328380979061	15.7468705077668	-4.8629735082839	20.1411009291628	15.9008192877961
SCARF2 UBC	-1.68061838884544	18.6085409338603	14.4800894715087	-2.199445435545	18.9424263691219	13.2863542864045	-1.71189579818912	18.8185008365173	14.0352860425168	-2.10003793482304	19.1794294389526	14.3123729330199
SCARF2 UBE2G2	-2.11066971952351	18.7306534396034	15.3671228155368	-3.12409480312347	19.8061725208845	14.9466914646215	-3.00195254627416	19.5023481193456	15.6643848766851	-3.07869149349896	19.4620356674989	15.511680220865
SCARF2 UBE2I	-3.18541864992416	19.6338563567109	15.8812480611976	-1.60936499741893	18.5438307224953	14.1306766038403	-2.45006066480749	19.5158883927392	15.484487263556	-2.55683692047756	19.4674460528293	15.4406272848998
SCARF2 UBE2L3	-3.72038019450405	20.2325270490927	16.1360433007185	-1.64208974709153	18.4228677603086	14.3191030341706	-2.98336289047324	19.7707132556185	15.7762523160071	-3.35898049278343	19.8642795062376	15.762088969949
SCARF2 UBE2N	-2.63694472316752	19.1603374140443	15.1469623675457	-1.8810192201571	19.0345285992567	14.7648671250909	-3.09055247456949	20.0204356047742	15.7354323318108	-3.55206142096822	19.7403125860169	15.6613641947114
SCARF2 UCHL1	-5.21156965684363	20.2808522235047	16.5772684671853	-3.70508209198848	20.0536347158774	15.4213218773651	-4.6452442592063	20.4826996769961	16.3063799627454	-5.41850942847467	20.3184772351799	16.2200196157974
SCARF2 UFC1	-4.89800686346327	20.4861334790601	16.1946402867657	-2.76889404200922	19.8551451572148	14.4281858681329	-3.52094209972824	20.5735186640208	15.9095134915364	-4.72269408004198	20.5141732390733	15.7741618370585
SCARF2 UFM1	-3.03496866181401	19.116096951464	15.3092356686603	-3.49052067607012	19.9269888104977	14.9594321951492	-4.48568558938305	20.6823868687777	16.1605565021746	-4.57310196067211	20.2706671271157	15.7275697805608
SCARF2 ULBP1	-4.81659327038495	19.4044538368479	15.6890934525011	-6.15967797760533	20.8451716423209	16.4078886137299	-4.46804151892544	20.334704579241	16.2493578454235	-6.79528337888935	20.2752625000733	16.2470743925328
SCARF2 ULBP2	-4.62348603245758	20.2804573717528	16.2656447306514	-5.40676810246165	20.1409485566674	15.4054313428431	-4.88436744359951	20.462849763101	16.4057101733329	-7.41674268651258	20.6634641602259	16.560841832096
SCARF2 ULBP3	-2.27602403528851	19.7209144511302	15.8481399456335	-1.19972574971628	17.5801297027684	13.533084762027	-1.96270554167212	19.0302249455911	15.3334289064274	-2.22802483694929	19.0719194715899	15.1533536025767
SCARF2 UNC5C	-0.123544040141415	16.1108703128215	12.6539455052843	-0.716869855145097	16.9979953730203	12.2680976833741	-0.444612071752247	16.9532055886009	12.9179511041551	-0.296004778699426	16.7311213958425	12.6411452671348
SCARF2 UNC5D	-2.11422409306817	19.0588940315252	14.8632145767769	-12.8476048226382	20.7930042522206	16.3149495260848	-3.43429736410766	20.3352935732659	15.9693861653398	-4.5572320336374	20.2542633849917	15.8815782807772
SCARF2 USP25	-4.46507578087686	19.8583166410732	16.173673063079	-5.33425175140329	20.511385901881	15.6853614089668	-7.81188894144119	20.7391118985872	16.4426274734846	-6.1153224600522	20.3910186889768	16.2240522190131
SCARF2 VAV1	-3.32901469163379	19.9170735355658	16.0025284787362	-2.22469852004008	19.5745804315661	14.3797001789942	-2.97295431300373	19.870281132209	15.6867706050326	-3.51088578001534	20.0506005936105	15.6079769282252
SCARF2 VCAM1	-0.879819724833272	18.2475378269002	14.2512232817977	-1.30147381000046	18.3341251989944	13.7815377011973	-0.854624479485176	18.19114087841	14.0743837496275	-1.16917811984914	18.6542521208126	14.4785325924046
SCARF2 VEGFA	-0.442560727674605	16.5717558555509	13.435033416851	-0.508388880784841	16.1862846164998	12.3173989790057	-0.436178584417558	16.7595135215173	13.1300200777524	-0.651264524071982	16.8143366927941	13.3190465116
SCARF2 VEGFA.1	-7.31945291573103	20.0718966938135	16.3290117240872	-2.76388175739914	19.1426921719598	14.7856672507837	-3.70537136399834	19.6317316323354	15.6299778677926	-4.19372458903715	19.9800816150544	15.9248331232234
SCARF2 VEGFC	-1.08668353612206	18.7142034240856	14.6730212617156	-0.34736583282225	16.0007158243204	12.0293834996048	-0.854753018254239	17.950751126989	14.0876807431852	-0.83862515381191	17.9503267917185	13.7067348670477
SCARF2 VIP	-4.53304047164409	19.9182730849449	16.3310235732252	-1.91391526509072	18.928143204501	14.5568196512701	-2.87627935081095	19.8827824476855	15.7372384979081	-3.09040857793273	19.6405242187843	15.6939482235061
SCARF2 VTA1	-5.2450341144978	19.881577756772	16.0130275640479	-2.61008325548416	19.4451265993301	14.9511886530976	-4.4322577046584	20.1838829851219	16.0736741036994	-5.12185778909669	20.2941036671201	16.0094601461151
SCARF2 VTN	-2.0557861445485	18.9486732507168	14.1319502989016	-1.73718737265968	18.2994994289201	14.0854495248763	-1.39600160120034	18.5172319600529	14.1128358768506	-2.82269235951348	18.9258512423095	14.5354946742976
SCARF2 VWF	-2.67084285300879	19.8248011118209	14.5893149564662	-11.1716531864125	20.5836916086147	15.9634050892322	-4.59385164244395	20.5928798670783	16.0455264650572	-5.16399595503037	20.6595906352954	15.8274781283913
SCARF2 WFIKKN1	-1.83688552888505	18.792222522519	14.7260537294574	-1.893357031767	18.6669505651579	14.0907418878849	-1.56329437860806	19.2750797331512	14.6443127600336	-1.93092780075118	19.2801681633682	14.7266034581056
SCARF2 WFIKKN2	-4.6842241807131	20.4474090427014	15.8435467206035	-5.36305023621356	20.1821479467537	15.722618039262	-8.26377842924401	20.7179754664635	16.411600298315	-7.99175475730057	20.6245643115175	16.365170566272
SCARF2 WIF1	-2.8352569518589	19.030209901876	14.9060012488129	-12.3091250767632	20.6126823380407	16.102006580139	-5.61339831066627	20.3315710626195	16.1115711043323	-6.17864329859718	20.1573006683201	15.8995602773575
SCARF2 WISP1	-2.09271785542998	20.1255150144939	15.0951464583489	-2.41100482335018	18.8065462136642	14.4353727417359	-3.63946224166186	19.7432972441334	15.5363804125005	-2.98107188456642	19.8728564115658	15.462883416494
SCARF2 WISP3	-1.69332863908815	18.8324451591566	15.3025913960408	-3.04050083155919	19.1018101058012	14.8955153174247	-2.92982805178193	19.979213948857	15.957748899916	-3.09318433733607	19.5398979535956	15.7440574667441
SCARF2 WNK3	-4.85209042014925	19.7320258354179	16.3015806186679	-4.57376526308901	19.0727989167199	15.3336896397898	-4.8531700732583	19.7443741418785	16.2016035465578	-6.47441779356861	20.1528270487134	16.320438793692
SCARF2 WNT7A	-3.85550157159621	19.8227478311124	15.6754595208916	-5.52909370485936	20.2610330247057	15.5626009777471	-3.32659385163978	20.2298555883484	15.9613500527891	-5.48922614081505	20.4817577792548	16.0360003601804
SCARF2 XCL1	-1.37117743334597	18.5645943878016	14.6205761140528	-3.82629774815289	19.1174472018366	14.9206816293114	-2.3409911581252	19.4710415886526	15.5246455349092	-3.17452147596543	19.4405754504386	15.319451314972
SCARF2 XPNPEP1	-1.8781605615505	18.995790346445	14.7645531043062	-3.15761909874385	19.6918861764477	14.9812759260082	-2.62332269654947	19.6462329967632	15.0523604401885	-2.79163322429795	19.6883119632794	15.3641168128874
SCARF2 XRCC6	-3.56151093097119	19.9048976580363	15.8545054523482	-3.6547030590388	20.0933066505942	15.1187524347721	-5.4444890890021	20.5453956322859	16.3610514600965	-5.18052251386058	20.2848611662809	15.832037264121
SCARF2 YES1	-4.08724174317582	19.9700662305402	15.7736646105945	-0.494096042520323	16.1431934782228	12.3249270664744	-1.00695252487128	18.2185385373914	14.3216296715054	-1.49362845225812	18.4547617558467	14.3563666204489
SCARF2 YWHAB	-6.08535481724667	20.9151050057715	16.4476068010423	-2.88369681488438	19.3641905168856	14.7064950994657	-3.67680710422464	20.791379436309	16.1959003549482	-4.9964846214322	20.4419773466836	16.0403826872083
SCARF2 YWHAB.YWHAE.YWHAG.YWHAH.YWHAQ.YWHAZ.SFN	-4.72882612720539	20.7463865701319	16.2469879578175	-2.19767569216345	19.1676293847564	14.3908249462065	-2.39524941800022	20.1912850161482	15.7222102278153	-4.03909938612853	20.264865650923	15.7739724556384
SCARF2 YWHAE	-3.26725530197704	19.4476187960348	15.1915750323024	-2.1999805216987	18.4870667184377	14.1598263910862	-2.64327105984304	19.7315173878196	15.5443359940587	-3.62997055332873	19.4768053677609	15.3322111636624
SCARF2 YWHAQ	-4.41764822809175	19.8310592420429	16.0387040378028	-2.83351090118092	19.8786562771211	15.214112081763	-4.10866628191518	20.08542165235	16.2049688623985	-5.15549299197674	20.2031041271001	16.0413527326782
SCARF2 YWHAZ	-3.76538380250999	20.0622042991149	16.2165796754293	-3.76260345273272	20.4028560481704	15.4859589948014	-3.37790516985516	20.4340954392525	15.9397114137647	-4.69359009044513	20.4195573902539	16.2163675065762
SCARF2 ZAP70	-4.12672265245665	20.521051888726	16.6141159640256	-9.37738663136928	20.6743533780333	16.1740334869164	-5.28671425675191	20.7886060484028	16.5184978720759	-7.42641026619904	20.9007404397307	16.688568077529
SCARF2 ZNRF3	-4.0060050948183	20.1394681882293	16.6292627051623	-1.55212949420146	19.1314462581717	13.798981277476	-2.69606805145043	20.0452414203886	15.9258366899946	-3.03285060372055	19.6612520635119	15.5077974804075
