protein_name	r2_male	rmse_male	mae_male	r2_female	rmse_female	mae_female	r2_all	rmse_all	mae_all	r2_all_sex_adjust	rmse_all_sex_adjust	mae_all_sex_adjust
SHH SIGLEC1	-0.648199458242524	18.5438891509727	14.7938068328289	-1.79432489702803	19.1214669472091	15.0732606155143	-0.928636675217023	18.8394400337006	14.9138227148383	-1.49565300245505	18.7979725805563	15.1632081959691
SHH SIGLEC14	-0.846620715974228	18.5834333647317	14.7039397120626	-0.391424194848863	16.848220772176	13.4477929396917	-0.692779687236232	18.028036234631	14.4288483911277	-0.779829340622692	18.0368649672936	14.3329636928559
SHH SIGLEC6	-1.04967212892877	18.4422109164457	15.0727987662164	-1.78653420842233	18.3831348921923	14.6548372614881	-1.2424995155439	18.4085121430361	15.1191114991073	-1.65440789122352	18.7919687703653	15.2000367194175
SHH SIGLEC7	-1.53693612974589	18.3937063176764	14.7862405005976	-1.48868989089687	18.3122095061874	13.9072447585554	-1.11772864813613	18.6856575977083	14.7537874955822	-1.62058642942801	18.6042163288037	14.6803576490378
SHH SIGLEC9	-1.25154589341754	18.6793766080792	14.9587544996621	-1.78337548007465	18.8190762181866	14.6528536104113	-1.98360060717097	19.0986121648483	15.1490408602903	-1.928018638805	18.9384185261349	15.1630107080747
SHH SIRPA	-1.0984464876957	18.1381027638747	14.4712981229839	-1.07925534301747	18.2941971679273	14.1768258201239	-1.12996176780888	18.4041428994586	14.7798544397717	-0.987533714880701	18.3445516047572	14.4901263029293
SHH SIRT2	-0.718324472625135	16.9466806646273	13.5131055756957	-1.5195333453888	18.9599238337964	14.6007751498952	-1.15610591208028	18.4235341317565	14.7178482333645	-1.29955122573687	18.3257715526858	14.5657957205448
SHH SKP1	-0.600703813602162	16.8663100281993	14.0914736435166	-0.843124385432553	17.2055241036234	13.7251009507095	-0.877485681349011	17.3125534287103	14.1167630887346	-0.916226970254946	17.6078000676692	14.4235296736616
SHH SLAMF6	-0.860362856790007	18.0529377912601	14.0305941726161	-0.754192226529749	17.4829985330043	13.2041421100308	-0.808863883290521	17.6675272038554	13.9142232553946	-0.848309282026243	17.8139916519684	13.8837011692166
SHH SLAMF7	-0.703089770470734	17.5909625321949	13.8235230584642	-1.58423653256878	19.0157936344142	14.8835778450182	-1.07103024433903	18.7104307267031	14.6859265170086	-1.56272641983971	18.6303060211554	14.7801734986644
SHH SLC25A18	-0.482205333663864	17.5338543227336	13.7484353805185	-1.29435164416376	18.2341746779517	14.1691872523655	-0.764185180872127	18.1602456907562	14.3737800120766	-0.98357322580876	18.2247715344622	14.4501979552063
SHH SLITRK1	-1.12738921302073	18.1731504224344	15.1388771799307	-1.69569472286441	18.6184701813784	14.679715427514	-1.57730030859368	18.7625648694769	15.2744104936256	-1.54746588049625	18.6626881314981	15.2663834056615
SHH SLITRK5	-0.230092211797811	17.2272061752038	13.4421023639792	-1.2534519813539	18.6428415139464	14.1251016542328	-1.19644398480136	18.4209442032956	14.4122176198716	-0.800492275630282	18.1328120136356	14.1420218273705
SHH SLPI	0.14752310730627	15.2129131828801	11.3351962726995	-0.750492380887708	17.1428861828866	12.9359042087278	-0.29306939661768	16.6677517071554	12.6093781965026	-0.273503317677947	16.3927758021451	12.341238341731
SHH SMAD2	-1.35261206711297	18.6976386322433	14.5138013742577	-1.53370558183804	18.7981972273687	14.0729786931144	-1.37870233510755	18.9206339654588	14.8821883388664	-1.49623885447262	18.9457531253163	14.7418989833829
SHH SMAD3	-1.27356909778071	18.377029196338	14.5578020781696	-1.56870103324146	18.8223830446078	13.7607243444045	-1.72930362675669	18.8543484161183	14.5917876959521	-1.75529143069931	18.7712567875825	14.5499838039864
SHH SMOC1	0.346539388812099	13.689215989226	9.38923912728792	0.196275675615354	14.2399111664799	9.58351388558078	0.311287205159049	14.0494870382871	9.69125479484445	0.298327264839721	14.0191346246931	9.70027222347849
SHH SMPDL3A	-0.440992939329455	17.9810392655583	14.5159244138211	-1.77471174542942	18.4139713987912	14.7640570990759	-0.931166463868197	18.2959743244854	14.8031171611892	-1.0376523496125	18.430162074125	15.059433795023
SHH SNAP25	-0.748102738049811	18.335913081142	14.453790097097	-1.91791865558133	18.1375128619709	14.0339494164917	-1.2157164429703	18.1345468058464	14.4902005931626	-1.56551676341228	18.5289856602605	14.8391944715505
SHH SNCA	-0.871312783136035	17.375713664357	13.9344742601329	-1.63421868106128	19.1790882749721	14.5947072375625	-1.2982532102839	18.4722434404553	14.707721824595	-1.22085291980922	18.6111560286374	14.6478684489791
SHH SNRPF	-0.840142914755596	17.4561643873674	14.215835026817	-0.73091072948384	18.0382193704981	13.8455328363165	-1.01748495039507	18.3148659626109	14.9952055135463	-1.00605324313056	18.126029796835	14.5570537425177
SHH SNX4	-1.36403847374082	18.640908874328	14.8389879229138	-2.22611271472428	19.1599722077629	14.8811385272244	-1.77192600255983	19.281410183752	15.2426714118566	-2.03472226561322	19.1718930220414	15.2798946936384
SHH SOD1	-0.791520574640728	17.8483482831977	14.29927736347	-0.470845968030412	17.3790907864094	13.4492224747782	-0.610393753053631	17.9496692204552	14.2880893179574	-0.757645720704259	18.0161392573135	14.3956876094143
SHH SOD2	-0.484438439877475	17.2509598851623	13.268130817338	-0.250714232871983	16.2042933306095	12.1554547831269	-0.358029959509577	17.4926912980875	13.2893357592561	-0.440154481914725	17.1044100080572	13.0497289534897
SHH SOD3	-0.234502285977309	16.9909512208499	13.4065160311725	-1.0329513389724	17.6189928191203	13.1293789069332	-0.445944092073495	17.3805350933885	13.7403599839614	-0.609321580014838	17.435051206559	13.5469920189636
SHH SORCS2	-0.479713824003663	17.5233680658702	14.0703227421644	-1.51226086615062	18.1086766570922	13.6632621006425	-1.0159169653036	18.3389219483743	14.3594989225632	-1.12984834617984	18.1617546543503	14.2666171419988
SHH SOST	0.565918385273883	12.6404902629961	9.92270566701414	0.177119372838608	14.7007752769837	11.567341709817	0.316830692493017	15.3492170641116	11.6758120485057	0.393125045583703	14.2680689682129	11.1666772877183
SHH SPARC	-0.512503549864184	18.0563944712599	13.7887776303362	-1.36415037242748	18.339751577836	14.0583496758172	-1.21411069578722	18.4713246796773	14.8394296382612	-1.08927082415189	18.4483790114501	14.3636920319719
SHH SPARCL1	-0.411757424105448	17.7424558220123	13.9967344063833	-1.86461507638528	17.9402301801833	14.2186475532832	-1.12464414651297	18.1118436494827	14.6108005275331	-0.857539383529266	18.1213199926462	14.5711219306837
SHH SPHK1	-1.39204799180953	18.8590946662052	14.5431319434243	-1.6127724893519	18.7426322817684	14.1532201480045	-1.35657585692289	19.1478854762419	14.8234350063943	-1.66947197181343	18.9068724509151	14.7763237039028
SHH SPHK2	-1.87743340394812	18.8180816542673	15.2533098638199	-1.59515582588963	18.7620029962807	14.7628467749876	-1.17965364867721	19.3431773033561	15.3218710140697	-1.67917270105474	19.1865585999054	15.4190724776323
SHH SPINT1	-0.110434100474715	17.4273513990574	13.3186875853505	-0.505393494064083	17.0133043922765	13.8955371557164	-0.29655457180813	17.2170435751428	13.9152988333301	-0.337940923024487	17.4346058594935	13.9626367732414
SHH SPINT2	-0.63672630495917	18.2653252626895	14.3433548583703	-0.972573786864326	17.9637406379434	14.3559193713082	-0.937183805555417	18.5926979337331	14.9686845706922	-0.979009190687715	18.5709344004438	14.8402774072892
SHH SPOCK1	-0.889729198395426	17.8693852407264	14.5390851393884	-1.42758834354746	19.1664470404001	14.7379321042082	-1.04231259218802	18.8091813461194	14.8529417937187	-1.140545553542	18.7271140482392	14.9235535148117
SHH SPOCK2	-1.22972280808048	18.4793260863924	14.0397316437516	-0.932870901498107	17.1835100536452	12.7368198382961	-1.04565971243861	17.9590728379588	13.6729167262823	-1.30327510360923	18.267818968723	13.7327010377829
SHH SPON1	0.251302412966437	14.4740992979607	10.9232056369187	0.0819842035037103	15.1660206754521	11.7699856698809	0.00872752304042235	15.5631004627191	11.8724366564756	0.148836528748504	15.0734850213067	11.6418214668011
SHH SPP1	0.0648237624917157	15.0613600264942	11.0060927211127	-0.631935066187097	16.8890604354673	12.1075075926831	-0.274713078470557	16.3879927053587	12.0827844422912	-0.41329509395234	16.7380930949096	12.1965901508415
SHH SPTAN1	-0.871054410277804	18.9032384502704	14.6493293818559	-1.38194802883607	19.0031862528769	14.6557775150515	-1.19097637887267	19.270292420685	15.0406675100989	-1.06365515248031	19.0925007458998	14.8220475083074
SHH SRC	-1.16778065135062	18.5271876662751	14.6587632629829	-1.69360354392088	18.659293707864	14.2349457537763	-1.28601867599004	19.1258306872115	14.9610293219858	-1.36686300699672	18.7836373498253	14.7899621562115
SHH SSRP1	-0.285523180571433	16.8566734553437	13.513522177043	-1.21143442452925	18.684201920504	14.712605753361	-0.538146333703726	18.1555948906164	14.4034858934999	-0.764582545513879	18.1271085044373	14.6939815467706
SHH SST	0.122238272916182	16.0351260879352	13.1285348072133	-1.30632418145668	18.4670362499447	14.9449118023993	-0.527857874632688	17.8184931052637	14.4962030199018	-0.506468896438346	17.599865378781	14.3346386581818
SHH STAB2	-0.922591233269243	18.7869452806488	14.9932582982163	-1.16284436557552	18.2721403189478	14.1787422085935	-1.01064427673255	18.6661011158213	14.9709205053777	-1.1688605126541	18.8175921325182	15.0945219083807
SHH STAT1	-1.22660252139951	17.8734768584668	14.2915549977954	-0.859998700065418	17.549559017518	12.8238116765885	-1.1604443059362	17.9387901628968	13.9503030745327	-1.32857702217258	18.0245021561402	13.9938772449721
SHH STAT3	-1.48085508834916	18.4628443801796	14.7179105763469	-2.11240006450009	18.930074268302	14.2936091770009	-1.8127657381834	19.0411575978469	14.8445522488018	-1.94469054892113	18.9688624523623	14.8214277604685
SHH STAT6	-0.988536332319347	18.5844601907157	14.8670576094038	-1.71503955739592	18.6910173000245	14.6101535361247	-1.26135586315125	18.7246691583511	14.9710035136254	-1.35092383525686	18.8561568920535	15.0706912516106
SHH STC1	-0.107270338582463	15.2297991586284	11.9534444875426	-1.25955088531089	18.4407206308338	13.5437645724398	-0.590680826376022	17.4865112600231	13.4724728624233	-0.647716131757801	17.1807582196464	13.2839359049548
SHH STIP1	-1.44400965785844	18.370490088849	14.4568505351435	-1.75150647115469	18.8334168791848	14.213262996255	-1.43026423306797	18.8011237038475	14.6234217988402	-1.65838941325223	18.7492901969586	14.7503686120409
SHH STK16	-1.52795255924476	18.6539662991967	15.3553544856468	-1.21326703925865	18.7580626109154	14.3962277646303	-1.04923440907365	19.0600244387029	14.9396361840187	-1.41300490641651	19.0891872899341	15.1950191489479
SHH STK17B	-1.23085188969797	18.8187810753886	15.4737934870881	-1.51932149064801	18.6073610845881	14.2651851292624	-1.22669128633645	18.7176637694557	15.0958015081248	-1.58484662249668	18.9433676943449	15.1964367775879
SHH STUB1	-0.735526233019828	18.1052371849077	14.3323942381263	-2.70367501527186	19.019824929731	14.8339507748989	-1.53988092514845	18.6802585387813	14.8049114945765	-1.58849044532333	18.968012887764	15.0337970990064
SHH STX1A	-1.54853805271571	18.3850215138744	14.7947291442784	-0.967939438963624	17.5966105751416	13.4568028509165	-1.04517111585038	18.1343973522371	14.2677384695205	-1.12095074853504	18.4160291773086	14.3987007087079
SHH SUMO3	-2.82473416839513	18.6650910127607	15.2314373038496	-1.16118670121198	18.1064097464449	13.908613471811	-1.95394683280425	18.7720628410739	14.9914974503903	-1.5092830070569	18.6326887879857	15.0138681592353
SHH SYNCRIP	-0.916088744083826	18.4597775111503	14.4635112778546	-1.0452029886956	18.3037227082934	13.8502138587513	-0.772529970715912	18.2591696002054	14.3870123183021	-1.11079725726841	18.4225179248575	14.3166940358576
SHH TACSTD2	-1.31631801562756	18.4950956559235	14.9504560655984	-1.59962170206935	19.0154760901506	15.0652966999892	-1.20708831416126	18.5061184798743	14.9367045449373	-1.72935573806315	19.1550628609799	15.4195143957896
SHH TAGLN2	-0.902239419941854	18.4495106306384	14.8307967349555	-2.30365354455925	18.9099167787228	14.7045662493129	-1.28885239973767	19.0362540559573	15.0367656200436	-1.48926800547697	19.0066053256056	15.1173963903107
SHH TBK1	-0.871100434743997	18.3327437673793	14.8964091855341	-1.03208263394758	18.5303503647432	14.3773849799919	-0.863404592796143	18.2888568483627	14.6704150384932	-1.02368409606882	18.6469324507694	14.9447577816442
SHH TBP	-1.75584222648009	18.4908638336078	15.5840468775153	-0.856121764070914	17.6871935260129	13.7872236432866	-1.35544045500451	18.7576378763026	15.0344209673491	-1.40608132430309	18.6011966923584	15.0678679145363
SHH TDGF1	-1.92101692930178	18.2242073279164	15.0670848223472	-1.21103483853076	18.7059100286374	14.4929409076012	-0.960760198823041	18.8431234718677	15.1827590416543	-1.29164824920028	18.6698506555286	15.229229448284
SHH TEC	-1.30281685790764	18.4713056858216	14.5076504064135	-2.05656852039024	18.7899170947406	14.4232881566866	-1.69043126358164	18.9747791764015	14.9662727753667	-1.8712300457509	18.9557082881384	15.0328208917811
SHH TEK	-0.9207741305618	18.4469774992355	14.3024298273194	-1.20951363039981	18.8734269047479	14.2564436025761	-1.06527801597122	18.7237568224712	14.5297818110388	-1.08157459348988	18.9508842109001	14.5286197991768
SHH TF	-0.793373078577789	17.3440527522917	13.5730841533189	-1.50511678854648	17.8473095904711	13.7285174269683	-1.01633088328462	17.9177835383511	14.3810792147284	-1.08391803855126	17.8684295199784	14.1969702501918
SHH TFF1	-1.88859812357203	18.4920015624796	14.9256703918121	-0.37383955249694	16.9059021801309	12.3821422458126	-0.798375909933669	18.1893375291254	14.2923926902925	-0.943884471986068	18.1101350055557	14.1746367282743
SHH TFF2	-0.570161640863892	17.3837279949075	13.5965024200623	-0.484421107864188	16.5024895814168	12.4279008180917	-0.648353616132473	17.423943262468	13.852882329694	-0.542575191437919	17.1898744764729	13.5593636927407
SHH TFF3	0.316860028793291	14.1941812239107	9.82568448410794	0.00850333116673785	15.4829985740387	11.6119688856946	0.153949437276624	15.0748309880298	10.9632618687983	0.168102932111094	14.9806015180171	10.9677930334831
SHH TFPI	-1.09749197879127	18.4958070039832	14.7569547116612	-0.401838500198951	16.5905486148101	13.4515683815715	-0.665497187452652	18.4196907696496	14.536929585729	-0.784862778504228	17.8884723627275	14.5983774513777
SHH TG	-1.11113085695973	18.2947151554891	14.8402413890843	-1.68908055760268	18.6244499013687	14.6833294483321	-1.50510225837407	18.5563026499729	14.8379038934825	-1.45553627152358	18.5716889703744	14.9292586345781
SHH TGFB1	-0.916943593630494	18.2476687976168	14.9997627126302	-1.44188103318516	18.3320093534494	14.3994567959578	-1.09148747591039	18.4404138230271	15.0628967656092	-1.45804933307389	18.5115890513139	15.097682512256
SHH TGFB2	-1.4073788261124	18.7820135884759	15.2803051421432	-2.39277760220297	18.9856004980506	15.1217413456838	-1.62907422432576	18.9728921366393	15.2200795644628	-1.99372068389563	19.0003891571838	15.4319404206691
SHH TGFB3	-0.340752232001837	17.3725232708263	13.8515244990653	-0.497002201446439	17.2682299105385	13.4804994684881	-0.321227927218864	17.7437450093344	14.0780188345004	-0.535304233135029	17.6374103162953	14.1499069927023
SHH TGFBI	-1.88902192275916	18.4316932656841	15.1999637911304	-1.66365454406828	19.2191248375043	14.9889540213634	-1.57215118133186	18.9526328827032	15.2076933617765	-1.58320829848145	19.0260888703242	15.3901811160721
SHH TGFBR2	-0.23667548215091	17.9878342434461	13.8672197843205	-1.02571641042469	18.0017359279174	13.6400888683728	-1.29396355538622	18.4890623350524	14.9585443954488	-0.785135948660939	18.2195565192386	14.2867850836938
SHH TGFBR3	-0.721402328227504	17.6827358438819	14.1030519891673	-0.824481027987416	18.2773954554716	13.6407182093426	-0.762957732009721	18.2816070182801	14.1818228326337	-0.922375704195858	18.3316308595421	14.2693998609003
SHH TGM3	-0.642681942592894	17.7073053965802	13.431340046884	-1.66647144302506	18.3728492374746	14.3441526708167	-1.29295670576558	18.6283928094146	14.7690610279282	-1.13229435489157	18.2633558837734	14.2308484315871
SHH THBS1	-0.558080520663051	18.1235138128813	14.4742265281633	-1.1299916093828	18.2524175613892	13.8744280436913	-0.747688426680218	17.9511217251489	14.6830206104386	-0.868844885911588	18.3574889946377	14.5007690036474
SHH THBS2	-0.355532608741065	16.5407689945338	12.8021430474743	-0.925927717551623	17.173264861497	12.7487983756683	-0.611024398138674	17.3545903089479	13.4597772104765	-0.626694305254955	17.262586515014	13.3045179316449
SHH THBS4	0.112069533648476	14.5760344685172	11.2404885947007	-0.904808923305948	17.0415306938636	12.8449827924139	-0.422918424762923	16.2214336078361	12.4298001792616	-0.409876325621284	16.2587610326737	12.4883049654314
SHH THPO	-1.39677280404324	18.7167272030068	15.0638509386379	-2.25301802454583	18.4005299496818	13.786416291093	-1.69242460579512	18.7044720012955	14.9421625508964	-2.18464874342451	18.8719284848328	15.0733454190381
SHH TIE1	-1.40120095549911	18.6799671635564	15.1343076008158	-0.988738051685129	18.1019447102061	13.4745561267695	-0.933885748405872	18.8769173397837	14.9063674209824	-1.35849981295403	18.6303029888597	14.6802845905197
SHH TIMP1	0.222644682179061	15.1068286618088	11.6668017619141	-0.563775904812636	17.71267146008	12.372375437433	-0.132610855278514	16.3011539156215	12.2604936532842	-0.152260974714973	16.6734648970006	12.3308314643207
SHH TIMP2	-0.222733947922653	16.0443020579319	13.046138535277	-1.35947566864809	18.3399628879712	13.9974265070452	-0.646394473831636	17.4913948597203	13.5969617769188	-0.807747939946087	17.5049763242515	13.7749347365819
SHH TIMP3	-1.32318455117326	18.188787185117	15.2360419644237	-0.93616158994349	17.6568321207685	14.0685126969561	-1.0379292241561	18.249901917118	15.1140596685042	-1.28162798563612	18.3260558880977	15.0177123067906
SHH TK1	-2.20882789948146	18.8181417995553	15.4733563525022	-1.1091480029526	18.0359633555697	13.867186491541	-1.17694553816261	18.9096642817836	15.1371594518681	-1.80037770071937	18.9054117403091	15.1282514721691
SHH TKT	-1.27449619222193	18.2316626860489	14.1315114002652	-1.65143738919449	18.8941624685514	14.7329052832538	-1.64331323051851	19.0286475899599	14.8940102654997	-1.64814495239502	18.9018124320062	14.8479631778772
SHH TLR2	-0.41083936314634	17.5538611253903	13.9129775885036	-1.26740670802255	18.7172120348631	14.7812969779896	-0.657095720378658	18.5363197466281	14.5678565433278	-0.898749447445355	18.4455625629026	14.845990255306
SHH TLR4	-0.909264470126036	18.9212358533064	15.4228474303038	-1.66711792747561	18.4142953623562	14.1953198771638	-1.4483866850396	18.6534980635626	15.1772040772333	-1.35251812031946	18.8244491821082	15.1644120799598
SHH TLR4.LY96	-1.49140368261941	18.6344428543389	15.0448622237125	-1.23016835076499	18.3506923395236	13.9541976996916	-1.461031619022	18.9054987040046	14.8822489898482	-1.44272320938743	18.7468641923824	14.8744885954583
SHH TMPRSS15	-1.21740373148658	18.3495926356601	15.2430697979236	-0.678637791119848	17.2610916747013	13.1287705194992	-0.643548302763388	18.4071633838922	14.472167336108	-1.12410351446181	18.2322004535698	14.6564038351283
SHH TNC	-1.40996722790801	18.3300906227854	14.3764748332664	-1.90763942740016	18.7055716345633	14.1308595397493	-1.17942316989137	18.3931383432431	14.8549507373887	-1.37399773051664	18.5562257907828	14.6339757344552
SHH TNF	0.0335933901321004	15.6788753833998	12.2230521173538	-1.09005748316993	17.7746696613264	13.9390720500299	-0.4199450964331	17.4009547837999	13.8670950675609	-0.449061489785175	17.0428761038226	13.5423732618249
SHH TNFAIP6	-0.230197808635061	17.1319954986007	13.0313698825123	-0.422269934576569	17.3117288578902	13.558079180372	-1.18392415637177	18.6165495293249	14.529926199564	-0.575109797878959	17.38775475257	13.6971176113463
SHH TNFRSF10A	-0.940220215761948	17.9839399788526	14.5869028483197	-1.74501330996765	18.9457997749214	14.657789679166	-1.61063816827194	18.6659154747647	15.038473254966	-1.46638404242536	18.8182809895473	15.1474028673641
SHH TNFRSF10B	-0.514948118245094	18.24611685378	14.4430864277217	-1.05185265388292	18.4573680511587	14.5719403468817	-0.801327319506711	18.3973741324057	14.9651041550701	-0.828674450100765	18.4278368764596	14.8594839577402
SHH TNFRSF10D	-0.350014995307399	17.1286233709878	13.2042879033015	-0.611357731206296	17.7790430337228	14.5330114280413	-0.593967971237422	17.9966180942599	14.5143133975265	-0.501393412558147	17.7234830605111	14.2755227336347
SHH TNFRSF11A	-0.796593130520149	18.2269257771558	14.6216382037943	-0.726663857057265	18.3252925873641	14.2583012793935	-0.458089704406525	18.4025477834407	14.4593938759715	-0.927599379217952	18.4433108258839	14.8357392475436
SHH TNFRSF11B	-0.845222332836403	18.6992026756069	14.9640841821594	-1.32094540564057	18.9250741076843	14.7594081226903	-1.0525533099503	19.1858350964528	15.2109739079752	-0.976659529105055	19.1100238157884	15.2582078848497
SHH TNFRSF12A	-0.410279772767782	17.4805051478365	13.8853253313695	-1.70790274742641	18.7835266067455	13.9123441714729	-0.898315176474857	18.2574050914458	14.0679080789945	-1.29066060355269	18.2129090953313	14.2126324979409
SHH TNFRSF13B	-0.348845272821158	17.3709897119398	13.9360313131617	-0.446361069255149	17.1863013938378	13.1238347052873	-0.400594604463093	17.4762186861533	14.0125304189637	-0.403709118808057	17.5191850294477	13.8457299311758
SHH TNFRSF13C	-1.13723684626761	17.8798370942387	13.9476233815208	-1.14001621933296	18.6949182075081	14.0668735428238	-1.25526846233321	18.3149377961511	14.2609550708715	-1.16484147276199	18.530800912781	14.186956238614
SHH TNFRSF14	-1.08047347235527	18.1628724868161	14.4105897469222	-0.767194552182284	18.6756076762713	14.4490799184741	-1.1779395666617	18.634550914548	15.0680734847657	-1.12129783957768	18.5588075875717	14.7406517826533
SHH TNFRSF17	-0.993627599767791	17.961723545917	14.1143377398877	-1.19767700114173	18.6179327758654	14.1206450201645	-1.0126426241393	18.2806664733456	14.5831806025964	-1.03787303805994	18.3694210727411	14.3125743131013
SHH TNFRSF18	-0.753751996048114	17.4660717777638	14.0796003789684	-1.42569124231591	19.0802546261379	14.8305850852575	-0.835070981346912	18.8292316069564	14.8024081380749	-1.05059156094715	18.6779923432227	14.8758340713246
SHH TNFRSF19	0.299989987621738	14.0667809114569	10.3753481746117	-0.327707205797092	16.0820278699202	11.7845332590433	0.0365005688002265	15.5375241386258	11.4899080026885	0.0460834776607997	15.2573003971462	11.3931598457258
SHH TNFRSF1A	0.44756467793339	13.111668423804	9.69492776596864	-0.013375227375052	15.0071895212834	9.99986513963761	0.176496589523367	14.535817455078	10.2626657146609	0.196289326120128	14.2911062448921	10.2655700595452
SHH TNFRSF1B	0.0437184869939942	15.2183643297817	11.28366961232	-0.0476715266314487	15.3939463100653	10.8150077668711	-0.0882098603183941	15.8134163155878	11.5241439075449	-0.0101296775983042	15.5094367074415	11.3034453792213
SHH TNFRSF21	-0.39824936721999	16.8067373350781	13.1209963182583	-1.31564637207095	18.5036591017331	14.4125207985743	-1.18936019440784	18.0944947834532	14.3230517837537	-0.874126727960551	18.1008458960873	14.2155538224766
SHH TNFRSF4	0.136845871853483	15.4779777122507	11.3906733444206	0.00891691291464025	15.5592897061926	12.1841732571118	0.111899583327214	16.0380221797743	12.0937570344237	0.0582922367628592	15.749299584072	12.1297026119998
SHH TNFRSF6B	-0.393167322130553	16.8397108759396	13.17752050025	-1.99595030502801	19.2065363660593	14.833143585015	-0.919379689249189	18.4632295771111	14.782337623673	-1.11168192754951	18.2797213010866	14.3641359255054
SHH TNFRSF8	-1.24343480119939	18.0974017588082	13.6716817421929	-0.0868817156303598	16.1853641517643	12.013855221917	-0.619561274339575	17.859170786265	13.5306910162633	-0.595106135090131	17.5056803054475	13.1363818699693
SHH TNFRSF9	-0.473944209072596	16.8579673520957	13.1396839357655	-0.0756100395067776	16.0141900638406	11.8775753119512	-0.273974691470487	16.5666574242634	12.67527971594	-0.318796563071257	16.7517516862669	12.8314261941455
SHH TNFSF11	-0.934607465775963	18.1346359542617	14.6306884071826	-1.63957774009035	18.3956688133442	13.898493527107	-1.08161120408737	18.3673171582156	14.4122043108769	-1.43290834081634	18.6662438758464	14.7609528702346
SHH TNFSF12	-0.95925008041814	18.5193280376526	14.3432207748794	-0.670695549434548	18.0041737459895	13.4828538815915	-0.626828569017803	18.5982435656229	14.2437525918518	-0.928082203620537	18.394810092901	14.3784571016284
SHH TNFSF13B	-1.49640008948666	18.6123127594835	14.668714442287	-1.46488204065505	18.7903199703083	14.4461186030751	-1.87962811039487	19.0989444829781	15.0729102483203	-1.74131402436741	18.8015732120936	14.8312434877598
SHH TNFSF14	-1.04393015537785	17.8605713145019	14.9219679620321	-1.68053036847032	18.718275991416	14.714510321739	-1.59093111277159	18.972096180104	15.3763159901691	-1.43615263959953	18.7794397001772	15.2834150041109
SHH TNFSF15	-0.144747544070395	15.5354810649392	11.5797120017763	-0.368039706385075	17.6883293914439	12.5721030033915	-0.290929104082443	17.0990741536304	12.6353165474941	-0.279519305060163	17.056133062	12.4894886279517
SHH TNFSF18	-1.31337596287199	18.7870261767641	14.3912417902562	-1.51085131552844	18.8138297162528	14.2304747778897	-1.25071882818864	18.8894534762708	14.8890192429621	-1.48591390633922	19.1387225665808	14.8540011741636
SHH TNFSF4	-1.18006091732016	18.4518846760897	15.1758301561768	-0.833056485368101	17.9093470727163	13.890157464235	-1.03735259709096	18.299063805938	14.8152239123431	-1.4376847640817	18.6735907333473	15.069376970171
SHH TNFSF8	-0.675214808457796	17.1589586415633	13.3383372306622	-1.27517015577931	18.110388377226	13.9979648407349	-1.00603813664907	18.0352090815427	13.9692846201878	-1.17668606639609	18.0003619732715	14.0362173850879
SHH TNFSF9	-0.940355847046977	18.2187839317732	14.7662653019242	-1.55239525321378	18.1936834543006	13.8045022669274	-1.04724219595653	18.2842956693427	14.5688481939613	-1.22728317145534	18.5125885302373	14.8446837316452
SHH TNNI2	-0.817563993251208	18.0325501954554	13.9426638494154	-1.98516671013859	18.7268482840735	14.5774259962838	-1.30219111427083	18.7284291968428	14.7050473331133	-1.396825542693	18.7275713790652	14.718439559417
SHH TNNI3	-0.515251337560982	17.3097415563141	13.6846095067207	-1.58537635345019	18.3275886888944	14.4702001232659	-1.04338185821456	17.9678968558913	14.2517992045641	-0.959555108117969	17.9170147935691	14.2775154481208
SHH TNNT2	-0.0411500638281419	15.9678394472185	11.4172000973237	0.0119278660780723	14.6461894866419	10.6949513251427	-0.124275710898753	15.6403103778429	11.5972779298609	-0.0217066276316384	15.4821644690466	11.343871531508
SHH TOP1	-1.34650294771865	17.6198224372406	13.9852066047645	-1.0653961042186	17.4463630142118	13.068743921782	-1.16230180617697	18.11479800551	14.4069936645369	-1.39928761553457	17.8411274582576	14.002581646161
SHH TP53	-1.11704802704192	19.1014519277559	15.2414607392034	-1.52319929785735	18.5127949075504	13.7706794645301	-1.52211669870821	19.4121433286281	15.3056916305343	-1.35349024360907	18.8884837644263	14.79585204395
SHH TPI1	-1.29310244729934	18.269321286692	14.0059255963061	-1.54752783438434	18.7250075579109	14.5508098404276	-1.40163338120411	18.7189586396054	14.6062478523735	-1.62177971800665	18.840691637705	14.7779393239372
SHH TPM1	-1.4553212544164	18.4482003076019	14.988123343929	-1.18133676896503	18.8053862214729	14.1880842743596	-1.15203681905492	18.8527306686067	14.7563559845706	-1.57050705276211	18.8726155826886	14.9395928128343
SHH TPM2	-0.605266270526801	18.8364118645175	15.1324573817588	-1.18237315592966	18.4633751651003	14.4645981608885	-0.751771204222529	18.9614178764766	15.027337180567	-0.986527705590984	19.0615708464295	15.2552215495871
SHH TPM4	-1.35207944882887	18.8549719720513	14.996722291175	-1.99574847520298	19.1785798284164	14.9923289656413	-1.50386105195884	19.4233405995771	15.4060790680959	-1.75535842446153	19.1654653734384	15.3061866644714
SHH TPO	-0.721567678936495	18.3130909593275	14.9084292008313	-1.21343252923579	18.2913232583805	14.4586291493879	-1.3009414723927	18.9182479719287	15.3212896056018	-1.1745627049319	18.6268293243703	15.1233469627006
SHH TPSB2	-1.06924445069752	17.1449833657031	14.0058169273254	-0.760811733574472	17.5872413733684	13.15721256001	-1.0352703223229	18.2270162792751	14.4461090455163	-1.15810332420064	17.7979493811108	14.030217143064
SHH TPSG1	-0.567115838618371	17.4925647193936	14.3844198421968	-2.05370957786364	19.0890122856509	14.8652357487666	-1.08224770924522	18.931529245989	15.1230397798561	-0.873234000302422	18.6282982184093	14.9942843142593
SHH TPT1	-1.70072845585906	18.8043089737029	14.9098845563177	-1.10570332867348	18.0491291674906	13.8443728051375	-1.45688927514399	18.8326155513756	14.92572468253	-1.49738871708219	18.748417859082	14.8601357359433
SHH TSLP	-1.43313836671419	18.8528892865871	15.515179582653	-0.822006318374941	16.8477197128908	13.46456671925	-1.00813572984799	18.1671759296418	14.7909619653653	-1.2995418436154	18.2519451675288	14.9151667480853
SHH TXNDC12	-1.01563203464455	18.1922626345194	14.1168327652168	-0.909386769013583	18.1187870915842	13.7423335162977	-1.09829733743721	18.6916763685362	14.51375860246	-1.36460119118031	18.4767275454175	14.4935780157483
SHH TYK2	-1.06655612387526	17.7781376618297	14.2911279624796	-0.741500839631389	17.2576159742605	13.3909089450875	-1.17705860727811	18.0268814124935	14.4438196072615	-1.11984666927083	17.8820681629634	14.2526759326714
SHH TYMS	-1.44469190845332	18.2905527423336	14.8378670576571	-1.10486400586806	18.1635327051826	14.0699060103104	-1.41281754443069	18.8013476077102	15.0434209887549	-1.41808062283157	18.565951292206	14.8792257642896
SHH TYRO3	-1.35937287740498	17.8908818440464	14.551590551652	-1.23159966515022	17.2050872438122	13.5585016070863	-1.1334116102357	17.9964834829584	14.4575099260154	-1.54899724377823	18.0373283736448	14.6441293720918
SHH UBB	-0.239345383442641	15.564960439311	12.4114096021459	-1.51626910360671	18.7404013583329	14.4531677014558	-1.31903702241993	17.9961955904578	14.1479010441497	-1.16653217692679	17.8217340555974	14.0774568358768
SHH UBC	-0.720479810332487	18.0802383676236	13.9838660064835	-1.07339055762893	17.5184267301118	13.1390592118012	-0.991115128145868	18.1761589851602	14.0965892617615	-0.887773471987207	18.042186602671	13.9871124714445
SHH UBE2G2	-1.25852797387601	17.9955019869415	13.989950704453	-1.13398181690127	18.0134451633054	13.7890471426564	-1.35965508897553	18.31100567555	14.755455547179	-1.09978938167292	18.1463221342643	14.22999595925
SHH UBE2I	-1.2950497758475	18.1771128435722	14.3790990185787	-1.28608539335802	17.9469268948483	14.1200977620167	-1.14406955218525	18.1727100115039	14.456806139196	-1.41794246281491	18.537724824959	14.759371110372
SHH UBE2L3	-1.77714635673033	18.0443791500586	14.2727073196356	-0.792364032746684	17.6262377602749	14.0432965543733	-1.02814523582298	18.027448931717	14.4887593047798	-1.2519433985867	18.1210796550238	14.7390084431589
SHH UBE2N	-1.23381442001277	17.8977309517687	14.1618038563438	-1.37985176318235	18.4900079345824	14.2210688006053	-1.21870558752594	18.4456598455161	14.5630614585573	-1.32694374130368	18.4627595752868	14.6300893423237
SHH UCHL1	-1.70912464193889	18.905709296284	15.1336284105532	-2.38651369408536	18.9024095942515	14.9231621387917	-1.45655066514462	18.8672868898409	14.9995238944665	-1.71124919587392	19.1811809884921	15.2627720171849
SHH UFC1	-0.960225937741878	18.0730119554679	14.6306895696573	-2.14208939854325	18.4815837303345	14.0073511486163	-1.40690721831962	18.5070418869991	14.7492983461875	-1.76485822120853	18.6325999350066	14.7724526974127
SHH UFM1	-0.865003060451655	17.4349291844472	13.6623058239243	-2.71443553260124	18.8246797772029	14.4304824931998	-1.37006378589773	18.6526064060302	14.7219028033944	-1.79242847919486	18.4203516823659	14.6050826512636
SHH ULBP1	-0.812024037985627	17.4330478020974	14.0709185215666	-0.70369881144939	18.4645507538299	14.3053125624218	-0.953776951788444	18.5371542937111	14.7983297584034	-1.18932285030135	18.1166655961549	14.6385104843899
SHH ULBP2	-1.2008889386503	18.7691972672305	15.2537441092248	-1.7044121357218	18.4249241499192	13.9902667171075	-1.63430052192428	19.0717268273486	15.2631258715589	-2.29456060946849	19.1607589586901	15.6240481911131
SHH ULBP3	-1.67730860274146	18.2533408776798	14.9506260993687	-0.459503959900521	16.4659799617306	13.0218324102358	-0.766839589147736	17.5740153586483	14.1886358329637	-0.865948656390171	17.7319881130172	14.3943214546727
SHH UNC5C	0.0164621009709189	16.0500660991066	12.4454786272695	-0.060031216694848	15.029967701563	11.0557218639299	-0.16777664703462	16.127537214354	12.4119471650307	-0.0411384064366886	15.7120105244138	12.2375751673761
SHH UNC5D	-0.342388341682433	16.5115906361636	12.312565828805	-0.904478191165588	17.1034160132372	13.097856302187	-0.986479448224101	17.4463596955428	13.5640102141787	-0.928290739909906	17.2975497648178	13.4136305645496
SHH USP25	-1.19401126836794	18.4257680937013	14.9767868970084	-1.66879495445561	18.7533886979529	14.4327712311378	-1.30857080725735	18.9889619165793	15.0983783430889	-1.54516005032172	18.8327665213802	14.9947406394868
SHH VAV1	-1.07867451300929	17.9117118392232	14.0484894004485	-1.63227095908186	19.0434268633909	14.110461591822	-1.64698249847873	18.8896231593055	14.8198770362552	-1.71076406938031	18.724898695509	14.6632915975724
SHH VCAM1	-0.795889241530563	17.2144526429251	13.2866867969354	-0.577317098185937	17.4571253525802	12.739116748614	-0.697039599035443	17.5728324441842	13.7399247968091	-0.578225950936075	17.6691597010094	13.3788200301244
SHH VEGFA	-0.0969585397653445	16.4259166866621	12.9297585361149	-0.0390973594496884	15.3623341659425	11.8722653925737	-0.0153992936308041	16.0809440132083	12.4946596833611	-0.122758383959777	16.0948777909388	12.5640196523763
SHH VEGFA.1	-1.4357239051361	18.5890366564721	14.8854487637315	-1.69407100362141	17.9183991350872	13.2614423316507	-1.08892781718613	18.5403550667107	14.3416564939975	-1.59435390372355	18.5964931085882	14.479392653675
SHH VEGFC	-0.700500035848841	17.8263009597588	14.2119910298708	-0.60553392837372	16.6824670950027	12.4714937289698	-0.695161087856933	17.3703978154005	13.706718443842	-0.75874575033552	17.5201897940851	13.7702217060053
SHH VIP	-1.60190067644001	18.4850627881889	15.084717363453	-0.438034871889865	16.9680643797695	13.2060808872886	-0.808608210586863	17.7233050159665	14.4973041227957	-1.02436437063146	18.0529748473194	14.4738638641292
SHH VTA1	-1.42559401028811	18.3461734752451	14.5773200171461	-1.92650301721436	19.1966290800268	14.5920924748302	-1.61518889774101	19.1107020542146	15.1955217605464	-1.80721130257267	18.9788788784987	15.1027187926495
SHH VTN	-0.69265171567851	17.443707838144	13.1961142270437	-0.911342601309986	17.030046061808	13.2180989894944	-0.882494914589018	17.2146610682461	13.4965275068275	-1.04687626978296	17.653080081296	13.6597897992922
SHH VWF	-1.30462756657748	18.4903481332779	13.3822197321134	-2.17724014248069	18.9956733629003	14.7100151925447	-1.4077611149888	19.0538351262263	14.3381415834867	-1.57320555997965	18.9233002786796	14.4243395898747
SHH WFIKKN1	-0.765093226789155	17.0041482105962	13.201112607854	-1.3031536128258	18.4341903748121	13.76359239554	-0.951460576799614	17.9329266140603	13.6026460958835	-1.17822889198114	17.9933781247408	13.7620104853561
SHH WFIKKN2	-1.75777370684123	18.6852153350071	15.4078282695552	-2.01565317766764	18.7722396272152	14.8258654510072	-1.58990322158357	18.9338325566609	15.2032947621841	-2.23260532370854	18.8760185390315	15.3852791949727
SHH WIF1	-0.717802695203178	17.7749706642048	14.4944278321076	-1.33617361361394	18.5624993174503	14.6437548478904	-0.756400545812787	18.1168899887123	14.5747285211956	-0.914092918479654	18.4601648600515	14.8292018097894
SHH WISP1	-0.50962088807776	17.6528668876152	13.6471202903426	-0.409684974439618	16.9450857328323	12.9801063437631	-0.52217616102372	17.4870735008084	13.3407567328646	-0.558981827767668	17.8459924750846	13.652979581966
SHH WISP3	-0.678157195973622	17.323188568481	14.1918570638522	-1.35721116670707	18.3695589098323	13.790708326865	-1.33837616288684	18.4213180724563	14.5136875709402	-1.30780099531404	18.1520980162932	14.5108343853904
SHH WNK3	-0.996771075535666	18.2214338218323	14.6042256921841	-1.36725634079898	18.3940779604254	14.5563302857664	-1.39029687792784	18.6869674991728	14.9798782713416	-1.60980018981067	18.577943629271	15.0032018786295
SHH WNT7A	-0.225961583859349	17.3842907207037	13.6097827223174	-1.46255245619333	18.9295613965586	14.3098529144008	-0.846825876352014	18.5510680835182	14.8276529615954	-1.02629319501531	18.537336105178	14.6096420418961
SHH XCL1	-1.13410074583795	18.261039808407	14.7120356301829	-2.17290414833181	18.8070867018094	14.898021031824	-1.05616944787243	18.4634525543568	14.9426865871666	-1.50829890644361	18.7081630935576	15.083205021258
SHH XPNPEP1	-1.21273265266042	17.739664103095	14.144414911641	-2.32940658416307	18.7414122565309	14.3082296268914	-1.41074601923956	18.6516242948117	14.8070462056706	-1.69682420661526	18.5365634327234	14.6636423113798
SHH XRCC6	-1.48092581044193	19.0120936552585	14.9754342671439	-1.44121550065518	18.3296393899101	14.0238545663723	-1.67393724288304	18.8097659972097	15.1323886108404	-1.74246050263372	18.8254895246511	14.804093680676
SHH YES1	-1.25612760123828	18.7154143103133	14.6275631974966	-0.571301606824939	17.1122099682339	12.9407916061806	-0.717335090964327	18.1089160378511	14.2874519563492	-0.809615802550985	17.9613771799602	14.0507985609201
SHH YWHAB	-1.52722079894406	18.644551117834	14.8795428591113	-1.94648577491398	18.9350046035199	14.6549005642739	-1.62368242507828	19.1557444113988	15.2656295537049	-1.61836660766238	19.0691146815194	15.1569987887165
SHH YWHAB.YWHAE.YWHAG.YWHAH.YWHAQ.YWHAZ.SFN	-1.66254398398853	18.8488496797943	15.3697463060602	-2.26919718748976	18.7837853380797	14.2898081153229	-2.17059299475656	18.8975927996171	14.9805994656073	-2.4940599655524	19.1319730660813	15.1983077037533
SHH YWHAE	-0.385473666539807	17.9789990130315	13.4520742375919	-1.04774058915767	17.6413895777217	13.7925968911183	-0.361597508889695	17.5875927177658	13.6311706003892	-0.890551044456566	17.8988863748874	14.0920721055391
SHH YWHAQ	-1.19550538283583	18.4515057751208	14.805176062303	-1.53362278428746	19.1621126863847	15.0533447087475	-0.97617388650888	19.0725283634208	15.1672178670091	-1.29632191736305	18.9868759690385	15.1246249811712
SHH YWHAZ	-1.40468560579285	18.7170461699966	15.0442795387784	-1.97146909838074	18.9822610905932	14.7730007575143	-1.62968381410824	19.1307407470392	15.2745121109609	-1.83206056728801	19.0777865707485	15.2731973373135
SHH ZAP70	-0.772705013133255	18.4624788377246	15.2094473100357	-1.18675815152606	18.2852202839498	14.1117922991532	-0.883413341354451	18.6731670128747	15.0369191284428	-0.963365231646626	18.757933932898	15.0989992092353
SHH ZNRF3	-0.818489604429459	18.2380152126274	14.6351173972903	-1.0410682343803	18.0013159271849	13.5804761232393	-0.714504831474969	18.1800981725812	14.5536709920492	-1.27730209014328	18.2706004447673	14.620880099939
