protein_name	r2_male	rmse_male	mae_male	r2_female	rmse_female	mae_female	r2_all	rmse_all	mae_all	r2_all_sex_adjust	rmse_all_sex_adjust	mae_all_sex_adjust
SOST SPARC	0.465509641676333	13.1472347321315	9.36856652699678	-0.187729340733203	15.8529616819198	11.9962862851453	-0.0344828378671065	16.0048374436314	12.3429030615556	0.157517213534955	15.0691588366453	11.1362364121674
SOST SPARCL1	0.452079040359327	13.2101307350209	9.97962214501971	-0.784826412393389	17.3729512922596	13.452460626792	-0.147586635962176	17.0147715766069	12.9172762393677	-0.0236608003754337	15.8843844739952	12.1033897356398
SOST SPHK1	0.434983845243433	13.5202144470068	9.77142598348408	-0.251328626694553	16.3206060032362	12.2216216074045	-0.0665186729978793	16.4543446904317	12.6166983988909	0.140723189902361	15.0838896759027	11.3513135834329
SOST SPHK2	0.414134547413731	13.2683042692083	9.8720395299376	-0.698032321909953	17.1579029389217	13.5732645387582	-0.264490514482037	16.786018994783	13.0314336494349	-0.0627735249091612	15.8596618746971	12.159947678364
SOST SPINT1	0.61251492103317	12.2271212214265	8.99087583208491	0.0753119305251154	15.0858997981905	11.5561721855724	0.289691841323908	14.5323207827807	11.194248238169	0.376394854740078	13.9007233408579	10.5370652473212
SOST SPINT2	0.288833028797829	13.9712626038306	9.89049794688151	-0.0396735280427709	15.2667508114408	12.0147244949833	-0.152764911132512	16.2629830936989	12.2999390826203	0.0568277001143183	15.183809765584	11.5703601775438
SOST SPOCK1	0.451330290536236	13.3495621249416	9.95858531843765	-0.190726055516476	15.7039342841481	12.4022601471587	-0.0334940203766925	16.2682962371633	12.3516124103981	0.125465031911626	15.0168244112717	11.5464360278783
SOST SPOCK2	0.522385277267449	12.6105479129551	8.74958692103337	-0.0623977882917577	16.3424290414161	12.1798621201377	0.134018351651505	15.8180439244692	11.3633677288034	0.21989215175158	14.8743471083385	10.7858956210719
SOST SPON1	0.726198826245478	10.3213768677617	8.16795686783271	0.239084728177632	14.6096741826744	10.829734685915	0.390144098863202	13.7140219288176	10.2292913010436	0.461892878144357	13.1965946504545	9.88212049271187
SOST SPP1	0.613658586960228	11.569841309034	8.19228190108261	-0.268760574220226	17.7565742690815	12.5340639634223	0.0368239770331638	16.4137027999039	11.7212395498239	0.189740626314337	15.1917309904529	10.9075872783504
SOST SPTAN1	0.41225172840016	13.8506732741356	9.99360716776647	-0.627311087202386	18.4036874180477	13.5107164477408	-0.365832356059868	17.8457245109175	13.1595050232238	-0.0622346032441428	16.498329720024	12.1290832262982
SOST SRC	0.447297142922183	13.2907791489027	9.26318712428572	-0.256809441620768	16.9939066783334	12.2702554507469	-0.202871332707639	17.096120214177	12.7508637574774	0.0799405525065494	15.5016611233034	11.1980814649763
SOST SSRP1	0.420144912511908	13.6857716436712	10.1031244058632	-0.475696910269338	17.5090223475613	13.4689839824484	-0.168288545343731	16.7068203371835	12.7982470560987	0.0526261947818879	15.9741513228072	12.0028100376149
SOST SST	0.474299791372115	13.396250485903	9.84857852725333	0.00290666396865447	15.457007383967	12.1097941084862	0.120460857369467	15.3558001697612	12.0987361340559	0.248433859464122	14.6454764425013	11.3061919076304
SOST STAB2	0.407126677493519	13.4991505849162	9.90457963543697	-0.124762759082674	15.9776780195719	12.3391851698748	0.0597100860809208	16.0262938748631	12.4130706873733	0.156640949857596	15.3524126582302	11.5906365617106
SOST STAT1	0.411324211217131	13.6510844469802	9.86849901463562	0.260116928357929	14.1284134081748	10.5355997519661	0.248889641008705	15.2985752593515	11.2665369400705	0.318370900265358	14.260756762136	10.4520811160273
SOST STAT3	0.336918380735206	13.7614692795161	9.74722020734086	-0.0702146344207952	15.6962025246723	11.7282159451503	-0.0818152020241092	16.2674004214352	12.1522904932946	0.141643496774997	14.9566527819817	11.0057062146935
SOST STAT6	0.464920819311185	13.7996804364105	10.2824276929149	-0.297751560995997	16.3146942565049	12.4676632486929	-0.0528954352428301	16.3254789917048	12.7107064253807	0.133131837823656	15.4597212070683	11.6682847719237
SOST STC1	0.685797905224622	10.9088682192352	8.51899750914615	-0.0771615608511984	16.7356151326218	12.8222554664145	0.153896039120554	15.8019159677756	11.784443870767	0.371595905350549	14.2822306228428	10.8195899032673
SOST STIP1	0.435729534809751	13.4208377238161	9.94032857106746	-0.088644573574842	15.4938473608983	11.9233547078346	-0.178067132659423	16.6065321738319	12.7590901629527	0.1637826603285	14.9369955006432	11.352059503013
SOST STK16	0.409719175243826	13.7054757885638	10.2921194709878	-0.45013379917015	18.17868136701	13.364027426141	-0.167016411814149	17.0625760898311	12.97864298868	-0.0188701194635226	16.3723052945475	12.1451149675986
SOST STK17B	0.435399641485258	13.7007198993841	10.0591995164488	-0.35422506377693	16.1530050855191	13.0778503859744	-0.105308540795996	16.4196634232227	12.7459852031764	0.0541544048112516	15.291575404168	11.8996000301851
SOST STUB1	0.427825295139276	13.5068735417938	9.84320846358218	-0.292666871756063	16.3674322201205	12.5273204333473	-0.0420057921316872	16.3416989098933	12.4881837027844	0.0808092186771863	15.4102150866526	11.6892455694128
SOST STX1A	0.432609442728376	13.8205116046059	10.0145498023254	-0.312634885778136	16.8066940690807	12.5157893456662	0.00495134719626333	16.2612717148391	12.2419570439959	0.115980191525166	15.6595955662825	11.6199550330679
SOST SUMO3	0.401865291360317	13.9878976266545	9.93375455656318	0.187482745263537	14.8224470370747	11.2594491636086	0.171216377534608	15.7069517937041	11.8602170383681	0.301301800303392	14.6568849103541	10.8903117025293
SOST SYNCRIP	0.436822294971649	13.5867811336243	10.0757995157282	-0.214706598100551	16.2617654382409	12.2813336930667	-0.0679425053572933	16.0942017668535	12.7181982934522	0.163120999650997	15.288032125433	11.4375083408161
SOST TACSTD2	0.425478070487347	13.500445087237	9.75423958707709	-0.179895733424365	16.5058650689932	12.7693595159269	-0.0911837062338181	16.423977516225	12.6136728198726	0.0879104885679475	15.5091304878459	11.7630395299256
SOST TAGLN2	0.399259822518703	13.6651849429379	10.0774914327399	-0.0858615173794708	15.1904596856181	12.1834604834114	-0.0796856101632588	16.4122670903149	12.5563392195591	0.0746386999919877	15.2384875229699	11.7059715328893
SOST TBK1	0.43000352194313	13.7317791088856	10.0676719793744	-0.0727036026350758	16.5202688398882	12.1870609186732	-0.0295373750805401	16.3563198563086	12.3075544244408	0.183859098025113	15.6166436633513	11.420768632422
SOST TBP	0.352282914292311	14.4496672761969	10.6866454162622	-0.664116412538384	18.1549945789619	13.5459570771923	-0.417619797807262	17.3482991624687	13.425940946942	-0.0883652239222519	16.5780282414109	12.4981072589488
SOST TDGF1	0.384275545802506	13.6163933379479	10.3395517175911	-0.357050501413285	17.6367777225453	12.9409803319895	-0.228452909991805	17.2263707617854	13.125822121622	-0.0386368906604797	16.1082981180259	11.9938452705719
SOST TEC	0.292811976562749	14.1087313263637	9.94765553207989	-0.119232881948955	15.6443667949457	12.0260305989118	-0.128830781013577	16.6413902051144	12.817700988788	0.0569010770119097	15.1049605406897	11.2605123207009
SOST TEK	0.488175126220436	13.0680127356257	9.42557078944809	-0.180223416513868	17.2611119537979	12.6238194999146	-0.193684259459372	16.9546347043654	12.6665971939296	0.165097264554026	15.4329678571854	11.2952224131109
SOST TF	0.564591504884219	12.1509142934946	9.03289605531588	-0.240675683224243	16.5116767378665	12.537140867541	-0.0522507075386573	16.0804202883761	12.1919749768863	0.220546678078993	14.8215863449775	11.0566037020914
SOST TFF1	0.59195452187405	12.2550322022607	9.41241105319366	-0.326812097920085	16.0083471413884	12.6346576928036	0.141729315628739	15.3611761294898	12.2052018388367	0.241276118345439	14.7622635228216	11.4850197395028
SOST TFF2	0.6513664238024	11.3031748838251	8.96083421348403	-0.284462903579616	16.8131977233885	12.5951258817377	0.121910421274761	15.8115787992419	12.0134494775863	0.260325661477164	14.837022129096	11.174275418377
SOST TFF3	0.785751962931075	9.13365415724685	7.19808549416597	0.22423349273086	14.585931247184	11.0076133010784	0.482551134960227	13.109448079449	9.63914317292065	0.535735902798641	12.5450419965669	9.2612089856426
SOST TFPI	0.383646446452873	14.1667740441519	10.5986884512876	-0.309718476109983	16.1161983679708	12.7619895744371	-0.286785827113432	16.7947438256735	13.1828430918548	0.139440135711586	15.4884199370183	11.9472701516079
SOST TG	0.415465104326619	13.7920481926531	10.132918311382	-0.66307905824654	17.160366071275	13.2401863265307	-0.281363452684593	16.9543005550467	12.8976522343972	-0.0407684144493548	15.980378052134	12.067625254255
SOST TGFB1	0.411965262563047	13.6593017642086	10.1643402721193	-0.0553026153563969	15.7018520028289	12.515513380323	0.066410892957104	15.8025592607438	12.2862830406946	0.175008688924627	15.2002986653904	11.7346813012025
SOST TGFB2	0.524351231340951	12.6734785284375	9.68110790445521	-0.73870547921278	17.8363156744542	13.8195364198575	-0.135533446710085	17.2370822802437	12.792534064048	0.0250564619617623	15.8786009603262	12.0938382279713
SOST TGFB3	0.462521115575004	13.5361402351491	10.2110243273188	-0.427387917404597	16.8321718614675	12.7755787833465	-0.14809953221348	16.8823185910556	12.8019362809064	0.124952005671363	15.7829335191823	11.970487145769
SOST TGFBI	0.560573083005576	12.3393376482015	9.56420194604275	-0.44577627213407	16.45211623657	12.6840330605138	0.00628518468287764	16.0959865836846	12.2823685377864	0.162111502783115	14.8158959610091	11.4517965171374
SOST TGFBR2	0.558920325908521	12.993094637284	9.62400958269617	-0.246389694159349	17.7353887810661	12.9376096188116	-0.224194172568049	17.1058329669457	13.0610611079491	0.14330070149314	15.6560719947478	11.6549390969065
SOST TGFBR3	0.508456316686083	12.6839165528481	9.45149019177529	-0.583242830169951	17.5831075386096	13.1018341872533	-0.0224119673307741	16.7180290013309	12.3144287034802	0.0662351667025375	15.7513298754471	11.5952169128883
SOST TGM3	0.455221215456723	13.0141295439257	10.2253742016625	-0.65083031104345	16.8304223369692	12.8888020691718	-0.0737549428027322	16.6195320843339	12.9458359294897	0.0195640287904799	15.4513706546227	11.9815849352465
SOST THBS1	0.478572647958676	13.0878903757873	9.55202092225198	0.0461428379411419	15.2712221258579	11.3254781491387	0.177041822926189	15.3658875264218	11.8632005670161	0.277490328145679	14.6180776700946	10.743042082975
SOST THBS2	0.59215054433006	11.7081181128496	9.38472610511427	0.213478036084254	14.8761906380436	10.5376547892147	0.348243381253558	14.2978970586953	10.9403762899582	0.417443072658312	13.6661399687989	10.1860313815901
SOST THBS4	0.661031035096033	11.0525846495406	8.50414280906429	0.318426829958768	14.1330278329961	10.7864362265446	0.458381162048449	13.4519932084288	10.2016672118602	0.46534691599289	13.013697021115	9.91848500603133
SOST THPO	0.415215626323665	13.8278681870722	10.2075522060935	-0.846934656291856	17.4043248583331	13.6809500411694	-0.165181301267158	16.7428125373945	12.7609732860794	-0.0711493501929696	16.2082686341871	12.3276331285093
SOST TIE1	0.380501703602579	13.6407709834243	10.3170702051526	-0.15101040741851	16.8450883320603	12.2657513436306	-0.276952399587827	17.3384874352271	13.1911488491381	0.0705759106771759	15.7523541884658	11.7379181567827
SOST TIMP1	0.733415525153506	10.0796635577494	7.97163431240473	0.432671602867405	13.9406483558471	9.90671381115712	0.53377911593358	13.2248138391279	9.93377113350816	0.573280582722235	12.2959083776335	9.32888877512574
SOST TIMP2	0.492706515842248	13.0331546426974	9.72735752673978	0.246891028322624	14.7030014919377	10.8232548242845	0.283200367088344	15.0619278638762	11.1958713280171	0.349816483019992	14.428174867059	10.6100740360742
SOST TIMP3	0.457903832203232	13.5916010266599	9.96521148105065	-0.0514807684544401	15.6728874749983	11.5945922232794	0.0405696719436736	15.9769940287096	12.1025047246684	0.232472738113177	15.1089620882155	11.0979041493724
SOST TK1	0.396466936780626	14.0887327755887	10.2491127511608	-0.322264536033674	16.7335008766672	12.5017901277828	-0.275908635500242	16.9530960803671	12.8746922760758	0.0471668566377558	15.9212784757755	11.7920739240329
SOST TKT	0.424827465761343	13.1425813396484	9.74321242410194	-0.123536991695327	15.7030925771353	12.0555855904936	-0.119342796149033	16.5284257916992	12.7154519434309	0.130418299347364	14.8401329464269	11.3977692498489
SOST TLR2	0.432062280732057	13.3989543775401	9.81092190972219	-0.794583122362969	18.513063480169	13.642004550923	-0.221759591787711	17.2835797198324	12.8804347296046	-0.0427826331841676	16.4671517449625	12.2057734689948
SOST TLR4	0.369255355392494	13.7300064933501	10.1744445648938	-0.0945000614624751	15.4383567219735	12.0326222626605	-0.129562096049728	16.2966366668868	12.5207199510439	0.127431869938766	15.276743144787	11.5222506682509
SOST TLR4.LY96	0.515852829037986	12.9232840205034	9.22294834717573	0.167774437748574	14.8176695360575	11.3748030484146	0.159435792176383	15.2012857391431	11.6103087728955	0.328317431970014	14.2136218537546	10.6104203903713
SOST TMPRSS15	0.511309016407915	13.6318937799093	10.1267502163572	-0.428260501193667	17.311768791797	13.2491976780763	-0.0483218042922102	16.5347783292672	12.7203886669029	0.127960272444549	15.9643466064102	11.9015579591959
SOST TNC	0.458296080778803	13.3313085735789	9.45005528851911	-0.467449178228766	18.3157517934018	13.2472065649516	-0.241411989983464	17.6064781297435	13.1789315116525	0.0296754157401062	16.3262544661398	11.6690944125446
SOST TNF	0.625119424217944	11.457257672623	8.79769057136541	-0.394543178824804	16.7271903861032	12.8403522377897	0.076067981651404	15.6449220121621	12.1716487926933	0.206757516198238	14.5524074390655	11.1942161794915
SOST TNFAIP6	0.681766415881514	11.2408378476775	8.58475940064251	-0.56216643234052	17.7945081440238	12.9038835616536	0.107764848623447	16.2440254528503	11.8037963122904	0.258476655235002	15.1259932931471	10.9576742066022
SOST TNFRSF10A	0.275411959976051	14.2350336220986	10.3397578133926	-0.876908780891244	18.2573026328177	13.7078908631861	-0.231067071049832	17.3572715797568	13.0400728120927	-0.144253806821465	16.6017263454384	12.3739681091903
SOST TNFRSF10B	0.439138495329393	13.3998685365152	9.92375831670933	-0.317053311852866	17.0496512347809	12.4084168208784	-0.00051956632475636	16.2320955992717	12.1076464287631	0.146029017453013	15.6524247541239	11.5307909274184
SOST TNFRSF10D	0.534993606161461	13.0589118222571	9.64293478956107	-0.387847508938761	17.2877746771365	13.2334229891602	-0.0589769444430845	16.6307071229885	12.5880797027555	0.1271077465184	15.5575469129809	11.751632856207
SOST TNFRSF11A	0.534120201973214	13.0398727502208	9.65768524776482	-0.158602514621586	16.2146432474628	13.1989710151651	-0.0105080133130777	16.4490643022674	12.9059207422925	0.217817546523832	15.1752549730427	11.7588600103226
SOST TNFRSF11B	0.371528314981853	14.0868676500757	10.4185727930047	-0.392326118455584	18.0013380261583	13.0995405928018	-0.253742696598528	17.4265513012815	13.1282647259379	-0.0153757713280704	16.214140286089	12.0041008943809
SOST TNFRSF12A	0.398743806497957	13.8955816754481	10.0822892161693	-0.637744485075105	18.1714611254133	13.3254905398273	-0.202010611310238	17.4115495561791	12.8069201934428	-0.0399466602940837	16.4770631695545	12.1332052231892
SOST TNFRSF13B	0.524828656964735	12.6708401168989	9.59716046410281	0.065868779228253	15.0410430100559	11.5479033148996	0.109951487853218	15.4402756855125	11.9594012287549	0.295495244023432	14.4556882840839	11.0254595021611
SOST TNFRSF13C	0.636209572390795	11.3117266181444	8.7588583662968	-0.527882292528332	17.2988430429845	12.9935304703855	0.015152124234096	16.3693591801763	12.2021124869074	0.124410159506963	15.1594753698978	11.538592309746
SOST TNFRSF14	0.499730842066506	13.2672537024401	10.1661174448075	-0.604130948404062	18.0091322060004	13.6033068885097	-0.217570382681741	17.349772589872	13.2349426152635	0.107153187545614	15.9697849691665	12.1295928900653
SOST TNFRSF17	0.524078162390932	12.8647570208728	10.2474108377708	-0.19709954607234	16.7795443627238	12.7638763692249	0.013461870446925	16.5101882360451	12.7357021435683	0.156917402955439	15.1896734728871	11.8998111251264
SOST TNFRSF18	0.392816334524443	13.9550399385059	10.0068319415281	-0.544914311969853	16.9206805503834	12.6815921802422	-0.221611228109806	16.7643280666387	12.7787652632248	0.0171514956803277	15.9517940091153	11.6916305877009
SOST TNFRSF19	0.681460363062229	10.6304236753053	7.76296589790937	0.176385507800164	16.0383155939183	11.3829572877881	0.385702755216442	14.4660533745316	10.1861490877501	0.453053860566942	13.7002372518967	9.77689975101648
SOST TNFRSF1A	0.818926330095589	8.71435420782415	6.7548929656988	0.484387478345664	12.9925679201115	9.51322311810212	0.618813172730192	11.7028309214915	8.92583009557048	0.664288988742207	11.2902213657609	8.30158595612063
SOST TNFRSF1B	0.800891440113403	9.12110227170714	7.11113960009828	0.418025772856487	13.4690054447578	9.95603892491546	0.522042352159552	13.0572417848748	9.49429739629801	0.619369942529664	11.8321364329628	8.82418703073838
SOST TNFRSF21	0.486591190814269	13.0415545117245	9.54198567500279	-0.601816146577883	16.2064778632077	12.8363354475879	-0.131700038484838	16.2916514143024	12.4681619835468	0.0549989769251915	15.1629487601252	11.5328026240428
SOST TNFRSF4	0.652087668377682	11.3721211436135	8.56886613111807	0.404560347446242	14.2017408401595	10.5057300294652	0.444933009506339	13.8537778448764	10.3257547676751	0.522046294777969	13.1053287105936	9.85395623443152
SOST TNFRSF6B	0.487664491091344	12.9678128009519	9.27612191853447	-0.169759666294689	16.8471829982639	12.5124004450217	0.0470423044992037	15.9313270543138	12.1831003208836	0.210123940206857	15.187076970271	11.2092268300118
SOST TNFRSF8	0.49830737202755	12.9542835714892	9.26110947826349	0.0946592131025996	16.1008791445029	11.4641565759204	0.149981874510122	15.7988719014834	11.686598202178	0.297782742096061	14.755784369668	10.6109593628805
SOST TNFRSF9	0.557835715340062	12.674823308798	9.27813062010292	0.190370517187488	14.7663997492707	11.1762421910986	0.258610564217755	14.903846733791	11.6914443178305	0.38215631806327	13.9133509457453	10.4397881643388
SOST TNFSF11	0.429126925555748	13.6820621515438	9.96416489983399	-0.500779698625862	17.3869437357918	13.3833989432657	-0.222515329449003	17.0882852149699	12.8305013161614	0.006229149972375	15.8900351920774	11.9444936304959
SOST TNFSF12	0.512262890420874	12.8111941786591	9.1728361729121	-0.390267106778102	17.717715072609	13.3769299980603	-0.192044798299046	16.7834612046536	12.7605835261155	0.037842508901678	16.0099683152045	11.7901214752288
SOST TNFSF13B	0.456784051361656	13.590883713545	9.63156959891968	-0.391838648606254	17.8410118608839	13.2709161674211	-0.229560620941745	16.9873442434734	12.6482009781652	0.117905638645338	15.8888166942281	11.5843112812738
SOST TNFSF14	0.364433593447531	13.83351389448	10.3234753449541	-0.176976108331901	15.8064840519962	12.3313302769165	0.0231355406620046	15.9704829855487	12.2919756733517	0.174407278872072	15.164532881366	11.6397841314469
SOST TNFSF15	0.673744783546574	10.9196716498965	8.24808520859903	-0.0456185390604698	15.968210137283	12.1388575469331	0.209003626172298	14.9068224332975	11.1905590520946	0.355732261703371	14.2271199956812	10.588866245559
SOST TNFSF18	0.432548490770497	13.2159394938761	9.69688279023387	-0.3948900380157	17.1893672686567	12.597465735942	-0.173295510701865	16.686786052166	12.7099673567642	0.0664152789047777	15.5561846851414	11.3843878593617
SOST TNFSF4	0.408014750090836	13.8215611842291	9.99357685833717	-0.566263302698839	17.6304295212808	13.2862322460734	-0.182421375480255	16.7148035961495	12.9066845341331	-0.0174871135165937	16.2344620863558	12.0530112702156
SOST TNFSF8	0.464908060670889	12.9351655018478	9.88578298095707	-0.522226745948101	17.7038600221543	13.2200392785935	-0.118589138860843	16.9095002729468	12.6904461714621	0.0581395876050012	15.6812246626568	11.880258098808
SOST TNFSF9	0.424561488372165	13.6811791349005	10.1796198953601	0.00565139199240472	15.2891170970572	11.680267549464	-0.0498724202526968	16.2449865960293	12.7324357498505	0.170314524218326	15.2042739487252	11.6868741694127
SOST TNNI2	0.506333829979634	13.3728215968138	9.62673071306537	-0.479052750338478	17.1096772962902	12.5864204489589	-0.330855126171637	17.3234166849782	13.059733226643	0.0734927137347942	15.5957671173848	11.45921106868
SOST TNNI3	0.553515866638656	12.3270183057764	9.16877618023123	-0.437120599332434	17.4160863953781	13.298931447807	0.0890857419963236	16.1373991435093	12.217721920982	0.191806198306248	15.2415244823376	11.467662459562
SOST TNNT2	0.717228343160949	10.0296727967534	7.6210825346463	0.388687478192697	14.4301247855529	10.0612249092337	0.324739679598924	14.5432705463018	10.5502637132645	0.541696306127019	12.5489915530631	9.13170033004722
SOST TOP1	0.522151038669556	12.7619337475658	9.47819165958358	-0.362841501471912	17.1101487629692	12.3554663523644	-0.00651554345850003	16.1502876728436	12.2957303057752	0.111779924087181	15.5065998162515	11.5656231157101
SOST TP53	0.542200681786338	12.5582995996535	9.66645945651156	-0.411399894943599	17.6856210904706	12.671017743144	-0.183863633150365	16.8201560474559	12.8371291798777	0.113580670542621	15.4051759118321	11.3813711492356
SOST TPI1	0.394147330262366	13.6413834982865	9.98675248977517	-0.0294431538290179	15.3418967608769	11.9010020294898	-0.0929465541790011	16.3843897827265	12.7594089379709	0.180690276818913	14.8452472369609	11.4331723494626
SOST TPM1	0.412889649738484	14.0379186386258	10.4301096650171	-0.681442577202485	17.9561266132895	13.0222353253421	-0.277360184037411	17.2415167132893	13.0363763506048	0.008782392366251	16.2875534978871	12.0336562878487
SOST TPM2	0.396494352523206	14.1145382671516	10.3676724333231	-0.531926846012323	17.5589762319511	12.9342300424318	-0.214134893861529	17.2960464989416	13.1579201779587	0.00695527787284822	16.2187574039842	12.0021532871072
SOST TPM4	0.473055435908257	13.2474381374778	9.53546798732537	-0.320275311593622	17.0845099028778	12.769775260749	-0.276042725541692	16.9465593614926	13.0781150903306	0.105612396759741	15.6361867428704	11.6350038268433
SOST TPO	0.367300090429213	14.3163938311843	10.2235062281985	-0.552763831585171	17.792450475883	13.7491695161391	-0.165837441155165	17.2301330435328	13.2423033121582	0.0165220561593749	16.3692042915042	12.3179431582097
SOST TPSB2	0.352171241646977	13.8375803450126	10.4492496052727	-0.749494349745707	18.3980950544826	13.3990305288822	-0.271763514485059	17.8780616358592	13.2197000619907	-0.10205941316678	16.3798562316727	12.178443841327
SOST TPSG1	0.451564523031907	13.4273705802994	9.80958010072283	-0.567121125977307	17.2625872599981	12.6074667747495	-0.225283283710159	16.8862997752713	13.0808548909978	0.0338026562020618	15.777672440631	11.8162695970186
SOST TPT1	0.313154212995221	14.6895118637096	10.12358240536	0.0961711623348187	15.389394995721	11.6605287159694	-0.027547203763207	16.3051670312249	12.4017614041053	0.125485958604203	15.0802993268857	11.3148260847642
SOST TSLP	0.420771508450996	13.6885374453061	10.117809034517	0.231087204503426	14.5159235164581	11.3706645664525	0.0890130357187277	15.5700821104787	12.2788974260711	0.300910076268137	14.5124745656508	11.1386282123611
SOST TXNDC12	0.369401616126989	13.8010530441392	9.99260193045789	-0.237201322172676	16.9916259222658	13.1126436859343	-0.216016445048087	17.1309149171415	13.0767425562037	0.0448761497137564	15.655987903114	11.7801783927803
SOST TYK2	0.439336767928539	13.4160718996297	10.001022087734	-0.19418005471129	17.2797553038899	12.4134254321871	-0.152224799204062	16.7776226023607	12.5803548535098	0.0827775147725625	15.8187700550723	11.6202264161886
SOST TYMS	0.405881170428144	13.8210747606681	10.2546983085816	-0.59022582099615	17.6649954672179	13.0635581780005	-0.269867620444195	16.9205822673434	12.8965088252751	-0.0337162887593485	16.2191969591047	12.0501451425182
SOST TYRO3	0.421091693573099	13.7053961308636	9.9590832493854	-0.0841344871786991	15.9825540326071	11.9882429876225	-0.125797929916235	16.3331501783271	12.7163015546588	0.187154031241908	15.1744228739425	11.3115862277895
SOST UBB	0.527314243981908	12.7232375342667	9.38257686097376	-0.444831404126002	18.1990369448381	13.1421248815403	-0.089820795711977	17.0128675915301	12.7816661875662	0.0637160693998597	15.9158002800319	11.5428340253153
SOST UBC	0.532648883820917	12.4055474102772	9.41356664666326	0.233258218798366	14.7957093928133	11.0091133816821	0.344599330273998	14.4652706788697	10.8913496422981	0.361817609414523	13.9696164805541	10.5743577350989
SOST UBE2G2	0.433347303516233	13.1447400343646	9.66492515913669	-0.159160502330173	16.9688016774214	12.2163712687237	-0.114266062787417	16.4294715769359	12.3081746170994	0.0948397936861308	15.6781362852723	11.4187360823015
SOST UBE2I	0.38312104800768	13.9793488245144	9.91198050579	0.0900270707275331	14.6495097703943	11.6645974298413	-0.032015523954144	16.2531537191701	12.582632171077	0.25906944921764	14.6659450113439	11.1409410011024
SOST UBE2L3	0.376562056898737	14.0466166022143	10.1544592299123	0.176294294131209	14.5312867492096	11.1296945385162	-0.0528749697027986	15.9283728917633	12.4954530944129	0.251151752797686	14.7426956071379	11.006877200225
SOST UBE2N	0.412111777084854	13.5469715700562	10.1192316602329	-0.0948255648531595	15.5319742488095	12.1038908653379	-0.146057554850597	16.4450864094551	12.7255729545406	0.164184310547728	15.0164166460357	11.5354908407151
SOST UCHL1	0.414262893045522	14.299010632167	10.4229770230499	-0.111659542926933	15.4586514316382	11.9675863664659	-0.0333768205084188	16.1571227182469	12.6736780819294	0.106946358414149	15.5493270924267	11.774886049348
SOST UFC1	0.342462338198399	13.9348226467184	9.52338197424704	-0.130401090605792	16.032521025387	11.5181989152959	-0.202938256009349	16.474112502757	12.5029828044482	0.0724335831971596	15.2653355346442	10.9613321080171
SOST UFM1	0.355601792378313	13.539702211811	9.51566156875236	-0.332491935025522	16.780579465512	12.4837929738005	-0.3463843217109	17.1207859883936	12.8484193649941	0.0210290120065294	15.6498601599344	11.3199846420409
SOST ULBP1	0.399673179700278	13.786187932862	10.4488406451456	-0.369409529402599	17.3347261764356	12.9543144619518	-0.321853975284681	17.2678987664098	13.0983237348392	0.0510436101654005	15.9141848521957	12.0816077333136
SOST ULBP2	0.435305504766597	14.1209565174506	10.1580279605403	-0.239250192549018	16.3996975763882	12.1663689546105	-0.210830110715237	17.125409839118	12.9927426787984	0.0389095175285349	16.087843290835	11.9536642776813
SOST ULBP3	0.450679872446475	13.4022607303026	9.72974691865868	0.160767838264144	14.5591049098724	11.4383477960631	0.0382289544967611	15.7327883262718	12.4161792291961	0.275948124635962	14.4386268379695	11.0687740458533
SOST UNC5C	0.588384100298737	12.8121791010175	9.09818033580419	0.250826345590312	14.8574511227943	10.6716376904167	0.359293087731384	14.3711320602889	10.5694501374343	0.421107888209802	14.0421355671212	10.0868568942639
SOST UNC5D	0.491352487059377	12.767229015399	9.47922260434409	-0.264148391032763	15.9437551698272	12.4126958504542	-0.0161576847020117	15.5212655683584	11.8411004964703	0.0970753651878724	14.9113955924416	11.4267276033878
SOST USP25	0.525053636859171	12.7575889886665	9.81144972133563	-0.448576167620661	17.7522356456993	12.5370350591582	-0.12828939722222	16.9584890425871	12.7805979267006	0.104747929891345	15.792020062682	11.6291180143348
SOST VAV1	0.456549911657221	13.1171361642171	9.24633973399479	-0.305676678633961	16.3223323020401	12.0905058262997	-0.164108651119763	16.4397433012258	12.4860002477432	0.0836036062104967	15.0692117768622	11.0512821925567
SOST VCAM1	0.549348721912072	12.0408738529184	9.88396604002472	-0.0029682194819165	16.633815850889	11.6999559049628	0.244567419334213	15.9282287410615	11.8399082247531	0.258523999098459	14.8726182305719	11.2998081966095
SOST VEGFA	0.58623171882591	11.7888522295418	9.12393083704515	0.406640735237248	13.2350993882954	9.99651118421085	0.328945100471259	14.1594629999824	11.0234580107541	0.484311368395893	12.875941141909	9.99796050087407
SOST VEGFA.1	0.497459488175156	12.6760494745163	9.43691031399213	-0.0509843574873343	15.4147341946724	12.2312361559019	-0.0310687364288085	15.5944056106819	12.2197565594957	0.205714865750602	14.4701216791853	11.1776151133708
SOST VEGFC	0.512377667882387	13.1149698241493	9.41081876292102	0.510204490924813	12.6177728321688	9.70513671848938	0.319419321925024	14.3481234578104	11.260741230296	0.47041575633535	13.3306600475583	9.87256605748465
SOST VIP	0.430451964167672	13.8812772470943	10.1396049592639	0.0821356653983076	14.8641287844164	11.2990939784637	-0.0034303536193605	15.9121508446132	12.3043008530529	0.220621116785604	14.9092609528426	11.141958580642
SOST VTA1	0.466908664835795	12.9820900113457	9.64647038349289	-0.267214518877633	16.284927956554	12.4832557230709	-0.160474340775088	16.7663254740301	12.7636369271779	0.110954287359925	15.1825223675905	11.4388136096731
SOST VTN	0.516074568830961	12.250989888352	8.6766753929131	-0.315862216078528	16.240767881967	12.6572428727541	0.0406663769102987	16.0786432387314	11.7997074904453	0.165345896957842	14.8199484072319	10.9664006558072
SOST VWF	0.373764203852515	13.8551139765901	9.71640583931816	-1.0241121999103	18.2983730139934	13.9469381211757	-0.372674441676122	17.1868414130174	12.8262870761651	-0.204312168723736	16.6618632072246	12.2260658446206
SOST WFIKKN1	0.663339446990429	11.2338353218916	8.34418364005496	0.10565178378035	14.997463442739	11.5837355979417	0.241514156777748	15.0509109545385	11.5919117353971	0.370018925847883	13.9064072408267	10.5240315987142
SOST WFIKKN2	0.433514261058975	13.6283238912926	10.0890250129957	-0.447701793309737	16.3857867086524	12.9205487942689	-0.223483998062456	17.0239578384893	13.1829540967711	0.0635944043215817	15.3148814234196	11.8203040321727
SOST WIF1	0.436525490736758	13.0282083629896	10.3126052557998	-0.612326766844367	17.8938612078381	13.1211641361039	-0.298682440428724	17.4045998945511	13.1373073712893	-0.0391265783023989	16.0894290701189	12.0917281298866
SOST WISP1	0.549374133458021	12.4702584332458	9.04294947509305	-0.336643467641833	17.7185478626584	12.8203278196369	-0.00266360366586049	16.7752456788768	12.4033518424466	0.145366168758849	15.4857820105021	11.2257512275683
SOST WISP3	0.447355277233958	13.4295088633422	9.85362484081114	-0.422049422398352	16.9929068494407	12.9604545580566	-0.13450649508087	16.5177239533279	12.6971808603171	0.0529083883269724	15.6934568059637	11.8021987107151
SOST WNK3	0.420833014145973	13.0189255997481	9.85753467269819	-0.317088349727007	16.702130128541	12.8064524718514	-0.240329721156568	16.6888077549355	12.9066224716353	0.0206180807404829	15.4460168519164	11.8593937643742
SOST WNT7A	0.321040091042569	14.1873218926703	10.6625083400966	-0.44501476447303	17.6171562446128	12.653170830053	-0.251333370564843	17.013968367536	12.8914577553254	-0.0442869775550723	16.2701366242449	12.0004640527523
SOST XCL1	0.3882070541286	13.8670522219221	10.3885365475953	-0.687525708986567	16.7983861891282	13.0825009606968	-0.148886616321948	16.3930130014403	12.7491628395417	0.0510619344320669	15.6886378201122	12.0537630793565
SOST XPNPEP1	0.506100137807048	13.3239272829057	9.57644830321697	-0.548280184207643	16.8936374903348	13.1515292548864	-0.0512872487536591	16.6739342701781	12.7928151309126	0.0892507366268942	15.7454985190016	11.8688801125924
SOST XRCC6	0.394600050523236	13.788949710448	10.2102996154296	-0.161782817407879	16.0936358165694	12.3465490054779	-0.202528728906695	16.6210704923823	13.024445656091	0.0467991528516829	15.4592807198886	11.7941611757197
SOST YES1	0.432461883299028	13.47237674544	9.93609973473716	0.312397304051011	13.9658867906313	10.5081303561141	0.289986487115417	14.9931593293345	11.2485959162607	0.345065224455977	14.0789260004016	10.5248649891778
SOST YWHAB	0.321109344970929	14.5460766439054	10.1275535016169	-0.0434695818058168	15.8216559948412	12.2006970103756	-0.144741253136559	16.5471220733939	12.7979052854462	0.0977072933610242	15.427492034985	11.4847108522319
SOST YWHAB.YWHAE.YWHAG.YWHAH.YWHAQ.YWHAZ.SFN	0.335598887160037	14.3245728187564	10.0119894940911	-0.0333847057234611	15.5678926456818	12.075637510801	-0.0891977567231168	16.3222706256856	12.4738181339831	0.109103624632151	15.042731751892	11.3753488227656
SOST YWHAE	0.439854691367384	13.4619347579651	9.37250974824577	-0.155034602521292	16.6505340338492	12.4584802973816	-0.23787620057264	16.7744614092164	12.7077537222528	0.169488212357783	15.2616229473439	11.2106435610097
SOST YWHAQ	0.484904593365416	13.4441306201577	9.66265038722253	0.0694154688812297	15.2294625446303	12.1177956084751	-0.0294040689193831	15.6681279532123	12.1158296053739	0.215095989777332	14.9503783547282	11.3217190739127
SOST YWHAZ	0.267426340903807	14.3974715222958	10.4961328102109	-0.281231569974323	16.9606939996162	12.6689222248049	-0.266692018908367	17.2204860774951	13.1569933916509	0.0111275275478375	15.9957820303763	12.0063007941895
SOST ZAP70	0.407280658370943	13.9875816435104	10.0446245033618	-0.766676544292907	18.4056157201691	13.6854674451839	-0.221579500211092	17.5235919166268	13.2701908117999	-0.0128736353542505	16.5280241780433	12.1434610779196
SOST ZNRF3	0.537857296563285	12.7422348210762	9.13646427006129	-0.254184060341177	16.9088707162863	12.1522255680852	-0.0552919948142176	16.930121451129	12.8464905789892	0.178644951437606	15.2973837564569	11.0063729059467
