protein_name	r2_male	rmse_male	mae_male	r2_female	rmse_female	mae_female	r2_all	rmse_all	mae_all	r2_all_sex_adjust	rmse_all_sex_adjust	mae_all_sex_adjust
SPARC SPARCL1	-2.62434337958392	18.9994487230954	14.5925640738593	-2.96830160063657	19.6582938648219	15.358781178613	-4.58160519679321	20.1460390511726	16.0972091528217	-3.34635757988769	19.7254373578482	15.4231914680138
SPARC SPHK1	-3.78937408433635	20.415961592884	16.140047180658	-2.074978462898	19.3133842498927	14.2825759874966	-4.10415972990184	20.6910501984602	16.2988851979354	-3.36013497796622	20.1358871219646	15.5703139154727
SPARC SPHK2	-11.5273826946875	21.2737861129969	16.1617285007571	-3.32822409072617	19.9191172277013	15.0330453260584	-20.1049959761605	21.4503692741103	16.8873981739684	-6.63481833600916	21.069187104301	16.163359643181
SPARC SPINT1	-1.37705743425581	18.1570867768625	13.655564737524	-1.54659538488052	18.2940470321871	14.1074393056349	-1.78775663113001	18.7952492389327	15.1408514711947	-1.51622174977983	18.5897455940161	14.2783367251316
SPARC SPINT2	-7.01460897020839	20.7578061340072	15.9725057737988	-2.44733284152571	19.3757142564716	14.8204503796457	-4.20035456432474	20.2279306117106	15.7881538109611	-4.64068743843594	20.4802035385871	15.7698225190696
SPARC SPOCK1	-5.79878024156462	20.3314430726398	15.6078824716705	-4.47217107381998	20.5176426229225	15.3083397798698	-10.6353917914753	21.0323758219282	16.4653568470008	-6.15115185642759	20.7727135847338	15.8168375510598
SPARC SPOCK2	-4.61467434673724	21.9619816994058	15.4807615572074	-2.4521618618291	19.8902996690669	14.2403821802483	-4.50980774825145	21.4565122284383	15.8900667321825	-3.78513008297528	21.0306816895842	15.1520364753865
SPARC SPON1	0.312094288490317	13.9757559831899	10.7360447092895	-0.256539961583041	16.2699404536268	12.1936540787516	-0.0654936502125973	15.7811212227924	12.0158026445309	0.0363876714116551	15.5120635105373	11.7113194807811
SPARC SPP1	-4.59056006452922	19.773149174813	15.3856776828858	-2.16331517154441	19.0612658122143	13.9722637395082	-3.43185216989735	20.5239925209802	15.5571758337988	-4.33853460927435	20.1485796365032	15.1998874110011
SPARC SPTAN1	-4.03199045888014	20.9484447687459	15.6588970076416	-5.5523181084331	20.1647107047712	15.2892395846578	-10.6005701629966	21.0017193791494	16.8345144731113	-4.78692289916814	20.890943815379	15.8417201120867
SPARC SRC	-4.18289173679565	19.7793367468606	15.4028796628187	-2.476968555484	19.1447948851231	14.2706053372949	-3.5368948694914	20.2462693193885	15.8686968887929	-3.30661799918111	19.7794921527056	15.2477025749478
SPARC SSRP1	-1.49161182200141	18.5911170830195	14.7093885214777	-3.15734315026906	19.151713353228	14.7779446127772	-2.09113761755578	19.1048954981966	15.2435589297852	-2.86196713054876	19.4805667930213	15.3232567902376
SPARC SST	-0.336105798296407	16.5371491739857	12.6624610713317	-1.66230806868057	18.4906524201977	14.2011239166643	-1.59999431277068	19.2661124014632	14.9590825563788	-1.13442876359931	18.0589257295798	14.0013703939473
SPARC STAB2	-8.5676567995419	21.4864349492504	16.1710463456125	-2.5288577616679	19.3084075751601	14.5544599921837	-7.24557350077733	20.6862331662582	16.3302570260905	-5.73086352935965	20.6212457192964	15.7656969944184
SPARC STAT1	-4.80628644825412	20.7921984068009	16.0569437988749	-2.0069815393488	18.8545692229392	13.5890914075504	-3.09205746485893	20.1777049127852	15.4079103729093	-3.61487017292312	20.2813202191536	15.2180123278861
SPARC STAT3	-11.9351594481802	21.1863788433726	16.7565828566264	-1.94098991788226	18.9940155992381	14.0679308744729	-3.89683280023114	20.9946475180542	16.2905445358678	-4.83955755318816	20.4562675874289	15.8441116450793
SPARC STAT6	-5.09910760696706	20.7087001658092	16.2999998783234	-3.20758867744817	19.7837472628201	15.0356166748865	-7.44243430422665	20.9619924004316	16.5872869904522	-4.39791435109883	20.4989703600041	16.0034339524482
SPARC STC1	-0.193403628616618	15.8817221454872	11.9688003511688	-1.93573071793669	18.7179459084448	13.9745079993196	-1.28973453060985	18.074908878514	14.0648795616895	-0.896594141815394	17.6561363057231	13.4219230650417
SPARC STIP1	-5.52850249982498	20.0215383119369	15.1251200777675	-3.08017050821931	20.5220583178557	15.1006919913716	-13.8730908201708	21.3731016723553	16.7610127142191	-5.31233159890493	20.9195202922349	15.8351973387526
SPARC STK16	-11.4976371098552	21.4263528434632	16.3775489966245	-4.47994813220731	20.2895457111569	15.2479210797246	-18.5587328535865	21.5385595645842	16.9460715741914	-7.48398016756674	21.1690280856316	16.2581495581255
SPARC STK17B	-23.6640609626161	21.3215699155212	16.84956211498	-3.57716030646074	19.7626470791858	14.9026278418024	-10.8110653581272	21.1001246263063	16.8671117984053	-8.25148670133356	20.9276690273713	16.2385389990533
SPARC STUB1	-4.16887002679286	19.437155614149	15.3978114725283	-2.6682180382662	19.399206509849	14.6097093729905	-4.45921640035345	20.0257660117551	15.8520329809562	-3.92852003017351	19.7413643283054	15.4762328917573
SPARC STX1A	-19.7653111839993	21.2428986897779	16.8199575633729	-2.66166713285101	19.0180078896795	14.0954089792792	-6.27549100484438	20.8569533208014	16.2541215518649	-6.72648850300803	20.6290528462293	15.9760046421561
SPARC SUMO3	-6.9328813167862	21.3711701973595	16.3878420803352	-1.78800208382331	19.4224642710173	14.1752787492563	-4.58805679345615	21.0030259263077	16.0860920666962	-3.88139245486983	20.779947244555	15.6358165069783
SPARC SYNCRIP	-10.604346914605	21.5774955102482	16.4724243250438	-2.36592318130675	19.7091031945522	14.5808343769329	-7.77060524493516	21.2001144195176	16.7812240272068	-4.56107736569277	20.9251367170608	15.6549889829946
SPARC TACSTD2	-8.41166117518939	20.2627244092078	16.0583954133445	-2.91480844821022	19.9543381987404	14.8320395534049	-5.40662738890667	20.3304588173352	16.2435425711046	-4.84084532178689	20.4269855651737	15.8258794999974
SPARC TAGLN2	-4.50846867575562	20.2013946296245	15.4936330139537	-3.43696403768787	19.8184462326423	15.0381410460735	-16.5790940174475	21.3478990606852	16.8972477466284	-6.12102052818301	20.6833152484358	16.0666460861606
SPARC TBK1	-6.37069974312584	21.4187960580922	16.0090225408625	-2.09742431810224	19.3706336819652	14.6224101219412	-7.01042953825661	20.8976583025419	16.3947175346862	-3.95864412077457	20.7911175862698	15.7352785464198
SPARC TBP	-4.43660348491029	20.0481747222398	16.1686238951591	-3.74194597969144	19.9697858421074	14.5182010309776	-8.84618862613708	20.6341759520976	16.5650536998607	-4.36829952826825	20.3276307641585	15.8406199136706
SPARC TDGF1	-9.60912598903871	20.8400846085528	16.0685853061726	-3.20061430662096	19.9280000470629	14.9905696072214	-8.79025412784789	21.5351177189705	16.7551998439011	-7.35681559710406	20.8478066205181	16.192021124292
SPARC TEC	-2.86592132047118	19.5474454132481	15.1286772695708	-2.7867416383076	19.8565606385815	14.6539681898851	-4.6352691308894	20.6478008891193	16.2981144041063	-3.88222205748333	20.2027535970693	15.6440131005415
SPARC TEK	-9.58707654854383	21.095175143585	16.1406882137591	-1.94101683678784	18.8706950534534	13.7269381919705	-5.9632181538992	21.0446356662776	16.1101557108042	-4.4052182590531	20.6618696775937	15.4848521820647
SPARC TF	-1.89820371056524	19.319848106917	14.3599407872869	-1.89089741057361	18.4699048320648	13.9340079478853	-4.44895433152185	19.7780779914864	15.7038282394335	-2.05184273094502	19.247376156337	14.6262196603039
SPARC TFF1	-2.81225784499691	19.950626563457	15.2023541018932	-2.28450036148184	19.1991583059275	14.507412028699	-4.44605522913771	19.9487297882572	15.7592110737417	-3.44335535753861	19.9309949744795	15.3870343225501
SPARC TFF2	-1.4479760678126	19.0031851717853	14.3086524115946	-1.30103816795138	18.1170567165438	13.2789216143456	-2.26581188015655	19.2295380103799	14.7882997643473	-1.68811983219268	18.9037390673529	14.1823586210035
SPARC TFF3	0.334940840496618	13.9414688166448	9.79010306160157	-0.188339558534036	16.0087935338752	11.7829050756335	0.120640195471985	15.2890790170619	11.1602354764225	0.0702259814392179	15.3534280624709	11.1377825086989
SPARC TFPI	-8.17278366260781	20.3609311063884	16.632394140345	-0.865624631615515	16.7975091378426	13.540399861468	-2.2707266198546	19.3681769363353	15.6189485698632	-3.5642921485537	19.1689564733882	15.6515122009549
SPARC TG	-5.74857442585043	20.4881403033326	16.5104654665913	-3.51992843153874	19.8741407069502	14.8742682337353	-9.13690967289045	20.8444292104785	16.4519828743976	-5.33465207703134	20.4042084456672	16.0622563174713
SPARC TGFB1	-1.5955909780508	18.9038176712116	14.2629013168525	-2.44625781667486	19.5728411155692	14.9898237075206	-2.26439609457807	19.6194773035574	15.3746087238659	-2.14568665186963	19.5843204958666	15.0160497633657
SPARC TGFB2	-2.35420228706394	18.7868762150595	14.4604093675725	-3.97282712278611	20.1926195513659	15.2618617791687	-5.82587247518208	20.517222752561	16.3821452245672	-3.37276594124669	20.0891247173651	15.3741729811016
SPARC TGFB3	-1.93255253050139	18.4498885765188	14.3246886879571	-0.975410987255889	17.8188298729597	13.4451699833902	-1.9476671337274	18.6256043662524	14.7984318287978	-1.8256309272555	18.4753313596144	14.5414346145721
SPARC TGFBI	-6.99154677117629	21.090317778903	16.3916204650131	-2.45878635224438	19.3517160192711	14.206282399092	-5.24577646376878	20.7034753157012	16.0626357863897	-4.89556808992875	20.6444424569786	15.6896708980869
SPARC TGFBR2	-4.07128209272771	19.5009515015127	15.5520859313917	-3.36438724042438	20.1902021696053	15.0385442573158	-8.96886297065012	21.0661805302505	16.7491459147349	-4.31265462368167	20.2968779338781	15.7195971479248
SPARC TGFBR3	-2.50691170078643	19.4848356162699	14.7421251926212	-4.41382564500057	20.4269396112239	15.1367175878144	-4.87611319255728	21.1515345258709	16.2941792065128	-4.00505418417323	20.3460051490036	15.5237225702012
SPARC TGM3	-2.95790857524499	19.8789456913434	14.7048848527349	-2.84156852873916	19.6543819952833	14.9850393552609	-8.17000941483386	21.3256540874247	16.9440332024778	-3.45409136429398	20.0200787872333	15.2783675665163
SPARC THBS1	-1.60621358998588	17.9993302913894	14.0997591857578	-1.82775198834953	19.0827721910362	14.6205645185133	-1.56278991475413	18.4284905708489	14.835614754112	-2.16042011222913	18.8507788647977	14.7141901561871
SPARC THBS2	-0.842055975844909	17.8768918479767	13.907722904886	-1.3186856986551	18.2019933979222	13.2125379190856	-1.47910361366277	19.0939090585417	14.3842348957255	-1.36544247081089	18.4401374809185	14.0636965417511
SPARC THBS4	-0.124980569995313	14.8638146704251	11.1070514110814	-0.417632250446905	16.9373070160485	12.9477597737382	-0.463701993292753	16.6549855608248	12.5821341013866	-0.283657307305244	16.2720684377903	12.3618325785352
SPARC THPO	-1.89299534629139	18.6188148971516	14.5241428209434	-3.01511960693771	19.1899447903371	14.3475865634679	-2.38542183931189	19.3127563386865	14.9894118710543	-3.47571685710499	19.4123049272187	15.1497031708476
SPARC TIE1	-10.7579112643133	21.5032240133997	16.4349967052377	-2.19900170121409	19.3332004250504	13.7770985666654	-9.75931851318543	20.8900920486078	16.3766982084338	-5.77675542600494	20.8843892554361	15.661970100869
SPARC TIMP1	0.068646762675256	14.8537615804275	11.2013136115179	-0.470288067117702	18.2063416302304	12.2682091323774	-0.138181383748931	16.9397480260503	12.0911887995618	-0.301009712246173	17.1016662809775	12.138405407455
SPARC TIMP2	-0.58113817249617	16.8697281008436	12.6133706185884	-1.32635878498468	18.4093609026376	13.8168807984713	-1.10149267763128	18.3751911553929	13.9972516205269	-0.980409120950785	18.0828854497921	13.4979909926091
SPARC TIMP3	-11.5176930385154	21.1188410520358	16.807700590464	-3.49902507410647	20.0800443107854	15.3193608685894	-7.9292065723005	21.0346075408104	16.6239944264845	-7.00262544190091	20.8351923358833	16.3194698287091
SPARC TK1	-8.66497825138629	20.6880812738449	16.2805550037617	-2.39433843945894	19.252334942434	13.911357856704	-9.93608494752839	20.9650481907351	16.392788062816	-6.05662297742219	20.5822980581891	15.6899994246784
SPARC TKT	-4.76632531168896	19.9566686865826	15.1026072990004	-3.35583527017967	20.2018611628498	14.9678141117843	-9.57546390018399	21.2135746103224	16.6068867250398	-5.23499570512795	20.6121099155382	15.6825034006526
SPARC TLR2	-3.45366867104795	20.1021168766987	15.3711602621196	-4.7197985597841	19.7002777471021	14.5752125678775	-11.6045663823684	20.8254928761522	16.3879676896599	-4.65153554818795	20.3979800254929	15.550322174393
SPARC TLR4	-21.7899944761312	21.9747368728087	17.0647653718122	-3.99497221150821	20.2371834633342	14.9707846515296	-14.2870319646259	21.7028040991602	17.0307121209279	-8.27474012789266	21.4049090640051	16.3525440171986
SPARC TLR4.LY96	-7.03819577737003	21.863918819676	16.5565096160306	-1.62303935036565	18.3641125236111	13.1670212842668	-3.30490728058189	20.6794173790353	15.6902746149451	-4.25192988606834	20.411737739517	15.2908330220293
SPARC TMPRSS15	-0.882137226178644	17.9418579739752	14.2648895258096	-1.6127365578327	18.1034395317138	13.5370959562737	-2.18418964779473	19.1580476806699	15.3623895526134	-1.38304896039504	18.6607720320556	14.631061900173
SPARC TNC	-5.79296028571337	20.9340771132533	15.3669348259973	-2.58367049640265	19.9620556547072	14.6092362475036	-8.16454357692508	21.3186805117643	16.8582579364306	-4.35466548912394	20.8603530540051	15.4919162924689
SPARC TNF	0.0413435762839278	15.2039173809747	11.9864187017494	-2.38705896164104	18.3938323157922	14.2622569094191	-1.00645130469708	17.8861629080803	14.3072130052312	-0.770502282735942	17.3469952752359	13.5983302690425
SPARC TNFAIP6	-0.507631468677677	16.8406064227704	12.7008616571949	-1.81415245702234	19.4867555568742	14.2363634674856	-1.96979569386413	19.8463905702253	14.9843048199185	-1.21354763827862	18.5368690192512	13.8277892581962
SPARC TNFRSF10A	-2.16116756489499	20.3855840134157	15.322572038496	-3.18985678217755	19.796970289365	14.8912104421087	-7.11483811238144	20.467529307925	16.2050927211931	-4.37081575868421	20.3416476349428	15.8165539552571
SPARC TNFRSF10B	-0.779073009258058	18.5243265296628	13.8106898067424	-4.25988188822487	19.8688675725306	15.3815773841583	-1.98249638694187	19.5254492616619	15.4436362580499	-1.82949454354431	19.4072829428252	14.9394105491994
SPARC TNFRSF10D	-0.551267359949919	17.8401608981232	13.5064629876182	-1.11107888537957	17.9038795924626	14.2753234265903	-0.952520198530678	18.370790468373	14.7933796384558	-1.09628385710271	18.3293107134067	14.3508001707954
SPARC TNFRSF11A	-1.65893205977863	19.8631465914421	15.084176785051	-1.57831272454599	18.2094089742912	14.0914748363623	-2.24943166906681	19.3340267544939	15.6373308637497	-1.70997253753582	19.4326944053758	14.9430307027272
SPARC TNFRSF11B	-15.8309957213142	21.7917313458411	16.8400189920246	-2.8365179484156	19.5421364759528	14.8278104460792	-16.6991791079722	21.3552658428261	17.025236175358	-6.34937813377805	21.0183722470174	16.1208049000987
SPARC TNFRSF12A	-3.21460124121994	19.3950794319154	15.0828603851677	-4.04442140378499	20.6304494062924	15.1841413473484	-4.98435587044077	20.5939583948796	15.986393175233	-4.72523592035903	20.2821736218801	15.4737361260264
SPARC TNFRSF13B	-0.486200790063625	17.656265698164	13.1579423290474	-1.2576735943718	17.6547165123756	13.5386674528174	-1.17743975579398	17.9588186981792	14.3925740065813	-0.961817174306605	18.0094609138108	13.780481201067
SPARC TNFRSF13C	-2.08795231282631	19.237769185798	14.3132218734021	-2.20179135885343	18.8227009787366	14.2432350603312	-2.90512081611878	19.3447093178485	14.9222002444841	-2.44623359673002	19.2798413686526	14.7414211685647
SPARC TNFRSF14	-1.38992007257736	19.5889478739002	14.7294613331566	-2.00059082752598	18.7781962080138	14.5615416062457	-2.87854819843999	19.5721248868792	15.7018745411573	-1.90368325256506	19.4676376034354	15.0795015667892
SPARC TNFRSF17	-1.35294378219873	19.2158886965791	15.3217798626367	-1.89064810237531	18.922989792357	13.9278425807844	-2.66680422124643	19.9593708975705	15.4982784790072	-1.86566275761239	19.419202205184	15.1298386015579
SPARC TNFRSF18	-1.21735291244631	17.4841408741988	13.4429396796123	-4.95977986433206	20.2321886395155	15.0879481973986	-3.47162341228585	19.9546618354772	15.4217941943193	-2.94958649077554	19.2785674173857	14.6994246506446
SPARC TNFRSF19	0.187078783444997	14.2461016004261	10.1638927826018	-0.616646280800983	16.7240588293873	12.5796929487852	-0.158447949805854	16.264037380405	11.9349918056956	-0.145634544348799	15.8513517883676	11.6724065189726
SPARC TNFRSF1A	0.482190854256154	12.5305592560697	9.25873336997726	-0.0543211007356581	15.1176121558833	10.4783388662205	0.178184020133927	14.5020650911365	10.7220360466418	0.24464290885247	14.12627558052	10.2835048704916
SPARC TNFRSF1B	-0.00334597100130329	15.4567273608114	11.4181526763892	-0.0908867390808654	15.3858241704013	11.1270352805108	-0.090393562723359	15.7451250950546	11.6890883158037	-0.0498721316199486	15.65652403027	11.5102140764257
SPARC TNFRSF21	-0.772612206042192	18.1404506067323	13.4263742487135	-2.56079637728885	19.7634125283462	14.9589683135498	-2.25025089181052	19.4392444794826	15.3111523790979	-1.50616582181411	19.0736722079648	14.4531373033725
SPARC TNFRSF4	0.105243672911807	15.6922326189559	11.7591917972007	-0.0992717682967101	15.9061199060871	12.5141447213283	-0.157195322508363	16.5659682854521	12.8539637394164	-0.0995290787667722	16.2059819231499	12.5895430012301
SPARC TNFRSF6B	-0.846976175333199	17.7327143044307	13.7286903592983	-4.58251477852025	20.0010881458579	15.412611790104	-2.08570575068499	19.4130791473771	15.3706535390437	-2.07092455527544	19.1584481691892	14.9814918782591
SPARC TNFRSF8	-2.64577727074015	21.2747819293158	15.2735201246987	-0.216121214270388	15.4388345982259	11.5710068668497	-1.350334123495	19.3190569706244	13.9962565919331	-1.22709110018117	18.8543233047679	13.6107451474613
SPARC TNFRSF9	-1.03970521439854	18.5874094618944	14.2639482389388	-0.238548912665109	15.7573218570808	11.7258335445486	-0.661471376921184	17.782778963092	13.6219196101032	-0.669160529051422	17.4123255194295	13.2125344654066
SPARC TNFSF11	-8.04935169050229	20.8589675992885	15.9133006185904	-2.03750127014378	18.9501943414846	14.0734689769359	-5.01960164078433	20.6404442058649	16.2427733428826	-4.48693406122401	20.236396516275	15.3495757637056
SPARC TNFSF12	-3.17446343540689	19.5535209657225	14.816354264796	-3.17591553006877	20.2491256056355	15.4634698476679	-6.4721971105927	20.5341188891962	16.1501358179856	-4.01402571885502	20.2118266332822	15.5457521381075
SPARC TNFSF13B	-10.3478415193998	22.0395476348235	16.7449432859542	-3.32818705812138	19.4387864104984	14.2093622064987	-16.6670526587434	21.3223935796865	16.8606630569425	-6.94066466087125	20.931589307338	15.8786498693577
SPARC TNFSF14	-5.05151534032648	20.7467381714325	16.4560107201291	-3.99494420547614	20.329797079577	15.361858111244	-11.6078540327069	20.969134147121	16.6134529328989	-7.11978576195419	20.8371175892585	16.2584591832126
SPARC TNFSF15	-1.9887863161438	19.6705004430899	14.4277721872534	-0.94599741114432	17.5189163427685	12.3210458759344	-1.52062362684409	18.9853408814645	14.0392204696584	-1.66322863122531	18.8364752752587	13.7333371409649
SPARC TNFSF18	-6.23390460947376	20.3499272426754	15.4767051963702	-4.46695360284279	20.3932973977267	14.9730706187251	-7.17675277806987	20.9317086090953	16.3352617481956	-6.07846773334322	21.0296544973931	15.7603726459468
SPARC TNFSF4	-12.4738589118501	21.2397440591981	16.448090391132	-4.04180069944884	19.9494984959935	15.2056762391986	-18.7861493764466	21.2670858170954	16.9250785267526	-7.49154172840478	21.0336443696032	16.3103084145284
SPARC TNFSF8	-3.38055065011482	19.5099249753681	15.6331012390445	-2.13074111845771	18.7158241022927	13.9076405411618	-3.38004552102201	19.7030139166517	15.421522651222	-2.76326274329255	19.521919521618	15.1322688237512
SPARC TNFSF9	-3.88853205142469	20.2432301112699	15.5136823696002	-2.5878510405662	19.1549399741811	14.1142763421129	-6.16401562262795	20.1721493486324	15.7022637346039	-4.77934864304134	20.1755179393984	15.5816520386165
SPARC TNNI2	-18.6447240781825	21.3547964466844	16.739552210043	-6.20488341509318	20.5254123860539	15.1974047975463	-16.7230001681668	21.5001628757496	16.9922481374444	-10.1996277172047	21.3694512488156	16.368499040002
SPARC TNNI3	-0.947907717566454	18.5507852625048	14.0117734344353	-2.05811837230345	19.0034842673545	14.5158152066354	-1.66388210357854	19.077601362659	14.8291963128471	-1.4615161986304	18.9863357417843	14.5688731195437
SPARC TNNT2	-0.255846281480124	17.0309904989839	11.8768283986777	-0.299861088805339	15.0075931120765	11.3932332189793	-0.375766976864354	16.9700661854839	12.4603975874973	-0.308878630376588	16.2376054778263	11.9791914637763
SPARC TOP1	-7.41992899693726	20.5062271988296	15.4177827436575	-4.34500063117635	20.1052060959769	15.0247428571399	-5.72614771592618	20.5407606220655	15.8150953712567	-5.3734666981192	20.7198308775647	15.5914731111453
SPARC TP53	-2.69443233311888	19.5253960310054	15.112086513283	-4.31557651538143	19.9555776559816	14.8706494490334	-15.7873824495463	21.385875993051	16.9350700380663	-5.40377953009713	20.0621544885185	15.5626353166841
SPARC TPI1	-4.29366934506531	20.2339445006955	15.2233830491213	-3.09798659587493	19.8527581318484	14.8008717911304	-10.4997397749567	21.0450010736639	16.5715558422	-4.74460788611835	20.45233008688	15.5962378025507
SPARC TPM1	-3.6377940516187	19.3492608008521	14.6165429665935	-2.93336125868061	19.3569989041921	14.5503015119948	-4.52462366735803	19.9069047796944	15.4066519610234	-4.26741735324966	19.7798015306386	15.004301579634
SPARC TPM2	-17.3179519549914	21.5109811236598	16.8104304442577	-3.03708704686097	19.9927538739306	14.9043563793181	-10.3317993772038	21.1598768731616	16.7828396195593	-7.56603621757179	20.9598119972258	16.2105160065924
SPARC TPM4	-4.27250307156854	20.3170040685972	15.7481270444118	-2.59614377136019	19.2030443239245	14.3512690846414	-4.55168410499883	20.3579674584133	15.9891916984013	-4.26917904768714	20.1724978913983	15.5593638209028
SPARC TPO	-11.7228197698641	21.136510255653	16.3619594724597	-3.39850868879337	20.0267383997303	15.504307701294	-10.1645582154611	21.0155239451191	16.8902942431079	-6.42118090628419	20.9981444057976	16.4235900235172
SPARC TPSB2	-2.78357555794942	18.8694202551887	14.7225387114462	-2.82591399608887	19.0925829840893	14.0221629034446	-4.60248043301371	20.3007086138356	15.8836772172712	-4.20079889262377	19.5489078802392	14.9932542777009
SPARC TPSG1	-5.02624910577228	20.4231686285767	15.8107926320169	-4.4178901344044	20.3116652019628	15.2777651360449	-10.8004919658031	20.9681129014537	16.5139584665143	-5.9939843032977	20.8393778542226	15.9736706688558
SPARC TPT1	-7.56893760371751	20.8446872329727	16.3733426976822	-2.94739859606318	20.0739403513756	14.7068359940965	-5.60173229032542	21.4036152501081	16.5878714459254	-5.59801194544045	20.8532039578715	15.9122664934161
SPARC TSLP	-3.39260702051084	20.8878854671568	15.5723507188821	-1.99394513127605	18.9454768799023	14.1522196729753	-3.18022878626758	20.1613054675016	15.7339430558887	-2.63076489118519	20.2578982183189	15.1131556120764
SPARC TXNDC12	-6.38690225859751	21.5207154515345	16.2694545093044	-2.33626622112608	18.8279085138834	14.2641178732739	-10.214062123088	20.6468182991217	16.2892974517724	-4.50519024086683	20.4680127699	15.6448169934525
SPARC TYK2	-4.50733201428505	20.1633768478084	15.3749302994049	-3.00403012615977	18.4868326409946	14.0565901473333	-5.4876438916939	20.3357036726067	15.8996818306368	-5.04596604628509	19.7595762646398	15.3438714475542
SPARC TYMS	-3.73707557490285	20.7382699538119	15.8370578536945	-3.54384395495565	20.0591560603137	14.8708848552857	-15.8695597255472	21.3386507735101	16.8556727432007	-4.34638457490424	20.5872139446102	15.5302830081035
SPARC TYRO3	-1.52834464376368	18.886923190256	14.1615968230383	-3.24394772460311	19.7117236059124	15.0991877758243	-3.9034445318161	20.3466498674307	15.9727489415251	-2.74771179295117	19.5708186210948	15.0174431471665
SPARC UBB	-13.7837680166768	20.9283369703011	16.5374583405409	-4.32237108469273	20.0611574007854	14.9348644184882	-14.4799105097664	21.1036011326687	16.5783674905721	-9.05737350332093	20.9870659610044	16.3155408836851
SPARC UBC	-1.82929627129864	19.1671927711916	14.2358183431836	-1.95600821520466	18.9415140568645	13.730292936944	-2.17181188643912	19.439572324724	15.0611572761744	-2.11930685796311	19.3237248163781	14.2943752064145
SPARC UBE2G2	-3.16635402930142	19.6469974367391	15.1011156639962	-2.54924545293314	18.9500016689618	14.3133838305243	-4.68210818504001	20.4906707207035	16.1899599470502	-3.69409157964866	19.6195254834401	15.1748066042994
SPARC UBE2I	-3.92375693653267	20.4209552130889	15.6708769899495	-2.43156834517815	19.3561863010501	14.1929406335293	-6.20316013036621	20.7630363591356	16.3792275745209	-4.34423220005346	20.626902117261	15.5620091480052
SPARC UBE2L3	-6.06880993582365	20.4886092386354	15.9100481297572	-2.72667123274938	19.6446970576376	14.7554226446429	-10.8094494285415	21.0784023479813	16.6536787702621	-5.44655835358356	20.6724134879699	15.9319566327498
SPARC UBE2N	-3.71283746567876	18.8090832309114	14.4601331741447	-2.95796507781976	20.3983265381762	14.9790790367088	-8.11937411968991	21.2786626699047	16.4560965177184	-5.32234603957372	20.4195283867454	15.651473237538
SPARC UCHL1	-12.8565012336506	21.0486064185517	16.5995378927751	-3.92265252402424	20.220952499856	14.8770467690555	-11.7651788706128	21.0791049605128	16.7378373452679	-7.22910662409498	20.9152266823603	16.1396841797066
SPARC UFC1	-3.65601310529896	19.6484913826151	15.4721532193977	-3.15635033914666	20.0813818112023	14.6667351869205	-6.28464615324036	20.729103262857	16.4262100195119	-5.08419063706248	20.4196109317679	15.7046292142641
SPARC UFM1	-1.15835400095165	18.2178605858208	13.9557311198701	-2.24783283408699	19.3224199867792	13.9913269749237	-2.66966849313785	19.3858648070262	15.1551159047369	-2.27751099516282	19.2157592881406	14.4147891808119
SPARC ULBP1	-7.12867037073727	20.262082980068	15.833067693403	-4.25952258676494	20.243599665691	15.1706518096056	-11.5820778495602	21.0037281465198	16.4947130750017	-6.73472574648798	20.6101837634493	15.8618999804039
SPARC ULBP2	-6.81669745979673	20.7386536676947	16.2953223841017	-3.68533894057285	18.9540754825213	14.6217145401328	-8.03425475407663	20.7515728211987	16.5918704170175	-6.25314279777179	20.717176082198	16.1896919581924
SPARC ULBP3	-4.07760020624034	20.4724582802697	15.6185881413706	-1.42938829005313	18.4266930837656	14.0740554324844	-2.60346915660853	19.8280572198076	15.5849469329956	-3.42281242370266	19.9435971346848	15.4128087707935
SPARC UNC5C	-0.144030984404068	15.9621496085412	12.5718705778049	-0.245682195261276	15.2978633925083	10.9193346581107	-0.223257474576372	16.1569660387693	12.5044508213475	-0.190367456260679	15.9996598903298	12.1583576443334
SPARC UNC5D	-3.31857655669693	19.4784811444718	14.7912208453342	-4.15640051612384	20.1173723144381	15.0818298188664	-5.00917047229574	21.1027168228113	16.1309117054387	-4.97536150034272	20.2593910302925	15.377512892211
SPARC USP25	-6.17542395354931	20.4149337021358	15.7265944309434	-3.51428215276073	19.9194943495717	14.5422107894348	-14.1842492754452	21.3846450915601	16.7338462111488	-6.13707363552272	20.6167007943523	15.6958126758633
SPARC VAV1	-4.76756248143371	20.0772088049253	15.9604376578452	-1.79338910058452	19.0459635365444	13.9187354011179	-4.97499055051456	20.8703292511982	16.309399247663	-3.75547455666424	20.0089654714465	15.5411307237357
SPARC VCAM1	-0.56281838925667	17.7942697489377	13.3520953820386	-1.26352780245297	17.9947386223352	13.427566621991	-1.03869403862637	18.2595013350106	14.035615782957	-0.908553245612918	18.101807936443	13.7187358129172
SPARC VEGFA	-0.173789320513098	15.7943936427789	12.1883095173149	-0.159651167905639	15.250671256208	11.6242990455858	-0.206499920517096	15.9619569567361	12.3962855196782	-0.229651824548012	15.8140370864788	12.2056079974425
SPARC VEGFA.1	-12.953433311315	21.7776516287197	16.6958235609223	-4.32850120758109	19.9744483261529	14.9774634513505	-9.67471757414992	21.0176230702742	16.65912097591	-7.61998510192704	21.0100499378286	16.177168082445
SPARC VEGFC	-1.63850714417787	19.2880380820128	13.4259475415304	-0.517062166589517	17.6857054032865	12.5208469952924	-1.11260481670924	18.782662152162	13.7630777744518	-1.00066895929037	18.9662462222367	13.299766186227
SPARC VIP	-6.92241875822877	21.2824167958858	16.2844653025133	-1.34329873502973	19.0410430898408	14.1816438639868	-4.51119593943178	20.6516015769359	16.1610898658139	-3.09177957270038	20.3406669155622	15.432139573641
SPARC VTA1	-5.80108237720293	21.1544498667497	15.8753563958285	-2.80964592953358	20.3055600172944	14.8272268122908	-10.1893808750249	21.4232878630916	16.8425733557117	-5.07783629010974	20.9321713163767	15.8137701903348
SPARC VTN	-2.96189854228362	20.1343869770244	14.4803383697325	-2.19558539925269	18.4948515907856	13.8015922129457	-2.60898306449532	19.5908335102806	14.7289408815726	-2.82645453850373	19.638092971117	14.5174126375839
SPARC VWF	-8.81918974559334	21.666670208702	16.3905743585342	-4.63656983715193	20.5150328073697	15.3010746162695	-10.7680663136377	21.6307151535711	16.5702076733222	-7.05057429048965	21.2837426856835	16.2131638980434
SPARC WFIKKN1	-3.50774357481257	20.0728337735178	15.2537685068561	-1.45089684431298	18.8389133100066	13.8942659001172	-2.36891948136675	20.4015993226739	15.5242486256851	-2.62316870362143	20.040938594019	15.0942666175363
SPARC WFIKKN2	-10.4030089988684	21.6350070970316	16.4087445705322	-4.05625568182443	19.953309327656	15.0936733548908	-19.1661133570691	21.4944769102785	16.994916035664	-8.99252815154863	21.1769220654242	16.1812827002542
SPARC WIF1	-4.04630090922641	20.3921183874854	15.8451622048411	-3.74148949242894	20.456189215686	15.0470717227065	-11.3127074112582	21.1289155629723	16.805974134144	-4.41837597265968	20.5498074546233	15.7226389823184
SPARC WISP1	-3.77471653848148	20.389731559739	15.052985847868	-1.63138619961139	18.4973652017058	13.9985439541968	-2.59929926056922	20.0824073434122	15.2108936093485	-2.66014939389809	19.8149771826628	14.9023551298576
SPARC WISP3	-2.7770692512477	18.7533260423973	14.8876742813439	-4.85914809807273	20.0536921615585	15.0059665418749	-6.88648208793965	20.1264648689809	16.0283599335471	-4.30515656556718	19.7251524160573	15.2884617550957
SPARC WNK3	-4.92814463640367	19.7513351402414	14.8433361321959	-3.79559116189598	19.898670305519	15.1093142955548	-8.04332194681332	20.7977769037749	16.6449700286109	-5.13152779455542	20.298498250148	15.5550596179196
SPARC WNT7A	-7.71231024778267	20.8401073855981	16.1995939029755	-3.9947679593761	19.9252321147063	14.7894741378606	-14.7203504173535	21.4633356918756	16.93478784697	-6.34197882292077	20.7651647147623	15.9116366423577
SPARC XCL1	-1.88220544659201	19.3319364646573	14.7360766627117	-2.54429743921249	19.6732813441323	14.7914013451191	-3.88368091084919	20.0112503304039	15.8449300308356	-2.71925977147899	19.8289240873172	15.1897625026303
SPARC XPNPEP1	-1.11905284896363	18.1872030382178	13.4331230273487	-3.01138218984785	19.4543398469963	14.5413846995357	-2.24822621833757	19.2930658136415	14.6082395746292	-2.14535760368649	19.3414270369392	14.5746981235241
SPARC XRCC6	-8.91836701219028	21.2203906113842	16.008281946854	-2.36283630194712	20.3072250921891	14.591035644075	-6.54959170757218	21.2847300358199	16.590553198823	-4.6427472086251	21.0724240242538	15.6749577811882
SPARC YES1	-4.80123712761276	20.4543445241431	15.7738747756534	-1.31845859875191	18.0168481487298	13.2777885554027	-2.58328261270022	19.6806905178841	15.1227293306967	-2.99338846824495	19.4887577719273	14.8644295801532
SPARC YWHAB	-13.2065278580393	21.5059196658199	16.9082971679288	-2.70855222122001	20.0666183353015	14.611667919613	-11.7564686643539	21.5246526612919	16.764884032032	-6.59563825648141	20.995396908155	16.0950544039291
SPARC YWHAB.YWHAE.YWHAG.YWHAH.YWHAQ.YWHAZ.SFN	-15.8057597261564	21.3116115716865	16.9182216417824	-2.7301410404546	19.7915437043166	14.6913776021645	-8.47184992191669	21.2351517047973	16.8611350398891	-6.73214076255846	21.0277673263678	16.1672904018274
SPARC YWHAE	-8.55824936815192	20.8370141696948	16.1173921136635	-3.16226238983508	19.0868836989786	14.2859807409741	-5.27058058100048	20.6301110331417	16.1726601180653	-5.32540769623674	20.305809026987	15.5330094605408
SPARC YWHAQ	-9.66086455505383	20.8896273681311	16.3621605389574	-5.42011956122037	20.3683539626058	15.2741235271682	-18.6650957178255	21.4327175829667	17.0644578173071	-8.31644366237831	20.9622048247286	16.2630173831498
SPARC YWHAZ	-4.02794475239209	20.7292159517467	16.2642218647495	-3.28712055730084	19.2016956690826	14.3504384909121	-7.13178992026331	20.623834454483	16.199559738432	-5.07838504093282	20.3007077514596	15.7252852846158
SPARC ZAP70	-6.77176619375851	20.8916984940992	16.3540273797244	-2.65729873104506	19.6435114814232	14.6041616349366	-5.93335170600171	20.877656655494	16.4012785582655	-4.91241755019492	20.5487077641208	15.7537502491753
SPARC ZNRF3	-6.48817214381462	20.5385750382649	16.2061660883492	-2.24272903068297	18.9157966476636	14.1111120392033	-5.5827572954554	20.325351800812	16.0322820389805	-4.18176192386464	20.036031023045	15.5553813733963
