protein_name	r2_male	rmse_male	mae_male	r2_female	rmse_female	mae_female	r2_all	rmse_all	mae_all	r2_all_sex_adjust	rmse_all_sex_adjust	mae_all_sex_adjust
TACSTD2 TAGLN2	-5.72414004114747	19.8333893258151	15.8297261719334	-5.14356429974064	20.4487477280139	15.4984407323715	-7.03118567317854	20.4471696447453	16.3552889573082	-5.28309634066967	20.363044862451	15.9731621924442
TACSTD2 TBK1	-5.15761824428798	20.0597690105405	15.9599030643299	-3.42043939009131	20.2233434763544	15.8434980101137	-5.5747900902039	20.1884118389975	16.0871037624435	-4.44916045191504	20.2845995338933	16.0989438950212
TACSTD2 TBP	-4.01864525011535	19.6704813248273	16.014010368998	-4.92197156594521	20.6479902786861	15.9357573105111	-9.99523443097324	20.5843993478313	16.5068612240585	-4.69429591726244	20.5174559578038	16.2763757936309
TACSTD2 TDGF1	-10.957831955231	20.2335166529753	16.1263193161264	-4.85044015075941	20.5718243304058	15.8629696889278	-10.1607324947958	20.8089935290679	16.5221344171025	-7.23308549702351	20.6662956937313	16.3910684229859
TACSTD2 TEC	-2.68698222173422	19.0428271993287	14.8070286936693	-3.87713508217671	20.1227141850057	15.1162740996089	-4.28534565627011	20.0391684557683	15.8304841062624	-4.90614864470529	19.9201729902707	15.5754540803128
TACSTD2 TEK	-4.50414371455114	19.8737393331179	15.8351097285337	-2.75682237014767	20.0628023363635	14.9884956818008	-3.3412609665041	20.1323766197697	15.4792411395825	-3.66617527319596	20.1386530179823	15.6408457424486
TACSTD2 TF	-1.71500694844933	18.8637978162038	14.546961349251	-2.64134417447274	18.8671279133352	14.658954074839	-2.37903417090949	19.297980049384	15.1725158199379	-2.14714422259304	19.0227150319844	14.9416947784187
TACSTD2 TFF1	-4.43327605658354	19.8457673407379	15.7426177167072	-2.10349678848651	18.8321576109792	13.7737039076088	-2.43206834732092	19.5590652819314	14.9724558972419	-3.16745804741658	19.5432503876024	15.0371129112098
TACSTD2 TFF2	-1.42260743228227	18.6579355281459	14.4727546614613	-1.24615018466128	18.4031103060182	13.7693617276181	-1.09975992288741	18.7014582800342	14.5518412548404	-1.3164552279909	18.5275918013725	14.2714955466898
TACSTD2 TFF3	0.319389666572391	14.1631745732698	10.3337142934557	-0.212530466865239	16.9105530750431	12.649845419183	0.105481213519067	15.7130178994048	11.6488611332321	0.0519667304347324	15.708848149474	11.7584225563937
TACSTD2 TFPI	-3.79211455488492	19.8901237320536	15.8759097693399	-0.94177094652261	17.1959644459708	13.5353598664513	-2.23023663297504	19.0503228351926	15.3984208357912	-2.30748809102903	18.8485295848263	15.2136208090011
TACSTD2 TG	-3.32471189289255	19.265026509944	15.7844437135317	-4.76059292850498	20.5046314665281	15.710921515794	-5.47268964810167	20.2112076432396	16.3323605890936	-5.03034237564971	20.2937933718861	16.1015622263784
TACSTD2 TGFB1	-1.69181936662503	18.9154577814734	14.9250339934643	-3.25784730691355	19.8537747910682	15.3724035979127	-3.02147522779668	19.7219953448005	15.6643885583597	-3.17049043276852	19.7125802969455	15.7151347329597
TACSTD2 TGFB2	-2.1310484349896	18.7498172400879	15.149581195823	-6.0375411538163	20.6553718110123	15.9273945095576	-5.22319590881476	20.4555630075113	16.3028374379813	-3.57345933153857	19.9435156000916	15.7851323856449
TACSTD2 TGFB3	-1.73327813292322	18.3199888526678	14.9451889047425	-0.925488186894552	18.4614245428301	14.231537607292	-1.6473745603901	18.8630177780691	15.2600196140539	-1.89523442597112	18.8098083944259	15.1575957569254
TACSTD2 TGFBI	-4.82366384620624	20.5791388556894	16.0745346363782	-3.73714943488969	19.9919724959422	15.1957934212925	-3.67768725926189	20.2372915458571	15.9761598130851	-4.66968776383796	20.3508681764639	15.9541909610329
TACSTD2 TGFBR2	-1.03176861839822	17.9086763027978	14.6172747982918	-3.90887054608271	20.0665944845352	15.3295985761599	-5.56516835432355	20.0227142954337	16.1253931366765	-2.55292466814327	19.4548897233769	15.4011955007191
TACSTD2 TGFBR3	-3.66300232031293	18.9960032538525	15.0818266940343	-3.12704651205254	20.3070498162672	15.4166997677547	-3.54713179632822	20.2818205282193	15.8616236912332	-4.19770762271803	19.94135392132	15.7226940723569
TACSTD2 TGM3	-1.36064102046036	19.2436149715271	15.0536921102311	-4.71465061312689	19.9950153331464	15.1885279209095	-2.93160569278223	20.1177548791686	16.0631133307858	-3.05025029214488	19.7323030899905	15.429602012084
TACSTD2 THBS1	-7.39439524899871	20.3499045520917	16.3161198581434	-2.22656628496303	19.9211844080424	14.5767874825385	-3.42278658583589	20.3503048005105	16.134543903084	-3.84144850442132	20.3097991695909	15.7688451742106
TACSTD2 THBS2	-0.599683090566606	17.0402791484386	13.7176932873457	-1.52924527516636	18.9454364108469	14.129157163825	-1.16689682876804	18.6966812544034	14.6069185603987	-1.18211429259242	18.2187006281024	14.2012326784186
TACSTD2 THBS4	0.127834885421312	15.003363813816	11.5944850242124	-1.1446935438324	17.7388172566507	13.2674737782646	-0.506024349969973	16.7828293650246	12.9316140944361	-0.4875877444656	16.6237207245793	12.7352044247984
TACSTD2 THPO	-7.91056550304195	20.0319790376045	16.3432472486325	-3.23412960324493	19.5664864544025	14.7845567490333	-5.47188409849474	20.0253814416976	16.1393837516627	-5.3095090393287	20.0003423099688	15.8736230116884
TACSTD2 TIE1	-6.46949817315225	20.6127997425302	16.3465712768295	-3.71256549072119	20.4730837266125	15.0213392968719	-6.95846454734722	20.5840160002743	16.2724603046268	-4.66860375475526	20.7616372712949	15.8849063984737
TACSTD2 TIMP1	0.163956093121348	14.4583639504755	11.6440046881636	-0.48321344450205	18.1586237113157	12.1382614244223	-0.0763937549542666	16.6608254287987	12.3268751531426	-0.164910442377759	17.0080213311289	12.3429991713686
TACSTD2 TIMP2	-0.90205215808862	17.2114249621139	13.6870598490145	-1.69045967072503	18.9486321363812	14.0784370679289	-1.59369920628084	18.8727848968455	14.4297827730087	-1.47522674612509	18.5119966497622	14.236524742239
TACSTD2 TIMP3	-5.02893993660985	20.0502909062985	16.0916214119837	-2.58240351958265	19.7890092699497	14.6232724243036	-3.73695429359081	20.0879281600225	15.9685851341	-4.44223978547355	20.1274361242217	15.6697720302909
TACSTD2 TK1	-7.12004621107542	20.2056443430349	16.1608249539242	-5.55239955696398	20.6956479320811	15.7304073242289	-8.37933088782892	20.7880902522812	16.5544515422709	-6.71047094396251	20.7440002110487	16.3249145737891
TACSTD2 TKT	-4.25691641347513	19.1681866621861	14.9201224355315	-2.29860937144082	20.0489544807253	15.0513835279409	-4.11706779700939	20.0327917816421	15.5977562356709	-3.90774074127193	20.0154134072814	15.4369094195962
TACSTD2 TLR2	-3.57388995399447	19.9126176302848	15.7604196710011	-6.43342963696272	20.269107884686	15.4906989463226	-7.58349532860171	20.4979826682415	16.4173270651643	-5.40571493299375	20.3588346819049	16.0756222615666
TACSTD2 TLR4	-10.053963825955	20.5815766776516	16.4996006900235	-3.15133386241347	20.3505865208964	15.3692445053601	-7.70344181739871	20.9709219057347	16.5825650532706	-6.15459513009866	20.8621690183972	16.3738323006591
TACSTD2 TLR4.LY96	-6.90989524723351	20.7086180334059	16.5642914328299	-2.65301739714285	19.4823654352157	14.9108547505522	-4.87249612011249	20.4839165047643	16.2341692746611	-4.26807227868183	20.3661742727431	15.9367203504149
TACSTD2 TMPRSS15	-1.45234871678637	18.7288258669214	14.8697796828109	-2.10101610577673	19.2512924190587	14.9505687522107	-2.2806505226096	19.723759810711	15.5419495649512	-2.14625232338901	19.1569751699957	15.3076295201775
TACSTD2 TNC	-3.25098740060334	19.4903483048385	15.1042035533073	-2.96307962122598	20.3999793712469	14.9124580533675	-3.90357691671378	20.2668998652068	15.7899234857723	-4.20824462837869	20.0748139197485	15.5042635329801
TACSTD2 TNF	0.0341237022416415	15.4387979482365	12.3047711873006	-1.69352780003041	18.7539844938576	14.8348992767064	-0.904938938735969	18.0318202111588	14.1730599056781	-0.642950040544743	17.3667621085674	13.8161674857073
TACSTD2 TNFAIP6	-0.209242449682855	16.487339006576	12.571725724798	-2.31181748205573	19.1033202972409	14.9591800200149	-1.25070953908488	18.7372391388676	14.5263780487799	-1.10028119065927	18.2030220930063	14.223753462481
TACSTD2 TNFRSF10A	-2.91643093909947	19.7864168827701	15.5425896759752	-5.80083064473556	20.1225978488825	15.8961030558314	-5.22039111055542	19.9411402245804	15.8953987125461	-6.66091332933007	20.303552723655	16.3124838450613
TACSTD2 TNFRSF10B	-0.967976172239283	19.1150186227612	14.6317040398893	-3.09711432912253	19.6239634377519	15.4330816582942	-2.86458022118312	19.2614713278638	15.4433740301113	-2.1616779202941	19.4370614680316	15.3136333487366
TACSTD2 TNFRSF10D	-1.10614015950932	18.2583464574764	14.6383318155363	-3.01894536151018	18.4878495726282	15.4611136864854	-1.21448728138041	18.4782018374725	15.137697379138	-1.76757583805789	18.6531499078334	15.381413666615
TACSTD2 TNFRSF11A	-3.15861592892255	19.4546606644265	15.6619309328466	-1.56368976296336	18.0237829081776	14.378944996931	-2.49061328437147	19.0691955150006	15.4830427692012	-2.66478383888833	19.0825947530435	15.5610513261196
TACSTD2 TNFRSF11B	-8.44283547228218	20.5935429820505	16.4744056383102	-4.00904175834522	19.8987256385988	15.4125911002552	-8.62697456371608	20.3780328388038	16.1990360116888	-6.25214868749258	20.4383324393615	16.1844011277869
TACSTD2 TNFRSF12A	-3.00668753968397	18.8602348082441	15.0125229343283	-4.43167103665659	21.0617549248362	15.569568986993	-4.04709864339117	20.2694488438144	15.5708152740465	-4.39715275048741	20.1163026395962	15.6440852110064
TACSTD2 TNFRSF13B	-0.606299070533193	17.2225600655248	13.7559623878462	-1.3641692512702	18.4770826662826	13.9831449742221	-1.52936824639462	18.2360415925632	14.4801621357611	-1.15706890614687	18.1330112605053	14.2896561168286
TACSTD2 TNFRSF13C	-1.20137956599242	18.1610157731156	13.8925993823483	-1.27885287074875	17.8718929747882	13.8417465804711	-1.38805681818334	18.3949172316384	14.469741583091	-1.60378793018938	18.6157495117047	14.3779971909912
TACSTD2 TNFRSF14	-2.60518966843065	19.240980378599	15.2597450441392	-2.0735330441957	19.4608534562756	14.9889950713406	-2.53414073225852	19.4966295793024	15.6893809697039	-2.32860242657844	19.5625388173705	15.4940699000803
TACSTD2 TNFRSF17	-1.78674963799995	18.5476151758113	15.2428391601573	-2.58963816143026	19.3191620978016	14.5731708382507	-2.56654758136942	19.3047092234608	15.3841219837487	-2.12166198687439	19.2164953081632	15.2320754403873
TACSTD2 TNFRSF18	-2.60136111878429	18.7578728809095	15.0576326989163	-10.0159721594167	20.9133429992918	15.830657785448	-5.29110970383003	20.3029368477356	15.9315698252208	-5.44266300322585	20.1542270687859	15.8822222382199
TACSTD2 TNFRSF19	0.207504243485566	14.6038592149191	11.1116730250475	-0.592820529083957	17.5654695304379	12.9634820416594	-0.139196109145167	16.467299767053	12.1902070848791	-0.161709507041538	16.3286816019342	12.2123299518916
TACSTD2 TNFRSF1A	0.504719946170591	13.2192241639134	9.7748401602893	-0.105269356193665	16.1008800006459	11.1377362200735	0.156645989792069	14.9540714739006	10.8888151307779	0.275958369155911	14.8261299861025	10.6383082545838
TACSTD2 TNFRSF1B	0.239525592305795	15.137984721921	11.2103063616419	-0.447240028845133	16.2997449000508	11.7570479975489	-0.125816933642825	15.9719147908375	11.8290313210172	-0.00869392035079919	15.9143631064671	11.6443653940295
TACSTD2 TNFRSF21	-1.14304428026661	18.2384825406885	14.2326001144616	-3.37904199815306	19.8606615233751	15.4891686470548	-3.03942951206649	19.5638017441048	15.6750462828696	-2.49018693951137	19.3679460199482	15.3066118443931
TACSTD2 TNFRSF4	0.126366626951938	16.04976845475	12.2570454851647	-0.147399299225278	16.0623296325347	12.2761191199121	-0.0571237684036501	16.3534523210726	12.7671655432694	-0.0120222790080018	16.283687913271	12.4360444381281
TACSTD2 TNFRSF6B	-1.06001573232679	18.3273396248538	14.5390704353147	-3.4676865576413	19.5781114882934	15.558584497201	-2.36799931364939	19.2083687078076	15.7621790489273	-2.17939014718326	19.352097218873	15.3968115981529
TACSTD2 TNFRSF8	-2.73566244886408	19.5089423440547	14.8163579847255	-0.299857189253313	16.8008714221806	12.59549252793	-0.939763237715317	19.1037975619105	14.3033427728499	-1.05045102745078	18.3951098577942	13.9324061268779
TACSTD2 TNFRSF9	-1.17351916560204	18.4820359848609	14.7473831539831	-0.50623436694484	17.3116119677501	13.0202414621274	-0.840031777711518	18.1068914634566	14.1216206826793	-0.831115682974263	18.0523899310244	13.9851279599012
TACSTD2 TNFSF11	-6.68582675167669	20.2102264452007	16.2249822898071	-3.74322430754507	19.9886056608882	14.9594444079455	-4.5251649633117	20.1855793679815	15.9573275421496	-5.2320459259506	20.5170802589453	15.996533152708
TACSTD2 TNFSF12	-4.1640289858353	19.8652008372862	15.5645742357564	-3.05047203977507	20.2576282780204	15.4311535466494	-5.09847826817733	20.3757271272249	16.0841868532239	-3.81844496487613	20.0903598256728	15.7747672820274
TACSTD2 TNFSF13B	-7.15123417861441	20.6404229111322	16.3669248062208	-4.9854040712951	19.8443365312469	15.3103670199874	-7.95410573067261	20.7580251352502	16.5364748760054	-6.60705686859066	20.5203580823411	16.1907560847494
TACSTD2 TNFSF14	-5.6842855552678	20.7198398223706	16.3313105092397	-4.03572936819551	19.3376371968744	15.3273795952983	-4.91668723291006	20.3463966890146	16.0587076240717	-4.91385114426	20.3327611885173	16.1399698195753
TACSTD2 TNFSF15	-0.591789013511098	17.7362629263643	12.9853623293951	-1.84937375845127	19.8582917303595	14.3868432628199	-0.971472335199103	18.8697614271506	13.8453880438489	-1.20020937296103	19.0770023199758	13.9619654930376
TACSTD2 TNFSF18	-4.95887156938666	20.4149622651141	15.8030664520582	-3.77264436989615	20.753199628211	15.6492265899082	-4.79224094793333	20.5631996908035	16.4040660222253	-5.49232040319668	20.8091599379905	16.0956953228576
TACSTD2 TNFSF4	-6.11001367647169	20.4255053350588	16.1172953479296	-3.70598093673644	20.3614814569823	15.7145227261727	-7.56907634677111	20.6115354433812	16.4729324600927	-5.24018981817005	20.6256166100069	16.2716873637997
TACSTD2 TNFSF8	-3.96868128577289	19.5852528653568	15.8963792327531	-5.45926995332924	20.5349450521511	15.5554327751691	-4.28732409449015	20.3024813498496	16.0916518060367	-4.95316013278197	20.2097905041669	16.0406614955831
TACSTD2 TNFSF9	-4.61783810915716	19.7316098473915	15.7269088951918	-2.35150074245455	19.3576157353335	14.2390891929329	-4.33997425419259	19.8943146436771	15.4819931709819	-4.61215065306921	19.9704474379871	15.6193099720093
TACSTD2 TNNI2	-3.27569055609863	20.0611288503749	15.4902249398878	-7.18306996526713	20.8049509888163	15.9801073756749	-6.25699882665822	20.2684418503176	16.4888697771446	-5.7503057801246	20.6303420201116	16.1187641968833
TACSTD2 TNNI3	-0.734877980458861	18.1115458588705	13.9931639091306	-2.87374889651307	19.4235158617127	15.0592768981843	-1.64314427698537	19.0310312280659	14.8190004365615	-1.54262364563817	18.8251137420359	14.7133987785174
TACSTD2 TNNT2	-0.404004770842282	17.0123717078	12.4257130882087	-0.164344381329751	15.7487108221695	11.4582199398506	-0.514791639267684	17.0353336192242	12.7851218352026	-0.312432139526429	16.6418774823527	12.319520260025
TACSTD2 TOP1	-4.89490058051389	19.1327575168605	15.0892808811174	-3.34273180094731	19.9177169311972	14.5234620629517	-4.12990691503605	19.326089179211	15.2146697262281	-4.60583975257255	20.0189598084973	15.1792503549461
TACSTD2 TP53	-2.98824645339154	19.374401448425	15.8453003270285	-6.1025531661353	20.3704402644097	15.5806548630736	-7.70452333182294	20.7189639656644	16.706450568	-6.06082760592701	20.2052142957754	16.024866180984
TACSTD2 TPI1	-3.69785530625306	19.0927410801329	15.0121851061563	-2.40737785046047	20.1873353324243	15.3361785737549	-3.65250630473345	19.8418047193694	15.6424995934878	-3.7872074437758	19.997472523786	15.5476958890595
TACSTD2 TPM1	-6.02482204740862	20.0629042123293	15.9947093068321	-2.84840319016041	19.7075231913312	15.0123090761811	-5.47914508782247	20.1029804406376	15.8955335888474	-4.20254833370663	20.0791796097788	15.7847269396328
TACSTD2 TPM2	-5.27583868068707	20.1575711150075	16.2636741809427	-4.42265381356756	19.9526678272494	14.9371588054535	-8.17637541306492	20.2867965767092	16.0625301314187	-6.9979671544256	20.4427881775648	15.9655062432093
TACSTD2 TPM4	-2.94622255880048	19.6206170260307	15.6167896645918	-2.83282027830105	19.9111419211972	15.2057261399439	-3.16631579986991	19.7888424132669	15.9269336925324	-2.93355078982299	19.8907320010008	15.5902277640946
TACSTD2 TPO	-8.60527215170425	20.2113105647588	16.2833711640179	-3.32619101687893	19.9898182973139	15.1378412890816	-9.20262689754515	20.6099096766932	16.6290874750746	-5.31480092769414	20.5697685251365	16.1791963392166
TACSTD2 TPSB2	-4.23893111437856	19.3869100240368	15.5575091028341	-4.16819343278475	20.0011984343511	15.167392934967	-5.9175522104636	20.4364470270063	16.1220806504648	-5.42589999474676	20.0059391894489	15.625636995274
TACSTD2 TPSG1	-3.5231853409746	18.8499997491313	14.8675808983613	-5.78631099307205	21.1607727761623	15.58580409688	-4.91586116944749	20.3450147663324	15.9969522028579	-5.26738473756356	20.0118036656205	15.7860978614219
TACSTD2 TPT1	-7.57144144137206	20.0810316697033	16.3102617564399	-3.44186245822801	20.0548832448653	15.2514986045309	-3.32105027289269	20.363111238322	16.0880321539539	-5.03714655222101	20.3306000072555	15.9621023424367
TACSTD2 TSLP	-5.83915213240148	20.0923320055003	15.8347218178352	-2.08175188426826	19.2135557874031	14.8202422862431	-3.40806918339821	20.0776472710882	15.8571415581574	-3.25046729082212	19.8477750710358	15.5900090737437
TACSTD2 TXNDC12	-4.53780691180851	19.9620113942105	15.9148225954858	-2.16622192419393	19.0245429492285	14.4480526125873	-5.80948684142083	20.0099944555542	15.887223579367	-3.1801897741087	19.7152039140269	15.4458552259427
TACSTD2 TYK2	-2.95898635588625	19.5905745388569	15.4608931690839	-4.11403753069302	19.5072056478819	14.9522902298222	-3.96181155159133	19.9404564742354	15.6425382909487	-4.27423982161372	19.9037751877013	15.586046965621
TACSTD2 TYMS	-4.10489154157837	19.72202349628	15.3011830888024	-5.21488664051625	20.0934079618755	15.6223132711438	-9.07665141272048	20.6889948884388	16.3798077932314	-4.94470508023818	20.0979323411868	15.7369900492965
TACSTD2 TYRO3	-5.95754063740699	19.9126677042408	15.8495651028783	-3.3318238921421	19.6587501541261	15.2174194759768	-4.65971484023116	20.1381317936158	16.1513694729519	-3.85566620162876	20.0619279603163	15.9547142032653
TACSTD2 UBB	-3.21775867671335	18.9042135384554	15.1815675207051	-5.10970722159863	20.7940822229915	15.6028557002006	-5.16141806380762	20.2681370702367	15.8517659992302	-5.0576058249978	20.0902234874604	15.6555813423887
TACSTD2 UBC	-1.40698706272249	18.5908467667118	14.4214532890075	-2.55489364830148	18.9954249604774	14.0895237455803	-1.81018517494426	19.1170496221086	14.7223255246925	-1.92470573030281	18.9599020069958	14.6580161654221
TACSTD2 UBE2G2	-2.2419510502647	19.462140123692	14.8651494818834	-2.36791961338555	19.9595823931471	14.5179287872504	-3.10926200294837	19.7839345173859	15.4933642480697	-3.17369805858129	19.8170340298322	15.173416243767
TACSTD2 UBE2I	-5.44926478371507	19.9022272244724	15.5546321187008	-2.29692920082362	19.9344647189188	15.0098938975356	-3.47802488498497	19.9613993723368	15.5781779380246	-4.19135153631158	20.2520074666896	15.6144261076069
TACSTD2 UBE2L3	-5.98972643072542	19.3787466750628	15.4586708497275	-2.8501520841053	19.8636844065868	15.1474458046038	-4.69047723931692	19.8903836809666	16.035794724171	-3.89613691587295	20.0241441204385	15.6756190055147
TACSTD2 UBE2N	-5.0738115699602	19.3801971009477	15.1625072957296	-2.3474699513441	20.1410147877907	15.3681303553404	-3.92937444234985	19.9894314135772	15.6282302638168	-4.10567061307546	20.0249611662313	15.6661372308392
TACSTD2 UCHL1	-5.26466721161578	19.5316322876031	15.7954197046651	-4.92202949417398	20.292881188661	15.859240217277	-4.65333844395579	20.0283963123927	16.121436486296	-5.08847699691895	20.0856773081744	15.99674682519
TACSTD2 UFC1	-2.95771576960918	19.2406334957223	15.4808721545322	-4.07990351038226	19.8745705502559	14.9433956373189	-5.35465243768611	19.9689036247518	15.9101175352061	-4.74686471273101	19.9437661206518	15.6312596118455
TACSTD2 UFM1	-1.75669380559209	17.9870192261987	14.403598098112	-3.06528833081118	19.2361022512856	14.5188057923911	-2.76107260227321	19.0891740282234	15.5593250457968	-2.80771103004367	18.8196421325043	14.9340603817122
TACSTD2 ULBP1	-3.15616019204716	19.0480831991997	15.0195150631005	-7.86494488089577	20.5009057780085	16.2352261431402	-4.11794690742482	20.1217263258299	16.0285722696722	-5.55718489317949	20.01199599236	15.8988248666216
TACSTD2 ULBP2	-7.75547458635533	20.2273044006675	16.2853691892746	-3.28302981128755	19.8064512740849	15.2080768366979	-6.62843080146474	20.438181869169	16.4008036080654	-7.43319379886612	20.4698515453275	16.4399951547388
TACSTD2 ULBP3	-3.24437343598997	19.9297955235182	15.4894211837789	-2.17024895340647	18.8435093965018	14.3173333908484	-2.93546479301681	19.7719129620172	15.4685929006445	-3.32425574207687	19.6763756159189	15.4685104734119
TACSTD2 UNC5C	-0.121312869507298	16.0626552960187	12.9762095297846	-0.468691148080656	16.5511163685029	12.0168414754361	-0.231603388133944	16.7400863321056	12.9598051485366	-0.256126074972726	16.4478755589173	12.7413955201928
TACSTD2 UNC5D	-2.16585344700097	18.5858336953484	14.4150459573263	-4.99965962923915	20.5979071203059	15.4976531441357	-3.18747947471751	20.2593114854798	15.7735595163438	-4.336232617675	20.1266342852185	15.5703030237135
TACSTD2 USP25	-2.27556591950958	19.3279586893648	15.4222640800297	-4.47762065507959	19.8730486869466	15.1396661865398	-9.26950921476525	20.9938352524803	16.584144475497	-4.81150450339178	19.8678423207207	15.6139704178369
TACSTD2 VAV1	-3.71324515247679	19.1219507858286	15.7296901409241	-2.34567857281551	19.6876627751903	14.4897886558125	-3.0205965214625	19.7279164030552	15.6725118107886	-3.28343237317702	19.6060513039049	15.4792666800086
TACSTD2 VCAM1	-1.07791311935731	17.8182084033966	13.9794839228043	-1.15975622353021	17.9938774934303	13.6066163559457	-1.19695820371415	18.4075724587089	14.6248203630405	-1.05459052395923	18.2599341570122	14.2319655991106
TACSTD2 VEGFA	-0.2987601624811	16.3498833718858	13.0152576000034	0.00475943936963463	15.1555358230642	11.2451431852423	-0.0898128107585354	16.2474536779925	12.4851356578388	-0.0556186659857021	15.9787162472281	12.3653239047682
TACSTD2 VEGFA.1	-2.86670299446015	19.0298335152531	15.2538854264405	-4.12442523340527	19.7153718147637	14.7806324831383	-4.34729172497907	20.1899106199232	16.0783425374785	-3.79756911307776	19.6308839785564	15.5146081605922
TACSTD2 VEGFC	-2.11182196163411	19.3998513768618	15.238399976198	-0.657972039610219	17.2971024357744	12.8527119570369	-1.36188554106434	18.8498919266282	14.5370487055714	-1.50942606990653	18.706157216537	14.456316559899
TACSTD2 VIP	-3.8183849698582	19.5651991343854	15.5388676057211	-1.76913261914698	19.3179844787901	14.5919828188192	-2.97322026107644	20.2063220753009	15.8674662551379	-2.62490392827996	19.714796653256	15.3146739248105
TACSTD2 VTA1	-5.61336733524521	19.7187617004209	15.53171559185	-3.59838252733586	20.0946141030723	15.4572973757136	-3.91706778153615	20.3159750419456	16.3151322164592	-4.72445191006133	20.1874978832707	15.8505200184555
TACSTD2 VTN	-2.18524100684302	19.4614819261724	13.6351884160604	-1.55568905348587	17.4569887195901	13.2557927622083	-1.36416161674459	18.2096830143911	13.6414805243747	-2.2602599058882	18.8530165250176	13.8641091859429
TACSTD2 VWF	-7.66686808166429	20.6176423578467	15.7289230334215	-5.36623635278812	20.0756376369006	15.5270578608268	-7.62170338193975	20.795489537404	16.2148688854399	-7.61834867009679	20.6126644953323	15.9115708314729
TACSTD2 WFIKKN1	-1.73492882455512	18.4525123596654	14.2217741673259	-2.96753000840414	18.4420735222493	13.8392820957156	-2.48574164552887	19.1251172180449	14.9249417161628	-2.60782640192537	18.9919176514465	14.6916777255713
TACSTD2 WFIKKN2	-4.13348228839355	19.8284516836978	15.5580026874986	-4.82353131742714	20.5543609531763	15.4024789321816	-5.1681190457872	20.266519936418	16.0662633510742	-5.05693594983354	20.483456155646	15.9291952867106
TACSTD2 WIF1	-2.04416842563714	19.8135215298735	15.3955058992308	-4.89502966249181	21.0421999253366	15.9743235408516	-3.54930315389588	20.4256235686392	16.1538893441086	-4.05007531855591	20.4660163746888	16.0009281542319
TACSTD2 WISP1	-2.64495963469844	19.4701505882399	14.3863071166318	-1.17081853252162	18.5158428858971	14.1018683360905	-1.69752499982531	19.3159329558337	14.7538575332584	-1.87116579207041	19.0799570755907	14.6566271540884
TACSTD2 WISP3	-2.50246330344325	18.4450706023157	14.9044146474572	-4.93759935622735	20.2217276391371	15.5740260100745	-6.65592906170199	20.1239256297657	16.2018450650486	-4.08348019534444	19.6479082090792	15.6890492353872
TACSTD2 WNK3	-4.08746377622551	19.2305628581645	15.3405073411582	-3.39307782270323	20.1515577168566	15.8085713059446	-4.70893490453174	19.9302988441369	16.0743121821681	-4.46757485302003	19.9168596210309	15.9121185215525
TACSTD2 WNT7A	-3.28694856593362	18.420078948219	14.9034743454831	-6.5573545488823	20.7916407076397	15.7077485788542	-7.97038690623986	20.263125697872	16.552023958986	-5.14532322111273	19.9231517024934	15.7937699189006
TACSTD2 XCL1	-1.2494587994105	19.1907685762184	15.0566513114662	-5.56971069025416	20.2396374847478	15.6104933363336	-3.86202651607015	19.6361413427829	15.7873502819518	-2.97934433597621	19.9041395052656	15.6485625771209
TACSTD2 XPNPEP1	-1.83231175909591	18.4165489328161	14.9903289110706	-4.30135986540454	19.6474505803767	14.9437763093686	-3.80299940649032	19.4512613477943	15.3292153606828	-2.88452777894635	19.2103495716654	15.3394308736066
TACSTD2 XRCC6	-5.04517556902464	20.2261262627581	15.7813610636402	-4.38800434498239	20.4969750625015	15.5638064453864	-5.17321076313646	20.2325351085105	16.0229831373621	-5.42420830386011	20.5139657155651	15.8952879172255
TACSTD2 YES1	-4.57781069623088	20.4383972184545	15.8644735673359	-1.17323838225253	18.5540529565903	13.483668872502	-2.05069676941668	19.6409850936264	15.0500244150531	-2.16847315038064	19.5676637569027	14.8158281069358
TACSTD2 YWHAB	-9.02464751729159	20.1813256806158	16.1611560213096	-3.84262636375378	20.3708886808233	15.4844595863922	-6.40212655698399	20.554421741645	16.3558955831129	-5.60696693161816	20.5156801205414	16.1212305630431
TACSTD2 YWHAB.YWHAE.YWHAG.YWHAH.YWHAQ.YWHAZ.SFN	-8.9987397700975	20.7381909176001	16.6257612510492	-3.97500638284495	20.2444728661978	15.5926730605379	-4.97247545354502	20.5067310985668	16.3502351555743	-6.42434920262139	20.5997925568013	16.2753170004296
TACSTD2 YWHAE	-6.33284039929357	19.6383504142771	15.7385866017993	-2.89704302060464	19.4773843031369	14.9935126248028	-3.62452363897494	19.7528107475192	15.6135558669223	-3.98509044956629	19.7823679392235	15.6482150546314
TACSTD2 YWHAQ	-5.13234188791827	19.701177366442	15.6663955242412	-6.00541226924113	20.8098891713046	16.1472966145749	-6.36114306979264	20.3574249158724	16.2731781067899	-5.99520489614409	20.3534389716568	16.1172220433325
TACSTD2 YWHAZ	-4.2435185107454	19.7551674050418	15.9678600462266	-3.19777895697505	19.8834092852299	15.1212239368262	-5.16589359141689	20.0583299400763	16.1709215824498	-4.14939920969594	20.1419300671182	15.891451829812
TACSTD2 ZAP70	-3.23970283794167	19.5282661869347	15.6960045240442	-2.70585388497815	19.1085683326559	14.6250696048131	-3.57947860366688	19.519223941328	15.6965874062257	-3.58154828598976	19.5419717415701	15.4954618863373
TACSTD2 ZNRF3	-3.0563418113277	19.3863067185717	15.150644669153	-3.14361551701994	19.7106453409919	14.7974836971749	-4.6588701981478	19.6851160889807	16.0799061262224	-3.68099443259882	19.8722376053464	15.3737376662285
