protein_name	r2_male	rmse_male	mae_male	r2_female	rmse_female	mae_female	r2_all	rmse_all	mae_all	r2_all_sex_adjust	rmse_all_sex_adjust	mae_all_sex_adjust
TIMP1 TIMP2	0.110826080455028	14.5811195345639	11.6356351125179	-0.535071104192696	17.5112788929197	12.0939912101498	-0.158783569825782	16.4146201612816	12.3400902853785	-0.202474874636004	16.3356576395156	12.07673383838
TIMP1 TIMP3	0.0242022558838404	15.5241421014392	12.2045441467747	-0.631112347184225	18.3139472171119	12.5482578567424	-0.175882189341236	17.3276352133439	12.724989644912	-0.375412192745568	17.4160411408892	12.6278254856217
TIMP1 TK1	0.15215111260338	15.0038919520825	11.6546615253651	-0.631873577071022	18.8610925487196	12.6840563961356	-0.342865345913754	17.4320097493163	12.7128528721024	-0.310988418769617	17.4681837827764	12.5236952089811
TIMP1 TKT	-0.0056887248017059	15.1149592655893	11.8545468189565	-0.554828759138515	17.7045616276821	11.8663047084818	-0.355603485082102	17.2192204325019	12.2239344136045	-0.292182413632942	16.8938952484819	12.1906569021386
TIMP1 TLR2	0.153081915200663	14.7367904029038	11.4896077508847	-0.585024036688674	18.7423484745573	12.2947151764783	-0.172484210782593	17.1799166930221	12.3556258947966	-0.170268754280248	17.1059203043435	12.2158267667519
TIMP1 TLR4	0.0657842698640401	15.609615786717	11.8709277938898	-0.748741272122018	18.1494425644025	12.2437913080165	-0.346649864673106	17.401705492148	12.4331432610081	-0.309838481227932	17.2383129901747	12.2980956467817
TIMP1 TLR4.LY96	0.152975822468781	15.4348478407464	11.4006892219323	-0.62267813858747	18.1917253799009	11.9943856753088	-0.195144384251622	17.0614722453208	12.1430415730571	-0.287262288575958	17.074450083364	12.0923512642442
TIMP1 TMPRSS15	0.333081387702529	14.756616845866	11.2039248833199	-0.331834616092504	16.7665625467517	11.5350657374428	-0.042313266317838	16.0674696134986	11.8670099236112	-0.0420856105178471	16.1136303039414	11.8465759711998
TIMP1 TNC	0.00365307956581495	15.578924867841	12.3997871217319	-0.346952331888945	17.5816871304568	11.8733276030611	-0.133345807880454	17.0159189966269	12.3102606151428	-0.306875296443	16.9913713322925	12.4023183913737
TIMP1 TNF	0.342821400193764	14.3558233737188	11.3283282523262	-0.189262895939654	17.2203514624409	11.6041564383599	0.0827293628928104	16.0797488966676	12.1007277250626	0.0888260724577712	15.97572312736	11.5949153904822
TIMP1 TNFAIP6	0.237416555438687	14.800341436232	11.621716453042	-0.557491320777761	18.1174228440338	11.8644753352465	-0.191904895913728	17.1424809253806	12.5525310573488	-0.165707817097525	16.7668006506783	12.0652358906492
TIMP1 TNFRSF10A	-0.0232927363947197	15.5972557355673	11.9878511165136	-0.454906672867213	16.5987772202222	11.537668760557	-0.217651999937843	16.3071731100315	12.1036777898688	-0.268154395315064	16.5831631011699	12.2283300939571
TIMP1 TNFRSF10B	-0.0256220091105894	15.6260943924017	12.0773034223313	-0.521296037777662	18.6076894308791	12.1860106136818	-0.0163589188385551	16.7492992784089	12.3075716906714	-0.231080222906541	17.3795358822378	12.4323060293313
TIMP1 TNFRSF10D	0.157287894898434	14.6440835970339	11.1918795336468	-0.559947408667081	17.6452077457714	12.5191579276468	-0.122375453795367	15.9424747238924	12.129450475205	-0.16822927493841	16.6289195118192	12.0169477075034
TIMP1 TNFRSF11A	0.236744003766528	14.4961544987233	11.063118481008	-0.0768564536168301	16.1230889433397	11.2810895768739	0.0789090686370588	15.5005210044977	11.6236000752188	0.0286650878518397	15.7405632068974	11.499501500572
TIMP1 TNFRSF11B	0.253740648445097	14.7950629505615	11.6913063120329	-0.466545931176081	18.0359950566945	11.945146208651	-0.247270888960201	17.0980119159358	12.4845650409345	-0.20490550227415	17.0195516192077	12.2528207142821
TIMP1 TNFRSF12A	0.178910166946507	14.9873716651803	11.7724145526546	-0.673781098670932	18.8891374356631	12.4592505035892	-0.197009497791091	17.11447336814	12.2659355131409	-0.24047520407788	17.2726867174365	12.2982658514539
TIMP1 TNFRSF13B	0.199157995854786	14.7384642659709	11.35565058508	-0.372077343488031	17.2765366834635	12.0712521133486	0.00882918813526234	16.0940943147357	11.8024111501495	-0.0630409579611333	16.5046077505712	12.0033310151727
TIMP1 TNFRSF13C	0.074087557867391	14.8144399954236	10.7763374060808	-0.649423004749074	17.8112938874114	12.1589155464096	-0.316463487896391	16.575350590172	11.9804868825015	-0.252905859460464	16.8809805482816	11.8473195744901
TIMP1 TNFRSF14	0.0373645319198739	15.2614802513788	12.414155810898	-0.500850775994462	18.3025931093737	12.3909148893631	-0.155025305087177	16.9131803411914	12.6073426415991	-0.203064084882907	17.0416209985104	12.5190081641548
TIMP1 TNFRSF17	0.104582840138787	14.8436221518015	11.4989659005889	-0.607289688836614	18.4047295614255	12.1630193928863	-0.193372624793654	16.6256971451035	12.230398103192	-0.312341591420565	17.1013379272691	12.1490806839154
TIMP1 TNFRSF18	0.217607832126161	14.4777190511906	11.6048845448009	-0.70019830477746	18.6102454105209	12.3284100941619	-0.184917358301642	17.0427425765138	12.3845738043823	-0.251937081027244	17.1365915138547	12.4974223963156
TIMP1 TNFRSF19	0.419368181292491	13.1822522838392	9.83200620357152	-0.297988436580171	15.982837170186	11.5422386108281	0.104007480638275	15.004891364503	11.1585406757912	0.103325066976235	14.8288027732975	10.9160780070292
TIMP1 TNFRSF1A	0.590958940872962	12.170881880316	9.19443427997817	-0.030502786814036	15.2217520338726	10.5423849461768	0.174986494694149	14.574042909068	10.7869894035389	0.329319989436811	13.9782503707925	10.1959285730855
TIMP1 TNFRSF1B	0.244923500246071	14.4013411989163	10.5929000216049	-0.438838682765817	16.7128829399976	11.9162009559744	-0.0112270356696922	15.5225157084979	11.5551351285077	-0.0470274060209603	15.772837477599	11.4398814305681
TIMP1 TNFRSF21	0.172440943471551	14.9701183880758	11.7001793113137	-0.62953867347234	18.4226311786442	12.3038432025647	-0.185296912448885	16.85757304007	12.3406045077297	-0.238302929373883	17.193431750722	12.3057316873313
TIMP1 TNFRSF4	0.25869222532502	14.2287725539134	11.0333969645066	-0.255689858017214	16.9676303997522	12.2131395261461	0.142720880063177	15.3110737648409	11.5846706931277	0.0266214130482032	15.8349022134431	11.7723214653166
TIMP1 TNFRSF6B	0.146238266018586	15.6680902024175	11.8729583160876	-0.785480502020287	18.853170593251	12.4463798360914	-0.228115220857569	17.3433720804321	12.4526161220041	-0.250384149945282	17.4004941813092	12.3676392676746
TIMP1 TNFRSF8	-0.0549194302351483	15.8573281787893	11.8685348863685	-0.441899964067056	17.2329399110414	11.6359804858234	-0.192108692629996	16.6115519493632	12.0424606123841	-0.231262625086052	16.7971054471611	11.9613887681445
TIMP1 TNFRSF9	0.0988530535781094	14.9523058668172	11.4543587052171	-0.409171976586007	15.6883505514156	11.2392161077068	-0.0196052094451051	15.2062390695976	11.4851744834726	-0.163130886184277	15.6821417102156	11.6772718673412
TIMP1 TNFSF11	0.0246235013780701	15.6947698807523	12.3227972988786	-0.591897216505459	18.4008186897992	12.0704810121678	-0.20332353109028	16.9581155951373	12.3938463067821	-0.352692225905442	17.605006775595	12.5729448099401
TIMP1 TNFSF12	0.065012951772477	15.372309983636	11.7175035433479	-0.459684763759606	18.4597367688564	12.2215388412319	-0.127013936574705	17.0080171385416	12.3058209684982	-0.201081768353235	17.1844609542388	12.2972792365192
TIMP1 TNFSF13B	0.032660732590711	15.3806601843979	11.9147138474529	-0.582160601459128	18.0126462086809	11.8380400970308	-0.340726846039066	17.1441562244136	12.598936583812	-0.375321389430187	17.1965045166557	12.3151535684186
TIMP1 TNFSF14	0.145943157571386	14.796550701152	11.6213446740111	-0.492611097123201	18.0968611720262	12.2226397718242	-0.18957502757514	16.7912000255997	12.2544408941772	-0.190725119553447	17.0127553263675	12.2971644410565
TIMP1 TNFSF15	0.212733074938093	14.543000359541	11.1715209742768	-0.557836674602624	17.5530105402844	11.8115554760253	-0.207881186745899	16.472364664222	11.9107609757699	-0.285887777977551	16.6986371906719	11.9906461139839
TIMP1 TNFSF18	0.133465301394164	14.9872387800425	11.8425883772952	-0.688116938689454	18.341953593224	12.0763804241838	-0.231790832853639	16.7209981658993	12.1860168762692	-0.295251823188456	17.1564775741407	12.3711098517657
TIMP1 TNFSF4	0.0412520258297616	15.4018547243694	11.9760390026083	-0.593030057872292	18.2632537661798	12.0659290947301	-0.270694397389354	17.0000021491703	12.4692914748319	-0.345706480854689	17.2903506116181	12.4324188159741
TIMP1 TNFSF8	-0.0385730818129548	15.3928256354107	11.7459157767314	-0.576486253362554	17.7463379390997	11.9784488278522	-0.374906938028272	16.79044783427	12.2859047045554	-0.36069512509046	16.9760196727469	12.1608229845365
TIMP1 TNFSF9	0.136659925056007	15.4198447488914	12.4894471765105	-0.625621990036842	17.9521716870132	11.7381061557395	-0.376383442873755	17.1378821032537	12.5469173157031	-0.357204284956922	17.1747366903892	12.6127195319624
TIMP1 TNNI2	0.122559117559955	15.0618745571305	11.0878659307872	-0.46232925966079	17.2480160337966	11.7105671908932	-0.1755253537598	16.4355092445831	11.9610062707545	-0.237119197600216	16.7163040131458	11.8996578094229
TIMP1 TNNI3	0.127888651129431	14.4758673336445	11.123145303162	-0.438455104224632	17.9965646633163	12.3225761484238	-0.102159459185548	16.188127568301	12.03657077412	-0.135838906638506	16.4405968380967	11.87603082525
TIMP1 TNNT2	0.344719136138947	13.6145227012252	10.3910258072957	0.0591619086937465	15.4585384926078	10.0105379829638	0.0265769575177808	15.408944778566	10.9602460848346	0.173219978310252	14.8672722468176	10.4067869841935
TIMP1 TOP1	0.0592277829339456	15.2215264072164	11.625175969772	-0.687031859221057	18.2150850496097	12.4721763903104	-0.315326828697679	17.0670289766597	12.4989598886103	-0.371184240899316	17.2128453050188	12.3166112252751
TIMP1 TP53	0.227142905177966	14.7058322744675	11.5568169094253	-0.691989337995982	18.536344040023	12.3912338124533	-0.229376610395629	17.3235514028755	12.7456467258028	-0.20767252479789	16.9413013194427	12.2903601299599
TIMP1 TPI1	0.0340441318613398	15.2730257898851	11.7874939555026	-0.541493101678949	17.7999437153098	11.8901027843726	-0.263643204458783	17.1278919528167	12.255324741139	-0.31926750272093	17.0382845835475	12.2025724476381
TIMP1 TPM1	-0.0657326273833698	15.7536613035399	12.6216690519009	-0.592658071648771	18.2729692524511	12.0072494486566	-0.165642125368927	17.1063533161653	12.2282472502863	-0.33088019925433	17.3378008958432	12.4891147996431
TIMP1 TPM2	0.0841893490927911	15.4198557224614	12.3289752159807	-0.679359132095824	18.4062821488891	12.1661931684178	-0.259117742360295	17.1593790803531	12.5524307383746	-0.346642413600683	17.337604490913	12.5138419940521
TIMP1 TPM4	0.0599339677638254	15.076726395875	11.7342797607273	-0.62472409067365	18.0227283223725	12.3987998294816	-0.314602744255132	16.714507727744	12.4949639484423	-0.292028195126742	17.1633421131413	12.5293544327188
TIMP1 TPO	0.102548834412314	15.0023382601022	12.003682089394	-0.406162304478488	18.0664491254864	12.3673802481152	-0.313637907569897	16.9228193619961	12.4650954423917	-0.239870375985203	16.8960648659779	12.4549006957623
TIMP1 TPSB2	0.203732155739513	14.8438858047614	11.7575577980335	-0.550514288457502	18.1501329601182	11.7457417739165	-0.231596755223798	17.0651658279266	12.4049398106115	-0.25804432206799	16.9432601033901	12.1070307006095
TIMP1 TPSG1	-0.040988403826955	15.5760869290283	12.5856104432137	-0.817415792252502	19.2355468051372	12.6914815837453	-0.454446522823118	17.5723592886891	12.8557471342118	-0.371540030506141	17.7457108094616	12.7795501631564
TIMP1 TPT1	0.00925032170641538	15.3005781854726	12.2514684431876	-0.636572655039716	17.61191100768	12.2169639761746	-0.324612793313858	16.8000901588544	12.3363612165968	-0.31358459027565	17.0864700907233	12.6111032486718
TIMP1 TSLP	0.0576211681007064	15.3634440892951	12.2360753736846	-0.237905909323054	17.4673925488205	11.6870257273112	-0.157404512977938	16.7298836167646	12.2381358800035	-0.13390658482792	16.7714630743411	12.267288801208
TIMP1 TXNDC12	-0.0868172383824879	15.5770738385742	11.9000668315164	-0.301493391533635	17.8107204412513	11.8022625759619	-0.242938254583227	17.1264808595216	12.2347355718784	-0.272492333532863	17.068065637196	12.1999396423222
TIMP1 TYK2	0.177045153721183	14.3764617383746	11.4689164307395	-0.572170304011958	18.3613460188795	12.244075424579	-0.223882580161186	16.8188543610247	12.1661841078229	-0.204302012377537	16.7598756833344	12.1656447652598
TIMP1 TYMS	-0.121178757979792	15.6060425017713	12.3432279612454	-0.64656959588202	18.3905469645647	12.3204507959728	-0.377715876911558	17.2748094134355	12.7247375134494	-0.417139841344261	17.3661039652058	12.5723973973356
TIMP1 TYRO3	-0.0985230507780233	15.3982699513608	12.1645242256642	-0.48677933158704	18.2273855113656	12.3374345710464	-0.233515569180454	17.2456676298508	12.6975107943621	-0.268744150162791	17.0161234662722	12.5045463269528
TIMP1 UBB	0.314961129200264	14.1531246172205	11.0706117257641	-0.526738972475931	17.828930551143	12.1682871488941	-0.156848618054872	16.8276843301718	12.2637927868387	-0.164203175030509	16.6742659362554	12.0421559192071
TIMP1 UBC	0.0770050287387769	14.9779532739146	11.9130690302582	-0.49285787194866	18.0666362553684	12.2722513773995	-0.215142859317074	16.7537443235721	12.0776762513565	-0.225341436513252	17.1004164773351	12.3417603106746
TIMP1 UBE2G2	0.263970610490407	14.087805952018	11.1420757347163	-0.541893560424136	18.5751941329059	12.1169775654721	-0.307094427434563	17.1184768256387	12.3326696773631	-0.228711857073769	16.8573976652186	11.9576418613441
TIMP1 UBE2I	-0.0172098189193979	15.3093194921044	12.0828684231437	-0.429908949974368	17.9610853370699	12.0256223159244	-0.295450436587237	17.2549043293792	12.5010704271543	-0.342820587680175	17.1346531289952	12.4162012684437
TIMP1 UBE2L3	-0.044876806444236	15.1839964605128	11.9538145614789	-0.373924727846594	17.4287962084537	11.9468038649825	-0.245822812687021	16.8721973581331	12.4077823172022	-0.245967042587929	16.8258515237188	12.347893392527
TIMP1 UBE2N	0.168257108378705	14.587685042726	11.5303367168542	-0.563857875154345	17.7042810873085	12.1622497916311	-0.247924497375474	17.1532348706103	12.3482453567322	-0.23375006779084	16.7982805144291	12.1697975809055
TIMP1 UCHL1	0.0351584562246917	15.3825175627951	11.9209408446045	-0.847172214897059	18.9119189715474	12.6194094830608	-0.354465480303546	17.2630318841492	12.5555819502388	-0.272781624024257	17.4013766627302	12.3753665905701
TIMP1 UFC1	0.0231151466539884	15.2381155724864	11.8835352375047	-0.597172277325642	18.3001636348667	12.3679405759803	-0.212745637987779	16.8948024294614	12.4265477024036	-0.335513755883028	17.2811070106818	12.4428952864662
TIMP1 UFM1	0.0946230338691862	14.857972259511	11.5398012566132	-0.660404726320886	18.0220671033303	12.4328944850289	-0.230385857009346	16.5620994572	12.2157560503965	-0.258388390497088	16.9592004091403	12.3847451741101
TIMP1 ULBP1	0.226617262465101	14.5864868369427	11.3471319011669	-0.612470965318267	18.826908099692	12.7020905049384	-0.21403708943973	17.0270873913369	12.4101636734247	-0.177808631414636	17.2332652777003	12.2886099460623
TIMP1 ULBP2	0.0337780545874338	15.4313545164747	11.9233727783094	-0.535781239929118	18.3035811655445	12.0593084106761	-0.214204397566923	16.9023502563419	12.224033082252	-0.296795613744093	17.3184430101262	12.3952710496443
TIMP1 ULBP3	0.121836917933377	15.4017433217261	12.1507874591244	-0.351870635712693	17.1666856250438	11.7578824673433	-0.225603913707532	16.8774019532168	12.3382340323381	-0.149508771800575	16.6161545854759	12.2062859828139
TIMP1 UNC5C	0.186588801540334	14.3356851939796	11.21815249972	-0.301917077100614	15.9167119147798	11.4704025514237	-0.0165821228220504	15.3846565953763	11.669055303722	-0.0312496032534442	15.3493652280695	11.6389109829593
TIMP1 UNC5D	0.099473094379569	14.8273055064872	11.5837215658383	-0.36004693881793	17.5497832448351	11.5735978838001	-0.230427520524789	16.8619742720254	12.2647487066715	-0.238667013613145	16.8984429158186	12.2874535154086
TIMP1 USP25	0.0954897983821941	15.2485528668581	11.8634335205066	-0.713220460955401	18.59386651914	12.2959395217035	-0.294298986842302	17.1839172032746	12.4660937692055	-0.326670674120657	17.2682639681179	12.3465713349433
TIMP1 VAV1	-0.153089584260286	15.3859835852176	12.0342882343615	-0.564336888207481	17.5132415591413	11.9780716237259	-0.317529988611381	16.4907047926123	12.2589667956767	-0.366356068129936	16.8667643199182	12.3125695256586
TIMP1 VCAM1	0.197256324192115	14.4261068654255	11.0482477606062	-0.274811587710994	17.0873263446693	11.8997541822608	-0.0029356373873195	16.0766956976778	11.7720073386072	-0.0792481206658873	16.2879135656075	11.7615877350136
TIMP1 VEGFA	0.280379035181866	14.3041952665894	11.4718593060171	0.0755999378380389	15.1400420808614	10.9045216434087	0.0972606689851772	15.1967988036617	11.7362073744408	0.117077546483802	15.0354689999629	11.5491779811248
TIMP1 VEGFA.1	0.131314715303057	15.3789887434811	12.0576316003464	-0.768240640089459	17.9853756005812	12.5551003866773	-0.393629677430707	17.4388737345603	12.5653368138122	-0.331336139730666	17.309053547548	12.6758687499027
TIMP1 VEGFC	0.0406258141658239	15.4562660508277	12.1308945173503	-0.182809915786696	15.7311265974208	10.9859308475001	-0.250029118254493	16.3463491385609	12.3392466487558	-0.126081988993493	15.8576235311274	11.8417180869923
TIMP1 VIP	0.141979777720404	14.9937422639233	12.0469109772991	-0.173144726159497	17.0115677240815	11.2501882938188	-0.0364981038643923	16.4980352240293	12.0512807487266	-0.0699578174283568	16.5120145290793	11.9799353477582
TIMP1 VTA1	0.00835358330050806	15.5596728039179	12.2951648596851	-0.703394652289909	18.3430811569444	12.4577534431836	-0.35155994345838	17.2078646339431	12.4571507577214	-0.333824175680467	17.2939658525027	12.6118078040816
TIMP1 VTN	0.0395529026543446	14.9175717693362	11.8681379805793	-0.359257391438434	16.9311610365961	11.7193674283209	-0.203479749338306	16.045034505306	11.9724873676302	-0.269069069826525	16.4475485662534	12.2002148535074
TIMP1 VWF	0.134719026684363	15.1711917658785	12.0772718996093	-0.595160686002065	18.2775389904353	12.3916313098135	-0.0926588569149653	16.9284599698559	12.4942110703365	-0.242566908028219	17.2065536380881	12.6162886169655
TIMP1 WFIKKN1	0.104605782258512	14.8088157046725	11.4491463994187	-0.795878098192629	17.7410722589941	12.1462525741273	-0.272181284245578	16.6820069427173	11.9821406308176	-0.314320404142723	16.5763570465256	12.0258198323587
TIMP1 WFIKKN2	0.0569520954400832	15.6168254012406	12.0186891596199	-0.823672191480106	17.756306454033	11.7589897954881	-0.402951025190806	17.2648254786505	12.5968039037598	-0.382234072470391	17.2395333366063	12.3947215401943
TIMP1 WIF1	-0.190488207228054	15.6457522917325	12.2624110964714	-0.838354543919722	18.2306403974572	12.537128722081	-0.441815488170632	17.1281095609344	12.7643196989556	-0.438976434675351	17.3140984108159	12.5719689760688
TIMP1 WISP1	0.10931343292961	15.3304670108104	11.4549124538156	-0.441681195327501	18.2457866337069	12.0748500823802	-0.206150622357636	17.0616447824941	12.1280180861765	-0.192781333776796	17.1071461990377	12.1521152773769
TIMP1 WISP3	0.208780450206436	14.9293354417727	11.6689463985602	-0.594304608229586	18.4116624481871	11.9294405063584	-0.207801990236206	16.8296007399665	12.1398808653826	-0.283391143213523	16.9600247483912	12.1038142299546
TIMP1 WNK3	0.119414514864806	15.0220684637938	11.7563670521776	-0.414574513864674	18.3766944560297	12.4034206580761	-0.193009605880187	17.053435418471	12.4981364095225	-0.168953499524978	17.0711267216967	12.3393208531302
TIMP1 WNT7A	-0.0273770953134929	15.1569005981824	12.1501902548748	-0.520656489765115	18.289670942136	11.9934655852659	-0.232340613367512	17.0120925633961	12.4485021630705	-0.257970834838364	17.1596221031836	12.3054353402421
TIMP1 XCL1	0.118324809313378	15.4733734572126	12.1059004786507	-0.584831697739176	18.5689165178691	12.502681527365	-0.15300698719955	17.1489277718534	12.4101610695531	-0.257608725150796	17.2668234255492	12.5153887917572
TIMP1 XPNPEP1	0.21381558616506	14.577749951993	11.2998130935194	-0.718503975083207	17.8865709503507	12.3987140538177	-0.225475481748179	16.8001296309339	12.3076711488508	-0.180166906383457	16.7693319378998	12.1123918855065
TIMP1 XRCC6	0.0519488398915453	15.373875013995	12.1364505515136	-0.620406798791525	18.7266600471756	12.2896726527336	-0.319056428768988	17.1517034609139	12.5884879043824	-0.315114947908802	17.4229482936501	12.5173967849542
TIMP1 YES1	-0.0521211360066403	15.3170755961146	11.8227513182175	-0.0455931272900298	15.6796272798429	11.1298202873025	-0.148502019878081	16.0669071407209	12.0120678015289	-0.0103295777253645	15.7480926111734	11.7526612427961
TIMP1 YWHAB	-0.0369633618948053	15.2808909204109	12.2145694506663	-0.63976950206398	18.1959762905849	12.3917188136267	-0.384240093012549	17.0290645909115	12.4824501685131	-0.325293010002543	17.374658581523	12.6321393863488
TIMP1 YWHAB.YWHAE.YWHAG.YWHAH.YWHAQ.YWHAZ.SFN	-0.0729649977238869	15.6289719198166	11.9379943702602	-0.653663209064724	18.1954725392909	12.3539093388221	-0.360034921114732	17.0787467400542	12.4892898300998	-0.362093047124534	17.4549274287088	12.6886118820749
TIMP1 YWHAE	0.293668348364713	14.4038777430977	11.2046298303963	-0.443492512447144	17.519191424978	11.8590658247926	-0.0681525333819544	16.4473667581477	12.0832013212668	-0.101833579261725	16.4330654794074	11.9636348695564
TIMP1 YWHAQ	0.10634368044764	15.0616822743984	11.8067943048338	-0.844086131025516	18.0900494720175	12.6077218711947	-0.314266324265281	17.0481571006368	12.3727280049542	-0.241181699632386	16.9357315613557	12.389774231326
TIMP1 YWHAZ	0.0390705678497643	15.2595971944509	11.9032703560251	-0.599569071011038	18.0628450802216	12.3030199472345	-0.3295858418839	16.8144822653259	12.6089072186503	-0.273125458712697	17.2011688349893	12.448534078892
TIMP1 ZAP70	0.150184270238919	14.8748342976761	11.6537630196568	-0.496145777856018	17.9392377688055	12.0755909667729	-0.0743173443366856	16.6908400221845	12.3987105067397	-0.205672718286742	16.9495666298122	12.2748118681375
TIMP1 ZNRF3	0.169070612749002	15.1653210883314	11.8427385662144	-0.578325647112188	18.4251254037154	11.876460422368	-0.265353529579601	17.1473317904034	12.7386665129387	-0.230257732738451	17.1904839210976	12.1708623292908
