protein_name	r2_male	rmse_male	mae_male	r2_female	rmse_female	mae_female	r2_all	rmse_all	mae_all	r2_all_sex_adjust	rmse_all_sex_adjust	mae_all_sex_adjust
TNFSF15 TNFSF18	-2.42951017074665	19.3392114829406	13.8010347579493	-5.12117269028175	20.3315130221917	14.8768838691428	-3.75388216844114	20.194584785793	15.188224202165	-3.95071803660226	20.2064349744371	15.0140834938532
TNFSF15 TNFSF4	-2.91818832044375	19.8494524763754	14.8268838826276	-4.83755506691173	20.82078410779	15.323484230912	-3.49741704866772	20.7160946465106	15.4866291547425	-3.92205344747361	20.619077361552	15.417391788697
TNFSF15 TNFSF8	-1.33867701760635	19.7803201064298	14.2763914446619	-5.76407101207878	20.996601200676	15.4113928179041	-3.29359976482548	20.5249691140525	15.4770093194813	-2.87892328172126	20.7348215953958	15.2132369904198
TNFSF15 TNFSF9	-1.55887336112691	19.5444171372375	14.1224148395854	-1.80669581786165	18.8915710707792	13.3888176025143	-2.07656171568702	19.4241717928077	14.3880592265579	-2.5731116559747	19.6266925132224	14.4555793482632
TNFSF15 TNNI2	-2.82388709653303	19.7388302076508	14.9195472645615	-4.99954794460921	20.2402766542831	15.564331448394	-3.67672176409292	20.4106759102948	15.7016396600785	-3.83922179777162	20.209175492278	15.5627358495995
TNFSF15 TNNI3	-0.570383507459943	17.2216898892942	12.7592816302503	-2.44376346263788	19.8436878068752	14.625079362597	-1.23982583389051	18.8137306958517	13.9696764986562	-1.29486342512106	18.6705244093158	14.0435465226765
TNFSF15 TNNT2	-0.165514866690731	16.7738399613847	11.8887321603621	-0.124442845873736	15.6657432676844	10.863234132592	-0.521333486557609	17.1511769017794	12.3039972696807	-0.266103391069309	16.607025424779	11.8478788306318
TNFSF15 TOP1	-1.14050570824119	18.2120363066716	12.906780572204	-2.29498609220458	20.0960800013544	14.599988605453	-1.64455896872256	19.7136238908985	14.2417870442458	-1.65938350525334	19.613993227386	14.1063409107795
TNFSF15 TP53	-1.06223727374112	18.3849505939652	13.521596543285	-6.07418757230495	20.868179092853	15.6855769399637	-2.46021193247987	20.0744769076124	15.0662026595536	-2.57416539642566	19.7723556250429	14.7743024921392
TNFSF15 TPI1	-2.50967111556204	19.5427248353025	14.4634760753091	-1.51440290990457	18.820381866467	13.3913980779877	-1.92987554994042	19.5494896717131	14.4984777505333	-2.02534291541462	19.5022850970596	14.3296674340875
TNFSF15 TPM1	-3.06327466311926	19.9918837975343	15.0365454495172	-3.64184244568617	20.6670070488994	15.336294130721	-3.3047776285495	20.4180152946251	15.2741197935274	-3.42584711078223	20.4696631594627	15.3585703505828
TNFSF15 TPM2	-1.16516745756768	17.9583568506087	13.779811743838	-5.19391592763862	20.5582482405481	15.5629024571546	-3.11777810847167	19.9207116713595	15.2936505210548	-3.0426815454159	19.7725789329446	15.1134777749886
TNFSF15 TPM4	-2.32241660825988	18.9735665775619	14.4704979360129	-4.13861850913844	19.6978030005367	14.5938560652194	-2.57552733249305	19.9537920678816	15.0422911691432	-3.2523796977499	19.5927922761097	14.7928367373883
TNFSF15 TPO	-1.28555017142922	18.1118830390915	13.0469030813692	-2.41000656181375	19.3657425301359	14.8477759055813	-1.52757907429185	18.7877654967032	14.2662297969932	-1.91529398097483	19.3310554618947	14.3582066604259
TNFSF15 TPSB2	-2.08052062363107	18.8097079567061	14.5210146832664	-5.17029402378411	20.5689221993885	15.3253106763961	-4.24873285173821	20.4985439367314	15.6640050356267	-4.0927278942763	20.0736554107835	15.3154947882029
TNFSF15 TPSG1	-1.780565838745	19.4968683388483	14.4916348852357	-3.80494493608077	20.6152204601047	14.8022377925553	-2.34633047993606	20.0820357302485	14.9961188885831	-2.56675910944897	20.2165194668855	15.0382981165146
TNFSF15 TPT1	-3.32854280171052	19.5972406357929	15.1315316502616	-2.22839231923498	18.7518088693497	13.4014139356239	-2.91647693670392	19.6264963374767	14.7454230483611	-3.05707781609722	19.6309058635879	14.5974450844312
TNFSF15 TSLP	-1.39722784031152	19.0825771158673	13.555451261693	-0.924338608638214	17.9573306512872	12.6020164502179	-1.09290890194303	18.8210560457489	13.4976108799057	-1.10013523624722	18.6955522047105	13.3127291082193
TNFSF15 TXNDC12	-3.77999883666679	20.3468614398278	15.2929146879283	-2.64947928567583	19.0319907846108	14.3934892415384	-2.76868899450045	20.2511743204318	15.0641161020751	-3.25638027134083	20.0887977133509	15.0364989641149
TNFSF15 TYK2	-1.57455650095491	18.2113586054412	13.8189689878578	-3.20941900944967	19.5195014605543	14.2004310629108	-2.44334218296942	19.412164890541	14.3497227069149	-2.93940892964398	19.4247038079328	14.4845817671817
TNFSF15 TYMS	-1.305018326814	18.6730962540629	13.8337602539542	-4.76776169125703	20.7817803168066	15.4178990092086	-2.79819507103998	20.3109855938969	15.2365558714421	-3.0807594926522	19.9720480210189	15.047587872236
TNFSF15 TYRO3	-0.35142882310819	16.8313587810076	11.9639945551548	-0.793830466582514	18.053312529257	12.6458997537997	-0.630680824570082	18.012144264799	12.9908336130941	-0.66815025695906	17.8822798599338	12.8069189579558
TNFSF15 UBB	-1.57863464265914	18.5544397316428	14.4638795994656	-2.85407913281386	19.5977743857491	14.5382087998854	-2.00616145514833	19.5976274801902	14.7800199501356	-2.38329747909979	19.39925991331	14.8041899751729
TNFSF15 UBC	-0.710775472791372	17.3381348924185	12.8494954664063	-1.81823975282649	19.2648357552682	13.3456530323916	-1.58255838743792	19.2185633373011	13.9164085247258	-1.47482713691632	19.0686069483193	13.7365974453819
TNFSF15 UBE2G2	-2.1375631140318	18.8936182447341	14.2419590461306	-3.9431438749435	19.7562133361559	14.6374587306964	-2.91910531881736	19.8875369353495	15.0000888501995	-3.17112594230763	19.7723970651373	14.9418914717787
TNFSF15 UBE2I	-2.6105750316048	19.8072216015689	14.5407668235842	-0.993298229561027	18.1529783449933	12.6651831595002	-1.62768271526204	19.1984045811239	13.8663834487304	-1.77752632396116	19.2699485828105	13.9294874828044
TNFSF15 UBE2L3	-2.32215925327667	20.0253424307881	14.4668397208954	-0.976338938679798	17.7928488916556	12.9881630397486	-1.90657003898189	19.3872543244223	14.3667379562966	-1.68822208411752	19.1404891300578	13.9981927617174
TNFSF15 UBE2N	-1.5365054795161	19.0762593082254	13.8375582143664	-1.47475750213762	18.7727517773613	13.3460378388441	-1.72461480901355	19.5925442836126	14.2073104409527	-1.84625555925012	19.2095940805196	14.0200791346523
TNFSF15 UCHL1	-2.7680912002522	19.9211365313237	15.0269282110996	-3.36223055160624	19.7555453932606	14.3512448645773	-3.7057163709025	20.329815835936	15.4658595978167	-3.12537485374641	20.2877662832123	15.03638709519
TNFSF15 UFC1	-0.977278445454231	18.327082591032	14.1039382089269	-2.10278323391011	18.4116425522434	13.1073043940144	-2.3535995193072	19.2117688224621	14.8778428429806	-1.96512457525927	18.8061985499272	14.0967461684573
TNFSF15 UFM1	-0.330991334573136	17.0042501750855	12.6209432740739	-2.84236272474905	19.0925183461305	14.1786115788469	-1.25515258235868	19.0541401962988	14.5388908145646	-1.43558066285543	18.3987153009944	13.9309142368842
TNFSF15 ULBP1	-1.4748271154905	18.1369653925216	13.4252298217767	-3.13100689476591	19.3556054902244	14.4280861211206	-1.75999637717042	19.0304171007484	14.2500490102839	-2.284242335633	19.2339129313362	14.3846766829115
TNFSF15 ULBP2	-1.98438061654645	19.619585209371	14.889435002967	-3.80622254895941	20.2379466717086	14.9402317938618	-2.63364923245578	20.2201995390557	15.2968183514389	-3.31839279532865	20.2234164292189	15.3434099721977
TNFSF15 ULBP3	-1.47539130248221	19.1293089558862	13.6494981069924	-0.98759194888731	17.5851901860409	12.4999146803401	-1.2285749964929	18.5100411419371	13.489354078202	-1.46816292747594	18.5540062064037	13.499499990664
TNFSF15 UNC5C	0.252958265579129	15.5590504420062	10.9812816065926	-0.631982774343478	16.7761752959006	12.3267787521723	-0.138371351387179	16.1651346972114	12.3298419996004	-0.206819103560874	16.4972028710204	12.0622344042689
TNFSF15 UNC5D	-1.74678796061611	19.7750794941366	14.2621487745365	-4.23958586183919	19.8847638277736	14.738394540649	-3.86817680948936	20.2645633921968	15.5160903791674	-2.92398904009918	20.1835580254608	14.9161215343046
TNFSF15 USP25	-1.30044024166442	18.1391362443857	13.5724358641213	-4.64653667855913	20.3660268482503	15.0776801453674	-2.37870371405507	19.8643741128489	14.8312946604741	-2.89632005249481	19.694336608483	14.7455185623624
TNFSF15 VAV1	-1.50489162264562	18.5376589210884	14.6025423182529	-2.39009599236356	19.5449087672128	13.7273997483683	-2.71688215163615	20.0098837070767	15.3136852070433	-2.53985367537584	19.2644369358846	14.6540594828962
TNFSF15 VCAM1	-0.651185415050534	16.7982690048415	12.7971196584843	-2.18102570448099	19.307463594166	14.2626386862156	-1.24398455802316	18.6151026836556	13.9365640292985	-1.36876901232696	18.6723118182832	13.9905794451801
TNFSF15 VEGFA	0.162569037890401	15.0161870645082	11.187395520591	-0.00970268000629604	15.7170928944009	11.5969886730226	0.0890263301341889	15.5697504064367	11.6450606099397	0.0209101680728537	15.5914011440138	11.7621136808068
TNFSF15 VEGFA.1	-2.49079928741043	19.554479375124	14.9918328399576	-2.31098886044699	19.494341805432	14.3947387910996	-2.42395610655423	19.6103798347417	14.9297669283213	-2.58383924346687	19.8470834113037	14.9297162211738
TNFSF15 VEGFC	-0.782730834661512	18.7812248585127	13.1243751651635	-0.411520779619158	16.7236614623326	11.4449432436848	-0.725340389711004	18.0151171340781	12.7711465746487	-0.749910577029215	18.0427100936617	12.5485727309232
TNFSF15 VIP	-2.02960207711442	19.6149967337322	14.3467201488248	-0.50102396283692	17.333530795317	12.2099659028628	-1.19585049736545	19.0039460257604	13.81893355788	-1.14139104666646	18.666774046281	13.4802175988812
TNFSF15 VTA1	-2.95742986850209	19.3529701607814	14.6691195189062	-2.92020928272605	19.164065719061	13.8180506860789	-3.46905324384068	20.062408500888	15.2567802254867	-3.51284121118825	19.6622612455912	14.6806169023847
TNFSF15 VTN	-1.77849902017656	20.1638497223415	13.481608961102	-2.19689424237827	19.5686543019235	14.3200496924939	-1.8146056430525	19.9014217349952	14.2704015370719	-2.18217614858195	19.993972954847	14.142318619541
TNFSF15 VWF	-2.18650624978716	19.3291178517225	14.3703337464874	-5.50083681617424	20.7244631364425	15.52781532177	-2.82733358794465	20.2642959488244	15.4127556917083	-3.5024794949442	20.4604224374587	15.3308891246957
TNFSF15 WFIKKN1	-2.05986233809517	19.6595228186545	13.9971400552289	-2.60295637883584	19.4953732922891	14.2410594800743	-2.22785128428189	19.9386002958775	14.6789198940758	-2.50011541661903	19.8876547904257	14.4802866293745
TNFSF15 WFIKKN2	-2.77235430358659	19.8727316336131	14.4657017913893	-6.00661455752467	20.4381921370415	15.4420760487815	-4.01557594871758	20.5904075531233	15.609158210666	-4.70067747197976	20.5404803812021	15.3923195867207
TNFSF15 WIF1	-1.97969661748077	19.1365898443566	14.3662218834036	-4.18629312992425	20.974002580245	15.2177304085272	-2.61595613495616	20.1752606757369	14.8628776135377	-3.41320701565419	20.3558456770154	15.1817176708441
TNFSF15 WISP1	-1.74801474420184	19.3408515482614	14.1385611779123	-2.0669020692512	18.8831825498255	14.1426512670786	-1.792458199936	19.3788942117215	14.2993670179376	-2.27762293277985	19.4991078484564	14.4565480488391
TNFSF15 WISP3	-0.433643056056908	16.6127364362161	12.6382940651267	-2.2192798597223	19.7380333418557	14.4278315557756	-1.22172237410254	18.8165835478712	14.062981447874	-1.3302828913711	18.6684597215819	13.9822369808792
TNFSF15 WNK3	-1.95852114510602	19.2835314680187	14.4904068522573	-1.37439980516606	19.1133408806341	13.4727823681474	-1.7383510009538	19.9631275957424	14.6484289593646	-1.82094093787272	19.5616098098844	14.3004885324721
TNFSF15 WNT7A	-1.11592793529949	18.1417071986291	13.966777739989	-3.38885731278019	20.0068662598112	14.701674365218	-2.09571083841722	19.2921451023514	14.7805766117047	-2.71697499162051	19.4392987856163	14.8020142658209
TNFSF15 XCL1	-0.205093432723824	15.9808995678667	11.3931156471614	-2.26708650837302	19.2150432015787	14.3872533381427	-0.718430395729048	17.9066854536422	13.2542280786516	-1.03106259277538	18.1523550871878	13.3598015344808
TNFSF15 XPNPEP1	-0.419607112328475	17.3340752652329	13.1663099231549	-2.8924851544154	19.0946692888691	13.7714763640272	-2.03266409703801	18.8596160391518	14.2307484951165	-1.49627184459333	18.4988130430837	13.9862675889862
TNFSF15 XRCC6	-1.93916753758397	20.1513615746128	14.5591723529539	-4.01515189091397	20.622653100729	15.3325491936933	-3.45930843648562	20.7070662489262	15.5043620581845	-2.88762460510333	20.7412249491542	15.256081366935
TNFSF15 YES1	-2.72269304682007	20.1945490655925	14.8771840364983	-0.396248396629375	17.0159031218417	11.8934482039134	-1.37589453694256	18.8127258860943	13.8397931204636	-1.33130475579501	19.0519763865366	13.7047132640939
TNFSF15 YWHAB	-2.68191831947425	19.8562333317089	14.8170117014626	-2.19610635630712	18.7311037560157	13.6037829542795	-2.8715739198706	19.6590218994751	14.9538441982861	-2.84651003892819	19.6079926765116	14.6059610302797
TNFSF15 YWHAB.YWHAE.YWHAG.YWHAH.YWHAQ.YWHAZ.SFN	-3.85352727815744	20.3643892638114	15.5083626008977	-2.32709780554774	18.8178947421582	13.3501012487893	-2.75099567792735	19.5966425080659	14.936544857516	-3.44598915079583	19.8964426887007	14.742352286964
TNFSF15 YWHAE	-1.02807678674555	18.0463753031374	13.0743268548593	-0.910003926100742	17.6998204515365	13.4470306916077	-0.819280275650995	17.8671172738088	13.3085654982823	-0.961584875761544	18.0736737999227	13.5186668664249
TNFSF15 YWHAQ	-2.32429890974424	20.106781895525	14.6503207275261	-1.64038880370858	20.1488369976448	13.8412153381845	-2.05206305312578	20.1626538609504	14.6749054863704	-2.10772188878751	20.2156637878215	14.6424035121796
TNFSF15 YWHAZ	-3.05357750803153	19.4405633609685	15.0558571932147	-4.95262464753689	19.9827924295439	14.804466601205	-3.32307268248653	20.3517061673014	15.6737391659973	-4.41630787320545	20.0165776274236	15.2120658846783
TNFSF15 ZAP70	-1.19087873429564	17.5813201539857	13.3676195974503	-4.83960584716655	20.718017822455	15.3731117417416	-2.45844796447358	19.651046582148	14.7890932555755	-2.52585854117032	19.5712367857726	14.7566293673858
TNFSF15 ZNRF3	-0.510052141693503	17.3451632951764	12.6228486725619	-3.18260886543541	20.0823962993127	14.4613667686596	-1.81845746669545	19.1670051714929	14.7989784330705	-1.65580926196642	19.1555973691857	14.0585200814038
