protein_name	r2_male	rmse_male	mae_male	r2_female	rmse_female	mae_female	r2_all	rmse_all	mae_all	r2_all_sex_adjust	rmse_all_sex_adjust	mae_all_sex_adjust
TNNI3 TNNT2	0.0923906842042203	15.5576444781266	11.7331730128852	0.240654534999814	14.030805517378	9.74963340123256	-0.072069359659144	15.5821293707886	11.5453332412129	0.11631221887864	14.9629914297519	10.9898515447102
TNNI3 TOP1	-0.391441911795866	16.6745986689577	12.2671629726813	-3.30629300632027	19.653426825001	14.6380209114889	-1.22175912685155	18.5769086353062	13.9051714810544	-1.57520187739108	18.4620195369711	13.8687600066299
TNNI3 TP53	-0.871421539796485	17.9055027628109	13.8847362572101	-5.8188444696846	20.1225867717571	15.3388199835599	-2.35887734161869	19.807303738681	15.4097156878082	-2.06256544995227	19.3689661516109	14.8552521789066
TNNI3 TPI1	-0.997041431052042	18.1903345054108	13.5660988587512	-1.81090878433712	19.0281779004398	14.3400460259245	-1.88960384044656	18.7012571484136	14.4715794342473	-1.38777736603644	18.5650042534642	14.0940276806134
TNNI3 TPM1	-0.68259057503362	17.8656820102401	13.6550301012217	-4.18016685634979	19.6067460278848	15.0328125675287	-1.75690448145553	19.4515574989584	14.8754356466284	-1.6413418355468	18.8908266258662	14.5227390024851
TNNI3 TPM2	-0.976190462960782	18.0140337085115	14.1041935763555	-4.02061750542297	20.2338916319109	15.1662575341157	-2.1018169419011	19.3492196079494	14.8637917336952	-2.16995466850506	19.3028435220346	14.9276020915205
TNNI3 TPM4	-1.1765761047612	18.6212078756447	14.3206346667447	-2.40138254013338	19.8501907442877	14.8125859171458	-1.6103772667589	19.377680864511	14.6747679953507	-1.7002924870464	19.2033070657428	14.7188474808533
TNNI3 TPO	-0.694577175523843	17.2887917156849	13.5411671122657	-4.41457150589707	19.9003422290462	15.4341514108692	-2.09851623001217	19.4182971539759	15.0814197763261	-2.09792131427207	19.1796160355406	15.0113669079159
TNNI3 TPSB2	-0.89910571252876	17.8376566936854	13.971483435799	-3.88165470144814	20.1284928489823	15.0823558798773	-1.78423722836698	19.398277168089	14.896074701221	-1.72446384228955	19.0739671710068	14.6771859977341
TNNI3 TPSG1	-0.167076201431482	16.0643698998839	12.6540659013464	-4.69555237671567	20.177878867104	15.0909392129309	-1.10241715787995	18.3319580614769	14.211076456001	-1.24254589364586	18.1357190517847	14.0557700453562
TNNI3 TPT1	-1.07602327404815	18.3049070497373	13.848677074371	-1.48975213748401	18.8470766148528	14.134665596557	-1.48030294420663	18.8045147552552	14.3872949380894	-1.15038642192297	18.6134807796499	14.1121445904356
TNNI3 TSLP	-0.878907318057875	17.6383139603388	13.8468618796899	-1.06746098345811	17.426241665243	13.5187155115311	-1.21196982357675	17.8126831107179	13.9990969897279	-1.02628448693546	17.7275195163525	13.904192280881
TNNI3 TXNDC12	-1.25204253346618	17.9378855138688	13.8021787800485	-2.97283535527897	19.4191654114641	14.7471297314752	-1.94897883239919	19.3971466392677	14.8296880790757	-1.90883094360259	18.8651753797943	14.5642437749075
TNNI3 TYK2	-1.154749023527	18.8151250534276	14.5854750207628	-3.32384212620005	18.8845493687798	14.3747373045546	-2.30212690255303	19.08845123245	14.7366710612491	-2.17811495780689	19.0161996859923	14.7460850077641
TNNI3 TYMS	-0.978858515015768	18.6472066432539	14.2895903455712	-2.93150411871835	20.0631675203852	14.8810085443142	-1.80939727952177	19.7757220401482	15.0859817915844	-1.64274660446056	19.5003240995564	14.73391372049
TNNI3 TYRO3	-1.21024894444027	17.8945524781793	14.2166578661656	-2.20108240784401	18.7275506984424	14.3450312418434	-1.48846603931766	18.6995373729371	14.6533609022502	-1.48375285307572	18.4525567189625	14.5321175855815
TNNI3 UBB	-0.48475076531418	17.3324370890541	13.440676309302	-4.6198760827627	20.1139799340738	15.309533927499	-1.60285460883035	19.0415490229459	14.6749751434156	-1.60853122288466	18.9913287727867	14.5834107613177
TNNI3 UBC	-0.788865943392726	17.3702514632799	13.3575212288057	-1.7070701902234	18.4924835335018	13.4173374945565	-1.33798100253891	18.1747165197965	13.923028698792	-1.3985539618912	18.3129094343445	13.881814669426
TNNI3 UBE2G2	-1.20449017364592	18.7800557622673	14.5083925667037	-3.91617400452543	19.3651599419356	14.5473586434198	-2.19344657677714	19.0580583704521	15.0194764579101	-2.13575803644248	19.2056534635497	14.8099762830696
TNNI3 UBE2I	-1.50964449958152	18.2661138398859	13.8779288649336	-1.25112176570824	18.2792616487421	13.6764883937386	-1.29323601798376	18.3116710140958	13.8898545156126	-1.39808428757549	18.3115287971564	13.9650039825327
TNNI3 UBE2L3	-1.05083978648849	18.377014738616	13.8090784404055	-1.2766513027717	18.2556070487958	13.9192859283707	-1.66737675883101	18.5265614668601	14.2794896542341	-1.10583769513412	18.3075915393926	14.0025073185882
TNNI3 UBE2N	-0.91777662516346	17.8625587954297	13.5949697366969	-1.82650213485134	18.8804618543369	14.4883974427483	-1.96362682457437	18.7969052033583	14.535800901743	-1.39401396246076	18.3849127716648	14.17696467802
TNNI3 UCHL1	-0.637431274062632	18.4226496990798	14.0007890137167	-3.82557789044991	19.9914085778921	15.193093454536	-1.9381238539223	19.3411790703517	14.9986490197661	-1.66371659712611	19.2390907716106	14.8255660963807
TNNI3 UFC1	-0.900307726309113	18.1913928451199	13.9680008841762	-1.66791580311797	18.7360656928909	13.5535311365744	-1.57245790433614	19.1295099178688	14.4078510779462	-1.11130233846532	18.5920943049435	13.9208798956488
TNNI3 UFM1	-0.604077489924171	17.7681636967724	13.4207484365913	-2.96800871819576	19.3161428141459	14.3386785760629	-1.9011975270077	19.433595036723	14.6179699474953	-1.52299133416892	18.6543976300473	14.1599926056896
TNNI3 ULBP1	-0.621579968184701	17.7236256491486	13.4742409155527	-2.70418398431437	19.6008189825467	14.7728001275541	-1.79387181899887	18.9627446779406	14.5856386416869	-1.46969261455927	18.7408739621997	14.4202064696698
TNNI3 ULBP2	-0.679273149295168	18.1082985014539	13.7978843386847	-2.95676281365196	19.6661910976157	14.4588795279055	-1.47020023739301	19.1623966201624	14.4376943688112	-1.55984853390472	18.9956041850333	14.6114744199289
TNNI3 ULBP3	-1.0433641550578	17.9929606968385	14.054761239759	-0.547847108111351	17.0394203644862	12.8295114986391	-0.833976044657988	17.8446430181669	13.7859997248708	-0.770994127144198	17.6213786463749	13.6291853918085
TNNI3 UNC5C	-0.137004144023325	15.9288932411844	12.8256252540611	-0.951195629677173	16.8749098989912	12.4927880999637	-0.494360498500048	16.7753991518645	13.0769227053636	-0.369017215961848	16.4665499354762	12.6882845537773
TNNI3 UNC5D	-0.547111500944334	16.8391607743987	12.6843745539746	-5.22151087397254	19.8062450386425	15.1637425955018	-1.44864364131672	18.8429609065123	13.9775424227578	-1.70742005137834	18.7221446127964	14.2487901415822
TNNI3 USP25	-0.934291868189487	17.9515422228527	13.7219809874647	-7.46686065130465	20.3457853809512	15.5001466222967	-2.85008038120613	19.546572417546	14.9469015477438	-2.36477580540195	19.2731229803426	14.8321131091722
TNNI3 VAV1	-1.0240222911589	18.2162270670389	14.2958565000812	-1.82228101635463	18.918813887956	13.6540475713704	-2.05252284757103	19.3602214367123	14.654245844839	-1.35735648080158	18.8155713165861	14.1682750255022
TNNI3 VCAM1	-0.793921249830169	17.2698775639227	13.4568058792374	-1.8924957499436	18.8274575416721	13.7084905106318	-1.05765717947182	18.1402596336071	13.732511470809	-1.14526502214976	18.1002989870409	13.7329227567879
TNNI3 VEGFA	-0.251156327621852	16.3904858198205	12.7999014299787	-0.469715336158051	16.2213985894368	12.4243932510995	-0.320061348312266	16.423136774901	12.7635843589402	-0.286965095329237	16.4364862269121	12.7614026782594
TNNI3 VEGFA.1	-1.00018317573642	18.3157408299771	14.1221599669372	-2.4390911302406	18.902179494055	14.4935083582419	-1.63217401178912	18.9669693517927	14.4982327052766	-1.53477980033151	18.6760247799443	14.4196906065936
TNNI3 VEGFC	-0.677152969295047	17.0511002183841	13.3668630380432	-0.305402132743244	16.232376850287	11.8516934978623	-0.455979911784754	16.7938786415829	12.7086290905531	-0.370164418107635	16.7196525624411	12.7699115795302
TNNI3 VIP	-0.911614699869747	18.2811274179014	14.3547975886019	-0.688521295216096	17.5850288379243	13.1162657700719	-1.2156232974229	18.537962018129	14.3565289812102	-0.868290891910543	17.9912366257616	13.9498303442625
TNNI3 VTA1	-1.13329549109849	18.8369466812069	13.969710307803	-2.11242072242715	19.4152147496256	14.4104610140384	-1.63238310838889	19.2735650693329	14.8095175994776	-1.39709659391196	19.0459325827135	14.2564721234837
TNNI3 VTN	-1.18934050949772	18.2191044856643	13.1484952528134	-1.21784661765406	17.8731397390096	13.1549420785909	-1.03613888065402	17.9907462558098	13.2377568278216	-1.18456594150119	18.1339893335644	13.3695609209746
TNNI3 VWF	-0.962032283987052	17.746029430102	13.4174757104144	-5.38788175427682	20.2612658405788	15.3175155361199	-1.9935900759724	19.3603749805704	14.6681380876816	-2.06393228990116	19.1533378827141	14.6248667001434
TNNI3 WFIKKN1	-0.901167673252439	17.6140476131099	13.3171191525172	-1.95527832387617	18.954686075807	13.8173525629256	-1.23437435149991	18.5968148474447	13.7142897820995	-1.28022993848546	18.4161716016056	13.7812669889261
TNNI3 WFIKKN2	-0.834839462059797	18.1307159603026	14.0751888614689	-4.29027425877207	20.3078233539605	15.3442119318117	-2.55082939854756	19.5946066468752	15.2179871466746	-2.18088979236819	19.3352572519604	14.9442460564378
TNNI3 WIF1	-1.21457070416926	18.2744316645971	13.9013287724487	-4.59340111230802	20.0354004413865	15.3543523978105	-1.69829304621515	19.41170377698	14.8694115505858	-2.43195959955924	19.3070336909109	14.8826529446865
TNNI3 WISP1	-0.653623808853128	18.2204649318619	12.9193068724594	-2.9176682550204	19.6187939157185	14.6662576192699	-1.32403442933142	18.9355444432754	14.1320921544366	-1.47313731694896	19.1343868722796	14.1883169981648
TNNI3 WISP3	-0.309139903604244	16.2349724112111	13.0729128964198	-2.61343422167025	19.3870202977022	14.7513777830277	-1.38622875038221	18.5367341064418	14.3936793616002	-1.16584581815792	18.0026285058758	14.1594084845441
TNNI3 WNK3	-0.710632003582407	17.959972766753	13.7181883990013	-3.60558096333009	19.4514950718471	15.1521703464595	-1.53198267167598	18.921379625175	14.6299832144183	-1.49959270046708	18.8748623686145	14.5717917035203
TNNI3 WNT7A	-1.28745125222995	18.5652000910358	14.301975845142	-3.00547944052837	19.8847064113842	14.4331437722468	-2.04502216363527	19.5971167201864	15.0527585258163	-2.11066463868784	19.4039149132684	14.7673733710122
TNNI3 XCL1	-0.422194903217549	16.5825817316389	12.9463262179704	-2.31342976149356	18.6660648140694	14.3509700820975	-1.01350526988332	17.82855854905	14.1455956601685	-1.18970629248156	17.8935547844988	13.9857061743405
TNNI3 XPNPEP1	-0.958729385952168	17.7584818417286	13.7663911245758	-3.26436660566864	19.5127749944726	14.5736685527227	-1.97856466009205	19.0532696507441	14.4365571523407	-1.71965142916856	18.9435268662548	14.4457403778774
TNNI3 XRCC6	-0.812520386325717	17.5754862583054	13.7859201416521	-2.5365050403485	18.9160699020387	14.2213278419365	-1.57436403253085	19.005478256002	14.811692630076	-1.62969261335074	18.5707400972065	14.25012054115
TNNI3 YES1	-1.16645677870128	18.1131149266241	13.7760964192983	-0.213937030066311	16.4005194539711	12.0510030805812	-0.554758217613116	17.3999632145528	13.1510184087791	-0.451654328595594	17.1853172118679	12.9156216410985
TNNI3 YWHAB	-1.1173715002249	18.5957789461411	14.0155658375003	-1.87297347949152	19.4160800269146	14.3343792501928	-1.80999960943339	19.2192976758974	14.6739029165505	-1.29518882986852	19.0371593011274	14.2934856847885
TNNI3 YWHAB.YWHAE.YWHAG.YWHAH.YWHAQ.YWHAZ.SFN	-1.09839738947233	18.2668024683017	14.1523777232131	-2.10178278883886	19.0994149967913	14.3292783205712	-1.73005335692816	18.8189814368027	14.6344150407673	-1.58525609532417	18.8085207450705	14.4402287328348
TNNI3 YWHAE	-0.355247869427935	17.6312744085408	13.0202670308276	-1.42537141498021	18.1152669528153	13.8138177812007	-0.722187952445342	18.1457606479544	13.8796997644479	-0.729690556170299	17.975407920548	13.6884272987696
TNNI3 YWHAQ	-0.884005050169091	18.3192125554669	14.0379139908352	-2.58650144235549	19.1710196917865	14.830433616616	-2.08414597231124	18.9522373787451	14.9951699834536	-1.68946284060674	18.7730535986292	14.6631024317691
TNNI3 YWHAZ	-1.14128010139232	18.7077472732191	14.3417017664861	-2.93498612330227	19.9580107973724	14.7844086657352	-1.74872167222302	19.5564144061279	14.84924624362	-1.77888113486616	19.3931051054372	14.7392264891916
TNNI3 ZAP70	-0.986919596265966	17.4697793297173	13.6942146338176	-5.97980621090764	20.2702744390064	15.5456828075555	-1.95634507780957	19.0987361409349	14.6830506252629	-2.54016152610575	19.0338990121344	14.8625617373299
TNNI3 ZNRF3	-0.874511103132195	18.4124878188926	14.0963692404384	-1.92977931063665	18.5883713167998	13.7976221866256	-1.28009708384624	19.1233659513192	14.4429130179272	-1.26901309238131	18.6267001791198	14.2296024015878
