protein_name	r2_male	rmse_male	mae_male	r2_female	rmse_female	mae_female	r2_all	rmse_all	mae_all	r2_all_sex_adjust	rmse_all_sex_adjust	mae_all_sex_adjust
TNNT2 TOP1	-0.577207778583676	17.4166231216802	12.027026197322	-0.207543961083621	15.8646554731515	10.939814394298	-0.70035138683641	17.2885691977157	12.2291266004481	-0.38877429029732	16.8891451349623	11.8263907051649
TNNT2 TP53	-0.160020225629861	16.5763109899004	11.8464244704951	-0.544284428424385	16.5519576543321	11.6821994458561	-0.849078691981396	17.640787043098	12.8858732360967	-0.409021397497178	16.8170559254624	12.0333722809136
TNNT2 TPI1	-0.456169785614951	17.177402547244	11.8494766826442	-0.0835960744963273	15.1663991498619	10.9614847116946	-0.398558435834273	16.9919010682034	11.9614018736367	-0.284345849729513	16.3334906142572	11.6388805126319
TNNT2 TPM1	-0.491755474076032	17.3157867700269	12.4764340601897	-0.5805780248926	16.2925932926174	11.8853768519768	-0.821010980910734	17.7692779719221	12.8964194625354	-0.552110273813532	17.0364665598862	12.4322773083808
TNNT2 TPM2	-0.339899911171465	17.2676936820782	12.3913195555808	-0.354326884773165	16.7544810319406	11.258357499499	-0.665080281384531	17.7415758415459	12.8592456724546	-0.415885401108784	17.2435437913269	12.2003158456021
TNNT2 TPM4	-0.519418475020192	17.5094868933903	12.2300870734683	-0.278806131866839	15.6270775088953	10.9845038955632	-0.608079521270694	17.4272935896562	12.3479290274966	-0.363229972694161	16.8313429970281	11.8668554059955
TNNT2 TPO	-0.426931475445685	17.4626048933307	12.2192767912702	-0.480884382664124	16.6214104657822	12.1812920669898	-0.881063101972248	17.9616355890413	12.9217798055236	-0.469251539865289	17.3950445097601	12.4543917769441
TNNT2 TPSB2	-0.346219929955926	17.0420567668486	12.1832217847658	-0.466170944205164	16.0159727349956	11.655336367974	-0.684398443262068	17.3862857349022	12.6815314502502	-0.404408921617133	16.7899737852063	12.2202336339973
TNNT2 TPSG1	-0.42799163045382	17.1236499297466	12.3892674016095	-0.637688391190396	16.5051767508709	11.6296804444844	-0.658542940498692	17.4426479532579	12.7060859785403	-0.48577921319567	17.010423947472	12.4025146156034
TNNT2 TPT1	-0.498280973304847	17.5643953808732	12.2708766461803	-0.0637603147642876	14.9132759225169	10.5936204785648	-0.448833338714641	17.3338378170218	12.1788630194729	-0.310628780668825	16.6066185081218	11.7407259825338
TNNT2 TSLP	-0.395986970730482	17.3213772366933	12.4557794480536	0.0861684662875395	15.2512233212309	11.1237178555804	-0.331211945958657	17.0845052878639	12.4402222510323	-0.182977315927717	16.463863963566	12.0812622366912
TNNT2 TXNDC12	-0.484889873949008	17.3421218989062	12.1951256357702	-0.426109297482983	15.7604376138913	11.5234192711391	-0.887859263034441	17.653177502817	12.8448802474371	-0.379532282789576	16.7773433636912	12.1995000409453
TNNT2 TYK2	-0.316951366249014	16.810800425607	12.1602309980089	-0.628356671010544	16.5188378043747	11.8604302259675	-0.714749784565197	17.478957347093	12.6722233893899	-0.377729335682198	16.81435008979	12.2631090425038
TNNT2 TYMS	-0.347115302019271	16.655384413117	11.9238355723458	-0.591808547649848	16.1472393403528	11.9885289566772	-0.863374840469615	17.9668647677639	13.1631925969638	-0.376301322155972	16.6742852865532	12.2140252105502
TNNT2 TYRO3	-0.258691121042149	16.2454719825955	11.7018107682292	-0.328357714584536	16.1465703059753	12.1968443918592	-0.498589826539751	17.306809506273	12.7018158029593	-0.380708195318337	16.6694284326691	12.4079629568743
TNNT2 UBB	-0.0615472628367333	16.8601334791913	11.9973094638658	-0.331378383190468	16.1540875930427	11.6278834142852	-0.627644252305223	17.6182348627397	12.6683238244453	-0.168058324415076	16.8352357162918	12.1771440224982
TNNT2 UBC	-0.00921722590662966	15.7906604887557	11.0352502498761	-0.272338848699403	15.9046368904693	11.4038793619071	-0.525061346092849	16.8280070171529	11.9854439747629	-0.16028162485176	16.1517387193257	11.5123120388118
TNNT2 UBE2G2	-0.497465586818281	17.3534967372769	12.5980928333455	-0.539199484229765	16.7598427172254	11.3848337728865	-0.773951918406934	17.6759105805818	12.7302286897739	-0.539901791528991	17.1369015459101	12.1690069078682
TNNT2 UBE2I	-0.335283908971964	17.464913252352	12.0029791007113	0.000187589915052078	14.9413805870296	10.8604702936782	-0.370843090601044	16.9309164874428	12.0579393749834	-0.215992784141493	16.4208281216819	11.6864693158671
TNNT2 UBE2L3	-0.422324803738808	17.3146746835546	12.267806721501	-0.042536078250456	15.0318964789791	11.0260358005588	-0.540018745603781	17.2258137260028	12.5240831780207	-0.305061682430368	16.4518276259879	11.9501179779853
TNNT2 UBE2N	-0.332613782142777	17.0878723817342	11.7880717670719	-0.0814088841609386	15.2555095125039	11.1561421372973	-0.430921451343106	17.3186544891957	12.3133215166869	-0.246456662593011	16.3993291742875	11.732848990957
TNNT2 UCHL1	-0.116792603243049	16.2383626691855	11.7011023774992	-0.165672439930627	14.9826489478492	10.9342000073356	-0.490912692983711	16.8307987731952	12.3316940996813	-0.221912393001605	15.9384644356148	11.8073839895463
TNNT2 UFC1	-0.0324193238621913	16.0705245595134	11.5768508147682	-0.141556436312337	15.4085483331725	10.5120936168247	-0.799157637448146	17.3715346425197	12.6418957720354	-0.242073108593545	16.291790623066	11.5210681130628
TNNT2 UFM1	0.0698565627065709	15.7345713160177	10.7924930252184	-0.294854015130288	15.8173573144147	10.8842261780998	-0.633301673174026	17.0871241306397	12.4536468758913	-0.181274453145899	16.079293006689	11.2694355892016
TNNT2 ULBP1	-0.306093055417904	16.8967294375432	12.0519155753554	-0.302094617095638	16.6431520590664	11.9182208057795	-0.684740670417655	17.4370454185762	12.7660987096762	-0.323598244753532	16.9009195038308	12.2340406360999
TNNT2 ULBP2	-0.397219643061995	17.5501778671289	12.6756927388806	-0.540127367385545	16.6054807251375	12.0801063814911	-0.658539149564955	17.6959331033934	12.9025366189214	-0.519717059356138	17.224347151667	12.6611349430441
TNNT2 ULBP3	-0.27529359747272	17.2708290796416	12.0117148799549	0.160121720869383	14.5733736522406	10.8296508659821	-0.339978636941022	16.9626118890272	12.5050242532141	-0.0869775045476273	16.1474936063779	11.8787332516699
TNNT2 UNC5C	-0.187621259426127	15.91933285572	11.9307672418662	0.0104101860123234	14.6134013532755	10.2847610799736	-0.0659119319022279	15.5386728755364	11.6474885955527	-0.0433093710784811	15.3731418022513	11.3924549887096
TNNT2 UNC5D	-0.154601141860474	16.3113047824981	11.2390064459078	-0.278383926568459	15.857264793125	11.6046896310084	-0.509086307989093	17.3088476821946	12.380904931287	-0.320762424964784	16.5816938564534	11.9490487550646
TNNT2 USP25	-0.0596824409044749	16.1267327269362	11.3427748541737	-0.603422278177074	16.7352611111138	12.0212506645906	-0.578169836321891	17.3038931316862	12.4525878346509	-0.315975112374566	16.7925172100376	12.00614146962
TNNT2 VAV1	-0.197037298132297	16.574446423735	11.7232744382278	-0.271037299565138	16.1346916230674	10.7858326248615	-0.887033351699856	17.8471308456319	12.6403469309325	-0.316775617937883	16.6261752597806	11.6706559079398
TNNT2 VCAM1	-0.314137595479793	16.4826545941086	12.1332449053428	-0.373550246706069	15.9675164895905	11.1067675077114	-0.421848076908337	16.8454210976616	12.2838704704539	-0.336512281621307	16.5767378238884	11.9494367032587
TNNT2 VEGFA	-0.092022848890605	15.6628420881601	11.7747558619957	0.0370617006184956	14.8102537485875	10.1878362305746	-0.0348743823769646	15.4941572987962	11.8111555388843	-0.012231128837463	15.3650112033272	11.2861572159373
TNNT2 VEGFA.1	-0.239801844717423	16.5312419143258	12.0713947960554	-0.0683918519166495	14.8707409086258	11.0091661407771	-0.371136210302482	16.6111545907913	12.4695256253432	-0.189089695179864	16.1003995802246	12.0027627987883
TNNT2 VEGFC	-0.297646400773391	15.9186044679723	11.9327830882037	0.112678876518843	14.6272713099526	10.3669945393007	-0.351901671980437	16.3944371939689	12.2105128696906	-0.118283846337939	15.6947267631382	11.5286996825025
TNNT2 VIP	-0.289845000121037	16.8139133599742	11.7512103839406	0.0655449850057562	14.6475314244089	10.8109089000861	-0.22815115859011	16.459714802533	11.8579163424804	-0.108567692514327	15.8868643549403	11.5695141113095
TNNT2 VTA1	-0.460803295695225	17.54802640188	11.9455908308529	-0.147570437868372	15.4079220980956	10.9606930179741	-0.627282706312811	17.4990268869242	12.3609306755848	-0.375532997778919	16.7169275060146	11.7505148018255
TNNT2 VTN	-0.339117139983363	16.9945713925506	11.4293294897081	-0.199251329869347	15.501145137583	11.1142792715166	-0.426958427272385	17.1143858942854	11.9363271618789	-0.34378973345003	16.6442426774758	11.5763180374
TNNT2 VWF	-0.397102094836461	16.9522195153889	11.8541658864669	-0.532526889415642	16.3978055804067	11.7475953478381	-0.643476080073704	17.5588969366594	12.5672192516117	-0.470886338740711	16.9873747010867	12.1762419350041
TNNT2 WFIKKN1	-0.247259204079355	15.7042297228327	11.3354560476088	-0.18262877571245	15.4868606970023	10.8398938731878	-0.426848870064258	16.7857518053833	11.9459829258839	-0.203138507123711	15.8671532596636	11.3334548406468
TNNT2 WFIKKN2	-0.383324092155832	17.1830351943775	12.2134031349038	-0.403794111180908	16.5080132067423	11.6398233917526	-0.68704111575027	17.5488883232087	12.7118148806509	-0.428974952152696	17.0403109307274	12.2175912193433
TNNT2 WIF1	-0.583014402788747	17.257035108845	12.0801826653805	-0.255190167386168	16.3915472873498	11.1269220012521	-0.823637527854638	17.7032794771566	12.9001866069981	-0.569726426464172	16.9972978006646	12.104919516893
TNNT2 WISP1	-0.614539147628037	17.1796038708894	12.2112627361978	-0.220579482692733	16.700168481993	11.6294228336252	-0.544304949978842	17.4375584941561	12.4045572034512	-0.427039987207308	16.9703689341435	12.1903660409262
TNNT2 WISP3	0.13555908703917	15.9795792976656	11.7270566200789	-0.171717194030211	15.9979028502283	11.9594856143776	-0.407432897521433	17.077182211184	12.9001213550453	-0.0946460386480399	16.3287420398114	12.1633457808864
TNNT2 WNK3	-0.148819547121461	16.8507045544773	11.6123155201358	-0.474272757123659	16.1216962645822	11.9633342504462	-0.501285818327801	17.263175442375	12.5241519233345	-0.300226280146447	16.6786765586612	11.9791193825256
TNNT2 WNT7A	0.0666701786727313	15.8922562805778	11.458739525768	-0.506952488223661	16.2894661249579	11.9403395950303	-0.551200115583301	17.203342045416	12.8648789198691	-0.215940872993951	16.3650121979608	12.0534268566823
TNNT2 XCL1	-0.303177002959307	16.9983247332704	12.3599423769781	-0.590947427219559	16.4306976778634	12.0059691178293	-0.563972622118948	17.4611919907123	12.8417581304484	-0.386763858635136	16.8269866723678	12.3780372240698
TNNT2 XPNPEP1	-0.0281862305006504	15.7770084319682	10.8803188824096	-0.221556384538672	15.5980233052428	10.6458406910611	-0.443078989760602	16.4805401060366	11.9170078427531	-0.296631101530902	16.2031425491777	11.4752695586055
TNNT2 XRCC6	-0.293287875212627	17.1076073283567	11.9889504294014	-0.216689930809184	15.6222828594556	11.2900740047497	-0.934145446939043	17.750319319051	12.9698030573536	-0.24719243674261	16.5469041669492	11.8386782045994
TNNT2 YES1	-0.640022449509559	17.5256410686214	12.285561837248	0.177435116747142	13.814546075	10.0410398944023	-0.321200057604751	16.4528695345505	11.8247089689563	-0.162502690389926	15.9569690356595	11.5405170706105
TNNT2 YWHAB	-0.633561616453925	17.7404406286072	12.3244657750314	-0.150124023184997	15.1317018811355	10.8062319468288	-0.492932236764899	17.3825440841638	12.2937420396566	-0.41456122309015	16.6772635828574	11.8802588632557
TNNT2 YWHAB.YWHAE.YWHAG.YWHAH.YWHAQ.YWHAZ.SFN	-0.590218268589549	17.8170124612093	12.5542347624593	-0.133015115118993	15.1718749762574	10.6557829833476	-0.607882155077621	17.5732228971524	12.4201053665944	-0.427640633587181	16.8353430515512	11.9509312941564
TNNT2 YWHAE	-0.181388209527787	16.5187527293915	11.8823295281808	-0.307767501426752	15.6060937566883	11.762245615911	-0.150618241908465	16.2615312412297	12.0010435471479	-0.247650355763147	16.3114131833531	12.0917963052946
TNNT2 YWHAQ	-0.0828880838511687	16.1026777142593	11.5426575506491	-0.287190470161626	16.2054007849625	11.8185237193624	-0.618388822909116	17.0734118432866	12.5368860583272	-0.241743479594454	16.3808193882769	11.9822137966249
TNNT2 YWHAZ	-0.519261339798848	17.5739527821634	12.2367600655068	-0.309549983751577	15.8963083937213	10.9480553946563	-0.68554286603015	17.5731638951045	12.3418878302944	-0.362191217357618	16.927945904413	11.9878429075578
TNNT2 ZAP70	-0.336523204356554	17.3326432626889	12.5399348937454	-0.335557610355195	16.7879223320578	11.3324184034367	-0.793249796971124	17.8266599463876	13.0506969875342	-0.366148846013579	17.2382939794189	12.290128281328
TNNT2 ZNRF3	-0.0806553156698768	16.583314427856	11.8637339153314	-0.354841677634046	15.7679619549355	11.5322536636756	-0.606442304655043	17.6420185982315	12.9699529307873	-0.221268741088469	16.5525767140147	12.0551123670174
