protein_name	r2_male	rmse_male	mae_male	r2_female	rmse_female	mae_female	r2_all	rmse_all	mae_all	r2_all_sex_adjust	rmse_all_sex_adjust	mae_all_sex_adjust
TSLP TXNDC12	-6.82266889616136	20.7271342824802	16.0373147814063	-1.23340709000133	18.2895871639109	13.7644568140156	-3.36355128919196	20.0860706431933	15.6815900369691	-2.74990101681878	19.8191388955633	15.2462391152197
TSLP TYK2	-3.06694078197019	19.8810058492384	15.4427242249777	-1.09847301000198	17.7428499927271	13.4537829159712	-2.62625202924658	19.4265280138261	15.2001968133428	-2.14419922740737	19.1824934230271	14.8970748459826
TSLP TYMS	-6.18045159000536	20.4078959546594	15.8140979870484	-1.77822082798414	18.9000307894648	14.2111800873122	-4.38407332431612	20.2726323468137	15.7254972216726	-3.37636550380586	19.8597955197139	15.3202363339753
TSLP TYRO3	-6.46649038507518	19.8362353189747	15.7990897029065	-2.44535754626629	19.2555400930545	14.6814629471538	-4.01124256792665	20.1245822801917	15.7498641648095	-3.67875417963462	19.8229499729193	15.561986935306
TSLP UBB	-4.23075539300492	19.9229893011564	15.8212622928905	-1.38721934899825	18.3252526827691	13.3709495540803	-2.39314290559587	19.8473142342387	15.1507457564762	-2.85847839624099	19.5652248959085	15.090178964983
TSLP UBC	-1.64776230801707	19.1431807844948	14.5061958345941	-0.894430663764107	17.3313266145345	12.7943496949683	-1.76645324789344	18.9591033509757	14.6151663627438	-1.55677408215246	18.6335786620258	14.0832609936993
TSLP UBE2G2	-2.46144906019792	19.7272116386308	15.2092266015937	-1.19032629157825	17.9814833559338	13.8018837998397	-2.30174123581283	19.4234316953905	15.4278496178311	-1.80955822209728	19.1149015796544	14.777740229704
TSLP UBE2I	-7.20019356490954	20.6326694024538	16.1378236174772	-1.93218962872322	18.9945484994648	14.513348136119	-4.52754222102443	19.9724550341955	15.7257819930058	-3.53930347534021	19.9653484578448	15.4811601739901
TSLP UBE2L3	-7.51467831749684	20.7267698217848	16.3379101079184	-1.75964518402739	18.677108340995	14.4439885557765	-4.20429195108443	20.0855441482071	15.8443993915204	-3.49791708474593	19.9301398628325	15.6207265868251
TSLP UBE2N	-3.87727884215928	19.6227574401749	15.0767977457291	-1.70365292505197	19.5835929501106	14.8192020861855	-4.02522219186506	20.1206317722834	15.6973221970788	-2.96603483375242	19.7570183225636	15.2256528827198
TSLP UCHL1	-3.54923177509351	20.3227048305411	15.6680448227185	-1.72753765535041	18.5979151674717	14.1954851972498	-3.07094344063881	19.7749400967046	15.7102696471265	-2.76623398772726	19.7216156269871	15.2365342793145
TSLP UFC1	-3.035703144975	20.4419941200502	15.3040298166875	-1.52105886830572	18.3203704151821	13.3279674149838	-2.15316819191599	19.8524688046716	14.7084248307272	-2.6487388545375	19.4967644822869	14.7545596177013
TSLP UFM1	-1.70638312845269	18.8003779283047	14.3179640084761	-1.70444093177778	18.3468107984168	13.3513839893703	-2.45858075450427	19.4738465929824	14.8370086152804	-2.15806479108203	18.7210767556246	14.2617374089411
TSLP ULBP1	-6.02589835352696	20.2021592863525	15.9308507433531	-2.0207333018096	19.0199707814465	14.1439760077768	-3.53652209577648	20.1619909547651	15.4689089377938	-3.28040446198399	19.8382502646699	15.3123735420388
TSLP ULBP2	-6.70054122461541	20.8187087951298	16.604653096669	-1.74981958398517	17.9378629371264	13.7577544357275	-5.16278036545155	20.5606722135809	16.3220848158542	-3.63647884439809	20.1564730346652	15.9210586364741
TSLP ULBP3	-5.91531290737329	20.3563904143196	16.1697617970491	-1.45568513005198	18.2841477647243	13.8970482661131	-3.17244580313986	19.8018030409971	15.4468588854882	-3.05269628053386	19.5729112428422	15.3367325121854
TSLP UNC5C	-0.397540306247869	16.3489235394497	13.0848485241751	-0.0610842251746631	14.8124673964041	10.6107824165878	-0.161944511702538	16.1523942659718	12.1957656520412	-0.251787787196672	15.8733809136829	12.0857211464097
TSLP UNC5D	-1.64750094030318	19.1553578299978	14.2865584534632	-2.19334212250184	18.670724105216	14.2241824182083	-2.47438787355556	19.6991890913596	14.9082160838178	-2.24282382423005	19.2282929095518	14.7166537528574
TSLP USP25	-3.91652842672648	19.9980444796283	15.81827746036	-1.59592208339847	18.6296067489089	13.4388944504005	-3.095423477461	20.2919577200563	15.5880161386306	-2.98839640411011	19.732518010971	15.0166144626218
TSLP VAV1	-3.06398219657908	20.6047996863928	15.1697509853007	-1.40000464759395	18.4032974318171	13.4061091797335	-2.22793167268533	19.5735576294239	15.0718598902155	-2.30655677527153	19.5880896165523	14.689359318205
TSLP VCAM1	-1.14795539591918	18.0436773951702	13.9771619798012	-0.404126636553705	16.7638789820574	12.7851333500039	-0.705833463730221	17.6582530118316	13.68522030951	-0.81800231048757	17.682325735318	13.6431087264988
TSLP VEGFA	-0.443395218191348	16.5194952582826	13.0890443261237	0.169943641425795	14.1990635101085	10.6662442638435	-0.0329032105378442	15.7840001038651	12.2125067790609	-0.106179605654696	15.5148790889698	12.1228397384149
TSLP VEGFA.1	-12.0121393862664	21.5719826338654	16.8042178617174	-1.60798229969665	18.8737539331585	13.9763358017269	-3.40123047420041	20.3486563835077	15.8232560689233	-3.95809598493412	20.1870723232167	15.6087235960383
TSLP VEGFC	-2.57214413098211	19.592683682783	15.119949996852	-0.602128934717303	17.1822721151318	12.5166535783307	-1.51241692895776	18.8116070666581	14.3120223486165	-1.53895481751087	18.7070072663077	14.1767486456553
TSLP VIP	-9.36606219095026	20.9802493117126	16.5144910364734	-1.54273585253695	19.1837052999526	14.326056327757	-4.66294446861106	20.4393938177174	16.0333928710229	-3.72471689025083	20.1893978155308	15.5847106466178
TSLP VTA1	-3.09442030375776	20.0311116103545	15.2893881899498	-1.93372963735816	18.8976437528033	14.3297157572891	-4.19103951753876	19.9719865130036	15.7269278197439	-2.90394873633621	19.7694918692971	15.2607432829788
TSLP VTN	-2.85587496143487	19.8333834810179	14.4783032349043	-1.17906665109798	17.386970796696	13.1704912640094	-1.86440260494859	18.6584721176252	14.1220700811273	-2.53341773739613	19.1273127454329	14.3219059189723
TSLP VWF	-6.18657035501743	21.0294961949795	15.6449540256878	-1.2786235298519	18.8301010908767	13.6103851959278	-2.50368209572014	20.2878506001213	15.1223803331023	-2.878997313466	20.1395640575861	14.9388104419998
TSLP WFIKKN1	-2.47579766955567	18.739231966437	14.3665985086249	-1.78429965288571	18.6338667946612	13.3796090410159	-1.9299024478656	19.1579299102261	14.3538929697017	-2.35261423306262	19.074968254539	14.2960949782216
TSLP WFIKKN2	-6.29981721912361	20.6581609676716	16.5170746111994	-1.55794368175348	18.5889919705083	13.7695046651374	-2.64421629414344	19.8761637584653	15.3613615564722	-2.85987938188781	19.8718092867227	15.4568199520944
TSLP WIF1	-4.05711171345837	20.8044590785828	16.153989767352	-1.7142630489525	18.7050271965655	14.0873119684772	-2.26679102211471	19.9578773930706	15.4203194741213	-2.95174879246471	19.8686510522316	15.3326425251173
TSLP WISP1	-3.88444174456901	20.7722174998355	15.2589720360305	-0.864356779035099	17.4606351126595	12.7138316834628	-1.91048571368395	19.3117527838835	14.5176547958152	-1.99019670544478	19.3288231009284	14.3540192328845
TSLP WISP3	-4.06891080297378	18.9714415858087	15.766905031519	-1.5423300891219	18.4599311597639	14.0251675208518	-2.91650693208639	19.376072932632	15.4843821171041	-2.85416021668099	19.1612285050398	15.3501174074714
TSLP WNK3	-1.36682098321723	18.4901162081169	13.7338573098368	-1.945288666667	19.0080474837143	14.3726240488276	-1.7195247922966	19.6381931074324	15.0133735491099	-2.18888319031126	18.9944768301237	14.4797278739221
TSLP WNT7A	-5.17875477683385	20.6756861683489	16.5621360166069	-2.02521591387053	19.5232187289718	14.2405977294522	-4.45166983854941	20.5040677961799	15.9042191524162	-3.58441434628608	20.2446984024054	15.7101728309027
TSLP XCL1	-2.63947973752252	19.7265474469967	15.6259849660786	-1.81454007762342	19.1919179994174	14.708372066804	-3.04780152336885	19.5010713723013	15.2820796676293	-2.45015942831289	19.6819056211921	15.4094794110654
TSLP XPNPEP1	-1.26735856217074	18.3744600702207	13.9251303072708	-1.53091765892881	18.5361549561923	13.8807806486222	-1.61904804253874	18.986999677986	14.4375892724829	-1.63875053345466	18.6584648228917	14.3415992258205
TSLP XRCC6	-7.93310766290031	21.1647538424477	16.1942700680257	-1.59284909376822	18.5150000790909	13.7279135896741	-3.27919435171223	20.3327260653751	15.5704056368162	-3.73440062158803	20.2022935338151	15.2787753242267
TSLP YES1	-6.91951010427116	20.7833953071386	16.209166489184	-0.690310238197514	17.4151891123185	12.7410673059626	-2.02233309540223	19.3824372446295	14.951823149606	-2.23929576814364	19.3048881758951	14.6668611270306
TSLP YWHAB	-6.57447384480864	20.7615768433237	16.2736216956666	-1.7072855903764	19.0748797798066	14.3308599899857	-3.75952030756893	20.2910974528329	15.8845513533919	-3.17118908162802	20.0460993411405	15.560790061669
TSLP YWHAB.YWHAE.YWHAG.YWHAH.YWHAQ.YWHAZ.SFN	-7.06084416489182	20.8936044304398	16.416188423267	-1.72969472052648	18.9891578030316	14.0859642289361	-3.34528486990461	20.3209156505827	15.7622053668586	-3.63053766742905	20.1898379329101	15.5731022789562
TSLP YWHAE	-2.61808559370962	20.4185233173048	15.5118700354082	-1.58459817035529	18.5930650840265	13.769916896041	-2.19280617871936	19.7401098172764	15.1349854755484	-2.45656161085242	19.6028591981437	15.0343208606556
TSLP YWHAQ	-4.64890370241997	21.0068984613616	15.8844362553811	-2.1132335248961	19.1228609879357	14.4681195928919	-3.245850822459	20.416823916981	15.6620018353505	-2.99481583520044	20.2371068387586	15.3620374545746
TSLP YWHAZ	-4.64160496123748	19.9144383543224	15.8911418977187	-1.57381297149501	18.2560670568198	13.760977838899	-2.72188953339669	19.6077013235055	15.3614261957417	-2.8086639803889	19.4363228587102	15.2898807873438
TSLP ZAP70	-3.29087684555228	19.7946494369708	15.3657805709417	-1.53139416750681	17.7366569471123	13.1251495220822	-2.77073367911734	19.2710597354309	15.0412054402976	-2.81362093191947	19.0612074257737	14.7322120648402
TSLP ZNRF3	-4.00312659469469	19.8884532276026	15.9791820102144	-1.46453193102087	18.008779166321	13.6736515407798	-2.51208864536789	19.6057235765082	15.6161040456937	-2.92038057025545	19.3051870456124	15.3040380683055
