protein_name	r2_male	rmse_male	mae_male	r2_female	rmse_female	mae_female	r2_all	rmse_all	mae_all	r2_all_sex_adjust	rmse_all_sex_adjust	mae_all_sex_adjust
UFM1 ULBP1	-2.06163589385993	19.1109171972741	15.4122555655765	-8.56193027471978	21.3364021944574	16.1284397132867	-12.8985360330994	20.9137085997146	16.806090118448	-4.19090105220079	20.4002532524699	15.9861559381539
UFM1 ULBP2	-5.84817489700964	20.059318956645	16.3918902796506	-4.51284474026045	19.9139819118777	14.339027151961	-18.3154973754175	21.297502401748	16.8417271949121	-8.57372143272173	20.584319239448	16.1670025972227
UFM1 ULBP3	-0.359827206314153	16.4437512010192	12.7829732200774	-1.0945740118856	16.7715718607425	12.5915881817048	-1.27399342292304	17.9614658061961	14.3124514807582	-0.867636069099586	17.0019243806348	13.2997909669479
UFM1 UNC5C	-0.128039706942026	16.6312379634538	12.1849186107976	-0.0469336235976423	15.3676989886465	10.6529837191037	-0.204236795221937	16.9087355437113	12.3147597332767	-0.0790698346515422	16.244177387137	11.6551150238834
UFM1 UNC5D	-0.737644827540074	18.2276416395581	13.4139477751842	-7.61627069181284	20.5738941188271	15.644534078724	-3.2687521365258	20.2537366801822	15.2981422227017	-2.61718128652722	19.7785965259826	14.9627726327287
UFM1 USP25	-1.9408761797707	18.4697450443612	14.373147594654	-4.38794245603987	21.1706631089307	14.689324781581	-3.59579960041013	20.5750638371474	15.7580427844575	-3.40043636068918	19.9206288255741	14.8524831625854
UFM1 VAV1	-2.56950869037731	19.8122904451666	15.5590602792912	-3.08225971095337	20.4446917699119	15.0135714329101	-7.84680078507449	20.8136971931726	16.3673525035593	-4.10322196049343	20.193073944376	15.6823394450267
UFM1 VCAM1	-1.27356880539633	18.336712042397	13.9124303194665	-1.41910128245265	18.9694595473985	13.8092613663583	-1.64231564329406	19.4008501375157	14.6509087436104	-1.59102712113842	18.9690234351505	14.3077420486012
UFM1 VEGFA	-0.646768232872077	17.1135371221896	13.1108375998104	-0.258039162770105	15.131757837848	10.9093737321118	-0.61538528743987	16.6129538337619	12.8333525784562	-0.500079906773144	16.3634068051718	12.383933686894
UFM1 VEGFA.1	-1.74838667513421	19.1513130184533	14.7621214195686	-3.69878653850347	19.7211800727653	14.6814206431568	-2.88438680756362	20.1495020944964	15.7837973547717	-2.82324136387318	19.6564419774318	15.0446839584237
UFM1 VEGFC	-0.173707233343678	15.7427861179876	12.3166935037417	-0.723090373311835	16.543677079143	12.6539239605467	-0.412725468940512	16.4540035885197	13.0838362934144	-0.368281714445063	16.401672965329	12.9881188274686
UFM1 VIP	-1.28831649888535	17.545344059304	13.7593271697506	-0.975371640755075	17.4303240064702	12.9529513865893	-1.08038535313596	18.5834119156371	14.3750591530899	-1.35627963399295	17.5811952577341	13.6072565136386
UFM1 VTA1	-1.18704247517849	17.9888453699131	14.2429512790768	-2.68559996736765	20.4892068839989	15.0131380431792	-4.62293363977323	19.5337139780457	15.5886234738104	-2.18417271436473	19.3103926114957	14.8335298357699
UFM1 VTN	-0.638219074800558	17.5399457768148	12.5544687483587	-2.97378515358519	19.4345883641756	14.8068717222977	-1.41882656042739	18.5210127628182	14.2226142297278	-1.8665848683008	18.9313101091775	14.1772321476276
UFM1 VWF	-2.11285707501212	19.1569244319507	14.328546773617	-13.9964642601112	21.0947967544383	16.2500710373685	-9.75877919640216	21.1832896168495	16.5139201425569	-6.44610200067452	20.5669526505364	15.8595695204598
UFM1 WFIKKN1	-0.641948795744874	17.3664878164345	13.3636932928446	-3.56363617781249	19.8067079411443	14.8742604081434	-1.76489776708987	19.9045380028576	15.0544691365523	-1.70586981432135	19.1473304420131	14.687017454812
UFM1 WFIKKN2	-5.82836721639637	20.3675130318793	15.9813257748665	-9.77938580554559	20.5402578667343	15.4279796509609	-17.663728050362	21.339041798022	16.9170747025988	-9.54753124278414	20.7484146077014	16.1400585434071
UFM1 WIF1	-1.65196303601816	18.6328388509207	14.5335213017951	-5.99879645895237	21.003140207324	15.124644692919	-11.8472931420679	20.9264635762961	16.5266817643056	-3.97584846687734	20.1314755849182	15.4007198460276
UFM1 WISP1	-2.57217329985522	18.8444848936588	13.9694063364921	-3.08217694536363	19.4984739793843	14.7917532551101	-2.78095613835428	19.6763474599222	15.178681644095	-3.84918112434215	19.592731145594	14.9987676151662
UFM1 WISP3	-2.99417456249764	18.6312969494218	14.8218660620869	-4.46525787396718	21.2266833344926	14.7974033201026	-8.6234316586807	20.4652355726337	16.1985715928654	-4.3995969265922	20.217247711291	15.3059227359084
UFM1 WNK3	-1.60983607081741	18.7533690947591	14.4629683797111	-3.3046400846591	20.2800472593472	15.0181744909593	-5.05842686612123	20.4514657063861	16.3322591451092	-3.19220010376121	19.7572505209333	15.5589601017052
UFM1 WNT7A	-4.55016389749434	19.6098327020832	15.4066689424982	-4.66371855616848	20.9558325464963	14.7194012745059	-7.03289835165866	20.6212547197772	16.3693637801801	-5.69636230919374	20.4783025645266	15.5205491459916
UFM1 XCL1	-2.08707046193092	19.4456737945347	14.932135631814	-3.42192453580002	19.8551959746612	14.5042295572951	-3.4608005577546	20.238683403775	15.5048323151092	-2.98717188965692	19.8748488243323	14.9954174364718
UFM1 XPNPEP1	-2.43159395234194	19.814031697105	15.4374644842521	-6.5201745064483	21.0034042916725	15.057974556726	-6.278058772081	21.0491462295595	15.9601060013402	-4.67068951662251	20.4472048123426	15.5779547980167
UFM1 XRCC6	-3.19975116811544	19.7559470671739	14.7436137449015	-3.26628383352137	20.517866755425	14.3280230493389	-6.96904399548781	20.6162666907093	16.0704849939827	-4.11788117603286	20.3352067413677	14.877473856485
UFM1 YES1	-0.589842768795012	16.9770660960083	13.4919297596781	-0.781283417276396	16.8490889921704	12.7389024766216	-0.915673980712075	17.6365475775102	14.1498084865559	-0.756100622747779	17.0328422670428	13.3447552324967
UFM1 YWHAB	-1.34665734873751	17.7976552493561	14.128468823835	-3.78912122187461	20.5515495658977	15.6650230620598	-4.251471865026	19.7866398017303	15.83755502788	-2.84975875826838	19.4125144243651	15.2144759775716
UFM1 YWHAB.YWHAE.YWHAG.YWHAH.YWHAQ.YWHAZ.SFN	-1.69703984672095	18.2786729610985	14.5086062319757	-3.89173111154825	20.6945673319446	15.4618480125032	-3.80013981932133	19.6117722527028	15.7817670136195	-2.60354019356995	19.6263096680511	15.3073441939594
UFM1 YWHAE	-3.18343679548229	19.9381300227425	15.6313177580278	-2.34305294453593	19.0035767147002	13.3946396321321	-3.38003752110401	19.8051102105076	14.8839452646427	-3.74401047287266	19.7290808620895	14.9024524363699
UFM1 YWHAQ	-2.56564073026886	18.9140089015588	15.2647224467818	-5.6067075911552	21.9812021890931	15.817455514243	-9.33895718202242	20.6729378684722	16.5178083243464	-4.62286415377373	20.529274546447	15.8812586400938
UFM1 YWHAZ	-3.78489174714289	19.6462226356436	15.9180027285274	-12.0310382354777	21.4233120659488	16.3931862110312	-11.3062169005197	20.9681570650626	16.7573806199697	-6.42362789841908	20.7112130703463	16.3928798362653
UFM1 ZAP70	-5.12875420870613	20.4444105303336	16.0933845432492	-7.17205961643028	21.0821353552958	15.8807839787389	-15.4799657668413	21.3367433051045	17.0585465732256	-9.61249619392787	20.8090411711667	16.3593670252704
UFM1 ZNRF3	-2.67174797092293	19.5417261727933	15.1856178538486	-5.94389348210359	20.0442696170356	14.8411533309612	-9.47711824228547	20.4269501661094	16.420379463465	-5.20891492701302	20.0592697227986	15.4804971744177
