protein_name	r2_male	rmse_male	mae_male	r2_female	rmse_female	mae_female	r2_all	rmse_all	mae_all	r2_all_sex_adjust	rmse_all_sex_adjust	mae_all_sex_adjust
USP25 VAV1	-3.11278547299436	19.472870119425	15.4230356604726	-3.9516007190116	20.6291754516546	14.4839642480752	-8.51780737260313	21.4826856997531	16.484117964416	-4.49898393572194	20.6233427006303	15.3421740614346
USP25 VCAM1	-0.977251339071829	18.2506112436769	13.5644479202638	-2.71098391860046	19.623122573176	14.6758380785228	-1.42733859344398	19.4543579118517	14.7432195746993	-1.67690087186791	19.233700805647	14.4774597461723
USP25 VEGFA	0.161237774909182	14.6344132965759	11.3383471327537	-0.490695353084825	16.5226386917276	12.4592996286534	-0.372014477953837	16.5512882506691	12.7848395136374	-0.235864123545993	15.9983880565809	12.3115569995895
USP25 VEGFA.1	-7.41530808066078	20.2535096667735	16.2883305988241	-3.99977815010531	20.1533558416858	15.0708739972897	-6.61568130123903	20.7880383960211	16.2990957494376	-5.82766342638584	20.5133007894137	16.0402917177574
USP25 VEGFC	-1.54960376168778	18.9561623424747	14.8778923396618	-0.735175621896847	17.4028662026687	12.0511283115539	-1.52468660155861	19.3960045480447	14.5984809263914	-1.54269971449784	18.4469285648923	13.913066365952
USP25 VIP	-6.68988278697231	20.4553038611152	16.4253707345646	-2.71886694877344	19.3264543100069	14.0699623739933	-5.93324604860109	20.8739191532982	16.1191941253702	-4.97338323632567	19.9975252601864	15.4935262199289
USP25 VTA1	-3.29688243911708	19.7865049022028	14.5951226305486	-4.97444131759655	20.5729722980703	14.9638229315431	-9.37450568374512	21.5079148630309	16.5438900620092	-6.53965970357753	20.6923798229226	15.5624163191994
USP25 VTN	-2.58313489468921	19.4096922270094	14.3771887754383	-3.81485415290874	19.3430659939019	14.2010075338818	-3.86859844466617	20.1777565077033	15.0520838402841	-4.44659023198669	19.9719208407437	14.871200786626
USP25 VWF	-4.05522785946721	20.0813061787881	14.987313456314	-16.0775658937438	21.7320939934037	15.9641718563488	-15.3857396365221	21.9520754035124	16.4748002167348	-10.9879963910871	21.3331697978987	16.0093763271591
USP25 WFIKKN1	-2.63776424474757	19.1204752522672	14.5536721537873	-3.89331845730195	20.7405252143531	14.5143299242922	-3.67323561285141	21.0451038964278	15.6144053898552	-3.17055866805866	20.45486382163	15.0236240225251
USP25 WFIKKN2	-6.24749492824224	20.5811771596166	16.126990470911	-14.0248712512775	21.8804618266416	16.0897278040449	-21.6895939021652	21.8938086255421	16.9762523066273	-12.7772742262322	21.4299937881115	16.4369654356189
USP25 WIF1	-2.76735075930548	19.3375271462411	15.0139023332125	-16.6880042052091	21.5412088643083	16.2018192918337	-10.3428022548386	21.0879245811033	16.3926816584663	-9.44283415687819	20.9782291103405	16.1023234169006
USP25 WISP1	-3.72300399515034	20.4461824552057	15.2844571613458	-5.9589517908619	19.953416571314	15.0895720260354	-4.88693081165426	20.6526190438398	15.6277778909994	-5.5682082560534	20.4342975645236	15.5274799172862
USP25 WISP3	-2.85485986932626	19.58972261816	15.6510316477752	-9.93408494563498	21.049420065979	15.3406690458022	-6.88560873606146	20.686448364018	16.1628501339059	-6.74466843394016	20.5268745991139	16.004388687026
USP25 WNK3	-3.42032970751812	19.9097719578782	15.4654076405382	-6.17856227934414	20.1151863654698	15.1380806332781	-11.1783257436834	21.0119190224198	16.5968655596888	-5.91341248545474	20.275562162293	15.6422268752563
USP25 WNT7A	-6.36607712715002	20.7964528700761	16.5923207299551	-10.8902345205134	21.9948714422448	15.7963965419079	-17.9885467902127	21.858321099184	16.7354940379907	-12.8206550389527	21.4978627755085	16.5148822801578
USP25 XCL1	-1.58939057675841	19.2879832397258	14.9167283994296	-5.06938493842674	20.0810860400444	15.0466993902301	-3.52916252727262	20.1087713583912	15.5226906106343	-2.85151353668213	19.8749049904592	15.2187561375953
USP25 XPNPEP1	-0.763900328000075	17.2772456748662	13.359426926304	-6.2920970269418	20.2342331574838	14.5283487780855	-3.755340197571	20.142862242265	15.4039493038319	-2.7765154084727	19.419254545867	14.6843064075222
USP25 XRCC6	-4.40341956331656	21.1373372320442	15.6147868422655	-6.27766119146409	21.3284281764951	15.4555007483345	-11.9686359663346	21.7427773029158	16.6908813062482	-6.03189702223355	21.4157183181914	15.83129489132
USP25 YES1	-4.06845448477529	20.7204780228538	15.6643321053	-1.35021730897955	17.8132929153289	12.7654492734498	-3.24507108056234	19.9740213498919	15.1544094676793	-2.68164684593459	19.5874019204253	14.6677625271198
USP25 YWHAB	-5.87657085452784	20.7656466768176	15.7938721069302	-7.64439066619571	20.859920306049	15.4363662718148	-11.9939228739818	21.7080039916391	16.6701515495735	-9.05738447205658	21.0603575182236	16.0358302206186
USP25 YWHAB.YWHAE.YWHAG.YWHAH.YWHAQ.YWHAZ.SFN	-5.94379276556903	20.6603056309513	15.9600352306346	-4.92378724700213	20.794491997099	15.1071637875996	-9.07409588426084	21.4416845397778	16.4083862602588	-6.61777991967296	21.0076644352445	15.8533663527441
USP25 YWHAE	-4.21051806229145	20.1351372369517	15.5595172913643	-4.74767165759178	19.7186852219887	14.4275174621117	-7.26507949118924	20.6587638331267	15.887057836018	-6.55824513339777	20.2184559595442	15.4340273787472
USP25 YWHAQ	-6.68918717339945	20.7236490735304	16.1471026453651	-8.43106992441417	20.6518881763268	15.1272849686376	-13.9375876418389	21.4274142830291	16.4273208734282	-11.2825147787485	20.9023861478126	16.0935849796341
USP25 YWHAZ	-4.42265969395492	19.7525535743702	15.4024804531914	-13.4979748145817	21.60821273745	15.8944082213467	-12.7656708126303	21.6232592510397	16.6633918139289	-11.6678331709334	21.1362692867368	16.2558042952232
USP25 ZAP70	-4.18613751279583	20.6570164031023	16.1410498204037	-20.4338734809566	21.6218441826106	16.0081625490946	-21.8762055004108	21.6167772530885	16.9030536435538	-10.8694144834432	21.3240817381812	16.4830359333239
USP25 ZNRF3	-3.03211274866494	19.7478143038669	15.5871700329552	-7.77985135077088	20.31210057647	15.0084872609986	-8.12771939670387	20.740096621254	16.14079134401	-6.51484469103899	20.415514944779	15.8012465805396
